SubID,Group,BlockN,nTrial,GoTrials,NoGoTrials,FA,Misses,RT
C033,C,1,1,1,NaN,NaN,0,0.659571886062622
C033,C,1,2,1,NaN,NaN,0,0.550068140029907
C033,C,1,3,NaN,1,0,NaN,NaN
C033,C,1,4,1,NaN,NaN,0,0.34160304069519
C033,C,1,5,1,NaN,NaN,0,0.327106952667236
C033,C,1,6,1,NaN,NaN,0,0.369086027145386
C033,C,1,7,1,NaN,NaN,0,0.406110048294067
C033,C,1,8,1,NaN,NaN,0,0.524567127227783
C033,C,1,9,1,NaN,NaN,0,0.353585958480835
C033,C,1,10,1,NaN,NaN,0,0.404268980026245
C033,C,1,11,1,NaN,NaN,0,0.469080209732056
C033,C,1,12,NaN,1,0,NaN,NaN
C033,C,1,13,1,NaN,NaN,0,0.279932022094727
C033,C,1,14,1,NaN,NaN,0,0.364147901535034
C033,C,1,15,1,NaN,NaN,0,0.405347108840942
C033,C,1,16,1,NaN,NaN,0,0.534646987915039
C033,C,1,17,1,NaN,NaN,0,0.467712163925171
C033,C,1,18,1,NaN,NaN,0,0.408460855484009
C033,C,1,19,1,NaN,NaN,0,0.450410842895508
C033,C,1,20,1,NaN,NaN,0,0.444168090820312
C033,C,1,21,1,NaN,NaN,0,0.395610094070435
C033,C,1,22,1,NaN,NaN,0,0.390775203704834
C033,C,1,23,1,NaN,NaN,0,0.399497032165527
C033,C,1,24,1,NaN,NaN,0,0.532095909118652
C033,C,1,25,NaN,1,0,NaN,NaN
C033,C,1,26,1,NaN,NaN,0,0.261241912841797
C033,C,1,27,1,NaN,NaN,0,0.296759843826294
C033,C,1,28,1,NaN,NaN,0,0.377542972564697
C033,C,1,29,1,NaN,NaN,0,0.373599052429199
C033,C,1,30,1,NaN,NaN,0,0.438817977905273
C033,C,1,31,NaN,1,0,NaN,NaN
C033,C,1,32,1,NaN,NaN,0,0.227742910385132
C033,C,1,33,1,NaN,NaN,0,0.333122968673706
C033,C,1,34,1,NaN,NaN,0,0.294106960296631
C033,C,1,35,1,NaN,NaN,0,0.302720069885254
C033,C,1,36,1,NaN,NaN,0,0.294788122177124
C033,C,1,37,1,NaN,NaN,0,0.300485849380493
C033,C,1,38,NaN,1,0,NaN,NaN
C033,C,1,39,1,NaN,NaN,0,0.389440059661865
C033,C,1,40,1,NaN,NaN,0,0.337524890899658
C033,C,1,41,1,NaN,NaN,0,0.31505298614502
C033,C,1,42,1,NaN,NaN,0,0.369095087051392
C033,C,1,43,1,NaN,NaN,0,0.398161888122559
C033,C,1,44,1,NaN,NaN,0,0.345714092254639
C033,C,1,45,1,NaN,NaN,0,0.355901002883911
C033,C,1,46,1,NaN,NaN,0,0.445157051086426
C033,C,1,47,1,NaN,NaN,0,0.344825029373169
C033,C,1,48,1,NaN,NaN,0,0.291995048522949
C033,C,1,49,1,NaN,NaN,0,0.316035985946655
C033,C,1,50,1,NaN,NaN,0,0.405030012130737
C033,C,1,51,NaN,0,1,NaN,NaN
C033,C,1,52,1,NaN,NaN,0,0.430639028549194
C033,C,1,53,1,NaN,NaN,0,0.641095161437988
C033,C,1,54,1,NaN,NaN,0,0.500456094741821
C033,C,1,55,1,NaN,NaN,0,0.382668972015381
C033,C,1,56,1,NaN,NaN,0,0.556271076202393
C033,C,1,57,1,NaN,NaN,0,0.568327903747559
C033,C,1,58,1,NaN,NaN,0,0.573176145553589
C033,C,1,59,NaN,1,0,NaN,NaN
C033,C,1,60,1,NaN,NaN,0,0.337114095687866
C033,C,1,61,1,NaN,NaN,0,0.585359811782837
C033,C,1,62,1,NaN,NaN,0,0.834608793258667
C033,C,1,63,1,NaN,NaN,0,0.757653951644897
C033,C,1,64,1,NaN,NaN,0,0.702280044555664
C033,C,1,65,1,NaN,NaN,0,0.656775951385498
C033,C,1,66,1,NaN,NaN,0,0.545964956283569
C033,C,1,67,NaN,1,0,NaN,NaN
C033,C,1,68,1,NaN,NaN,0,0.331048965454102
C033,C,1,69,1,NaN,NaN,0,0.410494804382324
C033,C,1,70,1,NaN,NaN,0,0.531094074249268
C033,C,1,71,1,NaN,NaN,0,0.531620979309082
C033,C,1,72,1,NaN,NaN,0,0.644395112991333
C033,C,1,73,1,NaN,NaN,0,0.568918943405151
C033,C,1,74,1,NaN,NaN,0,0.517085075378418
C033,C,1,75,1,NaN,NaN,0,0.477234125137329
C033,C,1,76,1,NaN,NaN,0,0.526983976364136
C033,C,1,77,NaN,1,0,NaN,NaN
C033,C,1,78,1,NaN,NaN,0,0.262860059738159
C033,C,1,79,1,NaN,NaN,0,0.278734922409058
C033,C,1,80,1,NaN,NaN,0,0.399987936019897
C033,C,1,81,1,NaN,NaN,0,0.296212196350098
C033,C,1,82,1,NaN,NaN,0,0.316931962966919
C033,C,1,83,1,NaN,NaN,0,0.293426036834717
C033,C,1,84,1,NaN,NaN,0,0.330949068069458
C033,C,1,85,1,NaN,NaN,0,0.374300003051758
C033,C,1,86,1,NaN,NaN,0,0.425013065338135
C033,C,1,87,1,NaN,NaN,0,0.486471891403198
C033,C,1,88,1,NaN,NaN,0,0.461187839508057
C033,C,1,89,NaN,1,0,NaN,NaN
C033,C,1,90,1,NaN,NaN,0,0.26663613319397
C033,C,1,91,1,NaN,NaN,0,0.313004016876221
C033,C,1,92,1,NaN,NaN,0,0.242439031600952
C033,C,1,93,NaN,0,1,NaN,NaN
C033,C,1,94,1,NaN,NaN,0,0.363024950027466
C033,C,1,95,1,NaN,NaN,0,0.332389116287231
C033,C,1,96,1,NaN,NaN,0,0.291840791702271
C033,C,1,97,1,NaN,NaN,0,0.259149074554443
C033,C,1,98,1,NaN,NaN,0,0.461987018585205
C033,C,1,99,1,NaN,NaN,0,0.479958057403564
C033,C,1,100,1,NaN,NaN,0,0.573194980621338
C033,C,1,101,1,NaN,NaN,0,0.562991142272949
C033,C,1,102,1,NaN,NaN,0,0.697949886322021
C033,C,1,103,NaN,1,0,NaN,NaN
C033,C,1,104,1,NaN,NaN,0,0.331822872161865
C033,C,1,105,1,NaN,NaN,0,0.257776021957397
C033,C,1,106,1,NaN,NaN,0,0.273505210876465
C033,C,1,107,1,NaN,NaN,0,0.426599025726318
C033,C,1,108,1,NaN,NaN,0,0.347820043563843
C033,C,1,109,1,NaN,NaN,0,0.323709011077881
C033,C,1,110,NaN,0,1,NaN,NaN
C033,C,1,111,1,NaN,NaN,0,0.441447973251343
C033,C,1,112,1,NaN,NaN,0,0.795861959457397
C033,C,1,113,1,NaN,NaN,0,0.395355939865112
C033,C,1,114,1,NaN,NaN,0,0.44196605682373
C033,C,1,115,1,NaN,NaN,0,0.470661878585815
C033,C,1,116,1,NaN,NaN,0,0.549801826477051
C033,C,1,117,1,NaN,NaN,0,0.596372842788696
C033,C,1,118,1,NaN,NaN,0,0.458076000213623
C033,C,1,119,NaN,1,0,NaN,NaN
C033,C,1,120,1,NaN,NaN,0,0.246634006500244
C033,C,1,121,1,NaN,NaN,0,0.295867919921875
C033,C,1,122,1,NaN,NaN,0,0.536535024642944
C033,C,1,123,1,NaN,NaN,0,0.389899015426636
C033,C,1,124,1,NaN,NaN,0,0.457024097442627
C033,C,1,125,1,NaN,NaN,0,0.66004490852356
C033,C,1,126,1,NaN,NaN,0,0.499219179153442
C033,C,1,127,1,NaN,NaN,0,0.524389982223511
C033,C,1,128,1,NaN,NaN,0,0.494509935379028
C033,C,1,129,1,NaN,NaN,0,0.663048028945923
C033,C,1,130,1,NaN,NaN,0,0.437212944030762
C033,C,1,131,1,NaN,NaN,0,0.488771915435791
C033,C,1,132,1,NaN,NaN,0,0.4268958568573
C033,C,1,133,NaN,1,0,NaN,NaN
C033,C,1,134,1,NaN,NaN,0,0.282070875167847
C033,C,1,135,1,NaN,NaN,0,0.308385133743286
C033,C,1,136,1,NaN,NaN,0,0.354229927062988
C033,C,1,137,NaN,1,0,NaN,NaN
C033,C,1,138,1,NaN,NaN,0,0.294983863830566
C033,C,1,139,1,NaN,NaN,0,0.332621097564697
C033,C,1,140,1,NaN,NaN,0,0.31597900390625
C033,C,1,141,1,NaN,NaN,0,0.441046953201294
C033,C,1,142,1,NaN,NaN,0,0.561678886413574
C033,C,1,143,1,NaN,NaN,0,0.575840950012207
C033,C,1,144,1,NaN,NaN,0,0.693986892700195
C033,C,1,145,1,NaN,NaN,0,0.687546014785767
C033,C,1,146,1,NaN,NaN,0,0.633531808853149
C033,C,1,147,1,NaN,NaN,0,0.45357608795166
C033,C,1,148,1,NaN,NaN,0,0.350590944290161
C033,C,1,149,1,NaN,NaN,0,0.637542009353638
C033,C,1,150,1,NaN,NaN,0,0.794080972671509
C033,C,1,151,1,NaN,NaN,0,0.594422101974487
C033,C,1,152,NaN,1,0,NaN,NaN
C033,C,1,153,1,NaN,NaN,0,0.317279815673828
C033,C,1,154,1,NaN,NaN,0,0.277604103088379
C033,C,1,155,1,NaN,NaN,0,0.308079957962036
C033,C,1,156,1,NaN,NaN,0,0.449037075042725
C033,C,1,157,1,NaN,NaN,0,0.39303994178772
C033,C,1,158,1,NaN,NaN,0,0.419884920120239
C033,C,1,159,1,NaN,NaN,0,0.364809036254883
C033,C,1,160,1,NaN,NaN,0,0.422896146774292
C033,C,1,161,NaN,0,1,NaN,NaN
C033,C,1,162,1,NaN,NaN,0,0.2796950340271
C033,C,1,163,1,NaN,NaN,0,0.388302087783813
C033,C,1,164,1,NaN,NaN,0,0.346566915512085
C033,C,1,165,1,NaN,NaN,0,0.292957067489624
C033,C,1,166,1,NaN,NaN,0,0.337262153625488
C033,C,1,167,1,NaN,NaN,0,0.362521886825562
C033,C,1,168,NaN,1,0,NaN,NaN
C033,C,1,169,1,NaN,NaN,0,0.268673896789551
C033,C,1,170,1,NaN,NaN,0,0.273103952407837
C033,C,1,171,1,NaN,NaN,0,0.474464893341064
C033,C,1,172,1,NaN,NaN,0,0.578579902648926
C033,C,1,173,1,NaN,NaN,0,0.408354997634888
C033,C,1,174,1,NaN,NaN,0,0.505371809005737
C033,C,1,175,1,NaN,NaN,0,0.497233867645264
C033,C,1,176,NaN,1,0,NaN,NaN
C033,C,1,177,1,NaN,NaN,0,0.315074920654297
C033,C,1,178,1,NaN,NaN,0,0.495971918106079
C033,C,1,179,1,NaN,NaN,0,0.645520925521851
C033,C,1,180,1,NaN,NaN,0,0.761839866638184
C033,C,1,181,1,NaN,NaN,0,0.880360126495361
C033,C,1,182,1,NaN,NaN,0,0.940282106399536
C033,C,1,183,1,NaN,NaN,0,0.62211799621582
C033,C,1,184,NaN,1,0,NaN,NaN
C033,C,1,185,1,NaN,NaN,0,0.261744976043701
C033,C,1,186,1,NaN,NaN,0,0.393290996551514
C033,C,1,187,1,NaN,NaN,0,0.402001142501831
C033,C,1,188,1,NaN,NaN,0,0.521100044250488
C033,C,1,189,1,NaN,NaN,0,0.641237020492554
C033,C,1,190,1,NaN,NaN,0,0.672700166702271
C033,C,1,191,1,NaN,NaN,0,0.875975847244263
C033,C,1,192,1,NaN,NaN,0,0.715697050094604
C033,C,1,193,1,NaN,NaN,0,0.555643081665039
C033,C,1,194,1,NaN,NaN,0,0.635091066360474
C033,C,1,195,1,NaN,NaN,0,0.627737998962402
C033,C,1,196,NaN,1,0,NaN,NaN
C033,C,1,197,1,NaN,NaN,0,0.283340930938721
C033,C,1,198,1,NaN,NaN,0,0.300271034240723
C033,C,1,199,1,NaN,NaN,0,0.312878131866455
C033,C,1,200,1,NaN,NaN,0,0.41254997253418
C033,C,1,201,NaN,0,1,NaN,NaN
C033,C,1,202,1,NaN,NaN,0,0.399234056472778
C033,C,1,203,1,NaN,NaN,0,0.428086042404175
C033,C,1,204,1,NaN,NaN,0,0.417065858840942
C033,C,1,205,1,NaN,NaN,0,0.549567937850952
C033,C,1,206,1,NaN,NaN,0,0.642459869384766
C033,C,1,207,1,NaN,NaN,0,0.622274875640869
C033,C,1,208,1,NaN,NaN,0,0.622900009155273
C033,C,1,209,1,NaN,NaN,0,0.479580163955688
C033,C,1,210,1,NaN,NaN,0,0.457388877868652
C033,C,1,211,NaN,1,0,NaN,NaN
C033,C,1,212,1,NaN,NaN,0,0.28554892539978
C033,C,1,213,1,NaN,NaN,0,0.303756952285767
C033,C,1,214,1,NaN,NaN,0,0.420825004577637
C033,C,1,215,1,NaN,NaN,0,0.405576944351196
C033,C,1,216,1,NaN,NaN,0,0.479552984237671
C033,C,1,217,1,NaN,NaN,0,0.41221809387207
C033,C,1,218,1,NaN,NaN,0,0.327843189239502
C033,C,1,219,1,NaN,NaN,0,0.583958148956299
C033,C,1,220,NaN,1,0,NaN,NaN
C033,C,1,221,1,NaN,NaN,0,0.338563203811646
C033,C,1,222,1,NaN,NaN,0,0.432039976119995
C033,C,1,223,1,NaN,NaN,0,0.644705057144165
C033,C,1,224,1,NaN,NaN,0,0.472263097763062
C033,C,1,225,1,NaN,NaN,0,0.494373083114624
C033,C,1,226,1,NaN,NaN,0,0.4584059715271
C033,C,1,227,1,NaN,NaN,0,0.521152019500732
C033,C,1,228,1,NaN,NaN,0,0.469882011413574
C033,C,1,229,1,NaN,NaN,0,0.568639039993286
C033,C,1,230,1,NaN,NaN,0,0.527939081192017
C033,C,1,231,1,NaN,NaN,0,0.479640960693359
C033,C,1,232,NaN,1,0,NaN,NaN
C033,C,1,233,1,NaN,NaN,0,0.346181154251099
C033,C,1,234,1,NaN,NaN,0,0.3127760887146
C033,C,1,235,1,NaN,NaN,0,0.358908891677856
C033,C,1,236,1,NaN,NaN,0,0.334514141082764
C033,C,1,237,NaN,1,0,NaN,NaN
C033,C,1,238,1,NaN,NaN,0,0.249465942382812
C033,C,1,239,1,NaN,NaN,0,0.279314041137695
C033,C,1,240,1,NaN,NaN,0,0.317328929901123
C033,C,1,241,1,NaN,NaN,0,0.293354034423828
C033,C,1,242,1,NaN,NaN,0,0.368965148925781
C033,C,1,243,1,NaN,NaN,0,0.66948390007019
C033,C,1,244,1,NaN,NaN,0,0.786007165908813
C033,C,1,245,1,NaN,NaN,0,0.667671918869019
C033,C,1,246,NaN,1,0,NaN,NaN
C033,C,1,247,1,NaN,NaN,0,0.299263954162598
C033,C,1,248,1,NaN,NaN,0,0.462042808532715
C033,C,1,249,1,NaN,NaN,0,0.378990888595581
C033,C,1,250,1,NaN,NaN,0,0.515105962753296
C033,C,1,251,1,NaN,NaN,0,0.561849117279053
C033,C,1,252,1,NaN,NaN,0,0.565069913864136
C033,C,1,253,1,NaN,NaN,0,0.552210092544556
C033,C,1,254,1,NaN,NaN,0,0.496927976608276
C033,C,1,255,1,NaN,NaN,0,0.525063037872314
C033,C,1,256,NaN,1,0,NaN,NaN
C033,C,1,257,1,NaN,NaN,0,0.391597986221313
C033,C,1,258,1,NaN,NaN,0,0.418489933013916
C033,C,1,259,1,NaN,NaN,0,0.534502029418945
C033,C,1,260,1,NaN,NaN,0,0.505776882171631
C033,C,1,261,1,NaN,NaN,0,0.619003057479858
C033,C,1,262,1,NaN,NaN,0,0.621461153030396
C033,C,1,263,1,NaN,NaN,0,0.637059211730957
C033,C,1,264,1,NaN,NaN,0,0.701759099960327
C033,C,1,265,1,NaN,NaN,0,0.70110297203064
C033,C,1,266,1,NaN,NaN,0,0.616331100463867
C033,C,1,267,1,NaN,NaN,0,0.593948125839233
C033,C,1,268,NaN,1,0,NaN,NaN
C033,C,1,269,1,NaN,NaN,0,0.377995014190674
C033,C,1,270,1,NaN,NaN,0,0.347190141677856
C033,C,1,271,1,NaN,NaN,0,0.456023931503296
C033,C,1,272,1,NaN,NaN,0,0.608718872070312
C033,C,1,273,1,NaN,NaN,0,0.533391952514648
C033,C,1,274,1,NaN,NaN,0,0.394542932510376
C033,C,1,275,1,NaN,NaN,0,0.545267105102539
C033,C,1,276,1,NaN,NaN,0,0.567210912704468
C033,C,1,277,NaN,1,0,NaN,NaN
C033,C,1,278,1,NaN,NaN,0,0.3595130443573
C033,C,1,279,1,NaN,NaN,0,0.357103109359741
C033,C,1,280,1,NaN,NaN,0,0.409454822540283
C033,C,1,281,NaN,1,0,NaN,NaN
C033,C,1,282,1,NaN,NaN,0,0.373225927352905
C033,C,1,283,1,NaN,NaN,0,0.407021045684814
C033,C,1,284,1,NaN,NaN,0,0.390522956848145
C033,C,1,285,1,NaN,NaN,0,0.555702924728394
C033,C,1,286,1,NaN,NaN,0,0.660665035247803
C033,C,1,287,1,NaN,NaN,0,0.766516923904419
C033,C,1,288,1,NaN,NaN,0,0.708702087402344
C033,C,1,289,1,NaN,NaN,0,0.569400072097778
C033,C,1,290,1,NaN,NaN,0,0.566705942153931
C033,C,1,291,NaN,1,0,NaN,NaN
C033,C,1,292,1,NaN,NaN,0,0.332427978515625
C033,C,1,293,1,NaN,NaN,0,0.311490058898926
C033,C,1,294,1,NaN,NaN,0,0.342336177825928
C033,C,1,295,1,NaN,NaN,0,0.349261045455933
C033,C,1,296,1,NaN,NaN,0,0.312376976013184
C033,C,1,297,1,NaN,NaN,0,0.321962118148804
C033,C,1,298,1,NaN,NaN,0,0.338979005813599
C033,C,1,299,1,NaN,NaN,0,0.363599061965942
C033,C,1,300,NaN,0,1,NaN,NaN
C033,C,1,301,1,NaN,NaN,0,0.360649108886719
C033,C,1,302,1,NaN,NaN,0,0.353397846221924
C033,C,1,303,1,NaN,NaN,0,0.292881965637207
C033,C,1,304,1,NaN,NaN,0,0.317942142486572
C033,C,1,305,1,NaN,NaN,0,0.342816114425659
C033,C,1,306,1,NaN,NaN,0,0.315685987472534
C033,C,1,307,1,NaN,NaN,0,0.468034029006958
C033,C,1,308,NaN,1,0,NaN,NaN
C033,C,1,309,1,NaN,NaN,0,0.295315027236938
C033,C,1,310,1,NaN,NaN,0,0.340975046157837
C033,C,1,311,1,NaN,NaN,0,0.393822908401489
C033,C,1,312,1,NaN,NaN,0,0.597645998001099
C033,C,1,313,1,NaN,NaN,0,0.550973892211914
C033,C,1,314,1,NaN,NaN,0,0.523927927017212
C033,C,1,315,1,NaN,NaN,0,0.482151031494141
C033,C,1,316,1,NaN,NaN,0,0.575431823730469
C033,C,1,317,1,NaN,NaN,0,0.518225908279419
C033,C,1,318,1,NaN,NaN,0,0.591113090515137
C033,C,1,319,NaN,1,0,NaN,NaN
C033,C,1,320,1,NaN,NaN,0,0.330775022506714
C033,C,1,321,1,NaN,NaN,0,0.31524395942688
C033,C,1,322,1,NaN,NaN,0,0.373860120773315
C033,C,1,323,1,NaN,NaN,0,0.353113889694214
C033,C,1,324,1,NaN,NaN,0,0.380814075469971
C033,C,1,325,1,NaN,NaN,0,0.561827898025513
C033,C,1,326,1,NaN,NaN,0,0.525887012481689
C033,C,1,327,1,NaN,NaN,0,0.598576068878174
C033,C,1,328,1,NaN,NaN,0,0.62862491607666
C033,C,1,329,1,NaN,NaN,0,0.445371866226196
C033,C,1,330,NaN,1,0,NaN,NaN
C033,C,1,331,1,NaN,NaN,0,0.28772497177124
C033,C,1,332,1,NaN,NaN,0,0.309531927108765
C033,C,1,333,1,NaN,NaN,0,0.317913055419922
C033,C,1,334,1,NaN,NaN,0,0.314390897750854
C033,C,1,335,1,NaN,NaN,0,0.514673948287964
C033,C,1,336,1,NaN,NaN,0,0.587568998336792
C033,C,1,337,NaN,1,0,NaN,NaN
C033,C,1,338,1,NaN,NaN,0,0.295898914337158
C033,C,1,339,1,NaN,NaN,0,0.475268125534058
C033,C,1,340,1,NaN,NaN,0,0.436186075210571
C033,C,1,341,1,NaN,NaN,0,0.479235172271729
C033,C,1,342,1,NaN,NaN,0,0.560343980789185
C033,C,1,343,1,NaN,NaN,0,0.656290054321289
C033,C,1,344,1,NaN,NaN,0,0.54314398765564
C033,C,1,345,1,NaN,NaN,0,0.506648063659668
C033,C,1,346,1,NaN,NaN,0,0.5523841381073
C033,C,1,347,1,NaN,NaN,0,0.490908145904541
C033,C,1,348,NaN,1,0,NaN,NaN
C033,C,1,349,1,NaN,NaN,0,0.323035001754761
C033,C,1,350,1,NaN,NaN,0,0.450056791305542
C033,C,1,351,1,NaN,NaN,0,0.425468921661377
C033,C,1,352,1,NaN,NaN,0,0.518247127532959
C033,C,1,353,1,NaN,NaN,0,0.383766889572144
C033,C,1,354,1,NaN,NaN,0,0.395440101623535
C033,C,1,355,1,NaN,NaN,0,0.439764022827148
C033,C,1,356,1,NaN,NaN,0,0.49397611618042
C033,C,1,357,NaN,1,0,NaN,NaN
C033,C,1,358,1,NaN,NaN,0,0.335591077804565
C033,C,1,359,1,NaN,NaN,0,0.399000883102417
C033,C,1,360,1,NaN,NaN,0,0.41309380531311
C033,C,1,361,1,NaN,NaN,0,0.289292097091675
C033,C,1,362,1,NaN,NaN,0,0.318283081054688
C033,C,1,363,NaN,0,1,NaN,NaN
C033,C,1,364,1,NaN,NaN,0,0.345602035522461
C033,C,1,365,1,NaN,NaN,0,0.266644954681396
C033,C,1,366,1,NaN,NaN,0,0.35381007194519
C033,C,1,367,1,NaN,NaN,0,0.423733949661255
C033,C,1,368,1,NaN,NaN,0,0.476310014724731
C033,C,1,369,1,NaN,NaN,0,0.343929052352905
C033,C,1,370,1,NaN,NaN,0,0.47785496711731
C033,C,1,371,1,NaN,NaN,0,0.442799091339111
C033,C,1,372,NaN,1,0,NaN,NaN
C033,C,1,373,1,NaN,NaN,0,0.298631906509399
C033,C,1,374,1,NaN,NaN,0,0.320588827133179
C033,C,1,375,1,NaN,NaN,0,0.345758199691772
C033,C,1,376,1,NaN,NaN,0,0.312761068344116
C033,C,1,377,1,NaN,NaN,0,0.405323028564453
C033,C,1,378,1,NaN,NaN,0,0.430025815963745
C033,C,1,379,1,NaN,NaN,0,0.375668048858643
C033,C,1,380,1,NaN,NaN,0,0.35309100151062
C033,C,1,381,1,NaN,NaN,0,0.360843896865845
C033,C,1,382,1,NaN,NaN,0,0.324400901794434
C033,C,1,383,1,NaN,NaN,0,0.438929080963135
C033,C,1,384,1,NaN,NaN,0,0.371744871139526
C033,C,1,385,1,NaN,NaN,0,0.421396970748901
C033,C,1,386,NaN,1,0,NaN,NaN
C033,C,1,387,1,NaN,NaN,0,0.361387014389038
C033,C,1,388,1,NaN,NaN,0,0.298727989196777
C033,C,1,389,1,NaN,NaN,0,0.267064809799194
C033,C,1,390,1,NaN,NaN,0,0.283874034881592
C033,C,1,391,1,NaN,NaN,0,0.294455051422119
C033,C,1,392,NaN,0,1,NaN,NaN
C033,C,1,393,1,NaN,NaN,0,0.26637601852417
C033,C,1,394,1,NaN,NaN,0,0.2359459400177
C033,C,1,395,1,NaN,NaN,0,0.279855966567993
C033,C,1,396,1,NaN,NaN,0,0.359936952590942
C033,C,1,397,1,NaN,NaN,0,0.393466949462891
C033,C,1,398,NaN,1,0,NaN,NaN
C033,C,1,399,1,NaN,NaN,0,0.267625093460083
C033,C,1,400,1,NaN,NaN,0,0.324679851531982
C033,C,1,401,1,NaN,NaN,0,0.482521057128906
C033,C,1,402,1,NaN,NaN,0,0.479614019393921
C033,C,1,403,1,NaN,NaN,0,0.429655075073242
C033,C,1,404,1,NaN,NaN,0,0.462525129318237
C033,C,1,405,1,NaN,NaN,0,0.415256023406982
C033,C,1,406,1,NaN,NaN,0,0.360720872879028
C033,C,1,407,1,NaN,NaN,0,0.537413120269775
C033,C,1,408,1,NaN,NaN,0,0.402549982070923
C033,C,1,409,1,NaN,NaN,0,0.3645920753479
C033,C,1,410,1,NaN,NaN,0,0.441258907318115
C033,C,1,411,1,NaN,NaN,0,0.44820499420166
C033,C,1,412,1,NaN,NaN,0,0.415435791015625
C033,C,1,413,NaN,1,0,NaN,NaN
C033,C,1,414,1,NaN,NaN,0,0.261476039886475
C033,C,1,415,1,NaN,NaN,0,0.282546043395996
C033,C,1,416,1,NaN,NaN,0,0.285083055496216
C033,C,1,417,1,NaN,NaN,0,0.299070119857788
C033,C,1,418,1,NaN,NaN,0,0.315264940261841
C033,C,1,419,1,NaN,NaN,0,0.528102159500122
C033,C,1,420,NaN,1,0,NaN,NaN
C033,C,1,421,1,NaN,NaN,0,0.255382061004639
C033,C,1,422,1,NaN,NaN,0,0.283071041107178
C033,C,1,423,1,NaN,NaN,0,0.336520910263062
C033,C,1,424,1,NaN,NaN,0,0.420955896377563
C033,C,1,425,1,NaN,NaN,0,0.403352022171021
C033,C,1,426,1,NaN,NaN,0,0.471009969711304
C033,C,1,427,1,NaN,NaN,0,0.323837041854858
C033,C,1,428,1,NaN,NaN,0,0.3855140209198
C033,C,1,429,1,NaN,NaN,0,0.429903984069824
C033,C,1,430,1,NaN,NaN,0,0.391119956970215
C033,C,1,431,NaN,1,0,NaN,NaN
C033,C,1,432,1,NaN,NaN,0,0.274111032485962
C033,C,1,433,1,NaN,NaN,0,0.334930896759033
C033,C,1,434,1,NaN,NaN,0,0.376271963119507
C033,C,1,435,1,NaN,NaN,0,0.373909950256348
C033,C,1,436,1,NaN,NaN,0,0.33449912071228
C033,C,1,437,1,NaN,NaN,0,0.327573776245117
C033,C,1,438,NaN,1,0,NaN,NaN
C033,C,1,439,1,NaN,NaN,0,0.353264093399048
C033,C,1,440,1,NaN,NaN,0,0.286286115646362
C033,C,1,441,1,NaN,NaN,0,0.451488018035889
C033,C,1,442,1,NaN,NaN,0,0.389540910720825
C033,C,1,443,1,NaN,NaN,0,0.589991092681885
C033,C,1,444,1,NaN,NaN,0,0.453768014907837
C033,C,1,445,1,NaN,NaN,0,0.435099124908447
C033,C,1,446,1,NaN,NaN,0,0.371167898178101
C033,C,1,447,1,NaN,NaN,0,0.428773880004883
C033,C,1,448,NaN,0,1,NaN,NaN
C033,C,1,449,1,NaN,NaN,0,0.604730844497681
C033,C,1,450,1,NaN,NaN,0,0.343348026275635
C033,C,1,451,1,NaN,NaN,0,0.284677982330322
C033,C,1,452,1,NaN,NaN,0,0.549978017807007
C033,C,1,453,1,NaN,NaN,0,0.539019107818604
C033,C,1,454,1,NaN,NaN,0,0.492364883422852
C033,C,1,455,1,NaN,NaN,0,0.373117923736572
C033,C,1,456,NaN,1,0,NaN,NaN
C033,C,1,457,1,NaN,NaN,0,0.261899948120117
C033,C,1,458,1,NaN,NaN,0,0.342807054519653
C033,C,1,459,1,NaN,NaN,0,0.333940029144287
C033,C,1,460,1,NaN,NaN,0,0.289229869842529
C033,C,1,461,1,NaN,NaN,0,0.323948860168457
C033,C,1,462,1,NaN,NaN,0,0.305337190628052
C033,C,1,463,1,NaN,NaN,0,0.346810817718506
C033,C,1,464,1,NaN,NaN,0,0.3369300365448
C033,C,1,465,1,NaN,NaN,0,0.338266849517822
C033,C,1,466,NaN,0,1,NaN,NaN
C033,C,1,467,1,NaN,NaN,0,0.272580862045288
C033,C,1,468,1,NaN,NaN,0,0.240888118743896
C033,C,1,469,1,NaN,NaN,0,0.265403032302856
C033,C,1,470,1,NaN,NaN,0,0.453200101852417
C033,C,1,471,NaN,1,0,NaN,NaN
C033,C,1,472,1,NaN,NaN,0,0.224656105041504
C033,C,1,473,1,NaN,NaN,0,0.342721939086914
C033,C,1,474,1,NaN,NaN,0,0.316220045089722
C033,C,1,475,1,NaN,NaN,0,0.237100839614868
C033,C,1,476,1,NaN,NaN,0,0.247631072998047
C033,C,1,477,1,NaN,NaN,0,0.38210916519165
C033,C,1,478,1,NaN,NaN,0,0.4061119556427
C033,C,1,479,1,NaN,NaN,0,0.364023923873901
C033,C,1,480,1,NaN,NaN,0,0.393857955932617
C033,C,1,481,1,NaN,NaN,0,0.386661052703857
C033,C,1,482,1,NaN,NaN,0,0.374830007553101
C033,C,1,483,1,NaN,NaN,0,0.361536979675293
C033,C,1,484,1,NaN,NaN,0,0.346823930740356
C033,C,1,485,NaN,0,1,NaN,NaN
C033,C,1,486,0,NaN,NaN,1,NaN
C033,C,1,487,1,NaN,NaN,0,0.379412889480591
C033,C,1,488,1,NaN,NaN,0,0.24503493309021
C033,C,1,489,NaN,0,1,NaN,NaN
C033,C,1,490,1,NaN,NaN,0,0.259286880493164
C033,C,1,491,1,NaN,NaN,0,0.229817867279053
C033,C,1,492,1,NaN,NaN,0,0.236776113510132
C033,C,1,493,1,NaN,NaN,0,NaN
C033,C,1,494,1,NaN,NaN,0,0.230589866638184
C033,C,1,495,1,NaN,NaN,0,0.239615201950073
C033,C,1,496,1,NaN,NaN,0,0.252608060836792
C033,C,1,497,1,NaN,NaN,0,0.210003852844238
C033,C,1,498,NaN,0,1,NaN,NaN
C033,C,1,499,1,NaN,NaN,0,0.427556991577148
C033,C,1,500,1,NaN,NaN,0,0.294991016387939
C033,C,1,501,1,NaN,NaN,0,0.288324117660522
C033,C,2,1,1,NaN,NaN,0,0.409803152084351
C033,C,2,2,1,NaN,NaN,0,0.34967303276062
C033,C,2,3,1,NaN,NaN,0,0.272583961486816
C033,C,2,4,1,NaN,NaN,0,0.541428089141846
C033,C,2,5,NaN,1,0,NaN,NaN
C033,C,2,6,1,NaN,NaN,0,0.255366086959839
C033,C,2,7,1,NaN,NaN,0,0.264443874359131
C033,C,2,8,1,NaN,NaN,0,0.256894111633301
C033,C,2,9,1,NaN,NaN,0,0.271694183349609
C033,C,2,10,1,NaN,NaN,0,0.244985103607178
C033,C,2,11,1,NaN,NaN,0,0.34604811668396
C033,C,2,12,1,NaN,NaN,0,0.298379182815552
C033,C,2,13,1,NaN,NaN,0,0.626934051513672
C033,C,2,14,NaN,1,0,NaN,NaN
C033,C,2,15,1,NaN,NaN,0,0.282472133636475
C033,C,2,16,1,NaN,NaN,0,0.375342845916748
C033,C,2,17,1,NaN,NaN,0,0.351140022277832
C033,C,2,18,1,NaN,NaN,0,0.347157001495361
C033,C,2,19,1,NaN,NaN,0,0.288382053375244
C033,C,2,20,1,NaN,NaN,0,0.337964057922363
C033,C,2,21,1,NaN,NaN,0,0.419656038284302
C033,C,2,22,NaN,0,1,NaN,NaN
C033,C,2,23,1,NaN,NaN,0,0.273941993713379
C033,C,2,24,1,NaN,NaN,0,0.280121803283691
C033,C,2,25,1,NaN,NaN,0,0.352334976196289
C033,C,2,26,1,NaN,NaN,0,0.438807010650635
C033,C,2,27,1,NaN,NaN,0,0.513149976730347
C033,C,2,28,1,NaN,NaN,0,0.666267156600952
C033,C,2,29,1,NaN,NaN,0,0.591269969940186
C033,C,2,30,1,NaN,NaN,0,0.452859163284302
C033,C,2,31,1,NaN,NaN,0,0.435152053833008
C033,C,2,32,1,NaN,NaN,0,0.32377290725708
C033,C,2,33,1,NaN,NaN,0,0.288577079772949
C033,C,2,34,1,NaN,NaN,0,0.298006057739258
C033,C,2,35,NaN,0,1,NaN,NaN
C033,C,2,36,1,NaN,NaN,0,0.347932100296021
C033,C,2,37,1,NaN,NaN,0,0.201030969619751
C033,C,2,38,NaN,0,1,NaN,NaN
C033,C,2,39,1,NaN,NaN,0,0.259130954742432
C033,C,2,40,1,NaN,NaN,0,NaN
C033,C,2,41,1,NaN,NaN,0,0.332199096679688
C033,C,2,42,1,NaN,NaN,0,0.241399049758911
C033,C,2,43,1,NaN,NaN,0,0.259310007095337
C033,C,2,44,1,NaN,NaN,0,0.310322046279907
C033,C,2,45,1,NaN,NaN,0,0.273253917694092
C033,C,2,46,1,NaN,NaN,0,0.537761926651001
C033,C,2,47,1,NaN,NaN,0,0.516592979431152
C033,C,2,48,1,NaN,NaN,0,0.404034852981567
C033,C,2,49,1,NaN,NaN,0,0.587800979614258
C033,C,2,50,NaN,1,0,NaN,NaN
C033,C,2,51,1,NaN,NaN,0,0.535985946655273
C033,C,2,52,1,NaN,NaN,0,0.515947103500366
C033,C,2,53,1,NaN,NaN,0,0.569423913955688
C033,C,2,54,1,NaN,NaN,0,0.61147403717041
C033,C,2,55,1,NaN,NaN,0,0.549887895584106
C033,C,2,56,1,NaN,NaN,0,0.453435182571411
C033,C,2,57,NaN,1,0,NaN,NaN
C033,C,2,58,1,NaN,NaN,0,0.275961875915527
C033,C,2,59,1,NaN,NaN,0,0.332504987716675
C033,C,2,60,1,NaN,NaN,0,0.440164804458618
C033,C,2,61,1,NaN,NaN,0,0.360289812088013
C033,C,2,62,1,NaN,NaN,0,0.391626834869385
C033,C,2,63,1,NaN,NaN,0,0.445195198059082
C033,C,2,64,1,NaN,NaN,0,0.497576951980591
C033,C,2,65,1,NaN,NaN,0,0.515995979309082
C033,C,2,66,1,NaN,NaN,0,0.43133282661438
C033,C,2,67,1,NaN,NaN,0,0.520201921463013
C033,C,2,68,1,NaN,NaN,0,0.594399929046631
C033,C,2,69,1,NaN,NaN,0,0.723523855209351
C033,C,2,70,NaN,1,0,NaN,NaN
C033,C,2,71,1,NaN,NaN,0,0.271106004714966
C033,C,2,72,1,NaN,NaN,0,0.272388935089111
C033,C,2,73,1,NaN,NaN,0,0.270864009857178
C033,C,2,74,1,NaN,NaN,0,0.378448963165283
C033,C,2,75,1,NaN,NaN,0,0.437880992889404
C033,C,2,76,1,NaN,NaN,0,0.412572145462036
C033,C,2,77,1,NaN,NaN,0,0.369964122772217
C033,C,2,78,1,NaN,NaN,0,0.346886157989502
C033,C,2,79,1,NaN,NaN,0,0.248498916625977
C033,C,2,80,NaN,1,0,NaN,NaN
C033,C,2,81,1,NaN,NaN,0,0.268357992172241
C033,C,2,82,1,NaN,NaN,0,0.280902862548828
C033,C,2,83,1,NaN,NaN,0,0.382519960403442
C033,C,2,84,1,NaN,NaN,0,0.315035820007324
C033,C,2,85,1,NaN,NaN,0,0.419734954833984
C033,C,2,86,1,NaN,NaN,0,0.377091884613037
C033,C,2,87,1,NaN,NaN,0,0.411211013793945
C033,C,2,88,NaN,0,1,NaN,NaN
C033,C,2,89,1,NaN,NaN,0,0.245517015457153
C033,C,2,90,1,NaN,NaN,0,NaN
C033,C,2,91,1,NaN,NaN,0,0.203768968582153
C033,C,2,92,NaN,0,1,NaN,NaN
C033,C,2,93,1,NaN,NaN,0,0.30404806137085
C033,C,2,94,1,NaN,NaN,0,0.309097051620483
C033,C,2,95,1,NaN,NaN,0,0.319374084472656
C033,C,2,96,1,NaN,NaN,0,0.302406072616577
C033,C,2,97,1,NaN,NaN,0,0.26347804069519
C033,C,2,98,1,NaN,NaN,0,0.517184972763062
C033,C,2,99,1,NaN,NaN,0,0.494189977645874
C033,C,2,100,1,NaN,NaN,0,0.405809879302979
C033,C,2,101,1,NaN,NaN,0,0.446621179580688
C033,C,2,102,1,NaN,NaN,0,0.361611127853394
C033,C,2,103,1,NaN,NaN,0,0.577095985412598
C033,C,2,104,1,NaN,NaN,0,0.478603839874268
C033,C,2,105,1,NaN,NaN,0,0.551922798156738
C033,C,2,106,1,NaN,NaN,0,0.395011901855469
C033,C,2,107,NaN,1,0,NaN,NaN
C033,C,2,108,1,NaN,NaN,0,0.260483026504517
C033,C,2,109,1,NaN,NaN,0,0.38310694694519
C033,C,2,110,1,NaN,NaN,0,0.527454137802124
C033,C,2,111,1,NaN,NaN,0,0.54315185546875
C033,C,2,112,1,NaN,NaN,0,0.521603107452393
C033,C,2,113,1,NaN,NaN,0,0.566519975662231
C033,C,2,114,NaN,1,0,NaN,NaN
C033,C,2,115,1,NaN,NaN,0,0.286085844039917
C033,C,2,116,1,NaN,NaN,0,0.338801860809326
C033,C,2,117,1,NaN,NaN,0,0.535191059112549
C033,C,2,118,1,NaN,NaN,0,0.494410037994385
C033,C,2,119,1,NaN,NaN,0,0.47091007232666
C033,C,2,120,1,NaN,NaN,0,0.435960054397583
C033,C,2,121,1,NaN,NaN,0,0.376646995544434
C033,C,2,122,1,NaN,NaN,0,0.410770177841187
C033,C,2,123,1,NaN,NaN,0,0.366751909255981
C033,C,2,124,NaN,0,1,NaN,NaN
C033,C,2,125,0,NaN,NaN,1,NaN
C033,C,2,126,1,NaN,NaN,0,0.31018590927124
C033,C,2,127,1,NaN,NaN,0,0.333394050598145
C033,C,2,128,1,NaN,NaN,0,0.508184909820557
C033,C,2,129,1,NaN,NaN,0,0.661021947860718
C033,C,2,130,1,NaN,NaN,0,0.761609077453613
C033,C,2,131,1,NaN,NaN,0,0.641042947769165
C033,C,2,132,1,NaN,NaN,0,0.518470048904419
C033,C,2,133,NaN,1,0,NaN,NaN
C033,C,2,134,1,NaN,NaN,0,0.256541967391968
C033,C,2,135,1,NaN,NaN,0,0.294538974761963
C033,C,2,136,1,NaN,NaN,0,0.315475940704346
C033,C,2,137,1,NaN,NaN,0,0.272480010986328
C033,C,2,138,1,NaN,NaN,0,0.279865026473999
C033,C,2,139,1,NaN,NaN,0,0.300584077835083
C033,C,2,140,1,NaN,NaN,0,0.326215982437134
C033,C,2,141,1,NaN,NaN,0,0.451364994049072
C033,C,2,142,NaN,1,0,NaN,NaN
C033,C,2,143,1,NaN,NaN,0,0.268327951431274
C033,C,2,144,1,NaN,NaN,0,0.293375968933105
C033,C,2,145,1,NaN,NaN,0,0.320514917373657
C033,C,2,146,1,NaN,NaN,0,0.309388875961304
C033,C,2,147,NaN,1,0,NaN,NaN
C033,C,2,148,1,NaN,NaN,0,0.342961072921753
C033,C,2,149,1,NaN,NaN,0,0.393208026885986
C033,C,2,150,1,NaN,NaN,0,0.308966159820557
C033,C,2,151,1,NaN,NaN,0,0.519515037536621
C033,C,2,152,1,NaN,NaN,0,0.568766832351685
C033,C,2,153,1,NaN,NaN,0,0.565671920776367
C033,C,2,154,1,NaN,NaN,0,0.540596961975098
C033,C,2,155,1,NaN,NaN,0,0.484777927398682
C033,C,2,156,1,NaN,NaN,0,0.356786012649536
C033,C,2,157,1,NaN,NaN,0,0.396169900894165
C033,C,2,158,1,NaN,NaN,0,0.343490123748779
C033,C,2,159,1,NaN,NaN,0,0.388891935348511
C033,C,2,160,NaN,0,1,NaN,NaN
C033,C,2,161,1,NaN,NaN,0,0.234709024429321
C033,C,2,162,1,NaN,NaN,0,0.23969292640686
C033,C,2,163,1,NaN,NaN,0,0.231683015823364
C033,C,2,164,1,NaN,NaN,0,0.240407943725586
C033,C,2,165,1,NaN,NaN,0,0.25878119468689
C033,C,2,166,1,NaN,NaN,0,0.214471101760864
C033,C,2,167,1,NaN,NaN,0,0.291010856628418
C033,C,2,168,1,NaN,NaN,0,0.423336029052734
C033,C,2,169,1,NaN,NaN,0,0.224455118179321
C033,C,2,170,NaN,0,1,NaN,NaN
C033,C,2,171,1,NaN,NaN,0,0.341912984848022
C033,C,2,172,1,NaN,NaN,0,0.281542062759399
C033,C,2,173,1,NaN,NaN,0,0.340744018554688
C033,C,2,174,1,NaN,NaN,0,0.539113998413086
C033,C,2,175,1,NaN,NaN,0,0.383254051208496
C033,C,2,176,NaN,1,0,NaN,NaN
C033,C,2,177,1,NaN,NaN,0,0.252078056335449
C033,C,2,178,1,NaN,NaN,0,0.2483229637146
C033,C,2,179,1,NaN,NaN,0,0.345032930374146
C033,C,2,180,1,NaN,NaN,0,0.365634918212891
C033,C,2,181,1,NaN,NaN,0,0.4114089012146
C033,C,2,182,1,NaN,NaN,0,0.408777952194214
C033,C,2,183,1,NaN,NaN,0,0.391741991043091
C033,C,2,184,1,NaN,NaN,0,0.452959060668945
C033,C,2,185,1,NaN,NaN,0,0.430007219314575
C033,C,2,186,1,NaN,NaN,0,0.434251070022583
C033,C,2,187,1,NaN,NaN,0,0.506900072097778
C033,C,2,188,NaN,1,0,NaN,NaN
C033,C,2,189,1,NaN,NaN,0,0.197402954101562
C033,C,2,190,1,NaN,NaN,0,0.334746122360229
C033,C,2,191,1,NaN,NaN,0,0.280630111694336
C033,C,2,192,1,NaN,NaN,0,0.285091161727905
C033,C,2,193,NaN,0,1,NaN,NaN
C033,C,2,194,1,NaN,NaN,0,0.316275835037231
C033,C,2,195,1,NaN,NaN,0,0.25714111328125
C033,C,2,196,1,NaN,NaN,0,0.306236982345581
C033,C,2,197,1,NaN,NaN,0,0.332669973373413
C033,C,2,198,1,NaN,NaN,0,0.545318126678467
C033,C,2,199,1,NaN,NaN,0,0.473724126815796
C033,C,2,200,1,NaN,NaN,0,0.401118040084839
C033,C,2,201,1,NaN,NaN,0,0.39661717414856
C033,C,2,202,1,NaN,NaN,0,0.363629102706909
C033,C,2,203,1,NaN,NaN,0,0.386302947998047
C033,C,2,204,1,NaN,NaN,0,0.510674953460693
C033,C,2,205,1,NaN,NaN,0,0.450740098953247
C033,C,2,206,NaN,1,0,NaN,NaN
C033,C,2,207,1,NaN,NaN,0,0.277281999588013
C033,C,2,208,1,NaN,NaN,0,0.282823085784912
C033,C,2,209,1,NaN,NaN,0,0.567292928695679
C033,C,2,210,1,NaN,NaN,0,0.480772018432617
C033,C,2,211,1,NaN,NaN,0,0.463563919067383
C033,C,2,212,1,NaN,NaN,0,0.430902004241943
C033,C,2,213,1,NaN,NaN,0,0.408418893814087
C033,C,2,214,1,NaN,NaN,0,0.524510860443115
C033,C,2,215,NaN,1,0,NaN,NaN
C033,C,2,216,1,NaN,NaN,0,0.261178016662598
C033,C,2,217,1,NaN,NaN,0,0.269235849380493
C033,C,2,218,NaN,1,0,NaN,NaN
C033,C,2,219,1,NaN,NaN,0,0.34313702583313
C033,C,2,220,1,NaN,NaN,0,0.282403945922852
C033,C,2,221,1,NaN,NaN,0,0.381057024002075
C033,C,2,222,1,NaN,NaN,0,0.399268865585327
C033,C,2,223,1,NaN,NaN,0,0.403932094573975
C033,C,2,224,1,NaN,NaN,0,0.397931098937988
C033,C,2,225,1,NaN,NaN,0,0.387743949890137
C033,C,2,226,1,NaN,NaN,0,0.384531021118164
C033,C,2,227,1,NaN,NaN,0,0.429432153701782
C033,C,2,228,1,NaN,NaN,0,0.626925230026245
C033,C,2,229,1,NaN,NaN,0,0.613880157470703
C033,C,2,230,1,NaN,NaN,0,0.546912908554077
C033,C,2,231,1,NaN,NaN,0,0.46841287612915
C033,C,2,232,1,NaN,NaN,0,0.457859992980957
C033,C,2,233,NaN,1,0,NaN,NaN
C033,C,2,234,1,NaN,NaN,0,0.17664098739624
C033,C,2,235,1,NaN,NaN,0,0.564342021942139
C033,C,2,236,1,NaN,NaN,0,0.569911003112793
C033,C,2,237,1,NaN,NaN,0,0.571952104568481
C033,C,2,238,1,NaN,NaN,0,0.447906017303467
C033,C,2,239,1,NaN,NaN,0,0.493645906448364
C033,C,2,240,1,NaN,NaN,0,0.547446966171265
C033,C,2,241,1,NaN,NaN,0,0.535333871841431
C033,C,2,242,NaN,1,0,NaN,NaN
C033,C,2,243,1,NaN,NaN,0,0.367564916610718
C033,C,2,244,1,NaN,NaN,0,0.331846952438354
C033,C,2,245,1,NaN,NaN,0,0.328125953674316
C033,C,2,246,1,NaN,NaN,0,0.485321998596191
C033,C,2,247,NaN,1,0,NaN,NaN
C033,C,2,248,1,NaN,NaN,0,0.261985063552856
C033,C,2,249,1,NaN,NaN,0,0.308058023452759
C033,C,2,250,1,NaN,NaN,0,0.268749952316284
C033,C,2,251,1,NaN,NaN,0,0.429915189743042
C033,C,2,252,1,NaN,NaN,0,0.291231155395508
C033,C,2,253,1,NaN,NaN,0,0.295068979263306
C033,C,2,254,1,NaN,NaN,0,0.239476919174194
C033,C,2,255,1,NaN,NaN,0,0.252062082290649
C033,C,2,256,1,NaN,NaN,0,0.349724054336548
C033,C,2,257,1,NaN,NaN,0,0.262255907058716
C033,C,2,258,1,NaN,NaN,0,0.191005945205688
C033,C,2,259,NaN,0,1,NaN,NaN
C033,C,2,260,1,NaN,NaN,0,0.304260969161987
C033,C,2,261,1,NaN,NaN,0,0.313359022140503
C033,C,2,262,1,NaN,NaN,0,0.251600027084351
C033,C,2,263,1,NaN,NaN,0,0.329555034637451
C033,C,2,264,1,NaN,NaN,0,0.323493003845215
C033,C,2,265,NaN,0,1,NaN,NaN
C033,C,2,266,1,NaN,NaN,0,0.244346141815186
C033,C,2,267,1,NaN,NaN,0,0.177304029464722
C033,C,2,268,1,NaN,NaN,0,0.173230171203613
C033,C,2,269,1,NaN,NaN,0,0.283934116363525
C033,C,2,270,1,NaN,NaN,0,0.369392156600952
C033,C,2,271,1,NaN,NaN,0,0.320282220840454
C033,C,2,272,1,NaN,NaN,0,0.51334285736084
C033,C,2,273,1,NaN,NaN,0,0.418660879135132
C033,C,2,274,1,NaN,NaN,0,0.398865222930908
C033,C,2,275,1,NaN,NaN,0,0.467094898223877
C033,C,2,276,1,NaN,NaN,0,0.459827899932861
C033,C,2,277,NaN,1,0,NaN,NaN
C033,C,2,278,1,NaN,NaN,0,0.271359920501709
C033,C,2,279,1,NaN,NaN,0,0.353266954421997
C033,C,2,280,1,NaN,NaN,0,0.502001047134399
C033,C,2,281,1,NaN,NaN,0,0.525552034378052
C033,C,2,282,NaN,1,0,NaN,NaN
C033,C,2,283,1,NaN,NaN,0,0.361809968948364
C033,C,2,284,1,NaN,NaN,0,0.465360164642334
C033,C,2,285,1,NaN,NaN,0,0.461762189865112
C033,C,2,286,1,NaN,NaN,0,0.436293840408325
C033,C,2,287,1,NaN,NaN,0,0.569177150726318
C033,C,2,288,1,NaN,NaN,0,0.609637975692749
C033,C,2,289,1,NaN,NaN,0,0.882189035415649
C033,C,2,290,1,NaN,NaN,0,0.802526950836182
C033,C,2,291,1,NaN,NaN,0,0.838392019271851
C033,C,2,292,1,NaN,NaN,0,0.730609893798828
C033,C,2,293,1,NaN,NaN,0,0.784453868865967
C033,C,2,294,1,NaN,NaN,0,0.81057596206665
C033,C,2,295,1,NaN,NaN,0,0.72608494758606
C033,C,2,296,NaN,1,0,NaN,NaN
C033,C,2,297,1,NaN,NaN,0,0.333092927932739
C033,C,2,298,1,NaN,NaN,0,0.4237380027771
C033,C,2,299,1,NaN,NaN,0,0.48429799079895
C033,C,2,300,NaN,1,0,NaN,NaN
C033,C,2,301,1,NaN,NaN,0,0.336352825164795
C033,C,2,302,1,NaN,NaN,0,0.320616006851196
C033,C,2,303,1,NaN,NaN,0,0.393769025802612
C033,C,2,304,1,NaN,NaN,0,0.438808917999268
C033,C,2,305,1,NaN,NaN,0,0.669240951538086
C033,C,2,306,1,NaN,NaN,0,0.573927879333496
C033,C,2,307,1,NaN,NaN,0,0.637067079544067
C033,C,2,308,1,NaN,NaN,0,0.777611017227173
C033,C,2,309,1,NaN,NaN,0,0.93457818031311
C033,C,2,310,1,NaN,NaN,0,0.952877998352051
C033,C,2,311,NaN,1,0,NaN,NaN
C033,C,2,312,1,NaN,NaN,0,0.283714771270752
C033,C,2,313,1,NaN,NaN,0,0.401128053665161
C033,C,2,314,1,NaN,NaN,0,0.606734037399292
C033,C,2,315,1,NaN,NaN,0,0.623547077178955
C033,C,2,316,1,NaN,NaN,0,0.730260133743286
C033,C,2,317,1,NaN,NaN,0,0.746113061904907
C033,C,2,318,NaN,1,0,NaN,NaN
C033,C,2,319,1,NaN,NaN,0,0.308126211166382
C033,C,2,320,1,NaN,NaN,0,0.521262168884277
C033,C,2,321,1,NaN,NaN,0,0.614129066467285
C033,C,2,322,1,NaN,NaN,0,0.749541044235229
C033,C,2,323,1,NaN,NaN,0,0.754106044769287
C033,C,2,324,1,NaN,NaN,0,0.971421003341675
C033,C,2,325,1,NaN,NaN,0,1.07715797424316
C033,C,2,326,1,NaN,NaN,0,0.993165969848633
C033,C,2,327,1,NaN,NaN,0,0.881419897079468
C033,C,2,328,1,NaN,NaN,0,0.830596208572388
C033,C,2,329,1,NaN,NaN,0,0.818295001983643
C033,C,2,330,1,NaN,NaN,0,0.693709135055542
C033,C,2,331,NaN,1,0,NaN,NaN
C033,C,2,332,1,NaN,NaN,0,0.479145050048828
C033,C,2,333,1,NaN,NaN,0,0.584788799285889
C033,C,2,334,1,NaN,NaN,0,0.897567987442017
C033,C,2,335,1,NaN,NaN,0,0.803767919540405
C033,C,2,336,NaN,1,0,NaN,NaN
C033,C,2,337,1,NaN,NaN,0,0.248280048370361
C033,C,2,338,1,NaN,NaN,0,0.489146947860718
C033,C,2,339,1,NaN,NaN,0,0.681870937347412
C033,C,2,340,1,NaN,NaN,0,0.638329982757568
C033,C,2,341,1,NaN,NaN,0,0.591758966445923
C033,C,2,342,1,NaN,NaN,0,0.689286947250366
C033,C,2,343,1,NaN,NaN,0,0.590982913970947
C033,C,2,344,1,NaN,NaN,0,0.771951913833618
C033,C,2,345,1,NaN,NaN,0,0.813215970993042
C033,C,2,346,NaN,1,0,NaN,NaN
C033,C,2,347,1,NaN,NaN,0,0.321569919586182
C033,C,2,348,1,NaN,NaN,0,0.373551845550537
C033,C,2,349,1,NaN,NaN,0,0.431012868881226
C033,C,2,350,1,NaN,NaN,0,0.586555004119873
C033,C,2,351,1,NaN,NaN,0,0.815759897232056
C033,C,2,352,1,NaN,NaN,0,0.846955060958862
C033,C,2,353,1,NaN,NaN,0,0.944704055786133
C033,C,2,354,1,NaN,NaN,0,1.06937694549561
C033,C,2,355,1,NaN,NaN,0,1.04067802429199
C033,C,2,356,1,NaN,NaN,0,1.10306906700134
C033,C,2,357,0,NaN,NaN,1,NaN
C033,C,2,358,1,NaN,NaN,0,NaN
C033,C,2,359,NaN,1,0,NaN,NaN
C033,C,2,360,1,NaN,NaN,0,0.266932010650635
C033,C,2,361,1,NaN,NaN,0,0.473320007324219
C033,C,2,362,1,NaN,NaN,0,0.598944187164307
C033,C,2,363,NaN,1,0,NaN,NaN
C033,C,2,364,1,NaN,NaN,0,0.287415981292725
C033,C,2,365,1,NaN,NaN,0,0.511883974075317
C033,C,2,366,1,NaN,NaN,0,0.750275850296021
C033,C,2,367,1,NaN,NaN,0,0.703490972518921
C033,C,2,368,1,NaN,NaN,0,0.828253030776978
C033,C,2,369,1,NaN,NaN,0,0.796952962875366
C033,C,2,370,1,NaN,NaN,0,0.828478097915649
C033,C,2,371,1,NaN,NaN,0,0.877846956253052
C033,C,2,372,NaN,1,0,NaN,NaN
C033,C,2,373,1,NaN,NaN,0,0.265026807785034
C033,C,2,374,1,NaN,NaN,0,0.450289964675903
C033,C,2,375,1,NaN,NaN,0,0.452790975570679
C033,C,2,376,1,NaN,NaN,0,0.44513201713562
C033,C,2,377,1,NaN,NaN,0,0.551437139511108
C033,C,2,378,1,NaN,NaN,0,0.606550931930542
C033,C,2,379,1,NaN,NaN,0,0.625449895858765
C033,C,2,380,1,NaN,NaN,0,0.600934028625488
C033,C,2,381,1,NaN,NaN,0,0.564877986907959
C033,C,2,382,1,NaN,NaN,0,0.690824031829834
C033,C,2,383,1,NaN,NaN,0,0.623397827148438
C033,C,2,384,1,NaN,NaN,0,0.650614023208618
C033,C,2,385,1,NaN,NaN,0,0.571006059646606
C033,C,2,386,NaN,1,0,NaN,NaN
C033,C,2,387,1,NaN,NaN,0,0.311372995376587
C033,C,2,388,1,NaN,NaN,0,0.476548910140991
C033,C,2,389,1,NaN,NaN,0,0.467789888381958
C033,C,2,390,1,NaN,NaN,0,0.377300977706909
C033,C,2,391,NaN,1,0,NaN,NaN
C033,C,2,392,1,NaN,NaN,0,0.268306970596313
C033,C,2,393,1,NaN,NaN,0,0.474686145782471
C033,C,2,394,1,NaN,NaN,0,0.45596981048584
C033,C,2,395,1,NaN,NaN,0,0.431590795516968
C033,C,2,396,1,NaN,NaN,0,0.529738903045654
C033,C,2,397,1,NaN,NaN,0,0.498856067657471
C033,C,2,398,1,NaN,NaN,0,0.466693162918091
C033,C,2,399,1,NaN,NaN,0,0.489475011825562
C033,C,2,400,1,NaN,NaN,0,0.735316038131714
C033,C,2,401,1,NaN,NaN,0,0.73509693145752
C033,C,2,402,NaN,1,0,NaN,NaN
C033,C,2,403,1,NaN,NaN,0,0.464120864868164
C033,C,2,404,1,NaN,NaN,0,0.325459003448486
C033,C,2,405,1,NaN,NaN,0,0.434058904647827
C033,C,2,406,1,NaN,NaN,0,0.472733974456787
C033,C,2,407,1,NaN,NaN,0,0.464651823043823
C033,C,2,408,1,NaN,NaN,0,0.557290077209473
C033,C,2,409,1,NaN,NaN,0,0.643728971481323
C033,C,2,410,1,NaN,NaN,0,0.646744012832642
C033,C,2,411,1,NaN,NaN,0,0.572598934173584
C033,C,2,412,1,NaN,NaN,0,0.742172002792358
C033,C,2,413,NaN,1,0,NaN,NaN
C033,C,2,414,1,NaN,NaN,0,0.346965074539185
C033,C,2,415,1,NaN,NaN,0,0.353466033935547
C033,C,2,416,NaN,0,1,NaN,NaN
C033,C,2,417,1,NaN,NaN,0,0.291275978088379
C033,C,2,418,1,NaN,NaN,0,0.325846910476685
C033,C,2,419,1,NaN,NaN,0,0.294612169265747
C033,C,2,420,1,NaN,NaN,0,0.331493854522705
C033,C,2,421,1,NaN,NaN,0,0.365324020385742
C033,C,2,422,1,NaN,NaN,0,0.369669198989868
C033,C,2,423,1,NaN,NaN,0,0.367105007171631
C033,C,2,424,1,NaN,NaN,0,0.408509969711304
C033,C,2,425,1,NaN,NaN,0,0.323588132858276
C033,C,2,426,1,NaN,NaN,0,0.418637990951538
C033,C,2,427,1,NaN,NaN,0,0.530595064163208
C033,C,2,428,NaN,1,0,NaN,NaN
C033,C,2,429,1,NaN,NaN,0,0.356664896011353
C033,C,2,430,1,NaN,NaN,0,0.261215925216675
C033,C,2,431,1,NaN,NaN,0,0.309977054595947
C033,C,2,432,1,NaN,NaN,0,0.421356201171875
C033,C,2,433,1,NaN,NaN,0,0.473832130432129
C033,C,2,434,1,NaN,NaN,0,0.362269163131714
C033,C,2,435,1,NaN,NaN,0,0.356971979141235
C033,C,2,436,1,NaN,NaN,0,0.358232021331787
C033,C,2,437,1,NaN,NaN,0,0.320420980453491
C033,C,2,438,1,NaN,NaN,0,0.320500135421753
C033,C,2,439,1,NaN,NaN,0,0.321146011352539
C033,C,2,440,NaN,1,0,NaN,NaN
C033,C,2,441,1,NaN,NaN,0,0.300109148025513
C033,C,2,442,1,NaN,NaN,0,0.820527076721191
C033,C,2,443,1,NaN,NaN,0,0.595086097717285
C033,C,2,444,1,NaN,NaN,0,0.576601028442383
C033,C,2,445,1,NaN,NaN,0,0.520871877670288
C033,C,2,446,1,NaN,NaN,0,0.394213914871216
C033,C,2,447,NaN,0,1,NaN,NaN
C033,C,2,448,1,NaN,NaN,0,0.247990846633911
C033,C,2,449,1,NaN,NaN,0,0.384332180023193
C033,C,2,450,1,NaN,NaN,0,0.473598957061768
C033,C,2,451,1,NaN,NaN,0,0.59762716293335
C033,C,2,452,1,NaN,NaN,0,0.527029991149902
C033,C,2,453,1,NaN,NaN,0,0.576749801635742
C033,C,2,454,1,NaN,NaN,0,0.529364109039307
C033,C,2,455,1,NaN,NaN,0,0.430878877639771
C033,C,2,456,1,NaN,NaN,0,0.516627073287964
C033,C,2,457,NaN,1,0,NaN,NaN
C033,C,2,458,1,NaN,NaN,0,0.257773160934448
C033,C,2,459,1,NaN,NaN,0,0.335349082946777
C033,C,2,460,1,NaN,NaN,0,0.466810941696167
C033,C,2,461,NaN,1,0,NaN,NaN
C033,C,2,462,1,NaN,NaN,0,0.281191825866699
C033,C,2,463,1,NaN,NaN,0,0.278228998184204
C033,C,2,464,1,NaN,NaN,0,0.575445175170898
C033,C,2,465,1,NaN,NaN,0,0.685819864273071
C033,C,2,466,1,NaN,NaN,0,0.843525171279907
C033,C,2,467,1,NaN,NaN,0,0.805118083953857
C033,C,2,468,1,NaN,NaN,0,0.767433166503906
C033,C,2,469,1,NaN,NaN,0,0.785650968551636
C033,C,2,470,1,NaN,NaN,0,0.747039079666138
C033,C,2,471,1,NaN,NaN,0,0.747067928314209
C033,C,2,472,1,NaN,NaN,0,0.779916048049927
C033,C,2,473,1,NaN,NaN,0,0.778781890869141
C033,C,2,474,NaN,1,0,NaN,NaN
C033,C,2,475,1,NaN,NaN,0,0.361204862594604
C033,C,2,476,1,NaN,NaN,0,0.34217095375061
C033,C,2,477,1,NaN,NaN,0,0.333147048950195
C033,C,2,478,1,NaN,NaN,0,0.344671010971069
C033,C,2,479,NaN,1,0,NaN,NaN
C033,C,2,480,1,NaN,NaN,0,0.687867879867554
C033,C,2,481,1,NaN,NaN,0,0.585630893707275
C033,C,2,482,1,NaN,NaN,0,0.364765882492065
C033,C,2,483,1,NaN,NaN,0,0.577440977096558
C033,C,2,484,1,NaN,NaN,0,0.557394027709961
C033,C,2,485,1,NaN,NaN,0,0.653891086578369
C033,C,2,486,1,NaN,NaN,0,0.482913017272949
C033,C,2,487,1,NaN,NaN,0,0.726849794387817
C033,C,2,488,1,NaN,NaN,0,0.819703817367554
C033,C,2,489,1,NaN,NaN,0,0.831242084503174
C033,C,2,490,1,NaN,NaN,0,0.695903062820435
C033,C,2,491,1,NaN,NaN,0,0.690560102462769
C033,C,2,492,1,NaN,NaN,0,0.73176097869873
C033,C,2,493,1,NaN,NaN,0,0.592458009719849
C033,C,2,494,NaN,1,0,NaN,NaN
C033,C,2,495,1,NaN,NaN,0,0.589824914932251
C033,C,2,496,1,NaN,NaN,0,0.602298021316528
C033,C,2,497,NaN,1,0,NaN,NaN
C033,C,2,498,1,NaN,NaN,0,0.495215892791748
C033,C,2,499,1,NaN,NaN,0,0.554257869720459
C033,C,2,500,1,NaN,NaN,0,0.591236114501953
C033,C,2,501,1,NaN,NaN,0,0.851869106292725
C033,C,2,502,1,NaN,NaN,0,0.767535924911499
C033,C,2,503,1,NaN,NaN,0,0.704307079315186
C033,C,2,504,1,NaN,NaN,0,0.648678064346313
C033,C,2,505,1,NaN,NaN,0,0.766647100448608
C033,C,2,506,1,NaN,NaN,0,0.908796072006226
C033,C,2,507,1,NaN,NaN,0,0.929888963699341
C033,C,2,508,1,NaN,NaN,0,0.951503992080688
C033,C,2,509,NaN,1,0,NaN,NaN
C033,C,2,510,1,NaN,NaN,0,0.249120950698853
C033,C,2,511,1,NaN,NaN,0,0.479247093200684
C033,C,2,512,1,NaN,NaN,0,0.624331951141357
C033,C,2,513,1,NaN,NaN,0,0.751958847045898
C033,C,2,514,1,NaN,NaN,0,0.857033014297485
C033,C,2,515,1,NaN,NaN,0,0.89815092086792
C033,C,2,516,1,NaN,NaN,0,0.691272974014282
C033,C,2,517,1,NaN,NaN,0,0.54723596572876
C033,C,2,518,NaN,1,0,NaN,NaN
C033,C,2,519,1,NaN,NaN,0,0.31511116027832
C033,C,2,520,1,NaN,NaN,0,0.330538034439087
C033,C,2,521,1,NaN,NaN,0,0.315176010131836
C033,C,2,522,1,NaN,NaN,0,0.32769513130188
C033,C,2,523,1,NaN,NaN,0,0.360604047775269
C033,C,2,524,1,NaN,NaN,0,0.513606071472168
C033,C,2,525,1,NaN,NaN,0,0.451871156692505
C033,C,2,526,1,NaN,NaN,0,0.465965986251831
C033,C,2,527,1,NaN,NaN,0,0.426775217056274
C033,C,2,528,NaN,1,0,NaN,NaN
C033,C,2,529,1,NaN,NaN,0,0.285252094268799
C033,C,3,1,1,NaN,NaN,0,0.667612075805664
C033,C,3,2,1,NaN,NaN,0,0.548843145370483
C033,C,3,3,1,NaN,NaN,0,0.523874044418335
C033,C,3,4,1,NaN,NaN,0,0.54497218132019
C033,C,3,5,1,NaN,NaN,0,0.401371002197266
C033,C,3,6,1,NaN,NaN,0,0.44732403755188
C033,C,3,7,1,NaN,NaN,0,0.476094007492065
C033,C,3,8,NaN,1,0,NaN,NaN
C033,C,3,9,1,NaN,NaN,0,0.356842994689941
C033,C,3,10,1,NaN,NaN,0,0.53407883644104
C033,C,3,11,1,NaN,NaN,0,0.598998785018921
C033,C,3,12,NaN,1,0,NaN,NaN
C033,C,3,13,1,NaN,NaN,0,0.303282976150513
C033,C,3,14,1,NaN,NaN,0,0.427081108093262
C033,C,3,15,1,NaN,NaN,0,0.460441112518311
C033,C,3,16,1,NaN,NaN,0,0.520139932632446
C033,C,3,17,1,NaN,NaN,0,0.646605968475342
C033,C,3,18,1,NaN,NaN,0,0.513600826263428
C033,C,3,19,1,NaN,NaN,0,0.65422797203064
C033,C,3,20,1,NaN,NaN,0,0.509115934371948
C033,C,3,21,1,NaN,NaN,0,0.502650022506714
C033,C,3,22,NaN,1,0,NaN,NaN
C033,C,3,23,1,NaN,NaN,0,0.496042966842651
C033,C,3,24,1,NaN,NaN,0,0.581082105636597
C033,C,3,25,1,NaN,NaN,0,0.57769513130188
C033,C,3,26,1,NaN,NaN,0,0.711157083511353
C033,C,3,27,1,NaN,NaN,0,0.566433906555176
C033,C,3,28,1,NaN,NaN,0,0.7448890209198
C033,C,3,29,1,NaN,NaN,0,0.825269937515259
C033,C,3,30,NaN,1,0,NaN,NaN
C033,C,3,31,1,NaN,NaN,0,0.268033981323242
C033,C,3,32,1,NaN,NaN,0,0.303325176239014
C033,C,3,33,1,NaN,NaN,0,0.400046110153198
C033,C,3,34,1,NaN,NaN,0,0.392749786376953
C033,C,3,35,1,NaN,NaN,0,0.617798805236816
C033,C,3,36,1,NaN,NaN,0,0.727590084075928
C033,C,3,37,1,NaN,NaN,0,0.774027824401855
C033,C,3,38,1,NaN,NaN,0,0.562937021255493
C033,C,3,39,1,NaN,NaN,0,0.585629940032959
C033,C,3,40,1,NaN,NaN,0,0.555008888244629
C033,C,3,41,NaN,1,0,NaN,NaN
C033,C,3,42,1,NaN,NaN,0,0.328417062759399
C033,C,3,43,1,NaN,NaN,0,0.630936861038208
C033,C,3,44,1,NaN,NaN,0,0.543622970581055
C033,C,3,45,1,NaN,NaN,0,0.629116058349609
C033,C,3,46,1,NaN,NaN,0,0.653686046600342
C033,C,3,47,1,NaN,NaN,0,0.562106132507324
C033,C,3,48,NaN,1,0,NaN,NaN
C033,C,3,49,1,NaN,NaN,0,0.278939008712769
C033,C,3,50,1,NaN,NaN,0,0.294320106506348
C033,C,3,51,1,NaN,NaN,0,0.340478897094727
C033,C,3,52,1,NaN,NaN,0,0.485441923141479
C033,C,3,53,1,NaN,NaN,0,0.4235999584198
C033,C,3,54,1,NaN,NaN,0,0.488895893096924
C033,C,3,55,1,NaN,NaN,0,0.661453008651733
C033,C,3,56,1,NaN,NaN,0,0.541169881820679
C033,C,3,57,1,NaN,NaN,0,0.480962038040161
C033,C,3,58,NaN,1,0,NaN,NaN
C033,C,3,59,1,NaN,NaN,0,0.337134838104248
C033,C,3,60,1,NaN,NaN,0,0.26701807975769
C033,C,3,61,1,NaN,NaN,0,0.272413015365601
C033,C,3,62,1,NaN,NaN,0,0.310310840606689
C033,C,3,63,1,NaN,NaN,0,0.37851881980896
C033,C,3,64,1,NaN,NaN,0,0.330814123153687
C033,C,3,65,1,NaN,NaN,0,0.42113184928894
C033,C,3,66,1,NaN,NaN,0,0.434964895248413
C033,C,3,67,NaN,1,0,NaN,NaN
C033,C,3,68,1,NaN,NaN,0,0.351372003555298
C033,C,3,69,1,NaN,NaN,0,0.344398021697998
C033,C,3,70,1,NaN,NaN,0,0.329854965209961
C033,C,3,71,1,NaN,NaN,0,0.280107021331787
C033,C,3,72,1,NaN,NaN,0,0.274267911911011
C033,C,3,73,1,NaN,NaN,0,0.287353992462158
C033,C,3,74,1,NaN,NaN,0,0.280646800994873
C033,C,3,75,NaN,0,1,NaN,NaN
C033,C,3,76,1,NaN,NaN,0,0.285477876663208
C033,C,3,77,1,NaN,NaN,0,0.15733003616333
C033,C,3,78,1,NaN,NaN,0,0.429978132247925
C033,C,3,79,1,NaN,NaN,0,0.296899080276489
C033,C,3,80,1,NaN,NaN,0,0.462008953094482
C033,C,3,81,1,NaN,NaN,0,0.446116924285889
C033,C,3,82,1,NaN,NaN,0,0.448897838592529
C033,C,3,83,1,NaN,NaN,0,0.378141164779663
C033,C,3,84,1,NaN,NaN,0,0.55786395072937
C033,C,3,85,1,NaN,NaN,0,0.576403141021729
C033,C,3,86,1,NaN,NaN,0,0.4408118724823
C033,C,3,87,1,NaN,NaN,0,0.663012027740479
C033,C,3,88,NaN,1,0,NaN,NaN
C033,C,3,89,1,NaN,NaN,0,0.285648107528687
C033,C,3,90,1,NaN,NaN,0,0.414155006408691
C033,C,3,91,1,NaN,NaN,0,0.452561140060425
C033,C,3,92,1,NaN,NaN,0,0.414827108383179
C033,C,3,93,1,NaN,NaN,0,0.355606079101562
C033,C,3,94,1,NaN,NaN,0,0.430244922637939
C033,C,3,95,1,NaN,NaN,0,0.572073936462402
C033,C,3,96,1,NaN,NaN,0,0.53157901763916
C033,C,3,97,NaN,1,0,NaN,NaN
C033,C,3,98,1,NaN,NaN,0,0.6179518699646
C033,C,3,99,1,NaN,NaN,0,0.469216108322144
C033,C,3,100,1,NaN,NaN,0,0.333853006362915
C033,C,3,101,1,NaN,NaN,0,0.35056209564209
C033,C,3,102,1,NaN,NaN,0,0.418564081192017
C033,C,3,103,1,NaN,NaN,0,0.34605598449707
C033,C,3,104,1,NaN,NaN,0,0.483232975006104
C033,C,3,105,1,NaN,NaN,0,0.379547834396362
C033,C,3,106,NaN,1,0,NaN,NaN
C033,C,3,107,1,NaN,NaN,0,0.271023035049438
C033,C,3,108,1,NaN,NaN,0,0.292229175567627
C033,C,3,109,1,NaN,NaN,0,0.311296939849854
C033,C,3,110,1,NaN,NaN,0,0.295232057571411
C033,C,3,111,NaN,0,1,NaN,NaN
C033,C,3,112,1,NaN,NaN,0,0.236441135406494
C033,C,3,113,1,NaN,NaN,0,0.227912902832031
C033,C,3,114,1,NaN,NaN,0,0.273866891860962
C033,C,3,115,1,NaN,NaN,0,0.399523973464966
C033,C,3,116,1,NaN,NaN,0,0.340184926986694
C033,C,3,117,1,NaN,NaN,0,0.329413890838623
C033,C,3,118,1,NaN,NaN,0,0.304315090179443
C033,C,3,119,1,NaN,NaN,0,0.389209032058716
C033,C,3,120,1,NaN,NaN,0,0.444518089294434
C033,C,3,121,NaN,1,0,NaN,NaN
C033,C,3,122,1,NaN,NaN,0,0.235373973846436
C033,C,3,123,1,NaN,NaN,0,0.266863107681274
C033,C,3,124,1,NaN,NaN,0,0.298202037811279
C033,C,3,125,1,NaN,NaN,0,0.314687967300415
C033,C,3,126,1,NaN,NaN,0,0.310914039611816
C033,C,3,127,1,NaN,NaN,0,0.294485092163086
C033,C,3,128,NaN,0,1,NaN,NaN
C033,C,3,129,1,NaN,NaN,0,0.36108922958374
C033,C,3,130,1,NaN,NaN,0,0.285346031188965
C033,C,3,131,1,NaN,NaN,0,0.362137079238892
C033,C,3,132,1,NaN,NaN,0,0.357061147689819
C033,C,3,133,1,NaN,NaN,0,0.285640001296997
C033,C,3,134,1,NaN,NaN,0,0.335417985916138
C033,C,3,135,1,NaN,NaN,0,0.30623197555542
C033,C,3,136,1,NaN,NaN,0,0.271663904190063
C033,C,3,137,1,NaN,NaN,0,0.713949918746948
C033,C,3,138,1,NaN,NaN,0,0.537389993667603
C033,C,3,139,1,NaN,NaN,0,0.51570200920105
C033,C,3,140,NaN,1,0,NaN,NaN
C033,C,3,141,1,NaN,NaN,0,0.763474941253662
C033,C,3,142,1,NaN,NaN,0,0.67694091796875
C033,C,3,143,1,NaN,NaN,0,0.666311025619507
C033,C,3,144,1,NaN,NaN,0,0.565629959106445
C033,C,3,145,1,NaN,NaN,0,0.597459077835083
C033,C,3,146,1,NaN,NaN,0,0.514724016189575
C033,C,3,147,1,NaN,NaN,0,0.38306713104248
C033,C,3,148,1,NaN,NaN,0,0.36269998550415
C033,C,3,149,1,NaN,NaN,0,0.350387096405029
C033,C,3,150,1,NaN,NaN,0,0.349798917770386
C033,C,3,151,1,NaN,NaN,0,0.402351856231689
C033,C,3,152,NaN,1,0,NaN,NaN
C033,C,3,153,1,NaN,NaN,0,0.326068162918091
C033,C,3,154,1,NaN,NaN,0,0.27838397026062
C033,C,3,155,1,NaN,NaN,0,0.423187971115112
C033,C,3,156,1,NaN,NaN,0,0.374222040176392
C033,C,3,157,1,NaN,NaN,0,0.374944925308228
C033,C,3,158,NaN,0,1,NaN,NaN
C033,C,3,159,1,NaN,NaN,0,0.273432016372681
C033,C,3,160,1,NaN,NaN,0,0.250200986862183
C033,C,3,161,1,NaN,NaN,0,0.241541862487793
C033,C,3,162,1,NaN,NaN,0,0.245272874832153
C033,C,3,163,1,NaN,NaN,0,0.299408912658691
C033,C,3,164,1,NaN,NaN,0,0.283964157104492
C033,C,3,165,1,NaN,NaN,0,0.397504091262817
C033,C,3,166,1,NaN,NaN,0,0.366057157516479
C033,C,3,167,1,NaN,NaN,0,0.276962041854858
C033,C,3,168,NaN,1,0,NaN,NaN
C033,C,3,169,1,NaN,NaN,0,0.293210029602051
C033,C,3,170,1,NaN,NaN,0,0.287989139556885
C033,C,3,171,1,NaN,NaN,0,0.278275966644287
C033,C,3,172,1,NaN,NaN,0,0.253540992736816
C033,C,3,173,1,NaN,NaN,0,0.23365306854248
C033,C,3,174,1,NaN,NaN,0,0.359831094741821
C033,C,3,175,1,NaN,NaN,0,0.489387989044189
C033,C,3,176,1,NaN,NaN,0,0.610634803771973
C033,C,3,177,NaN,1,0,NaN,NaN
C033,C,3,178,1,NaN,NaN,0,0.417412042617798
C033,C,3,179,1,NaN,NaN,0,0.313871145248413
C033,C,3,180,1,NaN,NaN,0,0.414291143417358
C033,C,3,181,1,NaN,NaN,0,0.423977136611938
C033,C,3,182,NaN,0,1,NaN,NaN
C033,C,3,183,1,NaN,NaN,0,0.344637870788574
C033,C,3,184,1,NaN,NaN,0,0.241960048675537
C033,C,3,185,1,NaN,NaN,0,0.172634840011597
C033,C,3,186,1,NaN,NaN,0,NaN
C033,C,3,187,1,NaN,NaN,0,0.250056028366089
C033,C,3,188,1,NaN,NaN,0,0.253504991531372
C033,C,3,189,1,NaN,NaN,0,0.324510097503662
C033,C,3,190,1,NaN,NaN,0,0.431701898574829
C033,C,3,191,1,NaN,NaN,0,0.465439081192017
C033,C,3,192,1,NaN,NaN,0,0.454011917114258
C033,C,3,193,1,NaN,NaN,0,0.307405948638916
C033,C,3,194,NaN,1,0,NaN,NaN
C033,C,3,195,1,NaN,NaN,0,0.339376926422119
C033,C,3,196,1,NaN,NaN,0,0.343777179718018
C033,C,3,197,1,NaN,NaN,0,0.32099986076355
C033,C,3,198,1,NaN,NaN,0,0.331207990646362
C033,C,3,199,1,NaN,NaN,0,0.319875001907349
C033,C,3,200,1,NaN,NaN,0,0.239213943481445
C033,C,3,201,1,NaN,NaN,0,0.276082992553711
C033,C,3,202,1,NaN,NaN,0,0.317460060119629
C033,C,3,203,1,NaN,NaN,0,0.322065114974976
C033,C,3,204,NaN,0,1,NaN,NaN
C033,C,3,205,0,NaN,NaN,1,NaN
C033,C,3,206,1,NaN,NaN,0,NaN
C033,C,3,207,1,NaN,NaN,0,0.218908071517944
C033,C,3,208,1,NaN,NaN,0,0.231351137161255
C033,C,3,209,1,NaN,NaN,0,0.248575925827026
C033,C,3,210,1,NaN,NaN,0,0.306046962738037
C033,C,3,211,1,NaN,NaN,0,0.277234077453613
C033,C,3,212,1,NaN,NaN,0,0.498019218444824
C033,C,3,213,1,NaN,NaN,0,0.424376964569092
C033,C,3,214,NaN,0,1,NaN,NaN
C033,C,3,215,1,NaN,NaN,0,0.40344500541687
C033,C,3,216,1,NaN,NaN,0,0.300523996353149
C033,C,3,217,1,NaN,NaN,0,0.262449026107788
C033,C,3,218,1,NaN,NaN,0,0.311690092086792
C033,C,3,219,NaN,0,1,NaN,NaN
C033,C,3,220,1,NaN,NaN,0,0.363492965698242
C033,C,3,221,1,NaN,NaN,0,0.22429895401001
C033,C,3,222,1,NaN,NaN,0,0.272079944610596
C033,C,3,223,1,NaN,NaN,0,0.180778980255127
C033,C,3,224,1,NaN,NaN,0,NaN
C033,C,3,225,1,NaN,NaN,0,0.276077032089233
C033,C,3,226,1,NaN,NaN,0,0.292487144470215
C033,C,3,227,1,NaN,NaN,0,NaN
C033,C,3,228,1,NaN,NaN,0,0.237420082092285
C033,C,3,229,1,NaN,NaN,0,0.242474794387817
C033,C,3,230,1,NaN,NaN,0,0.217211961746216
C033,C,3,231,1,NaN,NaN,0,0.221864938735962
C033,C,3,232,NaN,0,1,NaN,NaN
C033,C,3,233,1,NaN,NaN,0,0.261133909225464
C033,C,3,234,1,NaN,NaN,0,0.280137062072754
C033,C,3,235,1,NaN,NaN,0,0.294705867767334
C033,C,3,236,1,NaN,NaN,0,0.281250953674316
C033,C,3,237,1,NaN,NaN,0,0.265695095062256
C033,C,3,238,1,NaN,NaN,0,0.295149087905884
C033,C,3,239,1,NaN,NaN,0,0.365449905395508
C033,C,3,240,1,NaN,NaN,0,0.359774112701416
C033,C,3,241,1,NaN,NaN,0,0.462680816650391
C033,C,3,242,NaN,0,1,NaN,NaN
C033,C,3,243,1,NaN,NaN,0,0.229100942611694
C033,C,3,244,1,NaN,NaN,0,0.274396896362305
C033,C,3,245,1,NaN,NaN,0,0.300051927566528
C033,C,3,246,1,NaN,NaN,0,0.291867971420288
C033,C,3,247,1,NaN,NaN,0,0.368716955184937
C033,C,3,248,1,NaN,NaN,0,0.375524997711182
C033,C,3,249,NaN,1,0,NaN,NaN
C033,C,3,250,1,NaN,NaN,0,0.310209035873413
C033,C,3,251,1,NaN,NaN,0,0.295052051544189
C033,C,3,252,1,NaN,NaN,0,0.274708986282349
C033,C,3,253,1,NaN,NaN,0,0.294727087020874
C033,C,3,254,1,NaN,NaN,0,0.429785013198853
C033,C,3,255,1,NaN,NaN,0,0.444334030151367
C033,C,3,256,1,NaN,NaN,0,0.419177055358887
C033,C,3,257,NaN,1,0,NaN,NaN
C033,C,3,258,1,NaN,NaN,0,0.394654035568237
C033,C,3,259,1,NaN,NaN,0,0.290552139282227
C033,C,3,260,1,NaN,NaN,0,0.375741958618164
C033,C,3,261,1,NaN,NaN,0,0.372690916061401
C033,C,3,262,1,NaN,NaN,0,0.381899118423462
C033,C,3,263,NaN,1,0,NaN,NaN
C033,C,3,264,1,NaN,NaN,0,0.291830062866211
C033,C,3,265,1,NaN,NaN,0,0.368695020675659
C033,C,3,266,1,NaN,NaN,0,0.33801007270813
C033,C,3,267,1,NaN,NaN,0,0.273484945297241
C033,C,3,268,1,NaN,NaN,0,0.287842035293579
C033,C,3,269,1,NaN,NaN,0,0.263221979141235
C033,C,3,270,1,NaN,NaN,0,0.268304109573364
C033,C,3,271,1,NaN,NaN,0,0.314378976821899
C033,C,3,272,1,NaN,NaN,0,0.374882936477661
C033,C,3,273,1,NaN,NaN,0,0.365607976913452
C033,C,3,274,1,NaN,NaN,0,0.277546882629395
C033,C,3,275,1,NaN,NaN,0,0.280608892440796
C033,C,3,276,1,NaN,NaN,0,0.345983982086182
C033,C,3,277,NaN,0,1,NaN,NaN
C033,C,3,278,1,NaN,NaN,0,0.25246000289917
C033,C,3,279,1,NaN,NaN,0,NaN
C033,C,3,280,1,NaN,NaN,0,NaN
C033,C,3,281,NaN,0,1,NaN,NaN
C033,C,3,282,1,NaN,NaN,0,0.268725872039795
C033,C,3,283,1,NaN,NaN,0,0.269093036651611
C033,C,3,284,1,NaN,NaN,0,0.278529167175293
C033,C,3,285,1,NaN,NaN,0,0.252885103225708
C033,C,3,286,1,NaN,NaN,0,0.265756130218506
C033,C,3,287,1,NaN,NaN,0,0.189523220062256
C033,C,3,288,1,NaN,NaN,0,0.278249979019165
C033,C,3,289,1,NaN,NaN,0,0.162716150283813
C033,C,3,290,1,NaN,NaN,0,0.224339962005615
C033,C,3,291,1,NaN,NaN,0,0.313245058059692
C033,C,3,292,1,NaN,NaN,0,0.360103845596313
C033,C,3,293,1,NaN,NaN,0,0.313308954238892
C033,C,3,294,1,NaN,NaN,0,0.288809061050415
C033,C,3,295,1,NaN,NaN,0,0.365818977355957
C033,C,3,296,NaN,1,0,NaN,NaN
C033,C,3,297,1,NaN,NaN,0,0.353111028671265
C033,C,3,298,1,NaN,NaN,0,0.802078008651733
C033,C,3,299,NaN,1,0,NaN,NaN
C033,C,3,300,1,NaN,NaN,0,0.397046089172363
C033,C,3,301,1,NaN,NaN,0,0.373843908309937
C033,C,3,302,1,NaN,NaN,0,0.384480953216553
C033,C,3,303,1,NaN,NaN,0,0.389487028121948
C033,C,3,304,1,NaN,NaN,0,0.361554145812988
C033,C,3,305,1,NaN,NaN,0,0.364809989929199
C033,C,3,306,1,NaN,NaN,0,0.39606499671936
C033,C,3,307,1,NaN,NaN,0,0.429465055465698
C033,C,3,308,1,NaN,NaN,0,0.37034797668457
C033,C,3,309,1,NaN,NaN,0,0.355179071426392
C033,C,3,310,1,NaN,NaN,0,0.391415119171143
C033,C,3,311,1,NaN,NaN,0,0.324326038360596
C033,C,3,312,1,NaN,NaN,0,0.288892984390259
C033,C,3,313,1,NaN,NaN,0,0.290380001068115
C033,C,3,314,NaN,1,0,NaN,NaN
C033,C,3,315,1,NaN,NaN,0,0.32152795791626
C033,C,3,316,1,NaN,NaN,0,0.338985919952393
C033,C,3,317,1,NaN,NaN,0,0.522055149078369
C033,C,3,318,1,NaN,NaN,0,0.467496871948242
C033,C,3,319,NaN,1,0,NaN,NaN
C033,C,3,320,1,NaN,NaN,0,0.34483003616333
C033,C,3,321,1,NaN,NaN,0,0.358361959457397
C033,C,3,322,1,NaN,NaN,0,0.324755907058716
C033,C,3,323,1,NaN,NaN,0,0.409115791320801
C033,C,3,324,1,NaN,NaN,0,0.402320146560669
C033,C,3,325,1,NaN,NaN,0,0.4011549949646
C033,C,3,326,1,NaN,NaN,0,0.437405109405518
C033,C,3,327,1,NaN,NaN,0,0.496072053909302
C033,C,3,328,1,NaN,NaN,0,0.596650838851929
C033,C,3,329,1,NaN,NaN,0,0.49006199836731
C033,C,3,330,NaN,1,0,NaN,NaN
C033,C,3,331,1,NaN,NaN,0,0.314295053482056
C033,C,3,332,1,NaN,NaN,0,0.299096822738647
C033,C,3,333,1,NaN,NaN,0,0.296278953552246
C033,C,3,334,1,NaN,NaN,0,0.303852796554565
C033,C,3,335,1,NaN,NaN,0,0.340513944625854
C033,C,3,336,1,NaN,NaN,0,0.316838026046753
C033,C,3,337,NaN,0,1,NaN,NaN
C033,C,3,338,1,NaN,NaN,0,0.366942167282104
C033,C,3,339,1,NaN,NaN,0,0.270253896713257
C033,C,3,340,1,NaN,NaN,0,0.219344139099121
C033,C,3,341,1,NaN,NaN,0,0.507858991622925
C033,C,3,342,1,NaN,NaN,0,0.396175861358643
C033,C,3,343,1,NaN,NaN,0,0.391472816467285
C033,C,3,344,NaN,1,0,NaN,NaN
C033,C,3,345,1,NaN,NaN,0,0.487340927124023
C033,C,3,346,1,NaN,NaN,0,0.457877159118652
C033,C,3,347,0,NaN,NaN,1,NaN
C033,C,3,348,1,NaN,NaN,0,0.512837886810303
C033,C,3,349,1,NaN,NaN,0,0.229347944259644
C033,C,3,350,1,NaN,NaN,0,0.181830167770386
C033,C,3,351,1,NaN,NaN,0,0.259516000747681
C033,C,3,352,1,NaN,NaN,0,0.370368957519531
C033,C,3,353,1,NaN,NaN,0,0.271546840667725
C033,C,3,354,1,NaN,NaN,0,0.272793054580688
C033,C,3,355,NaN,1,0,NaN,NaN
C033,C,3,356,1,NaN,NaN,0,0.328850984573364
C033,C,3,357,1,NaN,NaN,0,0.248215913772583
C033,C,3,358,1,NaN,NaN,0,0.241177797317505
C033,C,3,359,1,NaN,NaN,0,0.362267971038818
C033,C,3,360,1,NaN,NaN,0,0.356415033340454
C033,C,3,361,1,NaN,NaN,0,0.317975044250488
C033,C,3,362,NaN,1,0,NaN,NaN
C033,C,3,363,1,NaN,NaN,0,0.357155084609985
C033,C,3,364,1,NaN,NaN,0,0.369937896728516
C033,C,3,365,1,NaN,NaN,0,0.302024126052856
C033,C,3,366,1,NaN,NaN,0,0.344891786575317
C033,C,3,367,1,NaN,NaN,0,0.336688995361328
C033,C,3,368,1,NaN,NaN,0,0.311456918716431
C033,C,3,369,1,NaN,NaN,0,0.274563789367676
C033,C,3,370,1,NaN,NaN,0,0.247152090072632
C033,C,3,371,1,NaN,NaN,0,0.316788911819458
C033,C,3,372,1,NaN,NaN,0,0.253492116928101
C033,C,3,373,NaN,1,0,NaN,NaN
C033,C,3,374,1,NaN,NaN,0,0.255150079727173
C033,C,3,375,1,NaN,NaN,0,0.261444091796875
C033,C,3,376,1,NaN,NaN,0,0.306503057479858
C033,C,3,377,1,NaN,NaN,0,0.365740060806274
C033,C,3,378,1,NaN,NaN,0,0.448523044586182
C033,C,3,379,1,NaN,NaN,0,0.49832010269165
C033,C,3,380,1,NaN,NaN,0,0.400192975997925
C033,C,3,381,1,NaN,NaN,0,0.503127098083496
C033,C,3,382,1,NaN,NaN,0,0.486133813858032
C033,C,3,383,1,NaN,NaN,0,0.427609920501709
C033,C,3,384,NaN,1,0,NaN,NaN
C033,C,3,385,1,NaN,NaN,0,0.234289169311523
C033,C,3,386,1,NaN,NaN,0,0.27149510383606
C033,C,3,387,1,NaN,NaN,0,0.308027029037476
C033,C,3,388,1,NaN,NaN,0,0.305022954940796
C033,C,3,389,1,NaN,NaN,0,0.429969072341919
C033,C,3,390,1,NaN,NaN,0,0.485379934310913
C033,C,3,391,NaN,1,0,NaN,NaN
C033,C,3,392,1,NaN,NaN,0,0.333637952804565
C033,C,3,393,1,NaN,NaN,0,0.28196907043457
C033,C,3,394,1,NaN,NaN,0,0.294358015060425
C033,C,3,395,1,NaN,NaN,0,0.33893084526062
C033,C,3,396,1,NaN,NaN,0,0.320239067077637
C033,C,3,397,1,NaN,NaN,0,0.382771015167236
C033,C,3,398,1,NaN,NaN,0,0.326498031616211
C033,C,3,399,1,NaN,NaN,0,0.332154035568237
C033,C,3,400,NaN,0,1,NaN,NaN
C033,C,3,401,1,NaN,NaN,0,0.27777099609375
C033,C,3,402,1,NaN,NaN,0,0.254398822784424
C033,C,3,403,1,NaN,NaN,0,0.241353034973145
C033,C,3,404,1,NaN,NaN,0,0.32194995880127
C033,C,3,405,1,NaN,NaN,0,0.243185043334961
C033,C,3,406,1,NaN,NaN,0,0.233121871948242
C033,C,3,407,NaN,1,0,NaN,NaN
C033,C,3,408,1,NaN,NaN,0,0.22502589225769
C033,C,3,409,1,NaN,NaN,0,0.247787952423096
C033,C,3,410,1,NaN,NaN,0,0.246738910675049
C033,C,3,411,1,NaN,NaN,0,0.281385183334351
C033,C,3,412,1,NaN,NaN,0,0.381943941116333
C033,C,3,413,1,NaN,NaN,0,0.375617980957031
C033,C,3,414,1,NaN,NaN,0,0.331292867660522
C033,C,3,415,1,NaN,NaN,0,0.429947137832642
C033,C,3,416,1,NaN,NaN,0,0.342916965484619
C033,C,3,417,NaN,0,1,NaN,NaN
C033,C,3,418,1,NaN,NaN,0,0.329773902893066
C033,C,3,419,1,NaN,NaN,0,NaN
C033,C,3,420,1,NaN,NaN,0,0.665120840072632
C033,C,3,421,1,NaN,NaN,0,0.317677021026611
C033,C,3,422,1,NaN,NaN,0,0.611506938934326
C033,C,3,423,1,NaN,NaN,0,0.347708940505981
C033,C,3,424,1,NaN,NaN,0,0.360704183578491
C033,C,3,425,1,NaN,NaN,0,0.282111883163452
C033,C,3,426,1,NaN,NaN,0,0.35667085647583
C033,C,3,427,1,NaN,NaN,0,0.492021083831787
C033,C,3,428,1,NaN,NaN,0,0.422611951828003
C033,C,3,429,NaN,1,0,NaN,NaN
C033,C,3,430,1,NaN,NaN,0,0.559683084487915
C033,C,3,431,1,NaN,NaN,0,0.436361074447632
C033,C,3,432,1,NaN,NaN,0,0.56701397895813
C033,C,3,433,1,NaN,NaN,0,0.706966876983643
C033,C,3,434,1,NaN,NaN,0,0.605185985565186
C033,C,3,435,1,NaN,NaN,0,0.567769050598145
C033,C,3,436,1,NaN,NaN,0,0.513753175735474
C033,C,3,437,1,NaN,NaN,0,0.427436828613281
C033,C,3,438,NaN,1,0,NaN,NaN
C033,C,3,439,1,NaN,NaN,0,0.284991979598999
C033,C,3,440,1,NaN,NaN,0,0.266793012619019
C033,C,3,441,1,NaN,NaN,0,0.297369956970215
C033,C,3,442,1,NaN,NaN,0,0.255468845367432
C033,C,3,443,NaN,0,1,NaN,NaN
C033,C,3,444,1,NaN,NaN,0,0.258810997009277
C033,C,3,445,1,NaN,NaN,0,NaN
C033,C,3,446,1,NaN,NaN,0,NaN
C033,C,3,447,1,NaN,NaN,0,NaN
C033,C,3,448,1,NaN,NaN,0,NaN
C033,C,3,449,1,NaN,NaN,0,NaN
C033,C,3,450,1,NaN,NaN,0,NaN
C033,C,3,451,0,NaN,NaN,1,NaN
C033,C,3,452,1,NaN,NaN,0,0.209291934967041
C033,C,3,453,NaN,0,1,NaN,NaN
C033,C,3,454,1,NaN,NaN,0,0.338252067565918
C033,C,3,455,1,NaN,NaN,0,0.892450094223022
C033,C,3,456,1,NaN,NaN,0,1.00248098373413
C033,C,3,457,1,NaN,NaN,0,0.92195200920105
C033,C,3,458,1,NaN,NaN,0,0.985665082931519
C033,C,3,459,1,NaN,NaN,0,1.06386685371399
C033,C,3,460,1,NaN,NaN,0,0.957227945327759
C033,C,3,461,1,NaN,NaN,0,0.95009708404541
C033,C,3,462,1,NaN,NaN,0,0.8146071434021
C033,C,3,463,1,NaN,NaN,0,0.763694047927856
C033,C,3,464,1,NaN,NaN,0,0.798206090927124
C033,C,3,465,1,NaN,NaN,0,0.804432153701782
C033,C,3,466,NaN,1,0,NaN,NaN
C033,C,3,467,1,NaN,NaN,0,0.311941862106323
C033,C,3,468,1,NaN,NaN,0,0.350037813186646
C033,C,3,469,1,NaN,NaN,0,0.371388912200928
C033,C,3,470,1,NaN,NaN,0,0.474372863769531
C033,C,3,471,1,NaN,NaN,0,0.601645946502686
C033,C,3,472,1,NaN,NaN,0,0.644849061965942
C033,C,3,473,1,NaN,NaN,0,0.643726110458374
C033,C,3,474,1,NaN,NaN,0,0.617269039154053
C033,C,3,475,NaN,1,0,NaN,NaN
C033,C,3,476,1,NaN,NaN,0,0.266528844833374
C033,C,3,477,1,NaN,NaN,0,0.286377906799316
C033,C,3,478,1,NaN,NaN,0,0.361915111541748
C033,C,3,479,NaN,0,1,NaN,NaN
C033,C,3,480,1,NaN,NaN,0,1.08526396751404
C033,C,3,481,1,NaN,NaN,0,0.883990049362183
C033,C,3,482,1,NaN,NaN,0,0.881042957305908
C033,C,3,483,1,NaN,NaN,0,0.874031782150269
C033,C,3,484,1,NaN,NaN,0,0.84155797958374
C033,C,3,485,1,NaN,NaN,0,0.803034067153931
C033,C,3,486,1,NaN,NaN,0,0.838904857635498
C033,C,3,487,1,NaN,NaN,0,0.604094982147217
C033,C,3,488,1,NaN,NaN,0,0.52512001991272
C033,C,3,489,1,NaN,NaN,0,0.566256999969482
C033,C,3,490,NaN,1,0,NaN,NaN
C033,C,3,491,1,NaN,NaN,0,0.34415602684021
C033,C,3,492,1,NaN,NaN,0,0.433525085449219
C033,C,3,493,1,NaN,NaN,0,0.443696975708008
C033,C,3,494,1,NaN,NaN,0,0.475042819976807
C033,C,3,495,1,NaN,NaN,0,0.606606006622314
C033,C,3,496,1,NaN,NaN,0,0.431337833404541
C033,C,3,497,1,NaN,NaN,0,0.453917026519775
C033,C,3,498,1,NaN,NaN,0,0.452689170837402
C033,C,3,499,NaN,1,0,NaN,NaN
C033,C,3,500,1,NaN,NaN,0,0.356500864028931
C033,C,3,501,1,NaN,NaN,0,0.417509078979492
C033,C,3,502,1,NaN,NaN,0,0.565223932266235
C033,C,3,503,1,NaN,NaN,0,0.500590085983276
C033,C,3,504,1,NaN,NaN,0,0.685331106185913
C033,C,3,505,1,NaN,NaN,0,0.628695011138916
C033,C,3,506,1,NaN,NaN,0,0.590308904647827
C033,C,3,507,1,NaN,NaN,0,0.515411853790283
C033,C,3,508,1,NaN,NaN,0,0.478968143463135
C033,C,3,509,1,NaN,NaN,0,0.37231183052063
C033,C,3,510,1,NaN,NaN,0,0.436379909515381
C033,C,3,511,NaN,1,0,NaN,NaN
C033,C,3,512,1,NaN,NaN,0,0.318785905838013
C033,C,3,513,1,NaN,NaN,0,0.460032939910889
C033,C,3,514,1,NaN,NaN,0,0.427312850952148
C033,C,3,515,1,NaN,NaN,0,0.531748056411743
C033,C,3,516,1,NaN,NaN,0,0.499610900878906
C033,C,3,517,1,NaN,NaN,0,0.446522951126099
C033,C,3,518,1,NaN,NaN,0,0.359769821166992
C033,C,3,519,1,NaN,NaN,0,0.410653114318848
C033,C,3,520,1,NaN,NaN,0,0.464316129684448
C033,C,3,521,NaN,1,0,NaN,NaN
C033,C,3,522,1,NaN,NaN,0,0.348944902420044
C033,C,3,523,1,NaN,NaN,0,0.38524317741394
C033,C,3,524,1,NaN,NaN,0,0.400748014450073
C033,C,3,525,1,NaN,NaN,0,0.450622081756592
C033,C,3,526,1,NaN,NaN,0,0.461912870407104
C033,C,3,527,1,NaN,NaN,0,0.612305164337158
C033,C,4,1,1,NaN,NaN,0,0.599855899810791
C033,C,4,2,NaN,1,0,NaN,NaN
C033,C,4,3,1,NaN,NaN,0,0.308046102523804
C033,C,4,4,1,NaN,NaN,0,0.366002082824707
C033,C,4,5,1,NaN,NaN,0,0.379724979400635
C033,C,4,6,1,NaN,NaN,0,0.501126050949097
C033,C,4,7,1,NaN,NaN,0,0.46651816368103
C033,C,4,8,1,NaN,NaN,0,0.411760091781616
C033,C,4,9,1,NaN,NaN,0,0.367537975311279
C033,C,4,10,1,NaN,NaN,0,0.364443063735962
C033,C,4,11,1,NaN,NaN,0,0.379465103149414
C033,C,4,12,1,NaN,NaN,0,0.415941953659058
C033,C,4,13,1,NaN,NaN,0,0.536010980606079
C033,C,4,14,NaN,1,0,NaN,NaN
C033,C,4,15,1,NaN,NaN,0,0.287050008773804
C033,C,4,16,1,NaN,NaN,0,0.323302984237671
C033,C,4,17,1,NaN,NaN,0,0.351024150848389
C033,C,4,18,1,NaN,NaN,0,0.474063873291016
C033,C,4,19,1,NaN,NaN,0,0.427222967147827
C033,C,4,20,1,NaN,NaN,0,0.451743125915527
C033,C,4,21,1,NaN,NaN,0,0.483462810516357
C033,C,4,22,1,NaN,NaN,0,0.452259063720703
C033,C,4,23,1,NaN,NaN,0,0.512902021408081
C033,C,4,24,1,NaN,NaN,0,0.508078098297119
C033,C,4,25,NaN,1,0,NaN,NaN
C033,C,4,26,1,NaN,NaN,0,0.333193063735962
C033,C,4,27,1,NaN,NaN,0,0.433895111083984
C033,C,4,28,1,NaN,NaN,0,0.538256883621216
C033,C,4,29,1,NaN,NaN,0,0.64572811126709
C033,C,4,30,1,NaN,NaN,0,0.752326011657715
C033,C,4,31,NaN,1,0,NaN,NaN
C033,C,4,32,1,NaN,NaN,0,0.315836906433105
C033,C,4,33,1,NaN,NaN,0,0.485994100570679
C033,C,4,34,1,NaN,NaN,0,0.574602842330933
C033,C,4,35,1,NaN,NaN,0,0.729330062866211
C033,C,4,36,1,NaN,NaN,0,0.767839908599854
C033,C,4,37,1,NaN,NaN,0,0.798260927200317
C033,C,4,38,1,NaN,NaN,0,0.666254043579102
C033,C,4,39,NaN,1,0,NaN,NaN
C033,C,4,40,1,NaN,NaN,0,0.369532108306885
C033,C,4,41,1,NaN,NaN,0,0.407638072967529
C033,C,4,42,1,NaN,NaN,0,0.470071077346802
C033,C,4,43,1,NaN,NaN,0,0.497570037841797
C033,C,4,44,1,NaN,NaN,0,0.560860872268677
C033,C,4,45,1,NaN,NaN,0,0.522447109222412
C033,C,4,46,1,NaN,NaN,0,0.545996189117432
C033,C,4,47,1,NaN,NaN,0,0.615194082260132
C033,C,4,48,1,NaN,NaN,0,0.51986289024353
C033,C,4,49,1,NaN,NaN,0,0.555516958236694
C033,C,4,50,NaN,1,0,NaN,NaN
C033,C,4,51,1,NaN,NaN,0,0.339047908782959
C033,C,4,52,1,NaN,NaN,0,0.404551982879639
C033,C,4,53,1,NaN,NaN,0,0.452301025390625
C033,C,4,54,1,NaN,NaN,0,0.440666913986206
C033,C,4,55,1,NaN,NaN,0,0.646594047546387
C033,C,4,56,1,NaN,NaN,0,0.493764877319336
C033,C,4,57,1,NaN,NaN,0,0.523123979568481
C033,C,4,58,1,NaN,NaN,0,0.499121189117432
C033,C,4,59,NaN,1,0,NaN,NaN
C033,C,4,60,1,NaN,NaN,0,0.316140174865723
C033,C,4,61,1,NaN,NaN,0,0.391530990600586
C033,C,4,62,1,NaN,NaN,0,0.419931888580322
C033,C,4,63,1,NaN,NaN,0,0.432572841644287
C033,C,4,64,1,NaN,NaN,0,0.551935911178589
C033,C,4,65,NaN,1,0,NaN,NaN
C033,C,4,66,1,NaN,NaN,0,0.365303039550781
C033,C,4,67,1,NaN,NaN,0,0.466310024261475
C033,C,4,68,1,NaN,NaN,0,0.591255903244019
C033,C,4,69,1,NaN,NaN,0,0.656988143920898
C033,C,4,70,1,NaN,NaN,0,0.671424150466919
C033,C,4,71,1,NaN,NaN,0,0.683995008468628
C033,C,4,72,1,NaN,NaN,0,0.770804166793823
C033,C,4,73,1,NaN,NaN,0,0.797131061553955
C033,C,4,74,1,NaN,NaN,0,0.794595003128052
C033,C,4,75,1,NaN,NaN,0,0.721911191940308
C033,C,4,76,NaN,1,0,NaN,NaN
C033,C,4,77,1,NaN,NaN,0,0.292650938034058
C033,C,4,78,1,NaN,NaN,0,0.361142158508301
C033,C,4,79,1,NaN,NaN,0,0.474456071853638
C033,C,4,80,1,NaN,NaN,0,0.641294956207275
C033,C,4,81,1,NaN,NaN,0,0.689563035964966
C033,C,4,82,1,NaN,NaN,0,0.830042839050293
C033,C,4,83,1,NaN,NaN,0,0.824843168258667
C033,C,4,84,1,NaN,NaN,0,0.760055065155029
C033,C,4,85,1,NaN,NaN,0,0.759097099304199
C033,C,4,86,1,NaN,NaN,0,0.730607986450195
C033,C,4,87,1,NaN,NaN,0,0.887174844741821
C033,C,4,88,NaN,1,0,NaN,NaN
C033,C,4,89,1,NaN,NaN,0,0.392853975296021
C033,C,4,90,1,NaN,NaN,0,0.422101974487305
C033,C,4,91,1,NaN,NaN,0,0.36607813835144
C033,C,4,92,1,NaN,NaN,0,0.326234102249146
C033,C,4,93,NaN,1,0,NaN,NaN
C033,C,4,94,1,NaN,NaN,0,0.37257719039917
C033,C,4,95,1,NaN,NaN,0,0.487055063247681
C033,C,4,96,1,NaN,NaN,0,0.536221027374268
C033,C,4,97,1,NaN,NaN,0,0.598047971725464
C033,C,4,98,1,NaN,NaN,0,0.694837093353271
C033,C,4,99,1,NaN,NaN,0,0.635883092880249
C033,C,4,100,1,NaN,NaN,0,0.542126893997192
C033,C,4,101,1,NaN,NaN,0,0.374588012695312
C033,C,4,102,1,NaN,NaN,0,0.463198900222778
C033,C,4,103,1,NaN,NaN,0,0.481314182281494
C033,C,4,104,NaN,1,0,NaN,NaN
C033,C,4,105,1,NaN,NaN,0,0.274905920028687
C033,C,4,106,1,NaN,NaN,0,0.304042100906372
C033,C,4,107,1,NaN,NaN,0,0.411223888397217
C033,C,4,108,1,NaN,NaN,0,0.47736382484436
C033,C,4,109,1,NaN,NaN,0,0.507807016372681
C033,C,4,110,1,NaN,NaN,0,0.435245037078857
C033,C,4,111,1,NaN,NaN,0,0.376932859420776
C033,C,4,112,1,NaN,NaN,0,0.394793033599854
C033,C,4,113,1,NaN,NaN,0,0.303524971008301
C033,C,4,114,1,NaN,NaN,0,0.392010927200317
C033,C,4,115,NaN,0,1,NaN,NaN
C033,C,4,116,1,NaN,NaN,0,0.444301128387451
C033,C,4,117,1,NaN,NaN,0,0.40928316116333
C033,C,4,118,1,NaN,NaN,0,0.340853929519653
C033,C,4,119,1,NaN,NaN,0,0.345430135726929
C033,C,4,120,1,NaN,NaN,0,0.295677900314331
C033,C,4,121,NaN,0,1,NaN,NaN
C033,C,4,122,1,NaN,NaN,0,0.283305168151855
C033,C,4,123,1,NaN,NaN,0,0.266313791275024
C033,C,4,124,1,NaN,NaN,0,0.264086961746216
C033,C,4,125,1,NaN,NaN,0,0.261340856552124
C033,C,4,126,1,NaN,NaN,0,0.310476064682007
C033,C,4,127,1,NaN,NaN,0,0.337605953216553
C033,C,4,128,1,NaN,NaN,0,0.462836980819702
C033,C,4,129,1,NaN,NaN,0,0.468733072280884
C033,C,4,130,1,NaN,NaN,0,0.66198992729187
C033,C,4,131,1,NaN,NaN,0,0.546311140060425
C033,C,4,132,NaN,1,0,NaN,NaN
C033,C,4,133,1,NaN,NaN,0,0.363093137741089
C033,C,4,134,1,NaN,NaN,0,0.364585876464844
C033,C,4,135,1,NaN,NaN,0,0.383574962615967
C033,C,4,136,1,NaN,NaN,0,0.654062986373901
C033,C,4,137,NaN,1,0,NaN,NaN
C033,C,4,138,1,NaN,NaN,0,0.372357130050659
C033,C,4,139,1,NaN,NaN,0,0.408754110336304
C033,C,4,140,1,NaN,NaN,0,0.634512901306152
C033,C,4,141,1,NaN,NaN,0,0.691349983215332
C033,C,4,142,1,NaN,NaN,0,0.722859144210815
C033,C,4,143,1,NaN,NaN,0,0.723658084869385
C033,C,4,144,1,NaN,NaN,0,0.808531045913696
C033,C,4,145,1,NaN,NaN,0,0.777821063995361
C033,C,4,146,1,NaN,NaN,0,0.78744101524353
C033,C,4,147,1,NaN,NaN,0,0.779983043670654
C033,C,4,148,NaN,1,0,NaN,NaN
C033,C,4,149,1,NaN,NaN,0,0.35822582244873
C033,C,4,150,1,NaN,NaN,0,0.479201078414917
C033,C,4,151,1,NaN,NaN,0,0.689387083053589
C033,C,4,152,1,NaN,NaN,0,0.617342948913574
C033,C,4,153,1,NaN,NaN,0,0.690948009490967
C033,C,4,154,1,NaN,NaN,0,0.61549711227417
C033,C,4,155,1,NaN,NaN,0,0.836189985275269
C033,C,4,156,1,NaN,NaN,0,0.725383996963501
C033,C,4,157,1,NaN,NaN,0,0.745147943496704
C033,C,4,158,1,NaN,NaN,0,0.684746026992798
C033,C,4,159,1,NaN,NaN,0,0.652639865875244
C033,C,4,160,1,NaN,NaN,0,0.655696868896484
C033,C,4,161,NaN,1,0,NaN,NaN
C033,C,4,162,1,NaN,NaN,0,0.391880035400391
C033,C,4,163,1,NaN,NaN,0,0.40346884727478
C033,C,4,164,1,NaN,NaN,0,0.520451068878174
C033,C,4,165,1,NaN,NaN,0,0.580781936645508
C033,C,4,166,1,NaN,NaN,0,0.609199047088623
C033,C,4,167,1,NaN,NaN,0,0.519805908203125
C033,C,4,168,NaN,1,0,NaN,NaN
C033,C,4,169,1,NaN,NaN,0,0.328407049179077
C033,C,4,170,1,NaN,NaN,0,0.327858209609985
C033,C,4,171,1,NaN,NaN,0,0.35394811630249
C033,C,4,172,1,NaN,NaN,0,0.370962142944336
C033,C,4,173,1,NaN,NaN,0,0.355139017105103
C033,C,4,174,1,NaN,NaN,0,0.390782117843628
C033,C,4,175,1,NaN,NaN,0,0.499517917633057
C033,C,4,176,1,NaN,NaN,0,0.440579891204834
C033,C,4,177,NaN,1,0,NaN,NaN
C033,C,4,178,1,NaN,NaN,0,0.402804851531982
C033,C,4,179,1,NaN,NaN,0,0.400506019592285
C033,C,4,180,1,NaN,NaN,0,0.333044052124023
C033,C,4,181,1,NaN,NaN,0,0.410453081130981
C033,C,4,182,1,NaN,NaN,0,0.415190935134888
C033,C,4,183,1,NaN,NaN,0,0.540971994400024
C033,C,4,184,1,NaN,NaN,0,0.566374063491821
C033,C,4,185,NaN,1,0,NaN,NaN
C033,C,4,186,1,NaN,NaN,0,0.434990882873535
C033,C,4,187,1,NaN,NaN,0,0.377012014389038
C033,C,4,188,1,NaN,NaN,0,0.426568984985352
C033,C,4,189,1,NaN,NaN,0,0.407278060913086
C033,C,4,190,1,NaN,NaN,0,0.428446054458618
C033,C,4,191,NaN,1,0,NaN,NaN
C033,C,4,192,1,NaN,NaN,0,0.306640863418579
C033,C,4,193,1,NaN,NaN,0,0.353103160858154
C033,C,4,194,1,NaN,NaN,0,0.470540046691895
C033,C,4,195,1,NaN,NaN,0,0.423528909683228
C033,C,4,196,1,NaN,NaN,0,0.496760845184326
C033,C,4,197,1,NaN,NaN,0,0.440964937210083
C033,C,4,198,1,NaN,NaN,0,0.438945055007935
C033,C,4,199,1,NaN,NaN,0,0.535764932632446
C033,C,4,200,1,NaN,NaN,0,0.644940137863159
C033,C,4,201,1,NaN,NaN,0,0.567451000213623
C033,C,4,202,1,NaN,NaN,0,0.529206037521362
C033,C,4,203,NaN,1,0,NaN,NaN
C033,C,4,204,1,NaN,NaN,0,0.37057900428772
C033,C,4,205,1,NaN,NaN,0,0.319825172424316
C033,C,4,206,1,NaN,NaN,0,0.337930917739868
C033,C,4,207,1,NaN,NaN,0,0.323807001113892
C033,C,4,208,1,NaN,NaN,0,0.257731914520264
C033,C,4,209,1,NaN,NaN,0,0.261265993118286
C033,C,4,210,1,NaN,NaN,0,0.282260179519653
C033,C,4,211,1,NaN,NaN,0,0.277812004089355
C033,C,4,212,1,NaN,NaN,0,0.314152956008911
C033,C,4,213,1,NaN,NaN,0,0.242639064788818
C033,C,4,214,NaN,0,1,NaN,NaN
C033,C,4,215,1,NaN,NaN,0,0.495176076889038
C033,C,4,216,1,NaN,NaN,0,0.372136116027832
C033,C,4,217,1,NaN,NaN,0,0.31554102897644
C033,C,4,218,1,NaN,NaN,0,0.354961156845093
C033,C,4,219,1,NaN,NaN,0,0.364182949066162
C033,C,4,220,NaN,1,0,NaN,NaN
C033,C,4,221,1,NaN,NaN,0,0.374224901199341
C033,C,4,222,1,NaN,NaN,0,0.365039110183716
C033,C,4,223,1,NaN,NaN,0,0.328672885894775
C033,C,4,224,1,NaN,NaN,0,0.35916805267334
C033,C,4,225,1,NaN,NaN,0,0.400842905044556
C033,C,4,226,1,NaN,NaN,0,0.384325981140137
C033,C,4,227,1,NaN,NaN,0,0.473514080047607
C033,C,4,228,1,NaN,NaN,0,0.374751091003418
C033,C,4,229,NaN,1,0,NaN,NaN
C033,C,4,230,1,NaN,NaN,0,0.325437068939209
C033,C,4,231,1,NaN,NaN,0,0.361966133117676
C033,C,4,232,1,NaN,NaN,0,0.442334890365601
C033,C,4,233,1,NaN,NaN,0,0.480123043060303
C033,C,4,234,1,NaN,NaN,0,0.404300212860107
C033,C,4,235,1,NaN,NaN,0,0.399489879608154
C033,C,4,236,1,NaN,NaN,0,0.457281112670898
C033,C,4,237,1,NaN,NaN,0,0.397899866104126
C033,C,4,238,NaN,1,0,NaN,NaN
C033,C,4,239,1,NaN,NaN,0,0.391119956970215
C033,C,4,240,1,NaN,NaN,0,0.366248846054077
C033,C,4,241,1,NaN,NaN,0,0.351552963256836
C033,C,4,242,1,NaN,NaN,0,0.468652009963989
C033,C,4,243,1,NaN,NaN,0,0.490129947662354
C033,C,4,244,1,NaN,NaN,0,0.515280961990356
C033,C,4,245,1,NaN,NaN,0,0.520776033401489
C033,C,4,246,1,NaN,NaN,0,0.475672960281372
C033,C,4,247,1,NaN,NaN,0,0.644772052764893
C033,C,4,248,1,NaN,NaN,0,0.683245897293091
C033,C,4,249,1,NaN,NaN,0,0.752758979797363
C033,C,4,250,1,NaN,NaN,0,0.64203405380249
C033,C,4,251,NaN,1,0,NaN,NaN
C033,C,4,252,1,NaN,NaN,0,0.631772994995117
C033,C,4,253,1,NaN,NaN,0,0.531883955001831
C033,C,4,254,NaN,1,0,NaN,NaN
C033,C,4,255,1,NaN,NaN,0,0.379111051559448
C033,C,4,256,1,NaN,NaN,0,0.359065055847168
C033,C,4,257,1,NaN,NaN,0,0.421931028366089
C033,C,4,258,1,NaN,NaN,0,0.428914070129395
C033,C,4,259,1,NaN,NaN,0,0.437759160995483
C033,C,4,260,1,NaN,NaN,0,0.386628150939941
C033,C,4,261,1,NaN,NaN,0,0.500631093978882
C033,C,4,262,1,NaN,NaN,0,0.456995010375977
C033,C,4,263,1,NaN,NaN,0,0.630044937133789
C033,C,4,264,NaN,1,0,NaN,NaN
C033,C,4,265,1,NaN,NaN,0,0.372828006744385
C033,C,4,266,1,NaN,NaN,0,0.425396919250488
C033,C,4,267,1,NaN,NaN,0,0.358032941818237
C033,C,4,268,1,NaN,NaN,0,0.354925870895386
C033,C,4,269,1,NaN,NaN,0,0.482067823410034
C033,C,4,270,1,NaN,NaN,0,0.51682710647583
C033,C,4,271,1,NaN,NaN,0,0.601492881774902
C033,C,4,272,NaN,1,0,NaN,NaN
C033,C,4,273,1,NaN,NaN,0,0.338865041732788
C033,C,4,274,1,NaN,NaN,0,0.494848966598511
C033,C,4,275,1,NaN,NaN,0,0.510889053344727
C033,C,4,276,1,NaN,NaN,0,0.556121826171875
C033,C,4,277,1,NaN,NaN,0,0.569267988204956
C033,C,4,278,1,NaN,NaN,0,0.60877799987793
C033,C,4,279,1,NaN,NaN,0,0.696521997451782
C033,C,4,280,1,NaN,NaN,0,0.727936029434204
C033,C,4,281,1,NaN,NaN,0,0.798343896865845
C033,C,4,282,1,NaN,NaN,0,0.754426002502441
C033,C,4,283,1,NaN,NaN,0,0.972129106521606
C033,C,4,284,1,NaN,NaN,0,0.794617891311646
C033,C,4,285,NaN,1,0,NaN,NaN
C033,C,4,286,1,NaN,NaN,0,0.360759019851685
C033,C,4,287,1,NaN,NaN,0,0.465518951416016
C033,C,4,288,1,NaN,NaN,0,0.327269077301025
C033,C,4,289,1,NaN,NaN,0,0.429541826248169
C033,C,4,290,1,NaN,NaN,0,0.58591890335083
C033,C,4,291,NaN,1,0,NaN,NaN
C033,C,4,292,1,NaN,NaN,0,0.398760080337524
C033,C,4,293,1,NaN,NaN,0,0.521421909332275
C033,C,4,294,1,NaN,NaN,0,0.498248100280762
C033,C,4,295,1,NaN,NaN,0,0.443063020706177
C033,C,4,296,1,NaN,NaN,0,0.458539009094238
C033,C,4,297,1,NaN,NaN,0,0.454615116119385
C033,C,4,298,1,NaN,NaN,0,0.547168970108032
C033,C,4,299,1,NaN,NaN,0,0.623646020889282
C033,C,4,300,NaN,1,0,NaN,NaN
C033,C,4,301,1,NaN,NaN,0,0.341907024383545
C033,C,4,302,1,NaN,NaN,0,0.394508838653564
C033,C,4,303,1,NaN,NaN,0,0.432226181030273
C033,C,4,304,1,NaN,NaN,0,0.601440191268921
C033,C,4,305,1,NaN,NaN,0,0.518471956253052
C033,C,4,306,1,NaN,NaN,0,0.557044982910156
C033,C,4,307,1,NaN,NaN,0,0.608590841293335
C033,C,4,308,1,NaN,NaN,0,0.585834980010986
C033,C,4,309,NaN,1,0,NaN,NaN
C033,C,4,310,1,NaN,NaN,0,0.399687051773071
C033,C,4,311,1,NaN,NaN,0,0.407469034194946
C033,C,4,312,1,NaN,NaN,0,0.696928977966309
C033,C,4,313,1,NaN,NaN,0,0.582372188568115
C033,C,4,314,1,NaN,NaN,0,0.712589979171753
C033,C,4,315,1,NaN,NaN,0,0.70435905456543
C033,C,4,316,1,NaN,NaN,0,0.817631006240845
C033,C,4,317,1,NaN,NaN,0,0.719082832336426
C033,C,4,318,1,NaN,NaN,0,0.872444868087769
C033,C,4,319,1,NaN,NaN,0,0.836244106292725
C033,C,4,320,1,NaN,NaN,0,0.771037101745605
C033,C,4,321,1,NaN,NaN,0,0.71865701675415
C033,C,4,322,1,NaN,NaN,0,0.621757984161377
C033,C,4,323,NaN,1,0,NaN,NaN
C033,C,4,324,1,NaN,NaN,0,0.447165966033936
C033,C,4,325,1,NaN,NaN,0,0.451189994812012
C033,C,4,326,1,NaN,NaN,0,0.548676013946533
C033,C,4,327,1,NaN,NaN,0,0.52186918258667
C033,C,4,328,1,NaN,NaN,0,0.567620992660522
C033,C,4,329,1,NaN,NaN,0,0.621527910232544
C033,C,4,330,1,NaN,NaN,0,0.661993980407715
C033,C,4,331,1,NaN,NaN,0,0.655834913253784
C033,C,4,332,NaN,1,0,NaN,NaN
C033,C,4,333,1,NaN,NaN,0,0.260766983032227
C033,C,4,334,1,NaN,NaN,0,0.386726856231689
C033,C,4,335,1,NaN,NaN,0,0.331979990005493
C033,C,4,336,1,NaN,NaN,0,0.303177118301392
C033,C,4,337,1,NaN,NaN,0,0.262529850006104
C033,C,4,338,1,NaN,NaN,0,0.191956996917725
C033,C,4,339,1,NaN,NaN,0,NaN
C033,C,4,340,1,NaN,NaN,0,0.373286008834839
C033,C,4,341,NaN,0,1,NaN,NaN
C033,C,4,342,1,NaN,NaN,0,0.6231529712677
C033,C,4,343,1,NaN,NaN,0,0.636270999908447
C033,C,4,344,1,NaN,NaN,0,0.68510103225708
C033,C,4,345,1,NaN,NaN,0,0.568557024002075
C033,C,4,346,NaN,1,0,NaN,NaN
C033,C,4,347,1,NaN,NaN,0,0.358835935592651
C033,C,4,348,1,NaN,NaN,0,0.404704093933105
C033,C,4,349,1,NaN,NaN,0,0.429476022720337
C033,C,4,350,1,NaN,NaN,0,0.427875995635986
C033,C,4,351,1,NaN,NaN,0,0.437324047088623
C033,C,4,352,1,NaN,NaN,0,0.440390110015869
C033,C,4,353,1,NaN,NaN,0,0.400653123855591
C033,C,4,354,1,NaN,NaN,0,0.30950403213501
C033,C,4,355,1,NaN,NaN,0,0.298244953155518
C033,C,4,356,1,NaN,NaN,0,0.274081945419312
C033,C,4,357,1,NaN,NaN,0,0.298870086669922
C033,C,4,358,1,NaN,NaN,0,0.36343789100647
C033,C,4,359,NaN,1,0,NaN,NaN
C033,C,4,360,1,NaN,NaN,0,0.30893611907959
C033,C,4,361,1,NaN,NaN,0,0.635150909423828
C033,C,4,362,1,NaN,NaN,0,0.573978900909424
C033,C,4,363,1,NaN,NaN,0,0.569924116134644
C033,C,4,364,1,NaN,NaN,0,0.52302098274231
C033,C,4,365,NaN,1,0,NaN,NaN
C033,C,4,366,1,NaN,NaN,0,0.301951169967651
C033,C,4,367,1,NaN,NaN,0,0.321930885314941
C033,C,4,368,1,NaN,NaN,0,0.45107102394104
C033,C,4,369,1,NaN,NaN,0,0.55249810218811
C033,C,4,370,1,NaN,NaN,0,0.603899955749512
C033,C,4,371,NaN,1,0,NaN,NaN
C033,C,4,372,1,NaN,NaN,0,0.273673057556152
C033,C,4,373,1,NaN,NaN,0,0.534763097763062
C033,C,4,374,1,NaN,NaN,0,0.740670919418335
C033,C,4,375,1,NaN,NaN,0,0.934465885162354
C033,C,4,376,1,NaN,NaN,0,0.85078501701355
C033,C,4,377,1,NaN,NaN,0,0.891378879547119
C033,C,4,378,1,NaN,NaN,0,0.923423051834106
C033,C,4,379,1,NaN,NaN,0,1.03586006164551
C033,C,4,380,0,NaN,NaN,1,NaN
C033,C,4,381,1,NaN,NaN,0,NaN
C033,C,4,382,1,NaN,NaN,0,NaN
C033,C,4,383,NaN,0,1,NaN,NaN
C033,C,4,384,0,NaN,NaN,1,NaN
C033,C,4,385,1,NaN,NaN,0,0.186229944229126
C033,C,4,386,1,NaN,NaN,0,0.305359125137329
C033,C,4,387,1,NaN,NaN,0,0.372618913650513
C033,C,4,388,1,NaN,NaN,0,0.451200008392334
C033,C,4,389,1,NaN,NaN,0,0.354506015777588
C033,C,4,390,1,NaN,NaN,0,0.422831058502197
C033,C,4,391,1,NaN,NaN,0,0.439800977706909
C033,C,4,392,NaN,0,1,NaN,NaN
C033,C,4,393,1,NaN,NaN,0,0.262112855911255
C033,C,4,394,1,NaN,NaN,0,0.174934148788452
C033,C,4,395,1,NaN,NaN,0,0.262274980545044
C033,C,4,396,1,NaN,NaN,0,0.355555057525635
C033,C,4,397,1,NaN,NaN,0,0.482882976531982
C033,C,4,398,NaN,1,0,NaN,NaN
C033,C,4,399,1,NaN,NaN,0,0.30932092666626
C033,C,4,400,1,NaN,NaN,0,0.598795890808105
C033,C,4,401,1,NaN,NaN,0,0.677637815475464
C033,C,4,402,1,NaN,NaN,0,0.79709005355835
C033,C,4,403,1,NaN,NaN,0,0.901894092559814
C033,C,4,404,1,NaN,NaN,0,1.07074904441833
C033,C,4,405,1,NaN,NaN,0,0.791883945465088
C033,C,4,406,1,NaN,NaN,0,0.592658996582031
C033,C,4,407,NaN,1,0,NaN,NaN
C033,C,4,408,1,NaN,NaN,0,0.29958176612854
C033,C,4,409,1,NaN,NaN,0,0.317420959472656
C033,C,4,410,1,NaN,NaN,0,0.329107999801636
C033,C,4,411,1,NaN,NaN,0,0.357702016830444
C033,C,4,412,1,NaN,NaN,0,0.462416887283325
C033,C,4,413,1,NaN,NaN,0,0.591736078262329
C033,C,4,414,1,NaN,NaN,0,0.507323980331421
C033,C,4,415,1,NaN,NaN,0,0.451205968856812
C033,C,4,416,1,NaN,NaN,0,0.359778165817261
C033,C,4,417,1,NaN,NaN,0,0.329541921615601
C033,C,4,418,1,NaN,NaN,0,0.262485980987549
C033,C,4,419,1,NaN,NaN,0,0.352855920791626
C033,C,4,420,1,NaN,NaN,0,0.374706029891968
C033,C,4,421,NaN,1,0,NaN,NaN
C033,C,4,422,1,NaN,NaN,0,0.250558137893677
C033,C,4,423,1,NaN,NaN,0,0.285959959030151
C033,C,4,424,1,NaN,NaN,0,0.314330101013184
C033,C,4,425,NaN,1,0,NaN,NaN
C033,C,4,426,1,NaN,NaN,0,0.263552188873291
C033,C,4,427,1,NaN,NaN,0,0.272768020629883
C033,C,4,428,1,NaN,NaN,0,0.406631946563721
C033,C,4,429,1,NaN,NaN,0,0.372857093811035
C033,C,4,430,1,NaN,NaN,0,0.322725057601929
C033,C,4,431,1,NaN,NaN,0,0.302210807800293
C033,C,4,432,1,NaN,NaN,0,0.29563307762146
C033,C,4,433,1,NaN,NaN,0,0.164711952209473
C033,C,4,434,1,NaN,NaN,0,0.257500171661377
C033,C,4,435,1,NaN,NaN,0,0.46704888343811
C033,C,4,436,1,NaN,NaN,0,0.508555173873901
C033,C,4,437,1,NaN,NaN,0,0.469969987869263
C033,C,4,438,NaN,1,0,NaN,NaN
C033,C,4,439,1,NaN,NaN,0,0.287505865097046
C033,C,4,440,1,NaN,NaN,0,0.307774066925049
C033,C,4,441,1,NaN,NaN,0,0.313591003417969
C033,C,4,442,1,NaN,NaN,0,0.369531869888306
C033,C,4,443,1,NaN,NaN,0,0.435714960098267
C033,C,4,444,1,NaN,NaN,0,0.55225682258606
C033,C,4,445,NaN,1,0,NaN,NaN
C033,C,4,446,1,NaN,NaN,0,0.325556993484497
C033,C,4,447,1,NaN,NaN,0,0.356298208236694
C033,C,4,448,1,NaN,NaN,0,0.312979936599731
C033,C,4,449,1,NaN,NaN,0,0.241053819656372
C033,C,4,450,1,NaN,NaN,0,0.27372407913208
C033,C,4,451,1,NaN,NaN,0,0.242202043533325
C033,C,4,452,1,NaN,NaN,0,0.207289934158325
C033,C,4,453,NaN,0,1,NaN,NaN
C033,C,4,454,1,NaN,NaN,0,0.254458904266357
C033,C,4,455,1,NaN,NaN,0,0.304186105728149
C033,C,4,456,1,NaN,NaN,0,0.251281023025513
C033,C,4,457,1,NaN,NaN,0,0.266194105148315
C033,C,4,458,1,NaN,NaN,0,0.609405040740967
C033,C,4,459,1,NaN,NaN,0,0.486850023269653
C033,C,4,460,1,NaN,NaN,0,0.600083112716675
C033,C,4,461,NaN,1,0,NaN,NaN
C033,C,4,462,1,NaN,NaN,0,0.407346963882446
C033,C,4,463,1,NaN,NaN,0,0.619855880737305
C033,C,4,464,1,NaN,NaN,0,0.505027055740356
C033,C,4,465,1,NaN,NaN,0,0.512283086776733
C033,C,4,466,1,NaN,NaN,0,0.417519092559814
C033,C,4,467,1,NaN,NaN,0,0.394964933395386
C033,C,4,468,1,NaN,NaN,0,0.442325115203857
C033,C,4,469,1,NaN,NaN,0,0.512819051742554
C033,C,4,470,1,NaN,NaN,0,0.607314109802246
C033,C,4,471,1,NaN,NaN,0,0.750056028366089
C033,C,4,472,1,NaN,NaN,0,0.736471891403198
C033,C,4,473,1,NaN,NaN,0,0.744992971420288
C033,C,4,474,1,NaN,NaN,0,0.715606927871704
C033,C,4,475,1,NaN,NaN,0,0.695162057876587
C033,C,4,476,NaN,1,0,NaN,NaN
C033,C,4,477,1,NaN,NaN,0,0.322071075439453
C033,C,4,478,1,NaN,NaN,0,0.439229011535645
C033,C,4,479,1,NaN,NaN,0,0.422332048416138
C033,C,4,480,1,NaN,NaN,0,0.465451955795288
C033,C,4,481,1,NaN,NaN,0,0.34654712677002
C033,C,4,482,1,NaN,NaN,0,0.772023916244507
C033,C,4,483,1,NaN,NaN,0,0.56993293762207
C033,C,4,484,1,NaN,NaN,0,0.471124887466431
C033,C,4,485,NaN,0,1,NaN,NaN
C033,C,4,486,1,NaN,NaN,0,0.438421964645386
C033,C,4,487,1,NaN,NaN,0,0.3869788646698
C033,C,4,488,1,NaN,NaN,0,0.388447999954224
C033,C,4,489,NaN,0,1,NaN,NaN
C033,C,4,490,1,NaN,NaN,0,0.325692892074585
C033,C,4,491,1,NaN,NaN,0,0.279125928878784
C033,C,4,492,1,NaN,NaN,0,0.200942039489746
C033,C,4,493,1,NaN,NaN,0,NaN
C033,C,4,494,1,NaN,NaN,0,0.233161211013794
C033,C,4,495,1,NaN,NaN,0,0.238937854766846
C033,C,4,496,1,NaN,NaN,0,0.307084798812866
C033,C,4,497,1,NaN,NaN,0,0.247735023498535
C033,C,4,498,1,NaN,NaN,0,0.307332992553711
C033,C,4,499,1,NaN,NaN,0,0.376210927963257
C033,C,4,500,1,NaN,NaN,0,0.370983123779297
C033,C,4,501,NaN,1,0,NaN,NaN
C033,C,4,502,1,NaN,NaN,0,0.32361102104187
C033,C,4,503,1,NaN,NaN,0,0.366338014602661
