SubID,Group,BlockN,nTrial,GoTrials,NoGoTrials,FA,Misses,RT
C034,C,1,1,1,NaN,NaN,0,0.53543496131897
C034,C,1,2,1,NaN,NaN,0,0.457963943481445
C034,C,1,3,1,NaN,NaN,0,0.38615894317627
C034,C,1,4,1,NaN,NaN,0,0.467994928359985
C034,C,1,5,1,NaN,NaN,0,0.415431976318359
C034,C,1,6,1,NaN,NaN,0,0.330755949020386
C034,C,1,7,1,NaN,NaN,0,0.35216498374939
C034,C,1,8,1,NaN,NaN,0,0.31101393699646
C034,C,1,9,NaN,1,0,NaN,NaN
C034,C,1,10,1,NaN,NaN,0,0.240535020828247
C034,C,1,11,1,NaN,NaN,0,0.300803899765015
C034,C,1,12,1,NaN,NaN,0,0.29495906829834
C034,C,1,13,1,NaN,NaN,0,0.341108083724976
C034,C,1,14,NaN,1,0,NaN,NaN
C034,C,1,15,1,NaN,NaN,0,0.317613840103149
C034,C,1,16,1,NaN,NaN,0,0.268695116043091
C034,C,1,17,1,NaN,NaN,0,0.314059019088745
C034,C,1,18,1,NaN,NaN,0,0.314486026763916
C034,C,1,19,1,NaN,NaN,0,0.3349289894104
C034,C,1,20,1,NaN,NaN,0,0.454719066619873
C034,C,1,21,1,NaN,NaN,0,0.32538104057312
C034,C,1,22,1,NaN,NaN,0,0.34725284576416
C034,C,1,23,1,NaN,NaN,0,0.311577081680298
C034,C,1,24,1,NaN,NaN,0,0.263270139694214
C034,C,1,25,1,NaN,NaN,0,0.291441202163696
C034,C,1,26,NaN,1,0,NaN,NaN
C034,C,1,27,1,NaN,NaN,0,0.314489126205444
C034,C,1,28,1,NaN,NaN,0,0.22395396232605
C034,C,1,29,1,NaN,NaN,0,0.237335920333862
C034,C,1,30,1,NaN,NaN,0,0.336552143096924
C034,C,1,31,1,NaN,NaN,0,0.287006139755249
C034,C,1,32,1,NaN,NaN,0,0.252846956253052
C034,C,1,33,1,NaN,NaN,0,0.337799787521362
C034,C,1,34,1,NaN,NaN,0,0.261691093444824
C034,C,1,35,NaN,1,0,NaN,NaN
C034,C,1,36,1,NaN,NaN,0,0.257575988769531
C034,C,1,37,1,NaN,NaN,0,0.333153009414673
C034,C,1,38,NaN,0,1,NaN,NaN
C034,C,1,39,1,NaN,NaN,0,0.343801021575928
C034,C,1,40,1,NaN,NaN,0,0.419820070266724
C034,C,1,41,1,NaN,NaN,0,0.345299005508423
C034,C,1,42,1,NaN,NaN,0,0.490931987762451
C034,C,1,43,1,NaN,NaN,0,0.322880983352661
C034,C,1,44,1,NaN,NaN,0,0.375015020370483
C034,C,1,45,1,NaN,NaN,0,0.411911010742188
C034,C,1,46,1,NaN,NaN,0,0.308941841125488
C034,C,1,47,1,NaN,NaN,0,0.32563304901123
C034,C,1,48,1,NaN,NaN,0,0.453123092651367
C034,C,1,49,1,NaN,NaN,0,0.426581859588623
C034,C,1,50,NaN,1,0,NaN,NaN
C034,C,1,51,1,NaN,NaN,0,0.33611011505127
C034,C,1,52,0,NaN,NaN,1,NaN
C034,C,1,53,1,NaN,NaN,0,NaN
C034,C,1,54,1,NaN,NaN,0,0.387922048568726
C034,C,1,55,1,NaN,NaN,0,0.366541862487793
C034,C,1,56,1,NaN,NaN,0,0.424405097961426
C034,C,1,57,1,NaN,NaN,0,0.342108011245728
C034,C,1,58,1,NaN,NaN,0,0.359373092651367
C034,C,1,59,1,NaN,NaN,0,0.384182214736938
C034,C,1,60,1,NaN,NaN,0,0.45171594619751
C034,C,1,61,1,NaN,NaN,0,0.367000102996826
C034,C,1,62,NaN,1,0,NaN,NaN
C034,C,1,63,1,NaN,NaN,0,0.348058938980103
C034,C,1,64,1,NaN,NaN,0,0.393446207046509
C034,C,1,65,1,NaN,NaN,0,0.356428861618042
C034,C,1,66,1,NaN,NaN,0,0.31332802772522
C034,C,1,67,1,NaN,NaN,0,0.254388093948364
C034,C,1,68,1,NaN,NaN,0,0.303421020507812
C034,C,1,69,1,NaN,NaN,0,0.288002014160156
C034,C,1,70,NaN,1,0,NaN,NaN
C034,C,1,71,1,NaN,NaN,0,0.284787893295288
C034,C,1,72,1,NaN,NaN,0,0.290881156921387
C034,C,1,73,1,NaN,NaN,0,0.2530357837677
C034,C,1,74,NaN,0,1,NaN,NaN
C034,C,1,75,1,NaN,NaN,0,0.248481035232544
C034,C,1,76,1,NaN,NaN,0,0.424309015274048
C034,C,1,77,1,NaN,NaN,0,0.383620977401733
C034,C,1,78,1,NaN,NaN,0,0.341130971908569
C034,C,1,79,1,NaN,NaN,0,0.502189159393311
C034,C,1,80,1,NaN,NaN,0,0.390192985534668
C034,C,1,81,1,NaN,NaN,0,0.408704996109009
C034,C,1,82,1,NaN,NaN,0,0.395130157470703
C034,C,1,83,1,NaN,NaN,0,0.395159959793091
C034,C,1,84,NaN,1,0,NaN,NaN
C034,C,1,85,1,NaN,NaN,0,0.332315921783447
C034,C,1,86,1,NaN,NaN,0,0.335002899169922
C034,C,1,87,1,NaN,NaN,0,0.327760934829712
C034,C,1,88,1,NaN,NaN,0,0.352566003799438
C034,C,1,89,1,NaN,NaN,0,0.357791900634766
C034,C,1,90,1,NaN,NaN,0,0.298824071884155
C034,C,1,91,1,NaN,NaN,0,0.339828014373779
C034,C,1,92,1,NaN,NaN,0,0.396914005279541
C034,C,1,93,1,NaN,NaN,0,0.424639940261841
C034,C,1,94,1,NaN,NaN,0,0.479573011398315
C034,C,1,95,1,NaN,NaN,0,0.37117600440979
C034,C,1,96,1,NaN,NaN,0,0.574445009231567
C034,C,1,97,NaN,1,0,NaN,NaN
C034,C,1,98,1,NaN,NaN,0,0.275184869766235
C034,C,1,99,1,NaN,NaN,0,0.246052980422974
C034,C,1,100,1,NaN,NaN,0,0.227843046188354
C034,C,1,101,1,NaN,NaN,0,0.347556829452515
C034,C,1,102,1,NaN,NaN,0,0.301115036010742
C034,C,1,103,1,NaN,NaN,0,0.447067022323608
C034,C,1,104,NaN,1,0,NaN,NaN
C034,C,1,105,1,NaN,NaN,0,0.681137084960938
C034,C,1,106,1,NaN,NaN,0,0.33832311630249
C034,C,1,107,1,NaN,NaN,0,0.519402027130127
C034,C,1,108,1,NaN,NaN,0,0.460026025772095
C034,C,1,109,1,NaN,NaN,0,0.385860919952393
C034,C,1,110,1,NaN,NaN,0,0.518640995025635
C034,C,1,111,1,NaN,NaN,0,0.329370975494385
C034,C,1,112,1,NaN,NaN,0,0.422379016876221
C034,C,1,113,1,NaN,NaN,0,0.65751314163208
C034,C,1,114,1,NaN,NaN,0,0.533875942230225
C034,C,1,115,1,NaN,NaN,0,0.372811079025269
C034,C,1,116,NaN,1,0,NaN,NaN
C034,C,1,117,1,NaN,NaN,0,0.370757102966309
C034,C,1,118,1,NaN,NaN,0,0.33151912689209
C034,C,1,119,1,NaN,NaN,0,0.296820163726807
C034,C,1,120,1,NaN,NaN,0,0.439766883850098
C034,C,1,121,1,NaN,NaN,0,0.355331897735596
C034,C,1,122,1,NaN,NaN,0,0.284137010574341
C034,C,1,123,NaN,1,0,NaN,NaN
C034,C,1,124,1,NaN,NaN,0,0.248504161834717
C034,C,1,125,1,NaN,NaN,0,0.287094116210938
C034,C,1,126,1,NaN,NaN,0,0.2760169506073
C034,C,1,127,1,NaN,NaN,0,0.280089855194092
C034,C,1,128,1,NaN,NaN,0,0.278129100799561
C034,C,1,129,1,NaN,NaN,0,0.28243613243103
C034,C,1,130,1,NaN,NaN,0,0.287385940551758
C034,C,1,131,1,NaN,NaN,0,0.347660064697266
C034,C,1,132,NaN,1,0,NaN,NaN
C034,C,1,133,1,NaN,NaN,0,0.225593090057373
C034,C,1,134,1,NaN,NaN,0,0.25303316116333
C034,C,1,135,1,NaN,NaN,0,0.273847103118896
C034,C,1,136,1,NaN,NaN,0,0.275971174240112
C034,C,1,137,1,NaN,NaN,0,0.307943820953369
C034,C,1,138,1,NaN,NaN,0,0.291234016418457
C034,C,1,139,1,NaN,NaN,0,0.31173300743103
C034,C,1,140,NaN,1,0,NaN,NaN
C034,C,1,141,1,NaN,NaN,0,0.258222103118896
C034,C,1,142,1,NaN,NaN,0,0.314125061035156
C034,C,1,143,1,NaN,NaN,0,0.39307713508606
C034,C,1,144,1,NaN,NaN,0,0.329699993133545
C034,C,1,145,1,NaN,NaN,0,0.270781993865967
C034,C,1,146,1,NaN,NaN,0,0.305022001266479
C034,C,1,147,1,NaN,NaN,0,0.508310079574585
C034,C,1,148,1,NaN,NaN,0,0.390292167663574
C034,C,1,149,1,NaN,NaN,0,0.348030090332031
C034,C,1,150,NaN,1,0,NaN,NaN
C034,C,1,151,1,NaN,NaN,0,0.281273126602173
C034,C,1,152,1,NaN,NaN,0,0.273916006088257
C034,C,1,153,1,NaN,NaN,0,0.379168033599854
C034,C,1,154,1,NaN,NaN,0,0.423243999481201
C034,C,1,155,1,NaN,NaN,0,0.429561138153076
C034,C,1,156,1,NaN,NaN,0,0.297698020935059
C034,C,1,157,NaN,1,0,NaN,NaN
C034,C,1,158,1,NaN,NaN,0,0.256725072860718
C034,C,1,159,1,NaN,NaN,0,0.263004064559937
C034,C,1,160,1,NaN,NaN,0,0.276105165481567
C034,C,1,161,1,NaN,NaN,0,0.292765140533447
C034,C,1,162,1,NaN,NaN,0,0.310495138168335
C034,C,1,163,1,NaN,NaN,0,0.343025922775269
C034,C,1,164,1,NaN,NaN,0,0.51922082901001
C034,C,1,165,1,NaN,NaN,0,0.747037887573242
C034,C,1,166,NaN,1,0,NaN,NaN
C034,C,1,167,1,NaN,NaN,0,0.34407901763916
C034,C,1,168,1,NaN,NaN,0,0.516196966171265
C034,C,1,169,1,NaN,NaN,0,0.300860166549683
C034,C,1,170,1,NaN,NaN,0,0.42129111289978
C034,C,1,171,1,NaN,NaN,0,0.446063041687012
C034,C,1,172,1,NaN,NaN,0,0.32070779800415
C034,C,1,173,1,NaN,NaN,0,0.300845861434937
C034,C,1,174,1,NaN,NaN,0,0.497529029846191
C034,C,1,175,1,NaN,NaN,0,0.462357997894287
C034,C,1,176,NaN,1,0,NaN,NaN
C034,C,1,177,1,NaN,NaN,0,0.237488031387329
C034,C,1,178,1,NaN,NaN,0,0.2556471824646
C034,C,1,179,1,NaN,NaN,0,0.312457084655762
C034,C,1,180,1,NaN,NaN,0,0.301226854324341
C034,C,1,181,1,NaN,NaN,0,0.249761819839478
C034,C,1,182,1,NaN,NaN,0,0.317507028579712
C034,C,1,183,1,NaN,NaN,0,0.256085157394409
C034,C,1,184,1,NaN,NaN,0,0.289322853088379
C034,C,1,185,1,NaN,NaN,0,0.251706838607788
C034,C,1,186,NaN,1,0,NaN,NaN
C034,C,1,187,1,NaN,NaN,0,0.224323034286499
C034,C,1,188,1,NaN,NaN,0,0.247289896011353
C034,C,1,189,1,NaN,NaN,0,0.247054100036621
C034,C,1,190,1,NaN,NaN,0,0.27111291885376
C034,C,1,191,1,NaN,NaN,0,0.265636920928955
C034,C,1,192,1,NaN,NaN,0,0.26781702041626
C034,C,1,193,1,NaN,NaN,0,0.269192934036255
C034,C,1,194,1,NaN,NaN,0,0.291810035705566
C034,C,1,195,1,NaN,NaN,0,0.291830062866211
C034,C,1,196,1,NaN,NaN,0,0.325335025787354
C034,C,1,197,NaN,1,0,NaN,NaN
C034,C,1,198,1,NaN,NaN,0,0.219513893127441
C034,C,1,199,1,NaN,NaN,0,0.226425886154175
C034,C,1,200,NaN,0,1,NaN,NaN
C034,C,1,201,1,NaN,NaN,0,0.279584884643555
C034,C,1,202,1,NaN,NaN,0,0.355217218399048
C034,C,1,203,1,NaN,NaN,0,0.31229305267334
C034,C,1,204,1,NaN,NaN,0,0.38648796081543
C034,C,1,205,1,NaN,NaN,0,0.436079978942871
C034,C,1,206,1,NaN,NaN,0,0.354128122329712
C034,C,1,207,1,NaN,NaN,0,0.282738924026489
C034,C,1,208,1,NaN,NaN,0,0.343822956085205
C034,C,1,209,1,NaN,NaN,0,0.363493919372559
C034,C,1,210,1,NaN,NaN,0,0.387909173965454
C034,C,1,211,1,NaN,NaN,0,0.409170150756836
C034,C,1,212,1,NaN,NaN,0,0.462018013000488
C034,C,1,213,1,NaN,NaN,0,0.379338026046753
C034,C,1,214,NaN,1,0,NaN,NaN
C034,C,1,215,1,NaN,NaN,0,0.292708873748779
C034,C,1,216,1,NaN,NaN,0,0.409501791000366
C034,C,1,217,1,NaN,NaN,0,0.453253984451294
C034,C,1,218,1,NaN,NaN,0,0.506685972213745
C034,C,1,219,1,NaN,NaN,0,0.404966115951538
C034,C,1,220,1,NaN,NaN,0,0.396856069564819
C034,C,1,221,1,NaN,NaN,0,0.453763961791992
C034,C,1,222,1,NaN,NaN,0,0.592115163803101
C034,C,1,223,NaN,1,0,NaN,NaN
C034,C,1,224,1,NaN,NaN,0,0.35847806930542
C034,C,1,225,1,NaN,NaN,0,0.364558935165405
C034,C,1,226,1,NaN,NaN,0,0.297926902770996
C034,C,1,227,1,NaN,NaN,0,0.595778942108154
C034,C,1,228,NaN,1,0,NaN,NaN
C034,C,1,229,1,NaN,NaN,0,0.309781074523926
C034,C,1,230,1,NaN,NaN,0,0.314772129058838
C034,C,1,231,1,NaN,NaN,0,0.311619997024536
C034,C,1,232,1,NaN,NaN,0,0.389080047607422
C034,C,1,233,1,NaN,NaN,0,0.496948003768921
C034,C,1,234,1,NaN,NaN,0,0.363193035125732
C034,C,1,235,1,NaN,NaN,0,0.440562009811401
C034,C,1,236,NaN,0,1,NaN,NaN
C034,C,1,237,1,NaN,NaN,0,0.421911001205444
C034,C,1,238,1,NaN,NaN,0,0.406693935394287
C034,C,1,239,1,NaN,NaN,0,0.28996205329895
C034,C,1,240,1,NaN,NaN,0,0.278369903564453
C034,C,1,241,1,NaN,NaN,0,0.503079891204834
C034,C,1,242,1,NaN,NaN,0,0.331657886505127
C034,C,1,243,1,NaN,NaN,0,0.271908044815063
C034,C,1,244,1,NaN,NaN,0,0.353064060211182
C034,C,1,245,1,NaN,NaN,0,0.289393901824951
C034,C,1,246,1,NaN,NaN,0,0.38348388671875
C034,C,1,247,1,NaN,NaN,0,0.308393955230713
C034,C,1,248,1,NaN,NaN,0,0.445208072662354
C034,C,1,249,NaN,1,0,NaN,NaN
C034,C,1,250,1,NaN,NaN,0,0.256938934326172
C034,C,1,251,1,NaN,NaN,0,0.246670961380005
C034,C,1,252,1,NaN,NaN,0,0.244163036346436
C034,C,1,253,1,NaN,NaN,0,0.305356979370117
C034,C,1,254,1,NaN,NaN,0,0.263171195983887
C034,C,1,255,1,NaN,NaN,0,0.247802972793579
C034,C,1,256,1,NaN,NaN,0,0.26479697227478
C034,C,1,257,NaN,1,0,NaN,NaN
C034,C,1,258,1,NaN,NaN,0,0.252412080764771
C034,C,1,259,1,NaN,NaN,0,0.246835947036743
C034,C,1,260,1,NaN,NaN,0,0.25434398651123
C034,C,1,261,1,NaN,NaN,0,0.280102014541626
C034,C,1,262,1,NaN,NaN,0,0.351042985916138
C034,C,1,263,1,NaN,NaN,0,0.352128982543945
C034,C,1,264,1,NaN,NaN,0,0.298526048660278
C034,C,1,265,1,NaN,NaN,0,0.275624990463257
C034,C,1,266,1,NaN,NaN,0,0.436784029006958
C034,C,1,267,NaN,1,0,NaN,NaN
C034,C,1,268,1,NaN,NaN,0,0.232372045516968
C034,C,1,269,1,NaN,NaN,0,0.286841869354248
C034,C,1,270,1,NaN,NaN,0,0.278971910476685
C034,C,1,271,1,NaN,NaN,0,0.292023897171021
C034,C,1,272,1,NaN,NaN,0,0.246754884719849
C034,C,1,273,NaN,1,0,NaN,NaN
C034,C,1,274,1,NaN,NaN,0,0.228194952011108
C034,C,1,275,1,NaN,NaN,0,0.246831893920898
C034,C,1,276,1,NaN,NaN,0,0.267874956130981
C034,C,1,277,1,NaN,NaN,0,0.289433002471924
C034,C,1,278,1,NaN,NaN,0,0.591917991638184
C034,C,1,279,1,NaN,NaN,0,0.513841152191162
C034,C,1,280,1,NaN,NaN,0,0.384906053543091
C034,C,1,281,1,NaN,NaN,0,0.393450021743774
C034,C,1,282,1,NaN,NaN,0,0.366995096206665
C034,C,1,283,1,NaN,NaN,0,0.429341077804565
C034,C,1,284,1,NaN,NaN,0,0.442589044570923
C034,C,1,285,1,NaN,NaN,0,0.515376091003418
C034,C,1,286,NaN,1,0,NaN,NaN
C034,C,1,287,1,NaN,NaN,0,0.317682981491089
C034,C,1,288,1,NaN,NaN,0,0.299353122711182
C034,C,1,289,1,NaN,NaN,0,0.310545921325684
C034,C,1,290,1,NaN,NaN,0,0.296229124069214
C034,C,1,291,1,NaN,NaN,0,0.376071929931641
C034,C,1,292,1,NaN,NaN,0,0.269045829772949
C034,C,1,293,1,NaN,NaN,0,0.243305921554565
C034,C,1,294,NaN,0,1,NaN,NaN
C034,C,1,295,1,NaN,NaN,0,0.254949808120728
C034,C,1,296,1,NaN,NaN,0,0.382043838500977
C034,C,1,297,1,NaN,NaN,0,0.350360155105591
C034,C,1,298,1,NaN,NaN,0,0.331881046295166
C034,C,1,299,NaN,1,0,NaN,NaN
C034,C,1,300,1,NaN,NaN,0,0.287363052368164
C034,C,1,301,1,NaN,NaN,0,0.285535097122192
C034,C,1,302,1,NaN,NaN,0,0.281373977661133
C034,C,1,303,1,NaN,NaN,0,0.410408020019531
C034,C,1,304,1,NaN,NaN,0,0.382552862167358
C034,C,1,305,1,NaN,NaN,0,0.383234977722168
C034,C,1,306,1,NaN,NaN,0,0.341197967529297
C034,C,1,307,1,NaN,NaN,0,0.509375095367432
C034,C,1,308,1,NaN,NaN,0,0.370237112045288
C034,C,1,309,1,NaN,NaN,0,0.443292140960693
C034,C,1,310,1,NaN,NaN,0,0.343563079833984
C034,C,1,311,NaN,1,0,NaN,NaN
C034,C,1,312,1,NaN,NaN,0,0.224560022354126
C034,C,1,313,1,NaN,NaN,0,0.272974014282227
C034,C,1,314,1,NaN,NaN,0,0.275675058364868
C034,C,1,315,1,NaN,NaN,0,0.310527086257935
C034,C,1,316,1,NaN,NaN,0,0.600059986114502
C034,C,1,317,1,NaN,NaN,0,0.403252840042114
C034,C,1,318,1,NaN,NaN,0,0.376322031021118
C034,C,1,319,1,NaN,NaN,0,0.361654043197632
C034,C,1,320,1,NaN,NaN,0,0.335061073303223
C034,C,1,321,NaN,1,0,NaN,NaN
C034,C,1,322,1,NaN,NaN,0,0.308998823165894
C034,C,1,323,1,NaN,NaN,0,0.272641181945801
C034,C,1,324,1,NaN,NaN,0,0.229886054992676
C034,C,1,325,1,NaN,NaN,0,0.305633068084717
C034,C,1,326,1,NaN,NaN,0,0.286642074584961
C034,C,1,327,NaN,1,0,NaN,NaN
C034,C,1,328,1,NaN,NaN,0,0.251460075378418
C034,C,1,329,1,NaN,NaN,0,0.264561176300049
C034,C,1,330,1,NaN,NaN,0,0.358363151550293
C034,C,1,331,1,NaN,NaN,0,0.235146045684814
C034,C,1,332,1,NaN,NaN,0,0.284830808639526
C034,C,1,333,1,NaN,NaN,0,0.243362903594971
C034,C,1,334,1,NaN,NaN,0,0.476654052734375
C034,C,1,335,1,NaN,NaN,0,0.453584909439087
C034,C,1,336,1,NaN,NaN,0,0.306988000869751
C034,C,1,337,1,NaN,NaN,0,0.315694093704224
C034,C,1,338,NaN,1,0,NaN,NaN
C034,C,1,339,1,NaN,NaN,0,0.226977109909058
C034,C,1,340,1,NaN,NaN,0,0.388098001480103
C034,C,1,341,1,NaN,NaN,0,0.242094993591309
C034,C,1,342,1,NaN,NaN,0,0.316906929016113
C034,C,1,343,1,NaN,NaN,0,0.27283787727356
C034,C,1,344,NaN,0,1,NaN,NaN
C034,C,1,345,1,NaN,NaN,0,0.279646873474121
C034,C,1,346,1,NaN,NaN,0,0.267630100250244
C034,C,1,347,1,NaN,NaN,0,0.240816116333008
C034,C,1,348,1,NaN,NaN,0,0.229440927505493
C034,C,1,349,1,NaN,NaN,0,0.24614405632019
C034,C,1,350,1,NaN,NaN,0,0.225892066955566
C034,C,1,351,1,NaN,NaN,0,0.280853986740112
C034,C,1,352,1,NaN,NaN,0,0.317108869552612
C034,C,1,353,1,NaN,NaN,0,0.254274845123291
C034,C,1,354,1,NaN,NaN,0,0.262765169143677
C034,C,1,355,1,NaN,NaN,0,0.303653001785278
C034,C,1,356,1,NaN,NaN,0,0.276723861694336
C034,C,1,357,NaN,0,1,NaN,NaN
C034,C,1,358,1,NaN,NaN,0,0.316503047943115
C034,C,1,359,1,NaN,NaN,0,0.248864889144897
C034,C,1,360,1,NaN,NaN,0,0.249286890029907
C034,C,1,361,1,NaN,NaN,0,0.285660028457642
C034,C,1,362,NaN,0,1,NaN,NaN
C034,C,1,363,1,NaN,NaN,0,0.296952962875366
C034,C,1,364,1,NaN,NaN,0,0.253385782241821
C034,C,1,365,1,NaN,NaN,0,0.255308151245117
C034,C,1,366,1,NaN,NaN,0,0.581958055496216
C034,C,1,367,1,NaN,NaN,0,0.362534046173096
C034,C,1,368,1,NaN,NaN,0,0.440870046615601
C034,C,1,369,1,NaN,NaN,0,0.344423055648804
C034,C,1,370,1,NaN,NaN,0,0.403640985488892
C034,C,1,371,1,NaN,NaN,0,0.461239099502563
C034,C,1,372,1,NaN,NaN,0,0.338277816772461
C034,C,1,373,1,NaN,NaN,0,0.298977851867676
C034,C,1,374,1,NaN,NaN,0,0.344514131546021
C034,C,1,375,1,NaN,NaN,0,0.449461936950684
C034,C,1,376,NaN,1,0,NaN,NaN
C034,C,1,377,1,NaN,NaN,0,0.287546873092651
C034,C,1,378,1,NaN,NaN,0,0.25068211555481
C034,C,1,379,1,NaN,NaN,0,0.291723012924194
C034,C,1,380,NaN,0,1,NaN,NaN
C034,C,1,381,1,NaN,NaN,0,0.259379863739014
C034,C,1,382,1,NaN,NaN,0,0.23661208152771
C034,C,1,383,1,NaN,NaN,0,0.253763914108276
C034,C,1,384,1,NaN,NaN,0,0.378520965576172
C034,C,1,385,1,NaN,NaN,0,0.265305042266846
C034,C,1,386,1,NaN,NaN,0,0.271989107131958
C034,C,1,387,1,NaN,NaN,0,0.357336044311523
C034,C,1,388,1,NaN,NaN,0,0.334555149078369
C034,C,1,389,1,NaN,NaN,0,0.361588954925537
C034,C,1,390,1,NaN,NaN,0,0.410505056381226
C034,C,1,391,1,NaN,NaN,0,0.33130407333374
C034,C,1,392,1,NaN,NaN,0,0.328252077102661
C034,C,1,393,1,NaN,NaN,0,0.296998023986816
C034,C,1,394,NaN,0,1,NaN,NaN
C034,C,1,395,1,NaN,NaN,0,0.290081024169922
C034,C,1,396,1,NaN,NaN,0,0.275952100753784
C034,C,1,397,1,NaN,NaN,0,0.325185060501099
C034,C,1,398,1,NaN,NaN,0,0.259490966796875
C034,C,1,399,1,NaN,NaN,0,0.347656011581421
C034,C,1,400,NaN,1,0,NaN,NaN
C034,C,1,401,1,NaN,NaN,0,0.269053936004639
C034,C,1,402,1,NaN,NaN,0,0.408642053604126
C034,C,1,403,1,NaN,NaN,0,0.409775972366333
C034,C,1,404,1,NaN,NaN,0,0.268740892410278
C034,C,1,405,1,NaN,NaN,0,0.350536108016968
C034,C,1,406,1,NaN,NaN,0,0.580643892288208
C034,C,1,407,1,NaN,NaN,0,0.375369071960449
C034,C,1,408,1,NaN,NaN,0,0.402544975280762
C034,C,1,409,1,NaN,NaN,0,0.351562976837158
C034,C,1,410,1,NaN,NaN,0,0.434017181396484
C034,C,1,411,1,NaN,NaN,0,0.469547033309937
C034,C,1,412,1,NaN,NaN,0,0.477327108383179
C034,C,1,413,NaN,1,0,NaN,NaN
C034,C,1,414,1,NaN,NaN,0,0.310299873352051
C034,C,1,415,1,NaN,NaN,0,0.278418064117432
C034,C,1,416,1,NaN,NaN,0,0.301287889480591
C034,C,1,417,1,NaN,NaN,0,0.282366991043091
C034,C,1,418,1,NaN,NaN,0,0.283921957015991
C034,C,1,419,NaN,1,0,NaN,NaN
C034,C,1,420,1,NaN,NaN,0,0.277131795883179
C034,C,1,421,1,NaN,NaN,0,0.28437614440918
C034,C,1,422,1,NaN,NaN,0,0.313843965530396
C034,C,1,423,1,NaN,NaN,0,0.324187040328979
C034,C,1,424,1,NaN,NaN,0,0.28132700920105
C034,C,1,425,1,NaN,NaN,0,0.256645917892456
C034,C,1,426,1,NaN,NaN,0,0.340780973434448
C034,C,1,427,1,NaN,NaN,0,0.607464075088501
C034,C,1,428,1,NaN,NaN,0,0.444560050964355
C034,C,1,429,1,NaN,NaN,0,0.447796106338501
C034,C,1,430,1,NaN,NaN,0,0.415657997131348
C034,C,1,431,NaN,1,0,NaN,NaN
C034,C,1,432,1,NaN,NaN,0,0.267421007156372
C034,C,1,433,1,NaN,NaN,0,0.402086019515991
C034,C,1,434,1,NaN,NaN,0,0.299309968948364
C034,C,1,435,1,NaN,NaN,0,0.356215953826904
C034,C,1,436,1,NaN,NaN,0,0.292828798294067
C034,C,1,437,1,NaN,NaN,0,0.369469881057739
C034,C,1,438,1,NaN,NaN,0,0.366189002990723
C034,C,1,439,NaN,1,0,NaN,NaN
C034,C,1,440,1,NaN,NaN,0,0.250622987747192
C034,C,1,441,1,NaN,NaN,0,0.30213189125061
C034,C,1,442,1,NaN,NaN,0,0.360032081604004
C034,C,1,443,1,NaN,NaN,0,0.30323600769043
C034,C,1,444,1,NaN,NaN,0,0.379230976104736
C034,C,1,445,NaN,1,0,NaN,NaN
C034,C,1,446,1,NaN,NaN,0,0.251182079315186
C034,C,1,447,1,NaN,NaN,0,0.309618949890137
C034,C,1,448,1,NaN,NaN,0,0.428312063217163
C034,C,1,449,1,NaN,NaN,0,0.509412050247192
C034,C,1,450,1,NaN,NaN,0,0.340843915939331
C034,C,1,451,1,NaN,NaN,0,0.449946165084839
C034,C,1,452,1,NaN,NaN,0,0.355077981948853
C034,C,1,453,NaN,1,0,NaN,NaN
C034,C,1,454,1,NaN,NaN,0,0.271768093109131
C034,C,1,455,1,NaN,NaN,0,0.285549879074097
C034,C,1,456,1,NaN,NaN,0,0.284378051757812
C034,C,1,457,1,NaN,NaN,0,0.311121940612793
C034,C,1,458,1,NaN,NaN,0,0.315449953079224
C034,C,1,459,1,NaN,NaN,0,0.284878969192505
C034,C,1,460,1,NaN,NaN,0,0.402415990829468
C034,C,1,461,1,NaN,NaN,0,0.395283937454224
C034,C,1,462,NaN,1,0,NaN,NaN
C034,C,1,463,1,NaN,NaN,0,0.483800888061523
C034,C,1,464,1,NaN,NaN,0,0.459626913070679
C034,C,1,465,1,NaN,NaN,0,0.430421113967896
C034,C,1,466,1,NaN,NaN,0,0.499029159545898
C034,C,1,467,1,NaN,NaN,0,0.329461097717285
C034,C,1,468,1,NaN,NaN,0,0.370233058929443
C034,C,1,469,1,NaN,NaN,0,0.327598810195923
C034,C,1,470,1,NaN,NaN,0,0.556647062301636
C034,C,1,471,1,NaN,NaN,0,0.313978910446167
C034,C,1,472,1,NaN,NaN,0,0.423452138900757
C034,C,1,473,NaN,1,0,NaN,NaN
C034,C,1,474,1,NaN,NaN,0,0.348282098770142
C034,C,1,475,1,NaN,NaN,0,0.254882097244263
C034,C,1,476,1,NaN,NaN,0,0.264282941818237
C034,C,1,477,1,NaN,NaN,0,0.29512095451355
C034,C,1,478,1,NaN,NaN,0,0.298964023590088
C034,C,1,479,1,NaN,NaN,0,0.27904200553894
C034,C,1,480,1,NaN,NaN,0,0.310379981994629
C034,C,1,481,NaN,0,1,NaN,NaN
C034,C,1,482,1,NaN,NaN,0,0.275057077407837
C034,C,1,483,1,NaN,NaN,0,0.243687152862549
C034,C,1,484,1,NaN,NaN,0,0.2844078540802
C034,C,1,485,1,NaN,NaN,0,0.261553049087524
C034,C,1,486,1,NaN,NaN,0,0.322287797927856
C034,C,1,487,1,NaN,NaN,0,0.751690864562988
C034,C,1,488,1,NaN,NaN,0,0.41706395149231
C034,C,1,489,1,NaN,NaN,0,0.288371086120605
C034,C,1,490,1,NaN,NaN,0,0.326995134353638
C034,C,1,491,1,NaN,NaN,0,0.396008968353271
C034,C,1,492,1,NaN,NaN,0,0.285230159759521
C034,C,1,493,1,NaN,NaN,0,0.370228052139282
C034,C,1,494,NaN,1,0,NaN,NaN
C034,C,1,495,1,NaN,NaN,0,0.361478090286255
C034,C,1,496,1,NaN,NaN,0,0.290796995162964
C034,C,1,497,1,NaN,NaN,0,0.243965864181519
C034,C,1,498,1,NaN,NaN,0,0.250879049301147
C034,C,1,499,1,NaN,NaN,0,0.263784170150757
C034,C,1,500,1,NaN,NaN,0,0.335637092590332
C034,C,1,501,1,NaN,NaN,0,0.322062969207764
C034,C,1,502,NaN,0,1,NaN,NaN
C034,C,1,503,1,NaN,NaN,0,0.322539091110229
C034,C,1,504,1,NaN,NaN,0,0.236862182617188
C034,C,1,505,1,NaN,NaN,0,0.270594835281372
C034,C,1,506,1,NaN,NaN,0,0.377219915390015
C034,C,1,507,1,NaN,NaN,0,0.436036109924316
C034,C,1,508,1,NaN,NaN,0,0.329281091690063
C034,C,1,509,1,NaN,NaN,0,0.305338144302368
C034,C,1,510,1,NaN,NaN,0,0.291617155075073
C034,C,1,511,NaN,1,0,NaN,NaN
C034,C,1,512,1,NaN,NaN,0,0.235587120056152
C034,C,1,513,1,NaN,NaN,0,0.335828065872192
C034,C,1,514,1,NaN,NaN,0,0.308876037597656
C034,C,1,515,1,NaN,NaN,0,0.322894096374512
C034,C,1,516,1,NaN,NaN,0,0.258555889129639
C034,C,1,517,1,NaN,NaN,0,0.386818885803223
C034,C,1,518,1,NaN,NaN,0,0.37570595741272
C034,C,1,519,1,NaN,NaN,0,0.402137994766235
C034,C,1,520,NaN,1,0,NaN,NaN
C034,C,1,521,1,NaN,NaN,0,0.256160974502563
C034,C,1,522,1,NaN,NaN,0,0.259692907333374
C034,C,1,523,1,NaN,NaN,0,0.285377979278564
C034,C,1,524,1,NaN,NaN,0,0.24756908416748
C034,C,1,525,1,NaN,NaN,0,0.278955221176147
C034,C,1,526,NaN,0,1,NaN,NaN
C034,C,1,527,1,NaN,NaN,0,0.417398929595947
C034,C,1,528,1,NaN,NaN,0,0.282057046890259
C034,C,1,529,1,NaN,NaN,0,0.371015071868896
C034,C,1,530,1,NaN,NaN,0,0.386247158050537
C034,C,1,531,1,NaN,NaN,0,0.331119060516357
C034,C,1,532,1,NaN,NaN,0,0.299005031585693
C034,C,1,533,1,NaN,NaN,0,0.359483957290649
C034,C,1,534,1,NaN,NaN,0,0.286577939987183
C034,C,1,535,1,NaN,NaN,0,0.399229049682617
C034,C,1,536,1,NaN,NaN,0,0.353011131286621
C034,C,1,537,1,NaN,NaN,0,0.375072956085205
C034,C,1,538,NaN,0,1,NaN,NaN
C034,C,1,539,1,NaN,NaN,0,0.289880037307739
C034,C,1,540,1,NaN,NaN,0,0.241371870040894
C034,C,1,541,1,NaN,NaN,0,0.283381938934326
C034,C,1,542,1,NaN,NaN,0,0.287537813186646
C034,C,1,543,1,NaN,NaN,0,0.326956987380981
C034,C,1,544,1,NaN,NaN,0,0.354179859161377
C034,C,1,545,1,NaN,NaN,0,0.364850997924805
C034,C,1,546,1,NaN,NaN,0,0.310122966766357
C034,C,1,547,NaN,1,0,NaN,NaN
C034,C,1,548,1,NaN,NaN,0,0.252213954925537
C034,C,1,549,1,NaN,NaN,0,0.282887935638428
C034,C,1,550,1,NaN,NaN,0,0.363384008407593
C034,C,1,551,1,NaN,NaN,0,0.400946140289307
C034,C,1,552,1,NaN,NaN,0,0.587320804595947
C034,C,1,553,1,NaN,NaN,0,0.407831907272339
C034,C,1,554,1,NaN,NaN,0,0.405421018600464
C034,C,1,555,1,NaN,NaN,0,0.349323987960815
C034,C,1,556,NaN,1,0,NaN,NaN
C034,C,1,557,1,NaN,NaN,0,0.275895118713379
C034,C,1,558,1,NaN,NaN,0,0.383121967315674
C034,C,1,559,1,NaN,NaN,0,0.402665138244629
C034,C,1,560,1,NaN,NaN,0,0.422080039978027
C034,C,1,561,1,NaN,NaN,0,0.680069923400879
C034,C,1,562,1,NaN,NaN,0,0.365285873413086
C034,C,1,563,1,NaN,NaN,0,0.387056827545166
C034,C,1,564,1,NaN,NaN,0,0.452357053756714
C034,C,1,565,1,NaN,NaN,0,0.42960000038147
C034,C,1,566,NaN,1,0,NaN,NaN
C034,C,1,567,1,NaN,NaN,0,0.325357913970947
C034,C,1,568,1,NaN,NaN,0,0.361900091171265
C034,C,1,569,1,NaN,NaN,0,0.381539106369019
C034,C,1,570,1,NaN,NaN,0,0.354010105133057
C034,C,1,571,1,NaN,NaN,0,0.50150990486145
C034,C,1,572,1,NaN,NaN,0,0.30674409866333
C034,C,1,573,1,NaN,NaN,0,0.35167407989502
C034,C,1,574,NaN,1,0,NaN,NaN
C034,C,1,575,1,NaN,NaN,0,0.288390159606934
C034,C,1,576,1,NaN,NaN,0,0.280351161956787
C034,C,1,577,1,NaN,NaN,0,0.327517032623291
C034,C,1,578,1,NaN,NaN,0,0.365389108657837
C034,C,1,579,NaN,0,1,NaN,NaN
C034,C,1,580,1,NaN,NaN,0,0.301167011260986
C034,C,1,581,1,NaN,NaN,0,0.341500043869019
C034,C,1,582,1,NaN,NaN,0,0.345128059387207
C034,C,2,1,1,NaN,NaN,0,0.985691070556641
C034,C,2,2,1,NaN,NaN,0,0.515192031860352
C034,C,2,3,1,NaN,NaN,0,0.395853996276855
C034,C,2,4,1,NaN,NaN,0,0.351690769195557
C034,C,2,5,NaN,1,0,NaN,NaN
C034,C,2,6,1,NaN,NaN,0,0.247835159301758
C034,C,2,7,1,NaN,NaN,0,0.329471111297607
C034,C,2,8,1,NaN,NaN,0,0.277406930923462
C034,C,2,9,1,NaN,NaN,0,0.338594913482666
C034,C,2,10,1,NaN,NaN,0,0.287979125976562
C034,C,2,11,1,NaN,NaN,0,0.372521162033081
C034,C,2,12,1,NaN,NaN,0,0.294379949569702
C034,C,2,13,1,NaN,NaN,0,0.3923180103302
C034,C,2,14,1,NaN,NaN,0,0.369256019592285
C034,C,2,15,1,NaN,NaN,0,0.329878807067871
C034,C,2,16,1,NaN,NaN,0,0.483283042907715
C034,C,2,17,NaN,1,0,NaN,NaN
C034,C,2,18,1,NaN,NaN,0,0.32561993598938
C034,C,2,19,1,NaN,NaN,0,0.319451093673706
C034,C,2,20,1,NaN,NaN,0,0.352742910385132
C034,C,2,21,1,NaN,NaN,0,0.368381977081299
C034,C,2,22,NaN,1,0,NaN,NaN
C034,C,2,23,1,NaN,NaN,0,0.264439105987549
C034,C,2,24,1,NaN,NaN,0,0.343250036239624
C034,C,2,25,1,NaN,NaN,0,0.410298109054565
C034,C,2,26,1,NaN,NaN,0,0.441106081008911
C034,C,2,27,1,NaN,NaN,0,0.369774103164673
C034,C,2,28,1,NaN,NaN,0,0.31554102897644
C034,C,2,29,1,NaN,NaN,0,0.344331979751587
C034,C,2,30,1,NaN,NaN,0,0.448983907699585
C034,C,2,31,NaN,1,0,NaN,NaN
C034,C,2,32,1,NaN,NaN,0,0.290135145187378
C034,C,2,33,1,NaN,NaN,0,0.346989870071411
C034,C,2,34,1,NaN,NaN,0,0.257299900054932
C034,C,2,35,1,NaN,NaN,0,0.275130033493042
C034,C,2,36,1,NaN,NaN,0,0.305915832519531
C034,C,2,37,1,NaN,NaN,0,0.351146936416626
C034,C,2,38,1,NaN,NaN,0,0.363128185272217
C034,C,2,39,NaN,1,0,NaN,NaN
C034,C,2,40,1,NaN,NaN,0,0.279793977737427
C034,C,2,41,1,NaN,NaN,0,0.333040952682495
C034,C,2,42,1,NaN,NaN,0,0.308811187744141
C034,C,2,43,1,NaN,NaN,0,0.273933172225952
C034,C,2,44,1,NaN,NaN,0,0.351457118988037
C034,C,2,45,1,NaN,NaN,0,0.588582038879395
C034,C,2,46,1,NaN,NaN,0,0.384647846221924
C034,C,2,47,1,NaN,NaN,0,0.34165096282959
C034,C,2,48,1,NaN,NaN,0,0.440300941467285
C034,C,2,49,1,NaN,NaN,0,0.467458009719849
C034,C,2,50,1,NaN,NaN,0,0.44715690612793
C034,C,2,51,NaN,1,0,NaN,NaN
C034,C,2,52,1,NaN,NaN,0,0.310281991958618
C034,C,2,53,1,NaN,NaN,0,0.361609935760498
C034,C,2,54,1,NaN,NaN,0,0.345844030380249
C034,C,2,55,1,NaN,NaN,0,0.306457996368408
C034,C,2,56,1,NaN,NaN,0,0.411107063293457
C034,C,2,57,1,NaN,NaN,0,0.404567003250122
C034,C,2,58,NaN,0,1,NaN,NaN
C034,C,2,59,1,NaN,NaN,0,0.290292024612427
C034,C,2,60,1,NaN,NaN,0,0.257979869842529
C034,C,2,61,1,NaN,NaN,0,0.216474771499634
C034,C,2,62,1,NaN,NaN,0,0.261765003204346
C034,C,2,63,1,NaN,NaN,0,0.282553911209106
C034,C,2,64,1,NaN,NaN,0,0.254190921783447
C034,C,2,65,1,NaN,NaN,0,0.254966974258423
C034,C,2,66,1,NaN,NaN,0,0.16218113899231
C034,C,2,67,1,NaN,NaN,0,0.312950849533081
C034,C,2,68,1,NaN,NaN,0,0.277592897415161
C034,C,2,69,NaN,1,0,NaN,NaN
C034,C,2,70,1,NaN,NaN,0,0.298519849777222
C034,C,2,71,1,NaN,NaN,0,0.303865909576416
C034,C,2,72,1,NaN,NaN,0,0.362612009048462
C034,C,2,73,1,NaN,NaN,0,0.269773960113525
C034,C,2,74,1,NaN,NaN,0,0.415127992630005
C034,C,2,75,1,NaN,NaN,0,0.2880859375
C034,C,2,76,1,NaN,NaN,0,0.30311393737793
C034,C,2,77,1,NaN,NaN,0,0.286674976348877
C034,C,2,78,1,NaN,NaN,0,0.335403919219971
C034,C,2,79,1,NaN,NaN,0,0.3349449634552
C034,C,2,80,NaN,1,0,NaN,NaN
C034,C,2,81,1,NaN,NaN,0,0.277121067047119
C034,C,2,82,1,NaN,NaN,0,0.262755870819092
C034,C,2,83,NaN,0,1,NaN,NaN
C034,C,2,84,1,NaN,NaN,0,0.316915988922119
C034,C,2,85,1,NaN,NaN,0,0.291939973831177
C034,C,2,86,1,NaN,NaN,0,0.319540977478027
C034,C,2,87,1,NaN,NaN,0,0.646168947219849
C034,C,2,88,1,NaN,NaN,0,0.44448184967041
C034,C,2,89,1,NaN,NaN,0,0.308850049972534
C034,C,2,90,1,NaN,NaN,0,0.332715034484863
C034,C,2,91,1,NaN,NaN,0,0.411588907241821
C034,C,2,92,1,NaN,NaN,0,0.367244958877563
C034,C,2,93,1,NaN,NaN,0,0.429543972015381
C034,C,2,94,1,NaN,NaN,0,0.34761118888855
C034,C,2,95,1,NaN,NaN,0,0.364880084991455
C034,C,2,96,NaN,1,0,NaN,NaN
C034,C,2,97,1,NaN,NaN,0,0.258432865142822
C034,C,2,98,1,NaN,NaN,0,0.268068790435791
C034,C,2,99,1,NaN,NaN,0,0.288998126983643
C034,C,2,100,1,NaN,NaN,0,0.342499017715454
C034,C,2,101,1,NaN,NaN,0,0.329238891601562
C034,C,2,102,NaN,0,1,NaN,NaN
C034,C,2,103,1,NaN,NaN,0,0.313500881195068
C034,C,2,104,1,NaN,NaN,0,0.250020980834961
C034,C,2,105,1,NaN,NaN,0,0.254554986953735
C034,C,2,106,1,NaN,NaN,0,0.282802104949951
C034,C,2,107,1,NaN,NaN,0,0.275750875473022
C034,C,2,108,1,NaN,NaN,0,0.279245138168335
C034,C,2,109,1,NaN,NaN,0,0.235787153244019
C034,C,2,110,1,NaN,NaN,0,0.280773878097534
C034,C,2,111,1,NaN,NaN,0,0.279250144958496
C034,C,2,112,1,NaN,NaN,0,0.29577112197876
C034,C,2,113,1,NaN,NaN,0,0.297778844833374
C034,C,2,114,NaN,0,1,NaN,NaN
C034,C,2,115,1,NaN,NaN,0,0.310003042221069
C034,C,2,116,1,NaN,NaN,0,0.419632911682129
C034,C,2,117,1,NaN,NaN,0,0.415634870529175
C034,C,2,118,1,NaN,NaN,0,0.427572965621948
C034,C,2,119,1,NaN,NaN,0,0.400057077407837
C034,C,2,120,1,NaN,NaN,0,0.335715055465698
C034,C,2,121,1,NaN,NaN,0,0.349884986877441
C034,C,2,122,1,NaN,NaN,0,0.385954856872559
C034,C,2,123,1,NaN,NaN,0,0.329215049743652
C034,C,2,124,NaN,1,0,NaN,NaN
C034,C,2,125,1,NaN,NaN,0,0.273997068405151
C034,C,2,126,1,NaN,NaN,0,0.264853954315186
C034,C,2,127,1,NaN,NaN,0,0.243960857391357
C034,C,2,128,1,NaN,NaN,0,0.293256044387817
C034,C,2,129,1,NaN,NaN,0,0.281015872955322
C034,C,2,130,1,NaN,NaN,0,0.278547048568726
C034,C,2,131,1,NaN,NaN,0,0.472019910812378
C034,C,2,132,1,NaN,NaN,0,0.361326217651367
C034,C,2,133,NaN,1,0,NaN,NaN
C034,C,2,134,1,NaN,NaN,0,0.213042020797729
C034,C,2,135,1,NaN,NaN,0,0.364430904388428
C034,C,2,136,1,NaN,NaN,0,0.34578800201416
C034,C,2,137,1,NaN,NaN,0,0.37889289855957
C034,C,2,138,1,NaN,NaN,0,0.384653091430664
C034,C,2,139,1,NaN,NaN,0,0.331852912902832
C034,C,2,140,NaN,0,1,NaN,NaN
C034,C,2,141,1,NaN,NaN,0,0.261673927307129
C034,C,2,142,1,NaN,NaN,0,0.719139099121094
C034,C,2,143,1,NaN,NaN,0,0.499027967453003
C034,C,2,144,1,NaN,NaN,0,0.452740907669067
C034,C,2,145,1,NaN,NaN,0,0.422358989715576
C034,C,2,146,1,NaN,NaN,0,0.510059118270874
C034,C,2,147,1,NaN,NaN,0,0.524099826812744
C034,C,2,148,NaN,1,0,NaN,NaN
C034,C,2,149,1,NaN,NaN,0,0.307772874832153
C034,C,2,150,1,NaN,NaN,0,0.268805980682373
C034,C,2,151,1,NaN,NaN,0,0.327242136001587
C034,C,2,152,1,NaN,NaN,0,0.312526941299438
C034,C,2,153,1,NaN,NaN,0,0.318933963775635
C034,C,2,154,1,NaN,NaN,0,0.348666906356812
C034,C,2,155,1,NaN,NaN,0,0.444321870803833
C034,C,2,156,NaN,1,0,NaN,NaN
C034,C,2,157,1,NaN,NaN,0,0.325696229934692
C034,C,2,158,1,NaN,NaN,0,0.283669948577881
C034,C,2,159,1,NaN,NaN,0,0.358721971511841
C034,C,2,160,1,NaN,NaN,0,0.390271186828613
C034,C,2,161,1,NaN,NaN,0,0.485687017440796
C034,C,2,162,1,NaN,NaN,0,0.332304954528809
C034,C,2,163,1,NaN,NaN,0,0.375437021255493
C034,C,2,164,1,NaN,NaN,0,0.387009859085083
C034,C,2,165,1,NaN,NaN,0,0.308053016662598
C034,C,2,166,1,NaN,NaN,0,0.40910792350769
C034,C,2,167,1,NaN,NaN,0,0.401425838470459
C034,C,2,168,1,NaN,NaN,0,0.338177919387817
C034,C,2,169,NaN,1,0,NaN,NaN
C034,C,2,170,1,NaN,NaN,0,0.297608852386475
C034,C,2,171,1,NaN,NaN,0,0.351334095001221
C034,C,2,172,1,NaN,NaN,0,0.332821846008301
C034,C,2,173,1,NaN,NaN,0,0.425303220748901
C034,C,2,174,1,NaN,NaN,0,0.374461889266968
C034,C,2,175,1,NaN,NaN,0,0.390516996383667
C034,C,2,176,NaN,1,0,NaN,NaN
C034,C,2,177,1,NaN,NaN,0,0.422826766967773
C034,C,2,178,1,NaN,NaN,0,0.300291061401367
C034,C,2,179,1,NaN,NaN,0,0.316796064376831
C034,C,2,180,1,NaN,NaN,0,0.388315916061401
C034,C,2,181,1,NaN,NaN,0,0.389833927154541
C034,C,2,182,1,NaN,NaN,0,0.475285053253174
C034,C,2,183,NaN,1,0,NaN,NaN
C034,C,2,184,1,NaN,NaN,0,0.282261848449707
C034,C,2,185,1,NaN,NaN,0,0.273711919784546
C034,C,2,186,1,NaN,NaN,0,0.437944889068604
C034,C,2,187,1,NaN,NaN,0,0.32350492477417
C034,C,2,188,1,NaN,NaN,0,0.422665119171143
C034,C,2,189,1,NaN,NaN,0,0.398041009902954
C034,C,2,190,1,NaN,NaN,0,0.381466865539551
C034,C,2,191,NaN,1,0,NaN,NaN
C034,C,2,192,1,NaN,NaN,0,0.303338050842285
C034,C,2,193,1,NaN,NaN,0,0.328670024871826
C034,C,2,194,1,NaN,NaN,0,0.513758897781372
C034,C,2,195,1,NaN,NaN,0,0.36584210395813
C034,C,2,196,1,NaN,NaN,0,0.300455808639526
C034,C,2,197,1,NaN,NaN,0,0.428073883056641
C034,C,2,198,1,NaN,NaN,0,0.380643844604492
C034,C,2,199,1,NaN,NaN,0,0.381791114807129
C034,C,2,200,1,NaN,NaN,0,0.344518899917603
C034,C,2,201,1,NaN,NaN,0,0.843094110488892
C034,C,2,202,1,NaN,NaN,0,0.450363874435425
C034,C,2,203,1,NaN,NaN,0,0.455051898956299
C034,C,2,204,1,NaN,NaN,0,0.394548177719116
C034,C,2,205,NaN,1,0,NaN,NaN
C034,C,2,206,1,NaN,NaN,0,0.312319993972778
C034,C,2,207,1,NaN,NaN,0,0.361531019210815
C034,C,2,208,1,NaN,NaN,0,0.329352140426636
C034,C,2,209,NaN,0,1,NaN,NaN
C034,C,2,210,1,NaN,NaN,0,0.300412893295288
C034,C,2,211,1,NaN,NaN,0,0.311611890792847
C034,C,2,212,1,NaN,NaN,0,0.31229305267334
C034,C,2,213,1,NaN,NaN,0,0.341349124908447
C034,C,2,214,1,NaN,NaN,0,0.342383146286011
C034,C,2,215,1,NaN,NaN,0,0.411249160766602
C034,C,2,216,1,NaN,NaN,0,0.290199995040894
C034,C,2,217,1,NaN,NaN,0,0.317836999893188
C034,C,2,218,1,NaN,NaN,0,0.31862998008728
C034,C,2,219,1,NaN,NaN,0,0.355068922042847
C034,C,2,220,1,NaN,NaN,0,0.307017087936401
C034,C,2,221,1,NaN,NaN,0,0.344030141830444
C034,C,2,222,1,NaN,NaN,0,0.325213193893433
C034,C,2,223,1,NaN,NaN,0,0.322798013687134
C034,C,2,224,NaN,1,0,NaN,NaN
C034,C,2,225,1,NaN,NaN,0,0.262552976608276
C034,C,2,226,1,NaN,NaN,0,0.264067888259888
C034,C,2,227,1,NaN,NaN,0,0.309024095535278
C034,C,2,228,NaN,0,1,NaN,NaN
C034,C,2,229,1,NaN,NaN,0,0.328938007354736
C034,C,2,230,1,NaN,NaN,0,0.41067910194397
C034,C,2,231,1,NaN,NaN,0,0.399078845977783
C034,C,2,232,1,NaN,NaN,0,0.364854097366333
C034,C,2,233,1,NaN,NaN,0,0.31237006187439
C034,C,2,234,1,NaN,NaN,0,0.303888082504272
C034,C,2,235,1,NaN,NaN,0,0.36021089553833
C034,C,2,236,1,NaN,NaN,0,0.416175127029419
C034,C,2,237,1,NaN,NaN,0,0.338203907012939
C034,C,2,238,1,NaN,NaN,0,0.345453977584839
C034,C,2,239,1,NaN,NaN,0,0.410537958145142
C034,C,2,240,1,NaN,NaN,0,0.346610069274902
C034,C,2,241,1,NaN,NaN,0,0.51504111289978
C034,C,2,242,NaN,1,0,NaN,NaN
C034,C,2,243,1,NaN,NaN,0,0.274693012237549
C034,C,2,244,1,NaN,NaN,0,0.290553092956543
C034,C,2,245,1,NaN,NaN,0,0.629166126251221
C034,C,2,246,1,NaN,NaN,0,0.442761898040771
C034,C,2,247,NaN,0,1,NaN,NaN
C034,C,2,248,1,NaN,NaN,0,0.382817029953003
C034,C,2,249,1,NaN,NaN,0,0.275876998901367
C034,C,2,250,1,NaN,NaN,0,0.240211009979248
C034,C,2,251,1,NaN,NaN,0,0.345196008682251
C034,C,2,252,1,NaN,NaN,0,0.909249067306519
C034,C,2,253,1,NaN,NaN,0,0.467675924301147
C034,C,2,254,1,NaN,NaN,0,0.443459033966064
C034,C,2,255,1,NaN,NaN,0,0.462540864944458
C034,C,2,256,1,NaN,NaN,0,0.511992931365967
C034,C,2,257,NaN,1,0,NaN,NaN
C034,C,2,258,1,NaN,NaN,0,0.287194013595581
C034,C,2,259,1,NaN,NaN,0,0.269814014434814
C034,C,2,260,1,NaN,NaN,0,0.296271085739136
C034,C,2,261,1,NaN,NaN,0,0.249598026275635
C034,C,2,262,1,NaN,NaN,0,0.241919994354248
C034,C,2,263,1,NaN,NaN,0,0.35233998298645
C034,C,2,264,NaN,1,0,NaN,NaN
C034,C,2,265,1,NaN,NaN,0,0.280823945999146
C034,C,2,266,1,NaN,NaN,0,0.225636005401611
C034,C,2,267,1,NaN,NaN,0,0.304934978485107
C034,C,2,268,1,NaN,NaN,0,0.350708961486816
C034,C,2,269,1,NaN,NaN,0,0.284106016159058
C034,C,2,270,1,NaN,NaN,0,0.259887933731079
C034,C,2,271,1,NaN,NaN,0,0.351464986801147
C034,C,2,272,NaN,1,0,NaN,NaN
C034,C,2,273,1,NaN,NaN,0,0.164046049118042
C034,C,2,274,1,NaN,NaN,0,0.373272895812988
C034,C,2,275,1,NaN,NaN,0,0.370100021362305
C034,C,2,276,1,NaN,NaN,0,0.315146923065186
C034,C,2,277,1,NaN,NaN,0,0.294204950332642
C034,C,2,278,1,NaN,NaN,0,0.300148010253906
C034,C,2,279,1,NaN,NaN,0,0.271291017532349
C034,C,2,280,1,NaN,NaN,0,0.360525131225586
C034,C,2,281,1,NaN,NaN,0,0.375056982040405
C034,C,2,282,1,NaN,NaN,0,0.420327186584473
C034,C,2,283,1,NaN,NaN,0,0.331351041793823
C034,C,2,284,1,NaN,NaN,0,0.442823171615601
C034,C,2,285,1,NaN,NaN,0,0.405579805374146
C034,C,2,286,1,NaN,NaN,0,0.374752044677734
C034,C,2,287,NaN,1,0,NaN,NaN
C034,C,2,288,1,NaN,NaN,0,0.266191005706787
C034,C,2,289,1,NaN,NaN,0,0.253797054290771
C034,C,2,290,1,NaN,NaN,0,0.296144008636475
C034,C,2,291,0,NaN,NaN,1,NaN
C034,C,2,292,1,NaN,NaN,0,0.353621006011963
C034,C,2,293,1,NaN,NaN,0,0.419800996780396
C034,C,2,294,NaN,1,0,NaN,NaN
C034,C,2,295,1,NaN,NaN,0,0.241737127304077
C034,C,2,296,1,NaN,NaN,0,0.275391101837158
C034,C,2,297,1,NaN,NaN,0,0.309598922729492
C034,C,2,298,1,NaN,NaN,0,0.335102081298828
C034,C,2,299,0,NaN,NaN,1,NaN
C034,C,2,300,1,NaN,NaN,0,0.481429100036621
C034,C,2,301,1,NaN,NaN,0,0.236353874206543
C034,C,2,302,1,NaN,NaN,0,0.192704200744629
C034,C,2,303,1,NaN,NaN,0,0.243717908859253
C034,C,2,304,NaN,0,1,NaN,NaN
C034,C,2,305,1,NaN,NaN,0,0.27222204208374
C034,C,2,306,1,NaN,NaN,0,0.164039850234985
C034,C,2,307,1,NaN,NaN,0,0.268560171127319
C034,C,2,308,1,NaN,NaN,0,0.272138118743896
C034,C,2,309,1,NaN,NaN,0,0.252290964126587
C034,C,2,310,1,NaN,NaN,0,0.295493841171265
C034,C,2,311,1,NaN,NaN,0,0.339668035507202
C034,C,2,312,NaN,0,1,NaN,NaN
C034,C,2,313,1,NaN,NaN,0,0.35663104057312
C034,C,2,314,1,NaN,NaN,0,0.27035117149353
C034,C,2,315,1,NaN,NaN,0,0.268862009048462
C034,C,2,316,1,NaN,NaN,0,0.260145902633667
C034,C,2,317,1,NaN,NaN,0,0.289752006530762
C034,C,2,318,1,NaN,NaN,0,0.39673900604248
C034,C,2,319,1,NaN,NaN,0,0.311005115509033
C034,C,2,320,1,NaN,NaN,0,0.335937976837158
C034,C,2,321,1,NaN,NaN,0,0.307029962539673
C034,C,2,322,1,NaN,NaN,0,0.34343695640564
C034,C,2,323,NaN,0,1,NaN,NaN
C034,C,2,324,0,NaN,NaN,1,NaN
C034,C,2,325,1,NaN,NaN,0,NaN
C034,C,2,326,1,NaN,NaN,0,0.282371997833252
C034,C,2,327,NaN,0,1,NaN,NaN
C034,C,2,328,1,NaN,NaN,0,0.565408945083618
C034,C,2,329,1,NaN,NaN,0,0.774521827697754
C034,C,2,330,1,NaN,NaN,0,0.312288045883179
C034,C,2,331,1,NaN,NaN,0,0.288909912109375
C034,C,2,332,1,NaN,NaN,0,0.31413197517395
C034,C,2,333,1,NaN,NaN,0,0.27019214630127
C034,C,2,334,1,NaN,NaN,0,0.292236089706421
C034,C,2,335,1,NaN,NaN,0,0.360363006591797
C034,C,2,336,1,NaN,NaN,0,0.3700270652771
C034,C,2,337,1,NaN,NaN,0,0.299438953399658
C034,C,2,338,NaN,0,1,NaN,NaN
C034,C,2,339,1,NaN,NaN,0,0.284272909164429
C034,C,2,340,1,NaN,NaN,0,0.284635066986084
C034,C,2,341,1,NaN,NaN,0,0.301568031311035
C034,C,2,342,1,NaN,NaN,0,0.362145900726318
C034,C,2,343,1,NaN,NaN,0,0.312662124633789
C034,C,2,344,1,NaN,NaN,0,0.275655031204224
C034,C,2,345,NaN,1,0,NaN,NaN
C034,C,2,346,1,NaN,NaN,0,0.384615182876587
C034,C,2,347,1,NaN,NaN,0,0.509153842926025
C034,C,2,348,1,NaN,NaN,0,0.744460105895996
C034,C,2,349,1,NaN,NaN,0,0.44061803817749
C034,C,2,350,1,NaN,NaN,0,0.328366041183472
C034,C,2,351,1,NaN,NaN,0,0.518117904663086
C034,C,2,352,1,NaN,NaN,0,0.459064960479736
C034,C,2,353,1,NaN,NaN,0,0.474061012268066
C034,C,2,354,1,NaN,NaN,0,0.48194694519043
C034,C,2,355,1,NaN,NaN,0,0.713073968887329
C034,C,2,356,1,NaN,NaN,0,0.414554834365845
C034,C,2,357,NaN,1,0,NaN,NaN
C034,C,2,358,0,NaN,NaN,1,NaN
C034,C,2,359,1,NaN,NaN,0,0.957673072814941
C034,C,2,360,1,NaN,NaN,0,0.348088026046753
C034,C,2,361,1,NaN,NaN,0,0.260900020599365
C034,C,2,362,0,NaN,NaN,1,NaN
C034,C,2,363,1,NaN,NaN,0,0.204418897628784
C034,C,2,364,NaN,1,0,NaN,NaN
C034,C,2,365,1,NaN,NaN,0,0.361841917037964
C034,C,2,366,1,NaN,NaN,0,0.327841997146606
C034,C,2,367,1,NaN,NaN,0,0.290277004241943
C034,C,2,368,1,NaN,NaN,0,0.32403302192688
C034,C,2,369,1,NaN,NaN,0,0.301294088363647
C034,C,2,370,1,NaN,NaN,0,0.495170116424561
C034,C,2,371,NaN,1,0,NaN,NaN
C034,C,2,372,1,NaN,NaN,0,0.256417989730835
C034,C,2,373,1,NaN,NaN,0,0.329101085662842
C034,C,2,374,1,NaN,NaN,0,0.379759073257446
C034,C,2,375,1,NaN,NaN,0,0.361047983169556
C034,C,2,376,1,NaN,NaN,0,0.331008911132812
C034,C,2,377,1,NaN,NaN,0,0.420219898223877
C034,C,2,378,1,NaN,NaN,0,0.390057802200317
C034,C,2,379,1,NaN,NaN,0,0.282891035079956
C034,C,2,380,1,NaN,NaN,0,0.257917881011963
C034,C,2,381,1,NaN,NaN,0,0.265882968902588
C034,C,2,382,1,NaN,NaN,0,0.242541790008545
C034,C,2,383,1,NaN,NaN,0,0.308659076690674
C034,C,2,384,1,NaN,NaN,0,0.333364963531494
C034,C,2,385,1,NaN,NaN,0,0.252397060394287
C034,C,2,386,NaN,0,1,NaN,NaN
C034,C,2,387,1,NaN,NaN,0,0.292136907577515
C034,C,2,388,1,NaN,NaN,0,0.290549993515015
C034,C,2,389,1,NaN,NaN,0,NaN
C034,C,2,390,1,NaN,NaN,0,0.261465072631836
C034,C,2,391,1,NaN,NaN,0,0.270934104919434
C034,C,2,392,1,NaN,NaN,0,0.351166963577271
C034,C,2,393,1,NaN,NaN,0,0.360540151596069
C034,C,2,394,1,NaN,NaN,0,0.301154136657715
C034,C,2,395,NaN,1,0,NaN,NaN
C034,C,2,396,1,NaN,NaN,0,0.275259971618652
C034,C,2,397,1,NaN,NaN,0,0.322262048721313
C034,C,2,398,1,NaN,NaN,0,0.535243034362793
C034,C,2,399,1,NaN,NaN,0,0.66397500038147
C034,C,2,400,NaN,0,1,NaN,NaN
C034,C,2,401,1,NaN,NaN,0,0.262919902801514
C034,C,2,402,1,NaN,NaN,0,NaN
C034,C,2,403,1,NaN,NaN,0,0.264742851257324
C034,C,2,404,1,NaN,NaN,0,0.267851829528809
C034,C,2,405,1,NaN,NaN,0,0.360541105270386
C034,C,2,406,1,NaN,NaN,0,0.329828023910522
C034,C,2,407,NaN,1,0,NaN,NaN
C034,C,2,408,1,NaN,NaN,0,0.280831098556519
C034,C,2,409,1,NaN,NaN,0,0.533597230911255
C034,C,2,410,1,NaN,NaN,0,0.315039157867432
C034,C,2,411,1,NaN,NaN,0,0.607542037963867
C034,C,2,412,1,NaN,NaN,0,0.389969825744629
C034,C,2,413,1,NaN,NaN,0,0.295077085494995
C034,C,2,414,1,NaN,NaN,0,0.275105953216553
C034,C,2,415,1,NaN,NaN,0,0.490576028823853
C034,C,2,416,1,NaN,NaN,0,0.648144960403442
C034,C,2,417,1,NaN,NaN,0,0.816900014877319
C034,C,2,418,1,NaN,NaN,0,0.381808042526245
C034,C,2,419,NaN,1,0,NaN,NaN
C034,C,2,420,1,NaN,NaN,0,0.37106990814209
C034,C,2,421,1,NaN,NaN,0,0.352923154830933
C034,C,2,422,1,NaN,NaN,0,0.327593088150024
C034,C,2,423,1,NaN,NaN,0,0.370895862579346
C034,C,2,424,1,NaN,NaN,0,0.380928039550781
C034,C,2,425,NaN,1,0,NaN,NaN
C034,C,2,426,1,NaN,NaN,0,0.264693021774292
C034,C,2,427,1,NaN,NaN,0,0.399093151092529
C034,C,2,428,1,NaN,NaN,0,0.369132041931152
C034,C,2,429,1,NaN,NaN,0,0.325706958770752
C034,C,2,430,1,NaN,NaN,0,0.321866989135742
C034,C,2,431,1,NaN,NaN,0,0.282984972000122
C034,C,2,432,1,NaN,NaN,0,0.276367902755737
C034,C,2,433,1,NaN,NaN,0,0.296914100646973
C034,C,2,434,1,NaN,NaN,0,0.337664127349854
C034,C,2,435,1,NaN,NaN,0,0.34548807144165
C034,C,2,436,1,NaN,NaN,0,0.42692494392395
C034,C,2,437,1,NaN,NaN,0,0.51990795135498
C034,C,2,438,1,NaN,NaN,0,0.315412998199463
C034,C,2,439,1,NaN,NaN,0,0.349710941314697
C034,C,2,440,NaN,1,0,NaN,NaN
C034,C,2,441,1,NaN,NaN,0,0.462110996246338
C034,C,2,442,1,NaN,NaN,0,0.453021049499512
C034,C,2,443,1,NaN,NaN,0,0.45743989944458
C034,C,2,444,1,NaN,NaN,0,0.32635498046875
C034,C,2,445,1,NaN,NaN,0,0.803606033325195
C034,C,2,446,1,NaN,NaN,0,0.499266862869263
C034,C,2,447,NaN,1,0,NaN,NaN
C034,C,2,448,1,NaN,NaN,0,0.439324140548706
C034,C,2,449,1,NaN,NaN,0,0.26259708404541
C034,C,2,450,1,NaN,NaN,0,0.298295021057129
C034,C,2,451,1,NaN,NaN,0,0.377761125564575
C034,C,2,452,1,NaN,NaN,0,0.343272924423218
C034,C,2,453,1,NaN,NaN,0,0.432528018951416
C034,C,2,454,1,NaN,NaN,0,0.449731826782227
C034,C,2,455,1,NaN,NaN,0,0.406231164932251
C034,C,2,456,1,NaN,NaN,0,0.358587980270386
C034,C,2,457,NaN,1,0,NaN,NaN
C034,C,2,458,1,NaN,NaN,0,0.432215929031372
C034,C,2,459,1,NaN,NaN,0,0.389300107955933
C034,C,2,460,1,NaN,NaN,0,0.382038116455078
C034,C,2,461,1,NaN,NaN,0,0.303388118743896
C034,C,2,462,1,NaN,NaN,0,0.3384850025177
C034,C,2,463,NaN,1,0,NaN,NaN
C034,C,2,464,1,NaN,NaN,0,0.32699990272522
C034,C,2,465,1,NaN,NaN,0,0.347923994064331
C034,C,2,466,1,NaN,NaN,0,0.337779998779297
C034,C,2,467,1,NaN,NaN,0,0.333950042724609
C034,C,2,468,1,NaN,NaN,0,0.323594093322754
C034,C,2,469,1,NaN,NaN,0,0.292855978012085
C034,C,2,470,1,NaN,NaN,0,0.273827075958252
C034,C,2,471,1,NaN,NaN,0,0.307971000671387
C034,C,2,472,1,NaN,NaN,0,0.35166597366333
C034,C,2,473,NaN,1,0,NaN,NaN
C034,C,2,474,1,NaN,NaN,0,0.269973993301392
C034,C,2,475,1,NaN,NaN,0,0.294697999954224
C034,C,2,476,1,NaN,NaN,0,0.320034027099609
C034,C,2,477,1,NaN,NaN,0,0.398360967636108
C034,C,2,478,1,NaN,NaN,0,0.63699197769165
C034,C,2,479,1,NaN,NaN,0,0.319907903671265
C034,C,2,480,1,NaN,NaN,0,0.397387981414795
C034,C,2,481,1,NaN,NaN,0,0.40021014213562
C034,C,2,482,1,NaN,NaN,0,0.381119966506958
C034,C,2,483,1,NaN,NaN,0,1.03107714653015
C034,C,2,484,1,NaN,NaN,0,0.34087610244751
C034,C,2,485,NaN,0,1,NaN,NaN
C034,C,2,486,1,NaN,NaN,0,0.298437118530273
C034,C,2,487,1,NaN,NaN,0,0.262850046157837
C034,C,2,488,1,NaN,NaN,0,0.352580070495605
C034,C,2,489,NaN,0,1,NaN,NaN
C034,C,2,490,1,NaN,NaN,0,0.251689195632935
C034,C,2,491,1,NaN,NaN,0,0.244105100631714
C034,C,2,492,1,NaN,NaN,0,0.318341970443726
C034,C,2,493,1,NaN,NaN,0,0.295432090759277
C034,C,2,494,1,NaN,NaN,0,0.31331992149353
C034,C,2,495,1,NaN,NaN,0,0.381078958511353
C034,C,2,496,1,NaN,NaN,0,0.313138008117676
C034,C,2,497,1,NaN,NaN,0,0.312157154083252
C034,C,2,498,1,NaN,NaN,0,0.31498908996582
C034,C,2,499,1,NaN,NaN,0,0.334161996841431
C034,C,2,500,NaN,0,1,NaN,NaN
C034,C,2,501,1,NaN,NaN,0,0.577440023422241
C034,C,2,502,1,NaN,NaN,0,0.335224151611328
C034,C,2,503,1,NaN,NaN,0,0.349388122558594
C034,C,2,504,1,NaN,NaN,0,0.338358879089355
C034,C,2,505,1,NaN,NaN,0,0.470162153244019
C034,C,2,506,1,NaN,NaN,0,0.275696992874146
C034,C,2,507,1,NaN,NaN,0,0.252550840377808
C034,C,2,508,1,NaN,NaN,0,0.333830833435059
C034,C,2,509,NaN,1,0,NaN,NaN
C034,C,2,510,1,NaN,NaN,0,0.276433944702148
C034,C,2,511,1,NaN,NaN,0,0.411766052246094
C034,C,2,512,1,NaN,NaN,0,0.245513916015625
C034,C,2,513,1,NaN,NaN,0,0.367157936096191
C034,C,2,514,1,NaN,NaN,0,0.292609930038452
C034,C,2,515,1,NaN,NaN,0,0.252776145935059
C034,C,2,516,1,NaN,NaN,0,0.413969993591309
C034,C,2,517,NaN,1,0,NaN,NaN
C034,C,2,518,1,NaN,NaN,0,0.274774074554443
C034,C,2,519,1,NaN,NaN,0,0.26501989364624
C034,C,2,520,1,NaN,NaN,0,NaN
C034,C,2,521,1,NaN,NaN,0,0.326711893081665
C034,C,2,522,1,NaN,NaN,0,0.474256038665771
C034,C,2,523,1,NaN,NaN,0,0.377790927886963
C034,C,2,524,1,NaN,NaN,0,0.28187108039856
C034,C,2,525,1,NaN,NaN,0,0.383469820022583
C034,C,2,526,1,NaN,NaN,0,0.376750946044922
C034,C,2,527,1,NaN,NaN,0,0.366306781768799
C034,C,2,528,1,NaN,NaN,0,0.411235094070435
C034,C,2,529,NaN,1,0,NaN,NaN
C034,C,2,530,1,NaN,NaN,0,0.241558074951172
C034,C,2,531,1,NaN,NaN,0,0.239986896514893
C034,C,2,532,1,NaN,NaN,0,NaN
C034,C,2,533,1,NaN,NaN,0,NaN
C034,C,2,534,1,NaN,NaN,0,0.154394149780273
C034,C,2,535,NaN,0,1,NaN,NaN
C034,C,2,536,1,NaN,NaN,0,0.299354076385498
C034,C,2,537,1,NaN,NaN,0,0.215576887130737
C034,C,2,538,1,NaN,NaN,0,0.358517169952393
C034,C,2,539,1,NaN,NaN,0,0.278350114822388
C034,C,2,540,1,NaN,NaN,0,0.330283164978027
C034,C,2,541,1,NaN,NaN,0,0.340566873550415
C034,C,2,542,NaN,1,0,NaN,NaN
C034,C,2,543,1,NaN,NaN,0,0.449459075927734
C034,C,2,544,1,NaN,NaN,0,0.422586917877197
C034,C,2,545,1,NaN,NaN,0,0.349998950958252
C034,C,2,546,1,NaN,NaN,0,0.603348970413208
C034,C,2,547,1,NaN,NaN,0,0.360934972763062
C034,C,2,548,1,NaN,NaN,0,0.298651933670044
C034,C,2,549,1,NaN,NaN,0,0.362878084182739
C034,C,2,550,1,NaN,NaN,0,0.72407603263855
C034,C,2,551,1,NaN,NaN,0,0.526891946792603
C034,C,2,552,1,NaN,NaN,0,0.363875865936279
C034,C,2,553,1,NaN,NaN,0,0.440943956375122
C034,C,2,554,NaN,1,0,NaN,NaN
C034,C,3,1,1,NaN,NaN,0,0.716336011886597
C034,C,3,2,1,NaN,NaN,0,0.349408149719238
C034,C,3,3,1,NaN,NaN,0,0.322832822799683
C034,C,3,4,1,NaN,NaN,0,0.387670040130615
C034,C,3,5,1,NaN,NaN,0,0.43593692779541
C034,C,3,6,1,NaN,NaN,0,0.335237979888916
C034,C,3,7,1,NaN,NaN,0,0.36223292350769
C034,C,3,8,1,NaN,NaN,0,0.363863945007324
C034,C,3,9,NaN,1,0,NaN,NaN
C034,C,3,10,1,NaN,NaN,0,0.30710506439209
C034,C,3,11,1,NaN,NaN,0,0.30282998085022
C034,C,3,12,NaN,1,0,NaN,NaN
C034,C,3,13,1,NaN,NaN,0,0.318828105926514
C034,C,3,14,1,NaN,NaN,0,0.415194988250732
C034,C,3,15,1,NaN,NaN,0,0.431868076324463
C034,C,3,16,1,NaN,NaN,0,0.290753126144409
C034,C,3,17,1,NaN,NaN,0,0.278304100036621
C034,C,3,18,1,NaN,NaN,0,0.496506929397583
C034,C,3,19,1,NaN,NaN,0,0.385354042053223
C034,C,3,20,1,NaN,NaN,0,0.306730985641479
C034,C,3,21,1,NaN,NaN,0,0.315863132476807
C034,C,3,22,NaN,1,0,NaN,NaN
C034,C,3,23,1,NaN,NaN,0,0.329103946685791
C034,C,3,24,1,NaN,NaN,0,0.292879819869995
C034,C,3,25,1,NaN,NaN,0,0.351216077804565
C034,C,3,26,1,NaN,NaN,0,0.343133926391602
C034,C,3,27,1,NaN,NaN,0,0.54477596282959
C034,C,3,28,1,NaN,NaN,0,0.511662006378174
C034,C,3,29,1,NaN,NaN,0,0.305370092391968
C034,C,3,30,1,NaN,NaN,0,0.255697965621948
C034,C,3,31,NaN,0,1,NaN,NaN
C034,C,3,32,1,NaN,NaN,0,0.29400897026062
C034,C,3,33,1,NaN,NaN,0,0.264733076095581
C034,C,3,34,1,NaN,NaN,0,0.303599834442139
C034,C,3,35,1,NaN,NaN,0,0.303788900375366
C034,C,3,36,1,NaN,NaN,0,0.30530309677124
C034,C,3,37,1,NaN,NaN,0,0.31666898727417
C034,C,3,38,1,NaN,NaN,0,0.28500509262085
C034,C,3,39,1,NaN,NaN,0,NaN
C034,C,3,40,1,NaN,NaN,0,0.175618886947632
C034,C,3,41,NaN,1,0,NaN,NaN
C034,C,3,42,1,NaN,NaN,0,NaN
C034,C,3,43,1,NaN,NaN,0,0.27632999420166
C034,C,3,44,1,NaN,NaN,0,0.269906997680664
C034,C,3,45,1,NaN,NaN,0,0.314542055130005
C034,C,3,46,1,NaN,NaN,0,0.279664039611816
C034,C,3,47,1,NaN,NaN,0,0.450311183929443
C034,C,3,48,1,NaN,NaN,0,0.427635192871094
C034,C,3,49,1,NaN,NaN,0,0.300382852554321
C034,C,3,50,1,NaN,NaN,0,0.479117155075073
C034,C,3,51,NaN,1,0,NaN,NaN
C034,C,3,52,1,NaN,NaN,0,0.350376129150391
C034,C,3,53,1,NaN,NaN,0,0.398896217346191
C034,C,3,54,1,NaN,NaN,0,0.263856172561646
C034,C,3,55,1,NaN,NaN,0,0.322355985641479
C034,C,3,56,1,NaN,NaN,0,0.325946092605591
C034,C,3,57,1,NaN,NaN,0,0.43737006187439
C034,C,3,58,1,NaN,NaN,0,0.377619028091431
C034,C,3,59,1,NaN,NaN,0,0.315721035003662
C034,C,3,60,1,NaN,NaN,0,0.327178001403809
C034,C,3,61,NaN,1,0,NaN,NaN
C034,C,3,62,1,NaN,NaN,0,0.26721715927124
C034,C,3,63,1,NaN,NaN,0,0.317180156707764
C034,C,3,64,1,NaN,NaN,0,0.306897163391113
C034,C,3,65,1,NaN,NaN,0,0.323295116424561
C034,C,3,66,1,NaN,NaN,0,0.356551170349121
C034,C,3,67,1,NaN,NaN,0,0.3751380443573
C034,C,3,68,1,NaN,NaN,0,0.314281940460205
C034,C,3,69,NaN,0,1,NaN,NaN
C034,C,3,70,1,NaN,NaN,0,0.436218976974487
C034,C,3,71,1,NaN,NaN,0,0.450344085693359
C034,C,3,72,0,NaN,NaN,1,NaN
C034,C,3,73,1,NaN,NaN,0,0.368068933486938
C034,C,3,74,1,NaN,NaN,0,0.322864055633545
C034,C,3,75,1,NaN,NaN,0,0.26860523223877
C034,C,3,76,1,NaN,NaN,0,0.270638227462769
C034,C,3,77,1,NaN,NaN,0,0.347239971160889
C034,C,3,78,1,NaN,NaN,0,0.412428855895996
C034,C,3,79,1,NaN,NaN,0,0.345468997955322
C034,C,3,80,NaN,0,1,NaN,NaN
C034,C,3,81,1,NaN,NaN,0,0.261934995651245
C034,C,3,82,1,NaN,NaN,0,0.486936092376709
C034,C,3,83,1,NaN,NaN,0,0.295996904373169
C034,C,3,84,NaN,1,0,NaN,NaN
C034,C,3,85,1,NaN,NaN,0,0.457690000534058
C034,C,3,86,1,NaN,NaN,0,0.307806015014648
C034,C,3,87,1,NaN,NaN,0,0.293259859085083
C034,C,3,88,1,NaN,NaN,0,0.358346939086914
C034,C,3,89,1,NaN,NaN,0,0.292946100234985
C034,C,3,90,1,NaN,NaN,0,0.543848991394043
C034,C,3,91,1,NaN,NaN,0,0.322914123535156
C034,C,3,92,1,NaN,NaN,0,0.400499105453491
C034,C,3,93,1,NaN,NaN,0,0.394730091094971
C034,C,3,94,1,NaN,NaN,0,0.434527158737183
C034,C,3,95,1,NaN,NaN,0,0.511147022247314
C034,C,3,96,NaN,1,0,NaN,NaN
C034,C,3,97,1,NaN,NaN,0,0.396005153656006
C034,C,3,98,1,NaN,NaN,0,0.535232782363892
C034,C,3,99,1,NaN,NaN,0,0.343618869781494
C034,C,3,100,1,NaN,NaN,0,0.376634120941162
C034,C,3,101,1,NaN,NaN,0,0.404597043991089
C034,C,3,102,1,NaN,NaN,0,0.332602024078369
C034,C,3,103,1,NaN,NaN,0,0.316874980926514
C034,C,3,104,1,NaN,NaN,0,0.383177042007446
C034,C,3,105,NaN,1,0,NaN,NaN
C034,C,3,106,1,NaN,NaN,0,0.262696981430054
C034,C,3,107,1,NaN,NaN,0,0.26758599281311
C034,C,3,108,1,NaN,NaN,0,0.24993896484375
C034,C,3,109,1,NaN,NaN,0,0.298603057861328
C034,C,3,110,1,NaN,NaN,0,0.282022953033447
C034,C,3,111,1,NaN,NaN,0,0.310957908630371
C034,C,3,112,1,NaN,NaN,0,0.275051832199097
C034,C,3,113,1,NaN,NaN,0,0.270671129226685
C034,C,3,114,1,NaN,NaN,0,0.262431144714355
C034,C,3,115,NaN,0,1,NaN,NaN
C034,C,3,116,1,NaN,NaN,0,0.317629098892212
C034,C,3,117,1,NaN,NaN,0,0.373987197875977
C034,C,3,118,1,NaN,NaN,0,0.322955846786499
C034,C,3,119,NaN,0,1,NaN,NaN
C034,C,3,120,1,NaN,NaN,0,0.284754991531372
C034,C,3,121,1,NaN,NaN,0,0.31791090965271
C034,C,3,122,1,NaN,NaN,0,0.407325029373169
C034,C,3,123,1,NaN,NaN,0,0.404298782348633
C034,C,3,124,1,NaN,NaN,0,0.37650990486145
C034,C,3,125,1,NaN,NaN,0,0.409055948257446
C034,C,3,126,1,NaN,NaN,0,0.369608163833618
C034,C,3,127,1,NaN,NaN,0,0.46169114112854
C034,C,3,128,1,NaN,NaN,0,0.472415208816528
C034,C,3,129,NaN,1,0,NaN,NaN
C034,C,3,130,1,NaN,NaN,0,0.341767072677612
C034,C,3,131,1,NaN,NaN,0,0.32263708114624
C034,C,3,132,1,NaN,NaN,0,0.296938180923462
C034,C,3,133,1,NaN,NaN,0,0.386157035827637
C034,C,3,134,1,NaN,NaN,0,0.450804948806763
C034,C,3,135,1,NaN,NaN,0,0.383726119995117
C034,C,3,136,1,NaN,NaN,0,0.368582010269165
C034,C,3,137,NaN,1,0,NaN,NaN
C034,C,3,138,1,NaN,NaN,0,0.273674964904785
C034,C,3,139,1,NaN,NaN,0,0.261218070983887
C034,C,3,140,1,NaN,NaN,0,0.267486095428467
C034,C,3,141,1,NaN,NaN,0,0.337821960449219
C034,C,3,142,1,NaN,NaN,0,0.577026128768921
C034,C,3,143,1,NaN,NaN,0,0.365679025650024
C034,C,3,144,1,NaN,NaN,0,0.434355020523071
C034,C,3,145,1,NaN,NaN,0,0.355406045913696
C034,C,3,146,NaN,1,0,NaN,NaN
C034,C,3,147,1,NaN,NaN,0,0.266224145889282
C034,C,3,148,1,NaN,NaN,0,0.267462968826294
C034,C,3,149,1,NaN,NaN,0,0.267884969711304
C034,C,3,150,1,NaN,NaN,0,0.293322086334229
C034,C,3,151,1,NaN,NaN,0,0.269972085952759
C034,C,3,152,1,NaN,NaN,0,0.30323600769043
C034,C,3,153,1,NaN,NaN,0,0.326206922531128
C034,C,3,154,1,NaN,NaN,0,0.346886157989502
C034,C,3,155,NaN,1,0,NaN,NaN
C034,C,3,156,1,NaN,NaN,0,0.449519157409668
C034,C,3,157,1,NaN,NaN,0,0.328235864639282
C034,C,3,158,1,NaN,NaN,0,0.423163890838623
C034,C,3,159,1,NaN,NaN,0,0.395819187164307
C034,C,3,160,1,NaN,NaN,0,0.473833084106445
C034,C,3,161,1,NaN,NaN,0,0.355050086975098
C034,C,3,162,1,NaN,NaN,0,0.263983011245728
C034,C,3,163,1,NaN,NaN,0,0.288841962814331
C034,C,3,164,NaN,0,1,NaN,NaN
C034,C,3,165,1,NaN,NaN,0,0.313215970993042
C034,C,3,166,1,NaN,NaN,0,0.346342086791992
C034,C,3,167,1,NaN,NaN,0,0.243170022964478
C034,C,3,168,1,NaN,NaN,0,0.259033203125
C034,C,3,169,1,NaN,NaN,0,0.288797855377197
C034,C,3,170,1,NaN,NaN,0,0.306123971939087
C034,C,3,171,1,NaN,NaN,0,0.31461501121521
C034,C,3,172,1,NaN,NaN,0,0.264043092727661
C034,C,3,173,1,NaN,NaN,0,0.449334144592285
C034,C,3,174,1,NaN,NaN,0,0.304212093353271
C034,C,3,175,1,NaN,NaN,0,0.285243034362793
C034,C,3,176,1,NaN,NaN,0,0.426981925964355
C034,C,3,177,NaN,1,0,NaN,NaN
C034,C,3,178,1,NaN,NaN,0,0.271767139434814
C034,C,3,179,1,NaN,NaN,0,0.288434028625488
C034,C,3,180,1,NaN,NaN,0,0.326697111129761
C034,C,3,181,1,NaN,NaN,0,0.562868118286133
C034,C,3,182,1,NaN,NaN,0,0.484098196029663
C034,C,3,183,1,NaN,NaN,0,0.487776041030884
C034,C,3,184,1,NaN,NaN,0,0.617232799530029
C034,C,3,185,1,NaN,NaN,0,0.392240047454834
C034,C,3,186,0,NaN,NaN,1,NaN
C034,C,3,187,NaN,0,1,NaN,NaN
C034,C,3,188,1,NaN,NaN,0,0.324042797088623
C034,C,3,189,1,NaN,NaN,0,0.262063980102539
C034,C,3,190,1,NaN,NaN,0,0.240330934524536
C034,C,3,191,1,NaN,NaN,0,0.263432025909424
C034,C,3,192,1,NaN,NaN,0,NaN
C034,C,3,193,1,NaN,NaN,0,0.29268217086792
C034,C,3,194,1,NaN,NaN,0,0.276396989822388
C034,C,3,195,1,NaN,NaN,0,0.392873048782349
C034,C,3,196,NaN,0,1,NaN,NaN
C034,C,3,197,1,NaN,NaN,0,0.279263019561768
C034,C,3,198,1,NaN,NaN,0,0.263550996780396
C034,C,3,199,1,NaN,NaN,0,0.26841402053833
C034,C,3,200,NaN,1,0,NaN,NaN
C034,C,3,201,1,NaN,NaN,0,0.289435863494873
C034,C,3,202,1,NaN,NaN,0,0.294527053833008
C034,C,3,203,1,NaN,NaN,0,0.354484081268311
C034,C,3,204,1,NaN,NaN,0,0.403816938400269
C034,C,3,205,1,NaN,NaN,0,0.364912986755371
C034,C,3,206,1,NaN,NaN,0,0.454710006713867
C034,C,3,207,1,NaN,NaN,0,0.334114074707031
C034,C,3,208,1,NaN,NaN,0,0.391385078430176
C034,C,3,209,1,NaN,NaN,0,0.418484926223755
C034,C,3,210,1,NaN,NaN,0,0.53938102722168
C034,C,3,211,NaN,1,0,NaN,NaN
C034,C,3,212,1,NaN,NaN,0,0.343541145324707
C034,C,3,213,1,NaN,NaN,0,0.360199928283691
C034,C,3,214,1,NaN,NaN,0,0.315491199493408
C034,C,3,215,1,NaN,NaN,0,0.304937124252319
C034,C,3,216,1,NaN,NaN,0,0.332528114318848
C034,C,3,217,1,NaN,NaN,0,0.306321144104004
C034,C,3,218,1,NaN,NaN,0,0.323945999145508
C034,C,3,219,1,NaN,NaN,0,0.289292097091675
C034,C,3,220,1,NaN,NaN,0,0.275935173034668
C034,C,3,221,1,NaN,NaN,0,0.342548131942749
C034,C,3,222,1,NaN,NaN,0,0.387596845626831
C034,C,3,223,1,NaN,NaN,0,0.307670116424561
C034,C,3,224,NaN,0,1,NaN,NaN
C034,C,3,225,1,NaN,NaN,0,0.267126083374023
C034,C,3,226,1,NaN,NaN,0,0.279933929443359
C034,C,3,227,1,NaN,NaN,0,0.612627029418945
C034,C,3,228,1,NaN,NaN,0,0.386759996414185
C034,C,3,229,1,NaN,NaN,0,0.319507122039795
C034,C,3,230,1,NaN,NaN,0,0.724139928817749
C034,C,3,231,1,NaN,NaN,0,0.317039012908936
C034,C,3,232,1,NaN,NaN,0,0.46136999130249
C034,C,3,233,NaN,1,0,NaN,NaN
C034,C,3,234,1,NaN,NaN,0,0.346482038497925
C034,C,3,235,1,NaN,NaN,0,0.385375022888184
C034,C,3,236,NaN,0,1,NaN,NaN
C034,C,3,237,1,NaN,NaN,0,0.397194862365723
C034,C,3,238,1,NaN,NaN,0,0.252580881118774
C034,C,3,239,1,NaN,NaN,0,0.272059917449951
C034,C,3,240,1,NaN,NaN,0,0.416676044464111
C034,C,3,241,1,NaN,NaN,0,0.411538124084473
C034,C,3,242,1,NaN,NaN,0,0.321614980697632
C034,C,3,243,1,NaN,NaN,0,0.342730045318604
C034,C,3,244,1,NaN,NaN,0,0.306401968002319
C034,C,3,245,NaN,1,0,NaN,NaN
C034,C,3,246,1,NaN,NaN,0,0.295919895172119
C034,C,3,247,1,NaN,NaN,0,0.248461961746216
C034,C,3,248,1,NaN,NaN,0,0.266265153884888
C034,C,3,249,1,NaN,NaN,0,0.312076091766357
C034,C,3,250,1,NaN,NaN,0,0.292267084121704
C034,C,3,251,1,NaN,NaN,0,0.328752040863037
C034,C,3,252,1,NaN,NaN,0,0.305139064788818
C034,C,3,253,1,NaN,NaN,0,0.31388783454895
C034,C,3,254,NaN,1,0,NaN,NaN
C034,C,3,255,1,NaN,NaN,0,0.366411209106445
C034,C,3,256,1,NaN,NaN,0,0.455585956573486
C034,C,3,257,1,NaN,NaN,0,0.396178960800171
C034,C,3,258,1,NaN,NaN,0,0.288152933120728
C034,C,3,259,1,NaN,NaN,0,0.609721899032593
C034,C,3,260,1,NaN,NaN,0,0.518819093704224
C034,C,3,261,1,NaN,NaN,0,0.493286848068237
C034,C,3,262,1,NaN,NaN,0,0.430561780929565
C034,C,3,263,1,NaN,NaN,0,0.35854697227478
C034,C,3,264,NaN,1,0,NaN,NaN
C034,C,3,265,1,NaN,NaN,0,0.287658929824829
C034,C,3,266,1,NaN,NaN,0,0.296095132827759
C034,C,3,267,1,NaN,NaN,0,0.297140121459961
C034,C,3,268,1,NaN,NaN,0,0.346663951873779
C034,C,3,269,1,NaN,NaN,0,0.468654870986938
C034,C,3,270,1,NaN,NaN,0,0.393950939178467
C034,C,3,271,1,NaN,NaN,0,0.489484071731567
C034,C,3,272,1,NaN,NaN,0,0.479306221008301
C034,C,3,273,NaN,1,0,NaN,NaN
C034,C,3,274,1,NaN,NaN,0,0.404627084732056
C034,C,3,275,1,NaN,NaN,0,0.337453842163086
C034,C,3,276,1,NaN,NaN,0,0.383349895477295
C034,C,3,277,1,NaN,NaN,0,0.365957021713257
C034,C,3,278,1,NaN,NaN,0,0.359071016311646
C034,C,3,279,1,NaN,NaN,0,0.339930057525635
C034,C,3,280,1,NaN,NaN,0,0.497189998626709
C034,C,3,281,1,NaN,NaN,0,0.436318874359131
C034,C,3,282,1,NaN,NaN,0,0.402223110198975
C034,C,3,283,1,NaN,NaN,0,0.392554998397827
C034,C,3,284,1,NaN,NaN,0,0.501883029937744
C034,C,3,285,NaN,1,0,NaN,NaN
C034,C,3,286,1,NaN,NaN,0,0.323500871658325
C034,C,3,287,1,NaN,NaN,0,0.329628944396973
C034,C,3,288,1,NaN,NaN,0,0.278946876525879
C034,C,3,289,1,NaN,NaN,0,0.36363410949707
C034,C,3,290,1,NaN,NaN,0,0.55639910697937
C034,C,3,291,1,NaN,NaN,0,0.317229986190796
C034,C,3,292,1,NaN,NaN,0,0.326669931411743
C034,C,3,293,1,NaN,NaN,0,0.351485013961792
C034,C,3,294,1,NaN,NaN,0,0.533041954040527
C034,C,3,295,1,NaN,NaN,0,0.316113948822021
C034,C,3,296,NaN,1,0,NaN,NaN
C034,C,3,297,1,NaN,NaN,0,0.283849954605103
C034,C,3,298,1,NaN,NaN,0,0.278043031692505
C034,C,3,299,1,NaN,NaN,0,0.325294971466064
C034,C,3,300,NaN,1,0,NaN,NaN
C034,C,3,301,1,NaN,NaN,0,0.380626916885376
C034,C,3,302,1,NaN,NaN,0,0.297707796096802
C034,C,3,303,1,NaN,NaN,0,0.328652143478394
C034,C,3,304,1,NaN,NaN,0,0.401045083999634
C034,C,3,305,1,NaN,NaN,0,0.446984052658081
C034,C,3,306,1,NaN,NaN,0,0.479523897171021
C034,C,3,307,1,NaN,NaN,0,0.383402824401855
C034,C,3,308,NaN,0,1,NaN,NaN
C034,C,3,309,1,NaN,NaN,0,0.30440092086792
C034,C,3,310,1,NaN,NaN,0,0.337692975997925
C034,C,3,311,1,NaN,NaN,0,0.253448009490967
C034,C,3,312,1,NaN,NaN,0,0.295027017593384
C034,C,3,313,1,NaN,NaN,0,0.301090002059937
C034,C,3,314,1,NaN,NaN,0,0.30970311164856
C034,C,3,315,1,NaN,NaN,0,0.398723125457764
C034,C,3,316,1,NaN,NaN,0,0.351415157318115
C034,C,3,317,1,NaN,NaN,0,0.398507118225098
C034,C,3,318,1,NaN,NaN,0,0.412312030792236
C034,C,3,319,NaN,0,1,NaN,NaN
C034,C,3,320,1,NaN,NaN,0,0.280719995498657
C034,C,3,321,1,NaN,NaN,0,0.301644086837769
C034,C,3,322,1,NaN,NaN,0,0.279855966567993
C034,C,3,323,1,NaN,NaN,0,0.308104038238525
C034,C,3,324,1,NaN,NaN,0,0.361967086791992
C034,C,3,325,1,NaN,NaN,0,0.33116602897644
C034,C,3,326,1,NaN,NaN,0,0.287739038467407
C034,C,3,327,NaN,0,1,NaN,NaN
C034,C,3,328,1,NaN,NaN,0,0.294542789459229
C034,C,3,329,1,NaN,NaN,0,NaN
C034,C,3,330,1,NaN,NaN,0,0.2726149559021
C034,C,3,331,1,NaN,NaN,0,0.291774034500122
C034,C,3,332,1,NaN,NaN,0,0.347547054290771
C034,C,3,333,1,NaN,NaN,0,0.36775803565979
C034,C,3,334,1,NaN,NaN,0,0.348627090454102
C034,C,3,335,1,NaN,NaN,0,0.461940050125122
C034,C,3,336,NaN,1,0,NaN,NaN
C034,C,3,337,1,NaN,NaN,0,0.275412082672119
C034,C,3,338,1,NaN,NaN,0,0.256461143493652
C034,C,3,339,1,NaN,NaN,0,0.324872970581055
C034,C,3,340,1,NaN,NaN,0,0.297646045684814
C034,C,3,341,1,NaN,NaN,0,0.308820009231567
C034,C,3,342,1,NaN,NaN,0,0.344259977340698
C034,C,3,343,1,NaN,NaN,0,0.348577976226807
C034,C,3,344,1,NaN,NaN,0,0.302420139312744
C034,C,3,345,NaN,1,0,NaN,NaN
C034,C,3,346,1,NaN,NaN,0,0.378532886505127
C034,C,3,347,1,NaN,NaN,0,0.330090045928955
C034,C,3,348,1,NaN,NaN,0,0.28122091293335
C034,C,3,349,1,NaN,NaN,0,0.331693887710571
C034,C,3,350,1,NaN,NaN,0,0.349045038223267
C034,C,3,351,1,NaN,NaN,0,0.452727079391479
C034,C,3,352,1,NaN,NaN,0,0.445791006088257
C034,C,3,353,NaN,0,1,NaN,NaN
C034,C,3,354,1,NaN,NaN,0,0.269039869308472
C034,C,3,355,1,NaN,NaN,0,0.317752122879028
C034,C,3,356,1,NaN,NaN,0,0.259931087493896
C034,C,3,357,1,NaN,NaN,0,0.50622296333313
C034,C,3,358,1,NaN,NaN,0,0.366665124893188
C034,C,3,359,1,NaN,NaN,0,0.31539511680603
C034,C,3,360,1,NaN,NaN,0,0.260329961776733
C034,C,3,361,1,NaN,NaN,0,0.304189920425415
C034,C,3,362,1,NaN,NaN,0,0.353024005889893
C034,C,3,363,1,NaN,NaN,0,0.274083137512207
C034,C,3,364,NaN,0,1,NaN,NaN
C034,C,3,365,1,NaN,NaN,0,0.303319931030273
C034,C,3,366,1,NaN,NaN,0,0.523523807525635
C034,C,3,367,1,NaN,NaN,0,0.602854013442993
C034,C,3,368,1,NaN,NaN,0,0.445005893707275
C034,C,3,369,1,NaN,NaN,0,0.568931818008423
C034,C,3,370,1,NaN,NaN,0,0.448284149169922
C034,C,3,371,1,NaN,NaN,0,0.418292999267578
C034,C,3,372,1,NaN,NaN,0,0.435801029205322
C034,C,3,373,1,NaN,NaN,0,0.456307172775269
C034,C,3,374,1,NaN,NaN,0,0.417772054672241
C034,C,3,375,1,NaN,NaN,0,0.360193014144897
C034,C,3,376,NaN,1,0,NaN,NaN
C034,C,3,377,1,NaN,NaN,0,0.273442983627319
C034,C,3,378,1,NaN,NaN,0,0.283627033233643
C034,C,3,379,1,NaN,NaN,0,0.30370306968689
C034,C,3,380,NaN,0,1,NaN,NaN
C034,C,3,381,1,NaN,NaN,0,0.28671407699585
C034,C,3,382,1,NaN,NaN,0,0.327353954315186
C034,C,3,383,1,NaN,NaN,0,0.387854099273682
C034,C,3,384,1,NaN,NaN,0,0.304813861846924
C034,C,3,385,1,NaN,NaN,0,0.355463981628418
C034,C,3,386,1,NaN,NaN,0,0.467528820037842
C034,C,3,387,1,NaN,NaN,0,0.479853868484497
C034,C,3,388,1,NaN,NaN,0,0.339585065841675
C034,C,3,389,1,NaN,NaN,0,0.51126503944397
C034,C,3,390,1,NaN,NaN,0,0.398725032806396
C034,C,3,391,1,NaN,NaN,0,0.332049131393433
C034,C,3,392,1,NaN,NaN,0,0.348784923553467
C034,C,3,393,1,NaN,NaN,0,0.392034769058228
C034,C,3,394,NaN,1,0,NaN,NaN
C034,C,3,395,1,NaN,NaN,0,0.280768871307373
C034,C,3,396,1,NaN,NaN,0,0.280156135559082
C034,C,3,397,1,NaN,NaN,0,0.277645111083984
C034,C,3,398,NaN,0,1,NaN,NaN
C034,C,3,399,1,NaN,NaN,0,0.63979697227478
C034,C,3,400,1,NaN,NaN,0,0.329156875610352
C034,C,3,401,1,NaN,NaN,0,0.282274961471558
C034,C,3,402,1,NaN,NaN,0,NaN
C034,C,3,403,1,NaN,NaN,0,0.26553201675415
C034,C,3,404,1,NaN,NaN,0,0.302018165588379
C034,C,3,405,1,NaN,NaN,0,0.325791120529175
C034,C,3,406,1,NaN,NaN,0,0.290786981582642
C034,C,3,407,1,NaN,NaN,0,0.477593898773193
C034,C,3,408,NaN,0,1,NaN,NaN
C034,C,3,409,1,NaN,NaN,0,0.318663120269775
C034,C,3,410,1,NaN,NaN,0,0.384428024291992
C034,C,3,411,1,NaN,NaN,0,0.271428823471069
C034,C,3,412,1,NaN,NaN,0,0.711385011672974
C034,C,3,413,1,NaN,NaN,0,0.354985952377319
C034,C,3,414,1,NaN,NaN,0,0.496201038360596
C034,C,3,415,1,NaN,NaN,0,0.411679983139038
C034,C,3,416,1,NaN,NaN,0,0.404081106185913
C034,C,3,417,1,NaN,NaN,0,0.407790899276733
C034,C,3,418,1,NaN,NaN,0,0.325419902801514
C034,C,3,419,1,NaN,NaN,0,0.332216024398804
C034,C,3,420,1,NaN,NaN,0,0.417297840118408
C034,C,3,421,1,NaN,NaN,0,0.390237092971802
C034,C,3,422,NaN,1,0,NaN,NaN
C034,C,3,423,1,NaN,NaN,0,0.348353147506714
C034,C,3,424,1,NaN,NaN,0,0.3487548828125
C034,C,3,425,1,NaN,NaN,0,0.32936692237854
C034,C,3,426,1,NaN,NaN,0,0.28505802154541
C034,C,3,427,1,NaN,NaN,0,0.313079118728638
C034,C,3,428,1,NaN,NaN,0,0.339865922927856
C034,C,3,429,1,NaN,NaN,0,0.336166858673096
C034,C,3,430,1,NaN,NaN,0,0.451658964157104
C034,C,3,431,NaN,1,0,NaN,NaN
C034,C,3,432,1,NaN,NaN,0,0.287163972854614
C034,C,3,433,1,NaN,NaN,0,0.364717960357666
C034,C,3,434,1,NaN,NaN,0,0.306140899658203
C034,C,3,435,NaN,0,1,NaN,NaN
C034,C,3,436,1,NaN,NaN,0,0.247858047485352
C034,C,3,437,1,NaN,NaN,0,0.155038118362427
C034,C,3,438,1,NaN,NaN,0,0.240360021591187
C034,C,3,439,1,NaN,NaN,0,0.325613021850586
C034,C,3,440,1,NaN,NaN,0,0.334777116775513
C034,C,3,441,1,NaN,NaN,0,0.327058076858521
C034,C,3,442,0,NaN,NaN,1,NaN
C034,C,3,443,1,NaN,NaN,0,0.39546012878418
C034,C,3,444,1,NaN,NaN,0,0.475385904312134
C034,C,3,445,1,NaN,NaN,0,0.259330987930298
C034,C,3,446,1,NaN,NaN,0,0.257583141326904
C034,C,3,447,1,NaN,NaN,0,NaN
C034,C,3,448,NaN,0,1,NaN,NaN
C034,C,3,449,1,NaN,NaN,0,0.303431987762451
C034,C,3,450,1,NaN,NaN,0,0.566551923751831
C034,C,3,451,1,NaN,NaN,0,0.336643934249878
C034,C,3,452,1,NaN,NaN,0,0.342625856399536
C034,C,3,453,1,NaN,NaN,0,0.369699954986572
C034,C,3,454,1,NaN,NaN,0,0.460537910461426
C034,C,3,455,1,NaN,NaN,0,0.488624095916748
C034,C,3,456,1,NaN,NaN,0,0.436049938201904
C034,C,3,457,1,NaN,NaN,0,0.329243898391724
C034,C,3,458,NaN,1,0,NaN,NaN
C034,C,3,459,1,NaN,NaN,0,0.31097412109375
C034,C,3,460,1,NaN,NaN,0,0.343219041824341
C034,C,3,461,1,NaN,NaN,0,0.316792011260986
C034,C,3,462,1,NaN,NaN,0,0.416333913803101
C034,C,3,463,NaN,1,0,NaN,NaN
C034,C,3,464,1,NaN,NaN,0,0.321238994598389
C034,C,3,465,1,NaN,NaN,0,0.345052003860474
C034,C,3,466,1,NaN,NaN,0,0.446707963943481
C034,C,3,467,1,NaN,NaN,0,0.334251165390015
C034,C,3,468,1,NaN,NaN,0,0.32232403755188
C034,C,3,469,1,NaN,NaN,0,0.292357921600342
C034,C,3,470,1,NaN,NaN,0,0.466506004333496
C034,C,3,471,NaN,1,0,NaN,NaN
C034,C,3,472,1,NaN,NaN,0,0.284473180770874
C034,C,3,473,1,NaN,NaN,0,0.288986921310425
C034,C,3,474,1,NaN,NaN,0,0.342429876327515
C034,C,3,475,1,NaN,NaN,0,0.311311006546021
C034,C,3,476,1,NaN,NaN,0,0.374140977859497
C034,C,3,477,1,NaN,NaN,0,0.361503839492798
C034,C,3,478,1,NaN,NaN,0,0.458930015563965
C034,C,3,479,1,NaN,NaN,0,0.387332201004028
C034,C,3,480,1,NaN,NaN,0,0.452985048294067
C034,C,3,481,1,NaN,NaN,0,0.474830865859985
C034,C,3,482,1,NaN,NaN,0,0.480908870697021
C034,C,3,483,1,NaN,NaN,0,0.333333969116211
C034,C,3,484,1,NaN,NaN,0,0.413321971893311
C034,C,3,485,NaN,1,0,NaN,NaN
C034,C,3,486,1,NaN,NaN,0,0.275521993637085
C034,C,3,487,1,NaN,NaN,0,0.379707813262939
C034,C,3,488,NaN,1,0,NaN,NaN
C034,C,3,489,1,NaN,NaN,0,0.623553991317749
C034,C,3,490,1,NaN,NaN,0,0.316548109054565
C034,C,3,491,1,NaN,NaN,0,0.30540919303894
C034,C,3,492,1,NaN,NaN,0,0.411368846893311
C034,C,3,493,1,NaN,NaN,0,0.420948028564453
C034,C,3,494,1,NaN,NaN,0,0.76616096496582
C034,C,3,495,1,NaN,NaN,0,0.526165962219238
C034,C,3,496,1,NaN,NaN,0,0.64006495475769
C034,C,3,497,1,NaN,NaN,0,0.330111026763916
C034,C,3,498,1,NaN,NaN,0,0.306128025054932
C034,C,3,499,NaN,0,1,NaN,NaN
C034,C,3,500,1,NaN,NaN,0,0.32166600227356
C034,C,3,501,1,NaN,NaN,0,0.255077838897705
C034,C,3,502,1,NaN,NaN,0,0.27222204208374
C034,C,3,503,1,NaN,NaN,0,0.347129106521606
C034,C,3,504,1,NaN,NaN,0,0.274993896484375
C034,C,3,505,1,NaN,NaN,0,0.321493148803711
C034,C,3,506,NaN,0,1,NaN,NaN
C034,C,3,507,1,NaN,NaN,0,0.453038215637207
C034,C,3,508,1,NaN,NaN,0,0.422132968902588
C034,C,3,509,1,NaN,NaN,0,0.342097997665405
C034,C,3,510,1,NaN,NaN,0,0.377293109893799
C034,C,3,511,1,NaN,NaN,0,0.346138000488281
C034,C,3,512,1,NaN,NaN,0,0.298820018768311
C034,C,3,513,1,NaN,NaN,0,0.276079893112183
C034,C,3,514,1,NaN,NaN,0,0.344452857971191
C034,C,3,515,1,NaN,NaN,0,0.222537040710449
C034,C,3,516,1,NaN,NaN,0,0.336997032165527
C034,C,3,517,1,NaN,NaN,0,0.223356962203979
C034,C,3,518,NaN,0,1,NaN,NaN
C034,C,3,519,1,NaN,NaN,0,0.398813009262085
C034,C,3,520,1,NaN,NaN,0,0.897077083587646
C034,C,3,521,1,NaN,NaN,0,0.50734806060791
C034,C,3,522,1,NaN,NaN,0,0.313791990280151
C034,C,3,523,1,NaN,NaN,0,0.316509962081909
C034,C,3,524,1,NaN,NaN,0,0.329538106918335
C034,C,3,525,NaN,0,1,NaN,NaN
C034,C,3,526,1,NaN,NaN,0,0.244919061660767
C034,C,3,527,1,NaN,NaN,0,NaN
C034,C,3,528,1,NaN,NaN,0,0.255262851715088
C034,C,3,529,1,NaN,NaN,0,0.353073835372925
C034,C,3,530,1,NaN,NaN,0,0.346698045730591
C034,C,3,531,1,NaN,NaN,0,0.322036981582642
C034,C,3,532,1,NaN,NaN,0,0.503284215927124
C034,C,3,533,NaN,0,1,NaN,NaN
C034,C,3,534,1,NaN,NaN,0,0.387537956237793
C034,C,3,535,1,NaN,NaN,0,1.11862802505493
C034,C,3,536,1,NaN,NaN,0,0.418297052383423
C034,C,3,537,1,NaN,NaN,0,0.323534965515137
C034,C,3,538,1,NaN,NaN,0,0.396193027496338
C034,C,3,539,1,NaN,NaN,0,0.344125032424927
C034,C,3,540,1,NaN,NaN,0,0.359537124633789
C034,C,3,541,1,NaN,NaN,0,0.321561813354492
C034,C,3,542,1,NaN,NaN,0,0.403925180435181
C034,C,3,543,1,NaN,NaN,0,0.476055145263672
C034,C,3,544,1,NaN,NaN,0,0.407144069671631
C034,C,3,545,1,NaN,NaN,0,0.331458806991577
C034,C,3,546,1,NaN,NaN,0,0.311558961868286
C034,C,4,1,1,NaN,NaN,0,0.544381141662598
C034,C,4,2,1,NaN,NaN,0,0.425291776657104
C034,C,4,3,1,NaN,NaN,0,0.460907936096191
C034,C,4,4,1,NaN,NaN,0,0.357754945755005
C034,C,4,5,1,NaN,NaN,0,0.326253890991211
C034,C,4,6,1,NaN,NaN,0,0.346963882446289
C034,C,4,7,NaN,1,0,NaN,NaN
C034,C,4,8,1,NaN,NaN,0,0.280683994293213
C034,C,4,9,1,NaN,NaN,0,0.290885925292969
C034,C,4,10,1,NaN,NaN,0,0.313889980316162
C034,C,4,11,NaN,0,1,NaN,NaN
C034,C,4,12,1,NaN,NaN,0,0.262717008590698
C034,C,4,13,1,NaN,NaN,0,0.329847812652588
C034,C,4,14,1,NaN,NaN,0,0.291517019271851
C034,C,4,15,1,NaN,NaN,0,0.341860055923462
C034,C,4,16,1,NaN,NaN,0,0.366636991500854
C034,C,4,17,1,NaN,NaN,0,0.279903173446655
C034,C,4,18,1,NaN,NaN,0,0.331933975219727
C034,C,4,19,1,NaN,NaN,0,0.309520959854126
C034,C,4,20,1,NaN,NaN,0,0.514056921005249
C034,C,4,21,1,NaN,NaN,0,0.335578918457031
C034,C,4,22,NaN,0,1,NaN,NaN
C034,C,4,23,1,NaN,NaN,0,0.24518084526062
C034,C,4,24,1,NaN,NaN,0,0.278409957885742
C034,C,4,25,1,NaN,NaN,0,0.267490863800049
C034,C,4,26,1,NaN,NaN,0,0.26303505897522
C034,C,4,27,1,NaN,NaN,0,0.295252084732056
C034,C,4,28,1,NaN,NaN,0,0.290897130966187
C034,C,4,29,1,NaN,NaN,0,0.277286052703857
C034,C,4,30,1,NaN,NaN,0,0.272410869598389
C034,C,4,31,1,NaN,NaN,0,0.288089990615845
C034,C,4,32,1,NaN,NaN,0,0.309139013290405
C034,C,4,33,NaN,1,0,NaN,NaN
C034,C,4,34,1,NaN,NaN,0,0.274571180343628
C034,C,4,35,1,NaN,NaN,0,0.23574686050415
C034,C,4,36,1,NaN,NaN,0,0.242316961288452
C034,C,4,37,1,NaN,NaN,0,0.245315074920654
C034,C,4,38,1,NaN,NaN,0,0.241596937179565
C034,C,4,39,1,NaN,NaN,0,0.260473012924194
C034,C,4,40,1,NaN,NaN,0,0.222275972366333
C034,C,4,41,1,NaN,NaN,0,0.29851508140564
C034,C,4,42,1,NaN,NaN,0,0.289925098419189
C034,C,4,43,1,NaN,NaN,0,0.277746915817261
C034,C,4,44,NaN,0,1,NaN,NaN
C034,C,4,45,1,NaN,NaN,0,0.160485982894897
C034,C,4,46,1,NaN,NaN,0,0.151729106903076
C034,C,4,47,1,NaN,NaN,0,0.258695125579834
C034,C,4,48,1,NaN,NaN,0,0.471861124038696
C034,C,4,49,1,NaN,NaN,0,0.320485830307007
C034,C,4,50,NaN,0,1,NaN,NaN
C034,C,4,51,0,NaN,NaN,1,NaN
C034,C,4,52,1,NaN,NaN,0,0.725860834121704
C034,C,4,53,1,NaN,NaN,0,0.556477069854736
C034,C,4,54,1,NaN,NaN,0,0.40861988067627
C034,C,4,55,1,NaN,NaN,0,0.368505954742432
C034,C,4,56,1,NaN,NaN,0,0.483641147613525
C034,C,4,57,1,NaN,NaN,0,0.57540488243103
C034,C,4,58,1,NaN,NaN,0,0.479410886764526
C034,C,4,59,1,NaN,NaN,0,0.354131937026978
C034,C,4,60,1,NaN,NaN,0,0.354989051818848
C034,C,4,61,1,NaN,NaN,0,0.383998155593872
C034,C,4,62,NaN,1,0,NaN,NaN
C034,C,4,63,1,NaN,NaN,0,0.274021863937378
C034,C,4,64,1,NaN,NaN,0,0.419051170349121
C034,C,4,65,1,NaN,NaN,0,0.321570158004761
C034,C,4,66,1,NaN,NaN,0,0.33542013168335
C034,C,4,67,1,NaN,NaN,0,0.486129999160767
C034,C,4,68,NaN,1,0,NaN,NaN
C034,C,4,69,1,NaN,NaN,0,0.236685991287231
C034,C,4,70,1,NaN,NaN,0,0.256265878677368
C034,C,4,71,1,NaN,NaN,0,0.281643867492676
C034,C,4,72,1,NaN,NaN,0,0.319020986557007
C034,C,4,73,1,NaN,NaN,0,0.312306880950928
C034,C,4,74,1,NaN,NaN,0,0.339574813842773
C034,C,4,75,1,NaN,NaN,0,0.292088985443115
C034,C,4,76,1,NaN,NaN,0,0.344927072525024
C034,C,4,77,1,NaN,NaN,0,0.312418937683105
C034,C,4,78,1,NaN,NaN,0,0.329638004302979
C034,C,4,79,NaN,1,0,NaN,NaN
C034,C,4,80,1,NaN,NaN,0,0.258352994918823
C034,C,4,81,1,NaN,NaN,0,0.40733003616333
C034,C,4,82,1,NaN,NaN,0,0.330161094665527
C034,C,4,83,1,NaN,NaN,0,0.246325969696045
C034,C,4,84,1,NaN,NaN,0,0.342883825302124
C034,C,4,85,1,NaN,NaN,0,0.400975942611694
C034,C,4,86,NaN,1,0,NaN,NaN
C034,C,4,87,1,NaN,NaN,0,0.255865097045898
C034,C,4,88,1,NaN,NaN,0,0.326987981796265
C034,C,4,89,1,NaN,NaN,0,0.342694044113159
C034,C,4,90,1,NaN,NaN,0,0.302197217941284
C034,C,4,91,1,NaN,NaN,0,0.273253917694092
C034,C,4,92,1,NaN,NaN,0,0.332419157028198
C034,C,4,93,1,NaN,NaN,0,0.337225914001465
C034,C,4,94,1,NaN,NaN,0,0.405894041061401
C034,C,4,95,1,NaN,NaN,0,0.333840131759644
C034,C,4,96,1,NaN,NaN,0,0.315766096115112
C034,C,4,97,NaN,0,1,NaN,NaN
C034,C,4,98,0,NaN,NaN,1,NaN
C034,C,4,99,1,NaN,NaN,0,0.326623916625977
C034,C,4,100,1,NaN,NaN,0,0.303653955459595
C034,C,4,101,1,NaN,NaN,0,0.254004955291748
C034,C,4,102,1,NaN,NaN,0,0.289388179779053
C034,C,4,103,1,NaN,NaN,0,0.330803871154785
C034,C,4,104,1,NaN,NaN,0,0.427052021026611
C034,C,4,105,NaN,0,1,NaN,NaN
C034,C,4,106,1,NaN,NaN,0,0.483182191848755
C034,C,4,107,1,NaN,NaN,0,0.593135118484497
C034,C,4,108,1,NaN,NaN,0,0.453670978546143
C034,C,4,109,1,NaN,NaN,0,0.32322883605957
C034,C,4,110,1,NaN,NaN,0,0.317392826080322
C034,C,4,111,1,NaN,NaN,0,0.364280939102173
C034,C,4,112,NaN,0,1,NaN,NaN
C034,C,4,113,1,NaN,NaN,0,0.235507965087891
C034,C,4,114,1,NaN,NaN,0,NaN
C034,C,4,115,1,NaN,NaN,0,0.919914960861206
C034,C,4,116,0,NaN,NaN,1,NaN
C034,C,4,117,1,NaN,NaN,0,0.738847017288208
C034,C,4,118,1,NaN,NaN,0,0.26337194442749
C034,C,4,119,1,NaN,NaN,0,0.302433967590332
C034,C,4,120,1,NaN,NaN,0,0.261538982391357
C034,C,4,121,1,NaN,NaN,0,0.302697896957397
C034,C,4,122,1,NaN,NaN,0,0.331537008285522
C034,C,4,123,1,NaN,NaN,0,0.361052989959717
C034,C,4,124,1,NaN,NaN,0,0.492146015167236
C034,C,4,125,NaN,0,1,NaN,NaN
C034,C,4,126,1,NaN,NaN,0,0.551732063293457
C034,C,4,127,1,NaN,NaN,0,0.404339075088501
C034,C,4,128,1,NaN,NaN,0,0.407789945602417
C034,C,4,129,1,NaN,NaN,0,0.339890956878662
C034,C,4,130,1,NaN,NaN,0,0.372328996658325
C034,C,4,131,1,NaN,NaN,0,0.338765859603882
C034,C,4,132,1,NaN,NaN,0,0.504719018936157
C034,C,4,133,1,NaN,NaN,0,0.497879028320312
C034,C,4,134,NaN,0,1,NaN,NaN
C034,C,4,135,1,NaN,NaN,0,0.299546003341675
C034,C,4,136,1,NaN,NaN,0,0.355273962020874
C034,C,4,137,1,NaN,NaN,0,0.300775051116943
C034,C,4,138,1,NaN,NaN,0,0.381461143493652
C034,C,4,139,1,NaN,NaN,0,0.335417985916138
C034,C,4,140,1,NaN,NaN,0,0.384420871734619
C034,C,4,141,1,NaN,NaN,0,0.354789972305298
C034,C,4,142,1,NaN,NaN,0,0.359349966049194
C034,C,4,143,NaN,1,0,NaN,NaN
C034,C,4,144,1,NaN,NaN,0,0.605504989624023
C034,C,4,145,1,NaN,NaN,0,0.31622314453125
C034,C,4,146,1,NaN,NaN,0,NaN
C034,C,4,147,0,NaN,NaN,1,NaN
C034,C,4,148,1,NaN,NaN,0,0.25953221321106
C034,C,4,149,NaN,0,1,NaN,NaN
C034,C,4,150,1,NaN,NaN,0,0.890794038772583
C034,C,4,151,1,NaN,NaN,0,NaN
C034,C,4,152,1,NaN,NaN,0,0.749696969985962
C034,C,4,153,1,NaN,NaN,0,NaN
C034,C,4,154,0,NaN,NaN,1,NaN
C034,C,4,155,1,NaN,NaN,0,0.671801090240479
C034,C,4,156,1,NaN,NaN,0,0.914613008499146
C034,C,4,157,1,NaN,NaN,0,0.451103210449219
C034,C,4,158,1,NaN,NaN,0,0.511780023574829
C034,C,4,159,1,NaN,NaN,0,0.416167020797729
C034,C,4,160,1,NaN,NaN,0,0.48810887336731
C034,C,4,161,NaN,1,0,NaN,NaN
C034,C,4,162,1,NaN,NaN,0,0.298127889633179
C034,C,4,163,1,NaN,NaN,0,0.351923942565918
C034,C,4,164,1,NaN,NaN,0,0.304365158081055
C034,C,4,165,1,NaN,NaN,0,0.264986991882324
C034,C,4,166,1,NaN,NaN,0,0.305675029754639
C034,C,4,167,NaN,1,0,NaN,NaN
C034,C,4,168,1,NaN,NaN,0,0.341571807861328
C034,C,4,169,1,NaN,NaN,0,0.294166088104248
C034,C,4,170,1,NaN,NaN,0,0.281764984130859
C034,C,4,171,1,NaN,NaN,0,0.276459217071533
C034,C,4,172,1,NaN,NaN,0,0.285701990127563
C034,C,4,173,1,NaN,NaN,0,0.34511399269104
C034,C,4,174,1,NaN,NaN,0,0.309276819229126
C034,C,4,175,1,NaN,NaN,0,0.358320951461792
C034,C,4,176,1,NaN,NaN,0,0.359354972839355
C034,C,4,177,1,NaN,NaN,0,0.481920003890991
C034,C,4,178,NaN,0,1,NaN,NaN
C034,C,4,179,1,NaN,NaN,0,0.322314977645874
C034,C,4,180,1,NaN,NaN,0,0.372265100479126
C034,C,4,181,1,NaN,NaN,0,0.291597127914429
C034,C,4,182,1,NaN,NaN,0,NaN
C034,C,4,183,1,NaN,NaN,0,0.389791965484619
C034,C,4,184,1,NaN,NaN,0,NaN
C034,C,4,185,0,NaN,NaN,1,NaN
C034,C,4,186,1,NaN,NaN,0,0.532181978225708
C034,C,4,187,NaN,0,1,NaN,NaN
C034,C,4,188,1,NaN,NaN,0,0.401527881622314
C034,C,4,189,0,NaN,NaN,1,NaN
C034,C,4,190,0,NaN,NaN,1,NaN
C034,C,4,191,1,NaN,NaN,0,0.975795984268188
C034,C,4,192,1,NaN,NaN,0,0.278115034103394
C034,C,4,193,1,NaN,NaN,0,1.06216788291931
C034,C,4,194,NaN,1,0,NaN,NaN
C034,C,4,195,1,NaN,NaN,0,0.471853971481323
C034,C,4,196,1,NaN,NaN,0,0.412564992904663
C034,C,4,197,1,NaN,NaN,0,0.349828958511353
C034,C,4,198,1,NaN,NaN,0,0.349735975265503
C034,C,4,199,1,NaN,NaN,0,0.384736061096191
C034,C,4,200,1,NaN,NaN,0,0.392647981643677
C034,C,4,201,1,NaN,NaN,0,0.334989070892334
C034,C,4,202,1,NaN,NaN,0,0.331100940704346
C034,C,4,203,NaN,1,0,NaN,NaN
C034,C,4,204,1,NaN,NaN,0,0.255335807800293
C034,C,4,205,1,NaN,NaN,0,0.195402145385742
C034,C,4,206,1,NaN,NaN,0,0.215173006057739
C034,C,4,207,1,NaN,NaN,0,NaN
C034,C,4,208,1,NaN,NaN,0,0.266753911972046
C034,C,4,209,1,NaN,NaN,0,0.258162021636963
C034,C,4,210,1,NaN,NaN,0,0.318766832351685
C034,C,4,211,NaN,0,1,NaN,NaN
C034,C,4,212,1,NaN,NaN,0,0.282665967941284
C034,C,4,213,1,NaN,NaN,0,0.275902032852173
C034,C,4,214,1,NaN,NaN,0,0.54210090637207
C034,C,4,215,1,NaN,NaN,0,0.2900710105896
C034,C,4,216,1,NaN,NaN,0,0.276065826416016
C034,C,4,217,0,NaN,NaN,1,NaN
C034,C,4,218,1,NaN,NaN,0,0.259002923965454
C034,C,4,219,1,NaN,NaN,0,0.36872386932373
C034,C,4,220,1,NaN,NaN,0,0.206766843795776
C034,C,4,221,1,NaN,NaN,0,0.399755001068115
C034,C,4,222,1,NaN,NaN,0,0.398690938949585
C034,C,4,223,NaN,0,1,NaN,NaN
C034,C,4,224,1,NaN,NaN,0,0.283628940582275
C034,C,4,225,1,NaN,NaN,0,NaN
C034,C,4,226,1,NaN,NaN,0,0.264227867126465
C034,C,4,227,1,NaN,NaN,0,0.170109033584595
C034,C,4,228,NaN,0,1,NaN,NaN
C034,C,4,229,1,NaN,NaN,0,0.271912097930908
C034,C,4,230,1,NaN,NaN,0,NaN
C034,C,4,231,1,NaN,NaN,0,0.298074007034302
C034,C,4,232,1,NaN,NaN,0,0.367088079452515
C034,C,4,233,1,NaN,NaN,0,0.260241985321045
C034,C,4,234,1,NaN,NaN,0,0.528664112091064
C034,C,4,235,1,NaN,NaN,0,0.598181009292603
C034,C,4,236,1,NaN,NaN,0,0.419133901596069
C034,C,4,237,1,NaN,NaN,0,0.334913969039917
C034,C,4,238,1,NaN,NaN,0,0.303941011428833
C034,C,4,239,1,NaN,NaN,0,0.513612985610962
C034,C,4,240,NaN,1,0,NaN,NaN
C034,C,4,241,1,NaN,NaN,0,0.182321071624756
C034,C,4,242,1,NaN,NaN,0,0.250623941421509
C034,C,4,243,1,NaN,NaN,0,0.252866983413696
C034,C,4,244,1,NaN,NaN,0,0.274524927139282
C034,C,4,245,1,NaN,NaN,0,0.239358186721802
C034,C,4,246,1,NaN,NaN,0,0.693119049072266
C034,C,4,247,1,NaN,NaN,0,0.402480840682983
C034,C,4,248,1,NaN,NaN,0,0.339146852493286
C034,C,4,249,NaN,1,0,NaN,NaN
C034,C,4,250,1,NaN,NaN,0,0.426992177963257
C034,C,4,251,1,NaN,NaN,0,0.307876110076904
C034,C,4,252,1,NaN,NaN,0,0.346587181091309
C034,C,4,253,1,NaN,NaN,0,0.323981046676636
C034,C,4,254,1,NaN,NaN,0,0.245702028274536
C034,C,4,255,1,NaN,NaN,0,0.258663892745972
C034,C,4,256,1,NaN,NaN,0,0.220123052597046
C034,C,4,257,NaN,1,0,NaN,NaN
C034,C,4,258,1,NaN,NaN,0,0.368774890899658
C034,C,4,259,1,NaN,NaN,0,0.285495042800903
C034,C,4,260,1,NaN,NaN,0,0.257248163223267
C034,C,4,261,1,NaN,NaN,0,0.295402050018311
C034,C,4,262,1,NaN,NaN,0,0.410646200180054
C034,C,4,263,1,NaN,NaN,0,0.326166868209839
C034,C,4,264,1,NaN,NaN,0,0.330277919769287
C034,C,4,265,1,NaN,NaN,0,0.547273874282837
C034,C,4,266,NaN,0,1,NaN,NaN
C034,C,4,267,0,NaN,NaN,1,NaN
C034,C,4,268,1,NaN,NaN,0,0.283205986022949
C034,C,4,269,1,NaN,NaN,0,0.328776836395264
C034,C,4,270,1,NaN,NaN,0,0.373769998550415
C034,C,4,271,1,NaN,NaN,0,0.283192873001099
C034,C,4,272,1,NaN,NaN,0,0.352273941040039
C034,C,4,273,1,NaN,NaN,0,0.320672988891602
C034,C,4,274,1,NaN,NaN,0,0.309576988220215
C034,C,4,275,1,NaN,NaN,0,0.350440979003906
C034,C,4,276,1,NaN,NaN,0,0.350185871124268
C034,C,4,277,NaN,0,1,NaN,NaN
C034,C,4,278,1,NaN,NaN,0,0.344212055206299
C034,C,4,279,1,NaN,NaN,0,0.257929801940918
C034,C,4,280,1,NaN,NaN,0,NaN
C034,C,4,281,1,NaN,NaN,0,0.277783870697021
C034,C,4,282,1,NaN,NaN,0,0.347923040390015
C034,C,4,283,1,NaN,NaN,0,0.409919023513794
C034,C,4,284,NaN,0,1,NaN,NaN
C034,C,4,285,0,NaN,NaN,1,NaN
C034,C,4,286,1,NaN,NaN,0,0.776638984680176
C034,C,4,287,1,NaN,NaN,0,0.315953969955444
C034,C,4,288,1,NaN,NaN,0,0.273421049118042
C034,C,4,289,1,NaN,NaN,0,NaN
C034,C,4,290,NaN,0,1,NaN,NaN
C034,C,4,291,0,NaN,NaN,1,NaN
C034,C,4,292,0,NaN,NaN,1,NaN
C034,C,4,293,1,NaN,NaN,0,1.12943720817566
C034,C,4,294,1,NaN,NaN,0,0.428471088409424
C034,C,4,295,1,NaN,NaN,0,0.397749900817871
C034,C,4,296,1,NaN,NaN,0,0.355191946029663
C034,C,4,297,1,NaN,NaN,0,0.363647937774658
C034,C,4,298,1,NaN,NaN,0,0.685020923614502
C034,C,4,299,1,NaN,NaN,0,0.550607919692993
C034,C,4,300,1,NaN,NaN,0,0.935897827148438
C034,C,4,301,0,NaN,NaN,1,NaN
C034,C,4,302,NaN,1,0,NaN,NaN
C034,C,4,303,1,NaN,NaN,0,0.313586950302124
C034,C,4,304,1,NaN,NaN,0,0.378597974777222
C034,C,4,305,1,NaN,NaN,0,0.36769700050354
C034,C,4,306,1,NaN,NaN,0,NaN
C034,C,4,307,1,NaN,NaN,0,0.350904941558838
C034,C,4,308,1,NaN,NaN,0,0.301904916763306
C034,C,4,309,1,NaN,NaN,0,0.378612041473389
C034,C,4,310,1,NaN,NaN,0,0.291698932647705
C034,C,4,311,1,NaN,NaN,0,0.644117116928101
C034,C,4,312,NaN,1,0,NaN,NaN
C034,C,4,313,1,NaN,NaN,0,0.991031885147095
C034,C,4,314,1,NaN,NaN,0,0.401873111724854
C034,C,4,315,1,NaN,NaN,0,0.347940921783447
C034,C,4,316,1,NaN,NaN,0,0.36864185333252
C034,C,4,317,1,NaN,NaN,0,0.62407398223877
C034,C,4,318,NaN,1,0,NaN,NaN
C034,C,4,319,1,NaN,NaN,0,NaN
C034,C,4,320,1,NaN,NaN,0,0.25462007522583
C034,C,4,321,1,NaN,NaN,0,0.315143823623657
C034,C,4,322,1,NaN,NaN,0,0.251504898071289
C034,C,4,323,1,NaN,NaN,0,0.278198957443237
C034,C,4,324,1,NaN,NaN,0,0.331618070602417
C034,C,4,325,0,NaN,NaN,1,NaN
C034,C,4,326,NaN,1,0,NaN,NaN
C034,C,4,327,0,NaN,NaN,1,NaN
C034,C,4,328,1,NaN,NaN,0,0.255175113677979
C034,C,4,329,1,NaN,NaN,0,0.262840032577515
C034,C,4,330,1,NaN,NaN,0,0.264307975769043
C034,C,4,331,1,NaN,NaN,0,0.297692060470581
C034,C,4,332,1,NaN,NaN,0,0.202582120895386
C034,C,4,333,1,NaN,NaN,0,0.155194044113159
C034,C,4,334,1,NaN,NaN,0,0.276065826416016
C034,C,4,335,1,NaN,NaN,0,0.256497144699097
C034,C,4,336,1,NaN,NaN,0,0.250118017196655
C034,C,4,337,1,NaN,NaN,0,0.28967809677124
C034,C,4,338,1,NaN,NaN,0,0.32344913482666
C034,C,4,339,1,NaN,NaN,0,0.493911027908325
C034,C,4,340,NaN,1,0,NaN,NaN
C034,C,4,341,1,NaN,NaN,0,NaN
C034,C,4,342,1,NaN,NaN,0,NaN
C034,C,4,343,1,NaN,NaN,0,NaN
C034,C,4,344,1,NaN,NaN,0,0.233949899673462
C034,C,4,345,0,NaN,NaN,1,NaN
C034,C,4,346,1,NaN,NaN,0,0.372492074966431
C034,C,4,347,NaN,1,0,NaN,NaN
C034,C,4,348,1,NaN,NaN,0,0.276774883270264
C034,C,4,349,1,NaN,NaN,0,0.623971939086914
C034,C,4,350,1,NaN,NaN,0,0.329911947250366
C034,C,4,351,1,NaN,NaN,0,0.411462068557739
C034,C,4,352,1,NaN,NaN,0,0.356732845306396
C034,C,4,353,1,NaN,NaN,0,0.67379903793335
C034,C,4,354,1,NaN,NaN,0,0.446737051010132
C034,C,4,355,1,NaN,NaN,0,0.560966968536377
C034,C,4,356,0,NaN,NaN,1,NaN
C034,C,4,357,1,NaN,NaN,0,NaN
C034,C,4,358,NaN,1,0,NaN,NaN
C034,C,4,359,0,NaN,NaN,1,NaN
C034,C,4,360,0,NaN,NaN,1,NaN
C034,C,4,361,1,NaN,NaN,0,0.177090883255005
C034,C,4,362,1,NaN,NaN,0,0.267771005630493
C034,C,4,363,1,NaN,NaN,0,0.377788066864014
C034,C,4,364,1,NaN,NaN,0,0.388016939163208
C034,C,4,365,1,NaN,NaN,0,0.417403936386108
C034,C,4,366,1,NaN,NaN,0,0.329137086868286
C034,C,4,367,NaN,0,1,NaN,NaN
C034,C,4,368,1,NaN,NaN,0,0.566534996032715
C034,C,4,369,1,NaN,NaN,0,0.177242994308472
C034,C,4,370,1,NaN,NaN,0,NaN
C034,C,4,371,1,NaN,NaN,0,0.219397783279419
C034,C,4,372,1,NaN,NaN,0,0.258143901824951
C034,C,4,373,NaN,0,1,NaN,NaN
C034,C,4,374,1,NaN,NaN,0,0.295691967010498
C034,C,4,375,1,NaN,NaN,0,0.164851903915405
C034,C,4,376,1,NaN,NaN,0,0.314954996109009
C034,C,4,377,1,NaN,NaN,0,0.282586812973022
C034,C,4,378,1,NaN,NaN,0,0.298680067062378
C034,C,4,379,1,NaN,NaN,0,0.288056135177612
C034,C,4,380,0,NaN,NaN,1,NaN
C034,C,4,381,NaN,0,1,NaN,NaN
C034,C,4,382,0,NaN,NaN,1,NaN
C034,C,4,383,0,NaN,NaN,1,NaN
C034,C,4,384,0,NaN,NaN,1,NaN
C034,C,4,385,0,NaN,NaN,1,NaN
C034,C,4,386,0,NaN,NaN,1,NaN
C034,C,4,387,0,NaN,NaN,1,NaN
C034,C,4,388,1,NaN,NaN,0,0.945600986480713
C034,C,4,389,1,NaN,NaN,0,0.44872784614563
C034,C,4,390,1,NaN,NaN,0,0.276454925537109
C034,C,4,391,1,NaN,NaN,0,0.284882068634033
C034,C,4,392,NaN,0,1,NaN,NaN
C034,C,4,393,1,NaN,NaN,0,0.24794602394104
C034,C,4,394,1,NaN,NaN,0,0.269737958908081
C034,C,4,395,1,NaN,NaN,0,0.238911867141724
C034,C,4,396,1,NaN,NaN,0,0.255960941314697
C034,C,4,397,1,NaN,NaN,0,0.267471790313721
C034,C,4,398,NaN,0,1,NaN,NaN
C034,C,4,399,1,NaN,NaN,0,0.271328210830688
C034,C,4,400,1,NaN,NaN,0,0.333079814910889
C034,C,4,401,1,NaN,NaN,0,0.398293972015381
C034,C,4,402,1,NaN,NaN,0,0.741846084594727
C034,C,4,403,1,NaN,NaN,0,0.516906976699829
C034,C,4,404,1,NaN,NaN,0,0.72800087928772
C034,C,4,405,1,NaN,NaN,0,0.433608055114746
C034,C,4,406,1,NaN,NaN,0,0.360347986221313
C034,C,4,407,1,NaN,NaN,0,0.277065992355347
C034,C,4,408,1,NaN,NaN,0,0.352150917053223
C034,C,4,409,1,NaN,NaN,0,0.297247886657715
C034,C,4,410,1,NaN,NaN,0,0.277789115905762
C034,C,4,411,1,NaN,NaN,0,0.463108062744141
C034,C,4,412,NaN,1,0,NaN,NaN
C034,C,4,413,1,NaN,NaN,0,0.310806035995483
C034,C,4,414,1,NaN,NaN,0,0.425976991653442
C034,C,4,415,1,NaN,NaN,0,0.271039962768555
C034,C,4,416,1,NaN,NaN,0,0.360521793365479
C034,C,4,417,1,NaN,NaN,0,0.249457836151123
C034,C,4,418,1,NaN,NaN,0,0.286770105361938
C034,C,4,419,1,NaN,NaN,0,0.272500038146973
C034,C,4,420,1,NaN,NaN,0,0.494810819625854
C034,C,4,421,1,NaN,NaN,0,0.34424090385437
C034,C,4,422,NaN,1,0,NaN,NaN
C034,C,4,423,1,NaN,NaN,0,0.68088698387146
C034,C,4,424,1,NaN,NaN,0,0.482470989227295
C034,C,4,425,1,NaN,NaN,0,0.416928052902222
C034,C,4,426,0,NaN,NaN,1,NaN
C034,C,4,427,1,NaN,NaN,0,0.491249084472656
C034,C,4,428,1,NaN,NaN,0,0.236578226089478
C034,C,4,429,NaN,0,1,NaN,NaN
C034,C,4,430,1,NaN,NaN,0,0.36344313621521
C034,C,4,431,1,NaN,NaN,0,0.34415602684021
C034,C,4,432,1,NaN,NaN,0,0.348523139953613
C034,C,4,433,1,NaN,NaN,0,0.292947053909302
C034,C,4,434,1,NaN,NaN,0,0.289022922515869
C034,C,4,435,1,NaN,NaN,0,0.290205955505371
C034,C,4,436,NaN,0,1,NaN,NaN
C034,C,4,437,1,NaN,NaN,0,0.27159595489502
C034,C,4,438,1,NaN,NaN,0,0.292951107025146
C034,C,4,439,1,NaN,NaN,0,0.377480030059814
C034,C,4,440,1,NaN,NaN,0,0.406587839126587
C034,C,4,441,1,NaN,NaN,0,0.312659978866577
C034,C,4,442,1,NaN,NaN,0,0.366286993026733
C034,C,4,443,1,NaN,NaN,0,0.434961080551147
C034,C,4,444,1,NaN,NaN,0,0.76980996131897
C034,C,4,445,1,NaN,NaN,0,0.901249170303345
C034,C,4,446,1,NaN,NaN,0,0.510013103485107
C034,C,4,447,NaN,1,0,NaN,NaN
C034,C,4,448,1,NaN,NaN,0,0.299584150314331
C034,C,4,449,1,NaN,NaN,0,0.266828060150146
C034,C,4,450,1,NaN,NaN,0,0.400827884674072
C034,C,4,451,1,NaN,NaN,0,0.258951902389526
C034,C,4,452,NaN,0,1,NaN,NaN
C034,C,4,453,0,NaN,NaN,1,NaN
C034,C,4,454,1,NaN,NaN,0,0.719820976257324
C034,C,4,455,1,NaN,NaN,0,0.42949390411377
C034,C,4,456,1,NaN,NaN,0,0.696331024169922
C034,C,4,457,1,NaN,NaN,0,1.01337695121765
C034,C,4,458,1,NaN,NaN,0,0.824413061141968
C034,C,4,459,1,NaN,NaN,0,0.6389479637146
C034,C,4,460,1,NaN,NaN,0,1.07148098945618
C034,C,4,461,1,NaN,NaN,0,0.563370943069458
C034,C,4,462,NaN,0,1,NaN,NaN
C034,C,4,463,1,NaN,NaN,0,0.663159847259521
C034,C,4,464,1,NaN,NaN,0,0.447277069091797
C034,C,4,465,1,NaN,NaN,0,0.368855953216553
C034,C,4,466,1,NaN,NaN,0,0.384879112243652
C034,C,4,467,1,NaN,NaN,0,0.52069091796875
C034,C,4,468,1,NaN,NaN,0,0.352169990539551
C034,C,4,469,1,NaN,NaN,0,0.42057204246521
C034,C,4,470,1,NaN,NaN,0,0.349725961685181
C034,C,4,471,1,NaN,NaN,0,0.267689943313599
C034,C,4,472,NaN,1,0,NaN,NaN
C034,C,4,473,1,NaN,NaN,0,0.287714958190918
C034,C,4,474,1,NaN,NaN,0,0.259979963302612
C034,C,4,475,1,NaN,NaN,0,0.271360874176025
C034,C,4,476,1,NaN,NaN,0,0.306488990783691
C034,C,4,477,1,NaN,NaN,0,0.296087980270386
C034,C,4,478,1,NaN,NaN,0,0.295916795730591
C034,C,4,479,1,NaN,NaN,0,0.282921075820923
C034,C,4,480,1,NaN,NaN,0,0.343235015869141
C034,C,4,481,1,NaN,NaN,0,0.282808065414429
C034,C,4,482,1,NaN,NaN,0,0.37746000289917
C034,C,4,483,NaN,1,0,NaN,NaN
C034,C,4,484,1,NaN,NaN,0,0.331382036209106
C034,C,4,485,1,NaN,NaN,0,0.306963205337524
C034,C,4,486,1,NaN,NaN,0,0.359263896942139
C034,C,4,487,1,NaN,NaN,0,0.3382408618927
C034,C,4,488,1,NaN,NaN,0,0.275270938873291
C034,C,4,489,NaN,1,0,NaN,NaN
C034,C,4,490,1,NaN,NaN,0,0.334782838821411
C034,C,4,491,1,NaN,NaN,0,0.272412061691284
C034,C,4,492,1,NaN,NaN,0,0.250694990158081
C034,C,4,493,1,NaN,NaN,0,0.568444013595581
C034,C,4,494,1,NaN,NaN,0,0.449879169464111
C034,C,4,495,1,NaN,NaN,0,0.420286178588867
C034,C,4,496,1,NaN,NaN,0,0.444334983825684
C034,C,4,497,1,NaN,NaN,0,0.426273107528687
C034,C,4,498,1,NaN,NaN,0,0.256684064865112
C034,C,4,499,1,NaN,NaN,0,0.348977088928223
C034,C,4,500,1,NaN,NaN,0,0.334558010101318
C034,C,4,501,1,NaN,NaN,0,0.356371879577637
C034,C,4,502,1,NaN,NaN,0,0.373944044113159
C034,C,4,503,NaN,1,0,NaN,NaN
C034,C,4,504,1,NaN,NaN,0,NaN
C034,C,4,505,0,NaN,NaN,1,NaN
C034,C,4,506,NaN,1,0,NaN,NaN
C034,C,4,507,1,NaN,NaN,0,0.389981985092163
C034,C,4,508,1,NaN,NaN,0,0.355499029159546
C034,C,4,509,1,NaN,NaN,0,0.263169050216675
C034,C,4,510,1,NaN,NaN,0,0.280880928039551
C034,C,4,511,1,NaN,NaN,0,0.272486925125122
C034,C,4,512,1,NaN,NaN,0,0.305617809295654
C034,C,4,513,1,NaN,NaN,0,0.286435127258301
C034,C,4,514,1,NaN,NaN,0,0.251538991928101
C034,C,4,515,1,NaN,NaN,0,0.268462181091309
C034,C,4,516,NaN,0,1,NaN,NaN
C034,C,4,517,1,NaN,NaN,0,0.298320055007935
C034,C,4,518,1,NaN,NaN,0,0.27164888381958
C034,C,4,519,0,NaN,NaN,1,NaN
C034,C,4,520,1,NaN,NaN,0,0.315729856491089
C034,C,4,521,1,NaN,NaN,0,0.677116870880127
C034,C,4,522,1,NaN,NaN,0,0.337967157363892
C034,C,4,523,1,NaN,NaN,0,0.48377513885498
C034,C,4,524,1,NaN,NaN,0,0.395746946334839
C034,C,4,525,1,NaN,NaN,0,0.316795825958252
C034,C,4,526,1,NaN,NaN,0,0.648541927337646
C034,C,4,527,NaN,1,0,NaN,NaN
C034,C,4,528,1,NaN,NaN,0,0.40330696105957
C034,C,4,529,1,NaN,NaN,0,0.571804046630859
C034,C,4,530,1,NaN,NaN,0,0.309607028961182
C034,C,4,531,1,NaN,NaN,0,0.341941118240356
C034,C,4,532,1,NaN,NaN,0,0.176121950149536
C034,C,4,533,1,NaN,NaN,0,0.277985095977783
C034,C,4,534,1,NaN,NaN,0,0.304625034332275
C034,C,4,535,1,NaN,NaN,0,0.321599960327148
C034,C,4,536,1,NaN,NaN,0,0.390068054199219
C034,C,4,537,1,NaN,NaN,0,0.333402872085571
C034,C,4,538,1,NaN,NaN,0,0.408619165420532
C034,C,4,539,NaN,1,0,NaN,NaN
C034,C,4,540,1,NaN,NaN,0,0.561105966567993
C034,C,4,541,1,NaN,NaN,0,0.428360939025879
C034,C,4,542,1,NaN,NaN,0,0.285154104232788
C034,C,4,543,1,NaN,NaN,0,0.330079078674316
C034,C,4,544,1,NaN,NaN,0,0.483798027038574
