SubID,Group,BlockN,nTrial,GoTrials,NoGoTrials,FA,Misses,RT
A027,A,1,NaN,NaN,NaN,0,0,0.570584058761597
A027,A,1,NaN,NaN,NaN,0,0,0.35759711265564
A027,A,1,NaN,NaN,NaN,0,0,0.345743894577026
A027,A,1,NaN,NaN,NaN,0,0,0.330365896224976
A027,A,1,NaN,NaN,NaN,0,0,0.365602970123291
A027,A,1,NaN,NaN,NaN,0,0,0.350597858428955
A027,A,1,NaN,NaN,NaN,0,0,0.341805934906006
A027,A,1,NaN,NaN,NaN,0,0,0.358614206314087
A027,A,NaN,1,0,NaN,NaN,0,NaN
A027,A,1,NaN,NaN,NaN,0,0,0.35837984085083
A027,A,1,NaN,NaN,NaN,0,0,0.287101984024048
A027,A,1,NaN,NaN,NaN,0,0,0.335361957550049
A027,A,1,NaN,NaN,NaN,0,0,0.280237197875977
A027,A,1,NaN,NaN,NaN,0,0,0.410231828689575
A027,A,1,NaN,NaN,NaN,0,0,0.382953882217407
A027,A,NaN,0,1,NaN,NaN,0,NaN
A027,A,1,NaN,NaN,NaN,0,0,0.516382932662964
A027,A,1,NaN,NaN,NaN,0,0,0.327907085418701
A027,A,1,NaN,NaN,NaN,0,0,0.309562921524048
A027,A,1,NaN,NaN,NaN,0,0,0.363157987594604
A027,A,1,NaN,NaN,NaN,0,0,0.352649211883545
A027,A,1,NaN,NaN,NaN,0,0,0.334319829940796
A027,A,1,NaN,NaN,NaN,0,0,0.331002950668335
A027,A,1,NaN,NaN,NaN,0,0,0.479027986526489
A027,A,NaN,1,0,NaN,NaN,0,NaN
A027,A,1,NaN,NaN,NaN,0,0,0.335695028305054
A027,A,1,NaN,NaN,NaN,0,0,0.341249942779541
A027,A,1,NaN,NaN,NaN,0,0,0.403711080551147
A027,A,1,NaN,NaN,NaN,0,0,0.343891859054565
A027,A,1,NaN,NaN,NaN,0,0,0.28898286819458
A027,A,1,NaN,NaN,NaN,0,0,0.358601093292236
A027,A,1,NaN,NaN,NaN,0,0,0.559158802032471
A027,A,NaN,1,0,NaN,NaN,0,NaN
A027,A,1,NaN,NaN,NaN,0,0,0.352360963821411
A027,A,1,NaN,NaN,NaN,0,0,0.276915073394775
A027,A,1,NaN,NaN,NaN,0,0,0.297601938247681
A027,A,1,NaN,NaN,NaN,0,0,0.241474151611328
A027,A,NaN,0,1,NaN,NaN,0,NaN
A027,A,1,NaN,NaN,NaN,0,0,0.389369010925293
A027,A,1,NaN,NaN,NaN,0,0,0.320556163787842
A027,A,1,NaN,NaN,NaN,0,0,0.329436063766479
A027,A,1,NaN,NaN,NaN,0,0,0.33774995803833
A027,A,1,NaN,NaN,NaN,0,0,0.327004194259644
A027,A,1,NaN,NaN,NaN,0,0,0.351874828338623
A027,A,1,NaN,NaN,NaN,0,0,0.448571920394897
A027,A,1,NaN,NaN,NaN,0,0,0.362020015716553
A027,A,NaN,1,0,NaN,NaN,0,NaN
A027,A,1,NaN,NaN,NaN,0,0,0.296298980712891
A027,A,1,NaN,NaN,NaN,0,0,0.357292175292969
A027,A,1,NaN,NaN,NaN,0,0,0.379782915115356
A027,A,1,NaN,NaN,NaN,0,0,0.70105504989624
A027,A,1,NaN,NaN,NaN,0,0,0.433610916137695
A027,A,1,NaN,NaN,NaN,0,0,0.385293960571289
A027,A,1,NaN,NaN,NaN,0,0,0.391029834747314
A027,A,1,NaN,NaN,NaN,0,0,0.345947027206421
A027,A,NaN,1,0,NaN,NaN,0,NaN
A027,A,1,NaN,NaN,NaN,0,0,0.29577898979187
A027,A,1,NaN,NaN,NaN,0,0,0.263950109481812
A027,A,1,NaN,NaN,NaN,0,0,0.268492937088013
A027,A,1,NaN,NaN,NaN,0,0,0.289566040039062
A027,A,1,NaN,NaN,NaN,0,0,0.258098125457764
A027,A,1,NaN,NaN,NaN,0,0,0.310520887374878
A027,A,1,NaN,NaN,NaN,0,0,0.320011854171753
A027,A,1,NaN,NaN,NaN,0,0,0.295972108840942
A027,A,1,NaN,NaN,NaN,0,0,0.276510000228882
A027,A,NaN,1,0,NaN,NaN,0,NaN
A027,A,1,NaN,NaN,NaN,0,0,0.293694019317627
A027,A,1,NaN,NaN,NaN,0,0,0.307665109634399
A027,A,1,NaN,NaN,NaN,0,0,0.283586978912354
A027,A,1,NaN,NaN,NaN,0,0,0.280393123626709
A027,A,1,NaN,NaN,NaN,0,0,0.292202949523926
A027,A,1,NaN,NaN,NaN,0,0,0.339429140090942
A027,A,1,NaN,NaN,NaN,0,0,0.32442307472229
A027,A,NaN,0,1,NaN,NaN,0,NaN
A027,A,1,NaN,NaN,NaN,0,0,0.412503004074097
A027,A,1,NaN,NaN,NaN,0,0,0.327672004699707
A027,A,1,NaN,NaN,NaN,0,0,0.240470886230469
A027,A,1,NaN,NaN,NaN,0,0,0.27510404586792
A027,A,1,NaN,NaN,NaN,0,0,0.278409957885742
A027,A,1,NaN,NaN,NaN,0,0,0.315258979797363
A027,A,1,NaN,NaN,NaN,0,0,0.31665301322937
A027,A,1,NaN,NaN,NaN,0,0,0.407691955566406
A027,A,1,NaN,NaN,NaN,0,0,0.384267807006836
A027,A,1,NaN,NaN,NaN,0,0,0.37293004989624
A027,A,NaN,1,0,NaN,NaN,0,NaN
A027,A,1,NaN,NaN,NaN,0,0,0.322000980377197
A027,A,1,NaN,NaN,NaN,0,0,0.274801969528198
A027,A,1,NaN,NaN,NaN,0,0,0.252944946289062
A027,A,1,NaN,NaN,NaN,0,0,0.294409990310669
A027,A,1,NaN,NaN,NaN,0,0,0.323149919509888
A027,A,1,NaN,NaN,NaN,0,0,0.276265144348145
A027,A,1,NaN,NaN,NaN,0,0,0.365442991256714
A027,A,1,NaN,NaN,NaN,0,0,0.366575956344604
A027,A,1,NaN,NaN,NaN,0,0,0.428089141845703
A027,A,1,NaN,NaN,NaN,0,0,0.505692005157471
A027,A,NaN,0,1,NaN,NaN,0,NaN
A027,A,1,NaN,NaN,NaN,0,0,0.485265970230103
A027,A,1,NaN,NaN,NaN,0,0,0.326463937759399
A027,A,1,NaN,NaN,NaN,0,0,0.25283408164978
A027,A,1,NaN,NaN,NaN,0,0,0.302563905715942
A027,A,NaN,1,0,NaN,NaN,0,NaN
A027,A,1,NaN,NaN,NaN,0,0,0.59138298034668
A027,A,1,NaN,NaN,NaN,0,0,0.275235891342163
A027,A,1,NaN,NaN,NaN,0,0,0.322242975234985
A027,A,1,NaN,NaN,NaN,0,0,0.297156810760498
A027,A,1,NaN,NaN,NaN,0,0,0.316751003265381
A027,A,1,NaN,NaN,NaN,0,0,0.238059997558594
A027,A,1,NaN,NaN,NaN,0,0,0.208625078201294
A027,A,1,NaN,NaN,NaN,0,0,0.772560834884644
A027,A,1,NaN,NaN,NaN,0,0,0.413790941238403
A027,A,NaN,0,1,NaN,NaN,0,NaN
A027,A,1,NaN,NaN,NaN,0,0,0.511094093322754
A027,A,1,NaN,NaN,NaN,0,0,0.455396175384521
A027,A,1,NaN,NaN,NaN,0,0,0.343852043151855
A027,A,1,NaN,NaN,NaN,0,0,0.338129997253418
A027,A,1,NaN,NaN,NaN,0,0,0.338783979415894
A027,A,1,NaN,NaN,NaN,0,0,0.335081815719604
A027,A,1,NaN,NaN,NaN,0,0,0.375885009765625
A027,A,1,NaN,NaN,NaN,0,0,0.411587953567505
A027,A,NaN,0,1,NaN,NaN,0,NaN
A027,A,1,NaN,NaN,NaN,0,0,0.362772941589355
A027,A,1,NaN,NaN,NaN,0,0,0.314214944839478
A027,A,1,NaN,NaN,NaN,0,0,0.276810169219971
A027,A,1,NaN,NaN,NaN,0,0,0.353876113891602
A027,A,1,NaN,NaN,NaN,0,0,0.301941156387329
A027,A,1,NaN,NaN,NaN,0,0,0.327189207077026
A027,A,1,NaN,NaN,NaN,0,0,0.377442121505737
A027,A,1,NaN,NaN,NaN,0,0,0.515596866607666
A027,A,1,NaN,NaN,NaN,0,0,0.353127002716064
A027,A,1,NaN,NaN,NaN,0,0,0.344570875167847
A027,A,NaN,1,0,NaN,NaN,0,NaN
A027,A,1,NaN,NaN,NaN,0,0,0.361849069595337
A027,A,1,NaN,NaN,NaN,0,0,0.328650951385498
A027,A,1,NaN,NaN,NaN,0,0,0.301867961883545
A027,A,1,NaN,NaN,NaN,0,0,0.345431089401245
A027,A,1,NaN,NaN,NaN,0,0,0.348957061767578
A027,A,1,NaN,NaN,NaN,0,0,0.290719985961914
A027,A,1,NaN,NaN,NaN,0,0,0.195547819137573
A027,A,1,NaN,NaN,NaN,0,0,0.262751817703247
A027,A,1,NaN,NaN,NaN,0,0,0.442564010620117
A027,A,1,NaN,NaN,NaN,0,0,0.319048166275024
A027,A,NaN,0,1,NaN,NaN,0,NaN
A027,A,1,NaN,NaN,NaN,0,0,0.300375938415527
A027,A,1,NaN,NaN,NaN,0,0,0.3558349609375
A027,A,1,NaN,NaN,NaN,0,0,0.316136121749878
A027,A,1,NaN,NaN,NaN,0,0,0.43654203414917
A027,A,1,NaN,NaN,NaN,0,0,0.406537055969238
A027,A,NaN,1,0,NaN,NaN,0,NaN
A027,A,1,NaN,NaN,NaN,0,0,0.30910587310791
A027,A,1,NaN,NaN,NaN,0,0,0.26770806312561
A027,A,1,NaN,NaN,NaN,0,0,0.305301904678345
A027,A,1,NaN,NaN,NaN,0,0,0.288026094436646
A027,A,1,NaN,NaN,NaN,0,0,0.342170000076294
A027,A,1,NaN,NaN,NaN,0,0,0.797830104827881
A027,A,1,NaN,NaN,NaN,0,0,0.379317045211792
A027,A,1,NaN,NaN,NaN,0,0,0.458834886550903
A027,A,1,NaN,NaN,NaN,0,0,0.374653100967407
A027,A,1,NaN,NaN,NaN,0,0,0.310397148132324
A027,A,1,NaN,NaN,NaN,0,0,0.392401218414307
A027,A,NaN,1,0,NaN,NaN,0,NaN
A027,A,1,NaN,NaN,NaN,0,0,0.353858947753906
A027,A,1,NaN,NaN,NaN,0,0,0.333549022674561
A027,A,1,NaN,NaN,NaN,0,0,0.334276914596558
A027,A,NaN,0,1,NaN,NaN,0,NaN
A027,A,1,NaN,NaN,NaN,0,0,0.379744052886963
A027,A,1,NaN,NaN,NaN,0,0,0.293376922607422
A027,A,1,NaN,NaN,NaN,0,0,0.306418895721436
A027,A,1,NaN,NaN,NaN,0,0,0.298870086669922
A027,A,1,NaN,NaN,NaN,0,0,0.317888021469116
A027,A,1,NaN,NaN,NaN,0,0,0.342748880386353
A027,A,1,NaN,NaN,NaN,0,0,0.350100994110107
A027,A,1,NaN,NaN,NaN,0,0,0.426986932754517
A027,A,1,NaN,NaN,NaN,0,0,0.304773092269897
A027,A,1,NaN,NaN,NaN,0,0,0.385822057723999
A027,A,1,NaN,NaN,NaN,0,0,0.387593984603882
A027,A,1,NaN,NaN,NaN,0,0,0.304797887802124
A027,A,NaN,0,1,NaN,NaN,0,NaN
A027,A,1,NaN,NaN,NaN,0,0,0.299275875091553
A027,A,1,NaN,NaN,NaN,0,0,0.26661205291748
A027,A,1,NaN,NaN,NaN,0,0,0.269685029983521
A027,A,1,NaN,NaN,NaN,0,0,0.238590002059937
A027,A,NaN,0,1,NaN,NaN,0,NaN
A027,A,1,NaN,NaN,NaN,0,0,0.349439144134521
A027,A,1,NaN,NaN,NaN,0,0,NaN
A027,A,1,NaN,NaN,NaN,0,0,0.303730010986328
A027,A,1,NaN,NaN,NaN,0,0,0.3336341381073
A027,A,1,NaN,NaN,NaN,0,0,0.317956209182739
A027,A,1,NaN,NaN,NaN,0,0,0.335283041000366
A027,A,1,NaN,NaN,NaN,0,0,0.379325151443481
A027,A,1,NaN,NaN,NaN,0,0,0.396199941635132
A027,A,1,NaN,NaN,NaN,0,0,0.340947866439819
A027,A,NaN,1,0,NaN,NaN,0,NaN
A027,A,1,NaN,NaN,NaN,0,0,0.301582098007202
A027,A,1,NaN,NaN,NaN,0,0,0.287126064300537
A027,A,1,NaN,NaN,NaN,0,0,0.289359092712402
A027,A,1,NaN,NaN,NaN,0,0,0.293338775634766
A027,A,1,NaN,NaN,NaN,0,0,0.429821014404297
A027,A,1,NaN,NaN,NaN,0,0,NaN
A027,A,1,NaN,NaN,NaN,0,0,0.336357831954956
A027,A,NaN,1,0,NaN,NaN,0,NaN
A027,A,1,NaN,NaN,NaN,0,0,0.482003927230835
A027,A,1,NaN,NaN,NaN,0,0,0.654536008834839
A027,A,1,NaN,NaN,NaN,0,0,0.509891986846924
A027,A,1,NaN,NaN,NaN,0,0,0.430650949478149
A027,A,1,NaN,NaN,NaN,0,0,0.355752944946289
A027,A,1,NaN,NaN,NaN,0,0,0.262320041656494
A027,A,1,NaN,NaN,NaN,0,0,0.223767995834351
A027,A,1,NaN,NaN,NaN,0,0,0.335861206054688
A027,A,1,NaN,NaN,NaN,0,0,0.322329998016357
A027,A,1,NaN,NaN,NaN,0,0,0.350317001342773
A027,A,NaN,0,1,NaN,NaN,0,NaN
A027,A,1,NaN,NaN,NaN,0,0,0.219602823257446
A027,A,1,NaN,NaN,NaN,0,0,0.316974878311157
A027,A,1,NaN,NaN,NaN,0,0,0.291920185089111
A027,A,1,NaN,NaN,NaN,0,0,0.294229984283447
A027,A,1,NaN,NaN,NaN,0,0,0.359143018722534
A027,A,1,NaN,NaN,NaN,0,0,0.936411142349243
A027,A,1,NaN,NaN,NaN,0,0,0.442829132080078
A027,A,1,NaN,NaN,NaN,0,0,0.550971984863281
A027,A,1,NaN,NaN,NaN,0,0,0.468537092208862
A027,A,NaN,1,0,NaN,NaN,0,NaN
A027,A,1,NaN,NaN,NaN,0,0,0.309046983718872
A027,A,1,NaN,NaN,NaN,0,0,0.289810180664062
A027,A,1,NaN,NaN,NaN,0,0,0.284561157226562
A027,A,1,NaN,NaN,NaN,0,0,0.391507863998413
A027,A,1,NaN,NaN,NaN,0,0,0.343111991882324
A027,A,1,NaN,NaN,NaN,0,0,0.292809963226318
A027,A,1,NaN,NaN,NaN,0,0,0.25751805305481
A027,A,1,NaN,NaN,NaN,0,0,0.282425165176392
A027,A,1,NaN,NaN,NaN,0,0,0.454619884490967
A027,A,1,NaN,NaN,NaN,0,0,0.492671012878418
A027,A,NaN,1,0,NaN,NaN,0,NaN
A027,A,1,NaN,NaN,NaN,0,0,0.334923982620239
A027,A,1,NaN,NaN,NaN,0,0,0.259171962738037
A027,A,1,NaN,NaN,NaN,0,0,0.30816388130188
A027,A,1,NaN,NaN,NaN,0,0,0.3091139793396
A027,A,NaN,0,1,NaN,NaN,0,NaN
A027,A,1,NaN,NaN,NaN,0,0,0.314612150192261
A027,A,1,NaN,NaN,NaN,0,0,0.311487913131714
A027,A,1,NaN,NaN,NaN,0,0,0.37360692024231
A027,A,1,NaN,NaN,NaN,0,0,0.366919040679932
A027,A,1,NaN,NaN,NaN,0,0,0.343748807907104
A027,A,1,NaN,NaN,NaN,0,0,0.280019998550415
A027,A,1,NaN,NaN,NaN,0,0,0.304389953613281
A027,A,1,NaN,NaN,NaN,0,0,0.320704936981201
A027,A,1,NaN,NaN,NaN,0,0,0.354014158248901
A027,A,1,NaN,NaN,NaN,0,0,0.500455141067505
A027,A,1,NaN,NaN,NaN,0,0,0.340427875518799
A027,A,1,NaN,NaN,NaN,0,0,0.282134056091309
A027,A,1,NaN,NaN,NaN,0,0,0.325601100921631
A027,A,NaN,0,1,NaN,NaN,0,NaN
A027,A,1,NaN,NaN,NaN,0,0,0.330981969833374
A027,A,1,NaN,NaN,NaN,0,0,0.272534132003784
A027,A,1,NaN,NaN,NaN,0,0,0.276484966278076
A027,A,NaN,0,1,NaN,NaN,0,NaN
A027,A,1,NaN,NaN,NaN,0,0,0.364726066589355
A027,A,1,NaN,NaN,NaN,0,0,0.338249921798706
A027,A,1,NaN,NaN,NaN,0,0,0.357892990112305
A027,A,1,NaN,NaN,NaN,0,0,0.359278917312622
A027,A,1,NaN,NaN,NaN,0,0,0.392750024795532
A027,A,1,NaN,NaN,NaN,0,0,0.383463144302368
A027,A,1,NaN,NaN,NaN,0,0,0.67036509513855
A027,A,1,NaN,NaN,NaN,0,0,0.447179794311523
A027,A,NaN,1,0,NaN,NaN,0,NaN
A027,A,1,NaN,NaN,NaN,0,0,0.371886968612671
A027,A,1,NaN,NaN,NaN,0,0,0.622015953063965
A027,A,1,NaN,NaN,NaN,0,0,0.65491795539856
A027,A,1,NaN,NaN,NaN,0,0,0.378005027770996
A027,A,1,NaN,NaN,NaN,0,0,0.358663082122803
A027,A,1,NaN,NaN,NaN,0,0,0.312872886657715
A027,A,1,NaN,NaN,NaN,0,0,0.318198204040527
A027,A,1,NaN,NaN,NaN,0,0,0.258887052536011
A027,A,NaN,1,0,NaN,NaN,0,NaN
A027,A,1,NaN,NaN,NaN,0,0,0.297363996505737
A027,A,1,NaN,NaN,NaN,0,0,0.294025897979736
A027,A,1,NaN,NaN,NaN,0,0,0.299329042434692
A027,A,1,NaN,NaN,NaN,0,0,0.373588085174561
A027,A,1,NaN,NaN,NaN,0,0,NaN
A027,A,1,NaN,NaN,NaN,0,0,0.312407970428467
A027,A,1,NaN,NaN,NaN,0,0,0.295364141464233
A027,A,NaN,0,1,NaN,NaN,0,NaN
A027,A,1,NaN,NaN,NaN,0,0,0.433557033538818
A027,A,1,NaN,NaN,NaN,0,0,0.357890129089355
A027,A,1,NaN,NaN,NaN,0,0,0.307230949401855
A027,A,1,NaN,NaN,NaN,0,0,NaN
A027,A,1,NaN,NaN,NaN,0,0,0.511339902877808
A027,A,1,NaN,NaN,NaN,0,0,0.335953950881958
A027,A,1,NaN,NaN,NaN,0,0,0.350054979324341
A027,A,1,NaN,NaN,NaN,0,0,0.374782800674438
A027,A,1,NaN,NaN,NaN,0,0,0.339420080184937
A027,A,1,NaN,NaN,NaN,0,0,0.336318016052246
A027,A,1,NaN,NaN,NaN,0,0,0.514057874679565
A027,A,1,NaN,NaN,NaN,0,0,0.357392072677612
A027,A,1,NaN,NaN,NaN,0,0,0.290417909622192
A027,A,1,NaN,NaN,NaN,0,0,0.411475896835327
A027,A,NaN,1,0,NaN,NaN,0,NaN
A027,A,1,NaN,NaN,NaN,0,0,0.355355978012085
A027,A,1,NaN,NaN,NaN,0,0,0.295670986175537
A027,A,1,NaN,NaN,NaN,0,0,0.306910037994385
A027,A,1,NaN,NaN,NaN,0,0,0.330345869064331
A027,A,1,NaN,NaN,NaN,0,0,0.307969093322754
A027,A,NaN,1,0,NaN,NaN,0,NaN
A027,A,1,NaN,NaN,NaN,0,0,0.326574802398682
A027,A,1,NaN,NaN,NaN,0,0,0.40122389793396
A027,A,1,NaN,NaN,NaN,0,0,0.26786994934082
A027,A,1,NaN,NaN,NaN,0,0,0.310663938522339
A027,A,1,NaN,NaN,NaN,0,0,0.30322003364563
A027,A,1,NaN,NaN,NaN,0,0,0.274924039840698
A027,A,1,NaN,NaN,NaN,0,0,0.283711910247803
A027,A,NaN,0,1,NaN,NaN,0,NaN
A027,A,1,NaN,NaN,NaN,0,0,0.34313702583313
A027,A,1,NaN,NaN,NaN,0,0,0.261258125305176
A027,A,1,NaN,NaN,NaN,0,0,NaN
A027,A,1,NaN,NaN,NaN,0,0,0.219895124435425
A027,A,1,NaN,NaN,NaN,0,0,0.203619956970215
A027,A,1,NaN,NaN,NaN,0,0,0.655599117279053
A027,A,NaN,0,1,NaN,NaN,0,NaN
A027,A,1,NaN,NaN,NaN,0,0,0.347438097000122
A027,A,1,NaN,NaN,NaN,0,0,0.308809995651245
A027,A,1,NaN,NaN,NaN,0,0,0.333617925643921
A027,A,1,NaN,NaN,NaN,0,0,0.466186046600342
A027,A,1,NaN,NaN,NaN,0,0,0.36662220954895
A027,A,1,NaN,NaN,NaN,0,0,0.304832935333252
A027,A,1,NaN,NaN,NaN,0,0,0.336791038513184
A027,A,1,NaN,NaN,NaN,0,0,0.379760026931763
A027,A,1,NaN,NaN,NaN,0,0,0.30781102180481
A027,A,1,NaN,NaN,NaN,0,0,0.3244469165802
A027,A,1,NaN,NaN,NaN,0,0,0.417275190353394
A027,A,NaN,1,0,NaN,NaN,0,NaN
A027,A,1,NaN,NaN,NaN,0,0,0.270562887191772
A027,A,1,NaN,NaN,NaN,0,0,0.322076082229614
A027,A,1,NaN,NaN,NaN,0,0,0.321545839309692
A027,A,1,NaN,NaN,NaN,0,0,0.290698051452637
A027,A,1,NaN,NaN,NaN,0,0,0.343646049499512
A027,A,1,NaN,NaN,NaN,0,0,0.263046979904175
A027,A,1,NaN,NaN,NaN,0,0,0.154892206192017
A027,A,1,NaN,NaN,NaN,0,0,0.287238121032715
A027,A,1,NaN,NaN,NaN,0,0,0.249758005142212
A027,A,1,NaN,NaN,NaN,0,0,0.204532146453857
A027,A,NaN,0,1,NaN,NaN,0,NaN
A027,A,1,NaN,NaN,NaN,0,0,0.333877086639404
A027,A,1,NaN,NaN,NaN,0,0,NaN
A027,A,1,NaN,NaN,NaN,0,0,0.359246969223022
A027,A,1,NaN,NaN,NaN,0,0,0.25787615776062
A027,A,1,NaN,NaN,NaN,0,0,0.159090995788574
A027,A,NaN,0,1,NaN,NaN,0,NaN
A027,A,1,NaN,NaN,NaN,0,0,0.300858974456787
A027,A,1,NaN,NaN,NaN,0,0,0.326288938522339
A027,A,1,NaN,NaN,NaN,0,0,0.304319858551025
A027,A,1,NaN,NaN,NaN,0,0,0.568408012390137
A027,A,1,NaN,NaN,NaN,0,0,0.358264923095703
A027,A,1,NaN,NaN,NaN,0,0,0.361462831497192
A027,A,NaN,0,1,NaN,NaN,0,NaN
A027,A,1,NaN,NaN,NaN,0,0,0.343701839447021
A027,A,1,NaN,NaN,NaN,0,0,0.340709924697876
A027,A,1,NaN,NaN,NaN,0,0,0.371154069900513
A027,A,1,NaN,NaN,NaN,0,0,0.444687128067017
A027,A,1,NaN,NaN,NaN,0,0,0.48152494430542
A027,A,1,NaN,NaN,NaN,0,0,0.472228050231934
A027,A,1,NaN,NaN,NaN,0,0,0.321980953216553
A027,A,1,NaN,NaN,NaN,0,0,0.437881946563721
A027,A,NaN,1,0,NaN,NaN,0,NaN
A027,A,1,NaN,NaN,NaN,0,0,0.371644973754883
A027,A,1,NaN,NaN,NaN,0,0,0.299690961837769
A027,A,1,NaN,NaN,NaN,0,0,0.268931865692139
A027,A,1,NaN,NaN,NaN,0,0,0.312519073486328
A027,A,1,NaN,NaN,NaN,0,0,0.285313844680786
A027,A,1,NaN,NaN,NaN,0,0,0.319458961486816
A027,A,1,NaN,NaN,NaN,0,0,0.254240036010742
A027,A,1,NaN,NaN,NaN,0,0,0.232346773147583
A027,A,1,NaN,NaN,NaN,0,0,0.393826961517334
A027,A,1,NaN,NaN,NaN,0,0,0.302165031433105
A027,A,1,NaN,NaN,NaN,0,0,0.383090972900391
A027,A,NaN,0,1,NaN,NaN,0,NaN
A027,A,1,NaN,NaN,NaN,0,0,0.343959808349609
A027,A,1,NaN,NaN,NaN,0,0,0.264314889907837
A027,A,1,NaN,NaN,NaN,0,0,0.275538921356201
A027,A,1,NaN,NaN,NaN,0,0,0.349081993103027
A027,A,1,NaN,NaN,NaN,0,0,0.363374948501587
A027,A,1,NaN,NaN,NaN,0,0,0.322894096374512
A027,A,1,NaN,NaN,NaN,0,0,0.156501054763794
A027,A,1,NaN,NaN,NaN,0,0,0.341211795806885
A027,A,NaN,0,1,NaN,NaN,0,NaN
A027,A,1,NaN,NaN,NaN,0,0,0.459149837493896
A027,A,1,NaN,NaN,NaN,0,0,0.401966094970703
A027,A,1,NaN,NaN,NaN,0,0,0.352092027664185
A027,A,1,NaN,NaN,NaN,0,0,0.284926176071167
A027,A,1,NaN,NaN,NaN,0,0,0.296272993087769
A027,A,1,NaN,NaN,NaN,0,0,0.319502830505371
A027,A,NaN,1,0,NaN,NaN,0,NaN
A027,A,1,NaN,NaN,NaN,0,0,0.350733041763306
A027,A,1,NaN,NaN,NaN,0,0,0.409866094589233
A027,A,1,NaN,NaN,NaN,0,0,0.312843084335327
A027,A,1,NaN,NaN,NaN,0,0,0.334847927093506
A027,A,1,NaN,NaN,NaN,0,0,0.343070030212402
A027,A,1,NaN,NaN,NaN,0,0,0.290210008621216
A027,A,1,NaN,NaN,NaN,0,0,0.294826984405518
A027,A,1,NaN,NaN,NaN,0,0,0.191598892211914
A027,A,1,NaN,NaN,NaN,0,0,0.35768723487854
A027,A,1,NaN,NaN,NaN,0,0,0.341989994049072
A027,A,1,NaN,NaN,NaN,0,0,0.414790868759155
A027,A,1,NaN,NaN,NaN,0,0,0.432987928390503
A027,A,1,NaN,NaN,NaN,0,0,0.381472110748291
A027,A,NaN,0,1,NaN,NaN,0,NaN
A027,A,1,NaN,NaN,NaN,0,0,0.369498014450073
A027,A,1,NaN,NaN,NaN,0,0,0.363609790802002
A027,A,1,NaN,NaN,NaN,0,0,0.940584182739258
A027,A,1,NaN,NaN,NaN,0,0,0.390363931655884
A027,A,1,NaN,NaN,NaN,0,0,0.362853050231934
A027,A,1,NaN,NaN,NaN,0,0,0.328263998031616
A027,A,1,NaN,NaN,NaN,0,0,0.413530826568604
A027,A,NaN,1,0,NaN,NaN,0,NaN
A027,A,1,NaN,NaN,NaN,0,0,0.290370941162109
A027,A,1,NaN,NaN,NaN,0,0,0.33536696434021
A027,A,1,NaN,NaN,NaN,0,0,0.294150829315186
A027,A,1,NaN,NaN,NaN,0,0,0.164019107818604
A027,A,1,NaN,NaN,NaN,0,0,0.281713008880615
A027,A,1,NaN,NaN,NaN,0,0,0.309251070022583
A027,A,1,NaN,NaN,NaN,0,0,0.28239917755127
A027,A,1,NaN,NaN,NaN,0,0,0.313295125961304
A027,A,NaN,0,1,NaN,NaN,0,NaN
A027,A,1,NaN,NaN,NaN,0,0,0.29919695854187
A027,A,1,NaN,NaN,NaN,0,0,0.329842805862427
A027,A,1,NaN,NaN,NaN,0,0,0.327898979187012
A027,A,1,NaN,NaN,NaN,0,0,0.245750904083252
A027,A,1,NaN,NaN,NaN,0,0,0.297087907791138
A027,A,1,NaN,NaN,NaN,0,0,0.304373979568481
A027,A,1,NaN,NaN,NaN,0,0,0.299347162246704
A027,A,1,NaN,NaN,NaN,0,0,0.340822219848633
A027,A,NaN,1,0,NaN,NaN,0,NaN
A027,A,1,NaN,NaN,NaN,0,0,0.341593027114868
A027,A,1,NaN,NaN,NaN,0,0,0.29190993309021
A027,A,1,NaN,NaN,NaN,0,0,0.29079794883728
A027,A,1,NaN,NaN,NaN,0,0,0.341637134552002
A027,A,NaN,0,1,NaN,NaN,0,NaN
A027,A,1,NaN,NaN,NaN,0,0,0.303844928741455
A027,A,1,NaN,NaN,NaN,0,0,0.304462909698486
A027,A,1,NaN,NaN,NaN,0,0,0.360382080078125
A027,A,1,NaN,NaN,NaN,0,0,0.332824945449829
A027,A,1,NaN,NaN,NaN,0,0,0.429597854614258
A027,A,1,NaN,NaN,NaN,0,0,0.442928791046143
A027,A,1,NaN,NaN,NaN,0,0,0.562319993972778
A027,A,1,NaN,NaN,NaN,0,0,0.409496068954468
A027,A,1,NaN,NaN,NaN,0,0,0.400869131088257
A027,A,1,NaN,NaN,NaN,0,0,0.400264978408813
A027,A,1,NaN,NaN,NaN,0,0,0.453366994857788
A027,A,NaN,1,0,NaN,NaN,0,NaN
A027,A,1,NaN,NaN,NaN,0,0,0.284150123596191
A027,A,1,NaN,NaN,NaN,0,0,0.548847913742065
A027,A,1,NaN,NaN,NaN,0,0,0.57330584526062
A027,A,1,NaN,NaN,NaN,0,0,0.346596956253052
A027,A,1,NaN,NaN,NaN,0,0,0.470011949539185
A027,A,1,NaN,NaN,NaN,0,0,0.364609003067017
A027,A,1,NaN,NaN,NaN,0,0,0.358720064163208
A027,A,1,NaN,NaN,NaN,0,0,0.352241992950439
A027,A,NaN,0,1,NaN,NaN,0,NaN
A027,A,1,NaN,NaN,NaN,0,0,0.374305009841919
A027,A,1,NaN,NaN,NaN,0,0,0.353533983230591
A027,A,1,NaN,NaN,NaN,0,0,0.296236038208008
A027,A,1,NaN,NaN,NaN,0,0,0.278390169143677
A027,A,1,NaN,NaN,NaN,0,0,0.243561983108521
A027,A,1,NaN,NaN,NaN,0,0,0.281771898269653
A027,A,1,NaN,NaN,NaN,0,0,0.492918968200684
A027,A,1,NaN,NaN,NaN,0,0,0.304125785827637
A027,A,1,NaN,NaN,NaN,0,0,0.286170959472656
A027,A,NaN,0,1,NaN,NaN,0,NaN
A027,A,1,NaN,NaN,NaN,0,0,0.338563203811646
A027,A,1,NaN,NaN,NaN,0,0,0.243925094604492
A027,A,0,NaN,NaN,NaN,1,0,NaN
A027,A,1,NaN,NaN,NaN,0,0,0.416866779327393
A027,A,1,NaN,NaN,NaN,0,0,0.325269937515259
A027,A,NaN,0,1,NaN,NaN,0,NaN
A027,A,1,NaN,NaN,NaN,0,0,0.277344942092896
A027,A,1,NaN,NaN,NaN,0,0,0.314889907836914
A027,A,1,NaN,NaN,NaN,0,0,0.336011171340942
A027,A,1,NaN,NaN,NaN,0,0,0.364490032196045
A027,A,1,NaN,NaN,NaN,0,0,0.337586879730225
A027,A,1,NaN,NaN,NaN,0,0,0.330760955810547
A027,A,NaN,0,1,NaN,NaN,0,NaN
A027,A,1,NaN,NaN,NaN,0,0,0.34355616569519
A027,A,1,NaN,NaN,NaN,0,0,0.332081079483032
A027,A,1,NaN,NaN,NaN,0,0,0.330165147781372
A027,A,1,NaN,NaN,NaN,0,0,0.290948867797852
A027,A,1,NaN,NaN,NaN,0,0,0.265858888626099
A027,A,1,NaN,NaN,NaN,0,0,0.302370071411133
A027,A,1,NaN,NaN,NaN,0,0,0.327675819396973
A027,A,1,NaN,NaN,NaN,0,0,0.200435876846313
A027,A,1,NaN,NaN,NaN,0,0,NaN
A027,A,1,NaN,NaN,NaN,0,0,0.39536714553833
A027,A,1,NaN,NaN,NaN,0,0,0.330777168273926
A027,A,1,NaN,NaN,NaN,0,0,0.404702186584473
A027,A,1,NaN,NaN,NaN,0,0,0.347630023956299
A027,A,NaN,1,0,NaN,NaN,0,NaN
A027,A,1,NaN,NaN,NaN,0,0,0.381528854370117
A027,A,1,NaN,NaN,NaN,0,0,0.314193964004517
A027,A,1,NaN,NaN,NaN,0,0,0.27488899230957
A027,A,1,NaN,NaN,NaN,0,0,0.383086919784546
A027,A,NaN,0,1,NaN,NaN,0,NaN
A027,A,1,NaN,NaN,NaN,0,0,0.374585866928101
A027,A,1,NaN,NaN,NaN,0,0,0.361892938613892
A027,A,1,NaN,NaN,NaN,0,0,0.367271900177002
A027,A,1,NaN,NaN,NaN,0,0,0.341871023178101
A027,A,1,NaN,NaN,NaN,0,0,0.31856894493103
A027,A,1,NaN,NaN,NaN,0,0,0.376819133758545
A027,A,1,NaN,NaN,NaN,0,0,0.405722856521606
A027,A,1,NaN,NaN,NaN,0,0,0.426919937133789
A027,A,1,NaN,NaN,NaN,0,0,0.625184059143066
A027,A,NaN,1,0,NaN,NaN,0,NaN
A027,A,1,NaN,NaN,NaN,0,0,0.303555965423584
A027,A,1,NaN,NaN,NaN,0,0,0.384432077407837
A027,A,1,NaN,NaN,NaN,0,0,0.517286062240601
A027,A,1,NaN,NaN,NaN,0,0,0.336517095565796
A027,A,1,NaN,NaN,NaN,0,0,0.32951807975769
A027,A,1,NaN,NaN,NaN,0,0,0.327684879302979
A027,A,1,NaN,NaN,NaN,0,0,0.275096893310547
A027,A,1,NaN,NaN,NaN,0,0,0.323812961578369
A027,A,NaN,0,1,NaN,NaN,0,NaN
A027,A,1,NaN,NaN,NaN,0,0,0.316506862640381
A027,A,1,NaN,NaN,NaN,0,0,NaN
A027,A,1,NaN,NaN,NaN,0,0,NaN
A027,A,0,NaN,NaN,NaN,1,0,NaN
A027,A,1,NaN,NaN,NaN,0,0,0.392453908920288
A027,A,1,NaN,NaN,NaN,0,0,0.329967021942139
A027,A,NaN,1,0,NaN,NaN,0,NaN
A027,A,1,NaN,NaN,NaN,0,0,0.328703880310059
A027,A,1,NaN,NaN,NaN,0,0,0.282570838928223
A027,A,1,NaN,NaN,NaN,0,0,0.246828079223633
A027,A,1,NaN,NaN,NaN,0,0,0.221889972686768
A027,A,1,NaN,NaN,NaN,0,0,0.208377838134766
A027,A,1,NaN,NaN,NaN,0,0,0.301306009292603
A027,A,1,NaN,NaN,NaN,0,0,0.37059497833252
A027,A,1,NaN,NaN,NaN,0,0,0.192131996154785
A027,A,1,NaN,NaN,NaN,0,0,0.236670970916748
A027,A,1,NaN,NaN,NaN,0,0,NaN
A027,A,1,NaN,NaN,NaN,0,0,0.241539001464844
A027,A,NaN,0,1,NaN,NaN,0,NaN
A027,A,1,NaN,NaN,NaN,0,0,0.474508047103882
A027,A,1,NaN,NaN,NaN,0,0,0.27568793296814
A027,A,1,NaN,NaN,NaN,0,0,0.152833938598633
A027,A,1,NaN,NaN,NaN,0,0,0.349525928497314
A027,A,1,NaN,NaN,NaN,0,0,0.408554077148438
A027,A,1,NaN,NaN,NaN,0,0,0.402807950973511
A027,A,NaN,0,1,NaN,NaN,0,NaN
A027,A,1,NaN,NaN,NaN,0,0,0.295375108718872
A027,A,1,NaN,NaN,NaN,0,0,0.314656019210815
A027,A,1,NaN,NaN,NaN,0,0,NaN
A027,A,1,NaN,NaN,NaN,0,0,0.328558921813965
A027,A,1,NaN,NaN,NaN,0,0,0.322700977325439
A027,A,1,NaN,NaN,NaN,0,0,0.255773067474365
A027,A,1,NaN,NaN,NaN,0,0,0.352419853210449
A027,A,1,NaN,NaN,NaN,0,0,0.331946134567261
A027,A,1,NaN,NaN,NaN,0,0,0.288075923919678
A027,A,1,NaN,NaN,NaN,0,0,0.253160953521729
A027,A,NaN,0,1,NaN,NaN,0,NaN
A027,A,1,NaN,NaN,NaN,0,0,0.334197998046875
A027,A,1,NaN,NaN,NaN,0,0,NaN
A027,A,1,NaN,NaN,NaN,0,0,0.21973705291748
A027,A,1,NaN,NaN,NaN,0,0,NaN
A027,A,1,NaN,NaN,NaN,0,0,NaN
A027,A,1,NaN,NaN,NaN,0,0,NaN
A027,A,1,NaN,NaN,NaN,0,0,0.500787019729614
A027,A,1,NaN,NaN,NaN,0,0,0.324335813522339
A027,A,1,NaN,NaN,NaN,0,0,0.260684967041016
A027,A,NaN,0,1,NaN,NaN,0,NaN
A027,A,1,NaN,NaN,NaN,0,0,0.281276941299438
A027,A,1,NaN,NaN,NaN,0,0,0.293056964874268
A027,A,1,NaN,NaN,NaN,0,0,0.285824060440063
A027,A,1,NaN,NaN,NaN,0,0,0.260560989379883
A027,A,1,NaN,NaN,NaN,0,0,0.27871298789978
A027,A,1,NaN,NaN,NaN,0,0,0.227825880050659
A027,A,1,NaN,NaN,NaN,0,0,0.229173898696899
A027,A,NaN,1,0,NaN,NaN,0,NaN
A027,A,1,NaN,NaN,NaN,0,0,0.253626108169556
A027,A,1,NaN,NaN,NaN,0,0,0.253709077835083
A027,A,1,NaN,NaN,NaN,0,0,0.284423112869263
A027,A,1,NaN,NaN,NaN,0,0,0.217790842056274
A027,A,1,NaN,NaN,NaN,0,0,0.290788173675537
A027,A,1,NaN,NaN,NaN,0,0,0.269693851470947
A027,A,1,NaN,NaN,NaN,0,0,0.248637914657593
A027,A,1,NaN,NaN,NaN,0,0,0.244740009307861
A027,A,NaN,0,1,NaN,NaN,0,NaN
A027,A,1,NaN,NaN,NaN,0,0,0.173006057739258
A027,A,1,NaN,NaN,NaN,0,0,0.269405126571655
A027,A,1,NaN,NaN,NaN,0,0,0.288799047470093
A027,A,1,NaN,NaN,NaN,0,0,0.277586936950684
A027,A,1,NaN,NaN,NaN,0,0,0.274441003799438
A027,A,1,NaN,NaN,NaN,0,0,0.277266979217529
A027,A,1,NaN,NaN,NaN,0,0,NaN
A027,A,1,NaN,NaN,NaN,0,0,0.234419107437134
A027,A,1,NaN,NaN,NaN,0,0,NaN
A027,A,1,NaN,NaN,NaN,0,0,0.364140033721924
A027,A,1,NaN,NaN,NaN,0,0,0.320181131362915
A027,A,NaN,0,1,NaN,NaN,0,NaN
A027,A,1,NaN,NaN,NaN,0,0,0.324660062789917
A027,A,1,NaN,NaN,NaN,0,0,0.420942068099976
A027,A,1,NaN,NaN,NaN,0,0,0.301627159118652
A027,A,1,NaN,NaN,NaN,0,0,0.239475965499878
A027,A,1,NaN,NaN,NaN,0,0,1.01667785644531
A027,A,1,NaN,NaN,NaN,0,0,0.615291833877563
A027,A,1,NaN,NaN,NaN,0,0,0.293150901794434
A027,A,NaN,0,1,NaN,NaN,0,NaN
A027,A,1,NaN,NaN,NaN,0,0,0.266836881637573
A027,A,1,NaN,NaN,NaN,0,0,0.290850877761841
A027,A,1,NaN,NaN,NaN,0,0,0.311456918716431
A027,A,1,NaN,NaN,NaN,0,0,0.324225902557373
A027,A,1,NaN,NaN,NaN,0,0,0.307446002960205
A027,A,1,NaN,NaN,NaN,0,0,0.384777069091797
A027,A,NaN,0,1,NaN,NaN,0,NaN
A027,A,1,NaN,NaN,NaN,0,0,0.289982795715332
A027,A,1,NaN,NaN,NaN,0,0,0.26685905456543
A027,A,1,NaN,NaN,NaN,0,0,0.394227981567383
A027,A,1,NaN,NaN,NaN,0,0,0.326297044754028
A027,A,1,NaN,NaN,NaN,0,0,0.229705095291138
A027,A,1,NaN,NaN,NaN,0,0,0.287894010543823
A027,A,1,NaN,NaN,NaN,0,0,0.304587841033936
A027,A,1,NaN,NaN,NaN,0,0,0.307893037796021
A027,A,1,NaN,NaN,NaN,0,0,0.74150013923645
A027,A,NaN,0,1,NaN,NaN,0,NaN
A027,A,1,NaN,NaN,NaN,0,0,0.335102081298828
A027,A,1,NaN,NaN,NaN,0,0,0.312404155731201
A027,A,1,NaN,NaN,NaN,0,0,0.613098859786987
A027,A,1,NaN,NaN,NaN,0,0,0.446069955825806
A027,A,1,NaN,NaN,NaN,0,0,0.291743993759155
A027,A,1,NaN,NaN,NaN,0,0,0.365581035614014
A027,A,1,NaN,NaN,NaN,0,0,0.334824085235596
A027,A,1,NaN,NaN,NaN,0,0,0.296614170074463
A027,A,1,NaN,NaN,NaN,0,0,0.323441982269287
A027,A,1,NaN,NaN,NaN,0,0,0.358733892440796
A027,A,NaN,0,1,NaN,NaN,0,NaN
A027,A,1,NaN,NaN,NaN,0,0,0.290364027023315
A027,A,1,NaN,NaN,NaN,0,0,0.161963939666748
A027,A,1,NaN,NaN,NaN,0,0,0.318660020828247
A027,A,1,NaN,NaN,NaN,0,0,0.303388118743896
A027,A,1,NaN,NaN,NaN,0,0,0.332748889923096
A027,A,1,NaN,NaN,NaN,0,0,0.317201852798462
A027,A,1,NaN,NaN,NaN,0,0,0.514333009719849
A027,A,1,NaN,NaN,NaN,0,0,0.31493091583252
A027,A,1,NaN,NaN,NaN,0,0,0.376498937606812
A027,A,NaN,1,0,NaN,NaN,0,NaN
A027,A,1,NaN,NaN,NaN,0,0,0.299490213394165
A027,A,1,NaN,NaN,NaN,0,0,0.292224884033203
A027,A,1,NaN,NaN,NaN,0,0,0.353785037994385
A027,A,1,NaN,NaN,NaN,0,0,0.2830491065979
A027,A,1,NaN,NaN,NaN,0,0,0.270778179168701
A027,A,1,NaN,NaN,NaN,0,0,0.283620834350586
A027,A,1,NaN,NaN,NaN,0,0,0.241717100143433
A027,A,NaN,0,1,NaN,NaN,0,NaN
A027,A,1,NaN,NaN,NaN,0,0,0.320430994033813
A027,A,1,NaN,NaN,NaN,0,0,0.317502021789551
A027,A,1,NaN,NaN,NaN,0,0,0.335072040557861
A027,A,1,NaN,NaN,NaN,0,0,0.590075969696045
A027,A,1,NaN,NaN,NaN,0,0,0.386648893356323
A027,A,1,NaN,NaN,NaN,0,0,0.337040901184082
A027,A,1,NaN,NaN,NaN,0,0,0.338407039642334
A027,A,1,NaN,NaN,NaN,0,0,0.262930154800415
A027,A,NaN,0,1,NaN,NaN,0,NaN
A027,A,1,NaN,NaN,NaN,0,0,0.291359901428223
A027,A,1,NaN,NaN,NaN,0,0,0.265976905822754
A027,A,1,NaN,NaN,NaN,0,0,0.327274084091187
A027,A,1,NaN,NaN,NaN,0,0,0.309608936309814
A027,A,1,NaN,NaN,NaN,0,0,0.30667781829834
A027,A,1,NaN,NaN,NaN,0,0,0.305778980255127
A027,A,NaN,0,1,NaN,NaN,0,NaN
A027,A,1,NaN,NaN,NaN,0,0,0.39060115814209
A027,A,1,NaN,NaN,NaN,0,0,0.319752931594849
A027,A,1,NaN,NaN,NaN,0,0,0.2778160572052
A027,A,1,NaN,NaN,NaN,0,0,0.606633901596069
A027,A,1,NaN,NaN,NaN,0,0,0.3888258934021
A027,A,1,NaN,NaN,NaN,0,0,0.233182907104492
A027,A,1,NaN,NaN,NaN,0,0,0.286738872528076
A027,A,1,NaN,NaN,NaN,0,0,0.329977989196777
A027,A,1,NaN,NaN,NaN,0,0,0.279464960098267
A027,A,1,NaN,NaN,NaN,0,0,0.308133125305176
A027,A,1,NaN,NaN,NaN,0,0,0.319103956222534
A027,A,1,NaN,NaN,NaN,0,0,0.254837989807129
A027,A,NaN,0,1,NaN,NaN,0,NaN
A027,A,1,NaN,NaN,NaN,0,0,0.238607168197632
A027,A,1,NaN,NaN,NaN,0,0,0.244852066040039
A027,A,1,NaN,NaN,NaN,0,0,NaN
A027,A,NaN,0,1,NaN,NaN,0,NaN
A027,A,1,NaN,NaN,NaN,0,0,0.336457014083862
A027,A,1,NaN,NaN,NaN,0,0,0.327327013015747
A027,A,1,NaN,NaN,NaN,0,0,0.242501974105835
A027,A,1,NaN,NaN,NaN,0,0,0.285098075866699
A027,A,1,NaN,NaN,NaN,0,0,0.281069993972778
A027,A,1,NaN,NaN,NaN,0,0,0.274988174438477
A027,A,1,NaN,NaN,NaN,0,0,0.309128999710083
A027,A,NaN,0,1,NaN,NaN,0,NaN
A027,A,1,NaN,NaN,NaN,0,0,0.295675992965698
A027,A,1,NaN,NaN,NaN,0,0,0.275741815567017
A027,A,1,NaN,NaN,NaN,0,0,0.191925048828125
A027,A,1,NaN,NaN,NaN,0,0,0.353142976760864
A027,A,1,NaN,NaN,NaN,0,0,0.358673095703125
A027,A,1,NaN,NaN,NaN,0,0,0.223972082138062
A027,A,1,NaN,NaN,NaN,0,0,0.395519018173218
A027,A,1,NaN,NaN,NaN,0,0,0.388863086700439
A027,A,1,NaN,NaN,NaN,0,0,0.376426935195923
A027,A,1,NaN,NaN,NaN,0,0,0.359838008880615
A027,A,1,NaN,NaN,NaN,0,0,0.464705944061279
A027,A,NaN,1,0,NaN,NaN,0,NaN
A027,A,1,NaN,NaN,NaN,0,0,0.310843944549561
A027,A,1,NaN,NaN,NaN,0,0,0.323972940444946
A027,A,1,NaN,NaN,NaN,0,0,0.334288120269775
A027,A,1,NaN,NaN,NaN,0,0,0.280849933624268
A027,A,1,NaN,NaN,NaN,0,0,0.306556940078735
A027,A,1,NaN,NaN,NaN,0,0,0.25052809715271
A027,A,1,NaN,NaN,NaN,0,0,0.313995122909546
A027,A,NaN,0,1,NaN,NaN,0,NaN
A027,A,1,NaN,NaN,NaN,0,0,0.296748876571655
A027,A,1,NaN,NaN,NaN,0,0,NaN
A027,A,1,NaN,NaN,NaN,0,0,0.330405950546265
A027,A,1,NaN,NaN,NaN,0,0,0.377635955810547
A027,A,1,NaN,NaN,NaN,0,0,0.457496881484985
A027,A,1,NaN,NaN,NaN,0,0,0.367522954940796
A027,A,1,NaN,NaN,NaN,0,0,0.331100940704346
A027,A,1,NaN,NaN,NaN,0,0,0.400449991226196
A027,A,1,NaN,NaN,NaN,0,0,0.317035913467407
A027,A,1,NaN,NaN,NaN,0,0,0.31846284866333
A027,A,1,NaN,NaN,NaN,0,0,0.343672037124634
A027,A,1,NaN,NaN,NaN,0,0,0.293142795562744
A027,A,NaN,0,1,NaN,NaN,0,NaN
A027,A,1,NaN,NaN,NaN,0,0,0.265158891677856
A027,A,1,NaN,NaN,NaN,0,0,0.794783115386963
A027,A,1,NaN,NaN,NaN,0,0,0.399544954299927
A027,A,1,NaN,NaN,NaN,0,0,0.46877908706665
A027,A,1,NaN,NaN,NaN,0,0,0.667362928390503
A027,A,NaN,1,0,NaN,NaN,0,NaN
A027,A,1,NaN,NaN,NaN,0,0,0.353146076202393
A027,A,1,NaN,NaN,NaN,0,0,0.316767930984497
A027,A,1,NaN,NaN,NaN,0,0,0.312419176101685
A027,A,1,NaN,NaN,NaN,0,0,0.27045202255249
A027,A,1,NaN,NaN,NaN,0,0,0.239707946777344
A027,A,NaN,0,1,NaN,NaN,0,NaN
A027,A,1,NaN,NaN,NaN,0,0,0.262808799743652
A027,A,1,NaN,NaN,NaN,0,0,0.4044349193573
A027,A,1,NaN,NaN,NaN,0,0,0.304925918579102
A027,A,1,NaN,NaN,NaN,0,0,0.289678812026978
A027,A,1,NaN,NaN,NaN,0,0,0.270432949066162
A027,A,1,NaN,NaN,NaN,0,0,0.2237229347229
A027,A,1,NaN,NaN,NaN,0,0,0.280424118041992
A027,A,1,NaN,NaN,NaN,0,0,0.313556909561157
A027,A,1,NaN,NaN,NaN,0,0,0.366237878799438
A027,A,1,NaN,NaN,NaN,0,0,0.339715003967285
A027,A,1,NaN,NaN,NaN,0,0,0.333871126174927
A027,A,1,NaN,NaN,NaN,0,0,0.307687044143677
A027,A,1,NaN,NaN,NaN,0,0,0.289902925491333
A027,A,NaN,0,1,NaN,NaN,0,NaN
A027,A,1,NaN,NaN,NaN,0,0,0.25423789024353
A027,A,1,NaN,NaN,NaN,0,0,0.347295999526978
A027,A,1,NaN,NaN,NaN,0,0,0.328294038772583
A027,A,1,NaN,NaN,NaN,0,0,0.306408882141113
A027,A,NaN,0,1,NaN,NaN,0,NaN
A027,A,1,NaN,NaN,NaN,0,0,NaN
A027,A,1,NaN,NaN,NaN,0,0,0.304290056228638
A027,A,1,NaN,NaN,NaN,0,0,0.297515869140625
A027,A,1,NaN,NaN,NaN,0,0,0.362231969833374
A027,A,1,NaN,NaN,NaN,0,0,0.273727893829346
A027,A,1,NaN,NaN,NaN,0,0,0.339788913726807
A027,A,1,NaN,NaN,NaN,0,0,0.330686092376709
A027,A,1,NaN,NaN,NaN,0,0,0.375229120254517
A027,A,NaN,0,1,NaN,NaN,0,NaN
A027,A,1,NaN,NaN,NaN,0,0,0.3058922290802
A027,A,1,NaN,NaN,NaN,0,0,0.231692790985107
A027,A,1,NaN,NaN,NaN,0,0,0.315416097640991
A027,A,1,NaN,NaN,NaN,0,0,0.448392868041992
A027,A,1,NaN,NaN,NaN,0,0,0.364010810852051
A027,A,1,NaN,NaN,NaN,0,0,0.322512149810791
A027,A,1,NaN,NaN,NaN,0,0,0.343934059143066
A027,A,1,NaN,NaN,NaN,0,0,0.269447088241577
A027,A,1,NaN,NaN,NaN,0,0,0.355324029922485
A027,A,NaN,0,1,NaN,NaN,0,NaN
A027,A,1,NaN,NaN,NaN,0,0,0.497754096984863
A027,A,1,NaN,NaN,NaN,0,0,0.399755001068115
A027,A,1,NaN,NaN,NaN,0,0,0.356843948364258
A027,A,1,NaN,NaN,NaN,0,0,0.329852104187012
A027,A,1,NaN,NaN,NaN,0,0,0.321714878082275
A027,A,1,NaN,NaN,NaN,0,0,0.250868082046509
A027,A,1,NaN,NaN,NaN,0,0,0.167910099029541
A027,A,1,NaN,NaN,NaN,0,0,0.250616788864136
A027,A,1,NaN,NaN,NaN,0,0,0.419764995574951
A027,A,NaN,1,0,NaN,NaN,0,NaN
A027,A,1,NaN,NaN,NaN,0,0,0.29110312461853
A027,A,1,NaN,NaN,NaN,0,0,0.325639963150024
A027,A,1,NaN,NaN,NaN,0,0,0.299565076828003
A027,A,1,NaN,NaN,NaN,0,0,0.633616924285889
A027,A,1,NaN,NaN,NaN,0,0,0.427058935165405
A027,A,1,NaN,NaN,NaN,0,0,0.279153108596802
A027,A,1,NaN,NaN,NaN,0,0,0.354707956314087
A027,A,1,NaN,NaN,NaN,0,0,0.287713050842285
A027,A,1,NaN,NaN,NaN,0,0,0.297056913375854
A027,A,NaN,0,1,NaN,NaN,0,NaN
A027,A,1,NaN,NaN,NaN,0,0,0.336178064346313
A027,A,1,NaN,NaN,NaN,0,0,0.368955135345459
A027,A,1,NaN,NaN,NaN,0,0,0.29625391960144
A027,A,1,NaN,NaN,NaN,0,0,0.345257043838501
A027,A,1,NaN,NaN,NaN,0,0,0.259922027587891
A027,A,NaN,0,1,NaN,NaN,0,NaN
A027,A,1,NaN,NaN,NaN,0,0,0.262877941131592
A027,A,1,NaN,NaN,NaN,0,0,0.285628080368042
A027,A,1,NaN,NaN,NaN,0,0,0.270312070846558
A027,A,1,NaN,NaN,NaN,0,0,0.197134971618652
A027,A,1,NaN,NaN,NaN,0,0,0.223786115646362
A027,A,1,NaN,NaN,NaN,0,0,0.365828990936279
A027,A,1,NaN,NaN,NaN,0,0,0.361914157867432
A027,A,1,NaN,NaN,NaN,0,0,0.53063702583313
A027,A,1,NaN,NaN,NaN,0,0,0.338022947311401
A027,A,1,NaN,NaN,NaN,0,0,0.414927005767822
A027,A,NaN,1,0,NaN,NaN,0,NaN
A027,A,1,NaN,NaN,NaN,0,0,0.478570938110352
A027,A,1,NaN,NaN,NaN,0,0,0.39539098739624
A027,A,1,NaN,NaN,NaN,0,0,0.275400161743164
A027,A,1,NaN,NaN,NaN,0,0,0.293635845184326
A027,A,1,NaN,NaN,NaN,0,0,0.327048063278198
A027,A,1,NaN,NaN,NaN,0,0,0.320636987686157
A027,A,1,NaN,NaN,NaN,0,0,0.333205938339233
A027,A,1,NaN,NaN,NaN,0,0,0.355554103851318
A027,A,1,NaN,NaN,NaN,0,0,0.376476049423218
A027,A,1,NaN,NaN,NaN,0,0,0.374207973480225
A027,A,NaN,1,0,NaN,NaN,0,NaN
A027,A,1,NaN,NaN,NaN,0,0,0.334927082061768
A027,A,1,NaN,NaN,NaN,0,0,0.339330911636353
A027,A,1,NaN,NaN,NaN,0,0,0.314523935317993
A027,A,1,NaN,NaN,NaN,0,0,0.185358047485352
A027,A,NaN,0,1,NaN,NaN,0,NaN
A027,A,1,NaN,NaN,NaN,0,0,0.460136890411377
A027,A,1,NaN,NaN,NaN,0,0,0.317124128341675
A027,A,1,NaN,NaN,NaN,0,0,0.341682910919189
A027,A,1,NaN,NaN,NaN,0,0,0.386425018310547
A027,A,1,NaN,NaN,NaN,0,0,0.269944906234741
A027,A,1,NaN,NaN,NaN,0,0,0.186095952987671
A027,A,1,NaN,NaN,NaN,0,0,0.569155216217041
A027,A,1,NaN,NaN,NaN,0,0,0.336337804794312
A027,A,1,NaN,NaN,NaN,0,0,0.318342208862305
A027,A,1,NaN,NaN,NaN,0,0,0.3190598487854
A027,A,1,NaN,NaN,NaN,0,0,0.329271078109741
A027,A,NaN,0,1,NaN,NaN,0,NaN
A027,A,1,NaN,NaN,NaN,0,0,0.269258975982666
A027,A,1,NaN,NaN,NaN,0,0,0.296917915344238
A027,A,1,NaN,NaN,NaN,0,0,0.335219860076904
A027,A,1,NaN,NaN,NaN,0,0,0.263527870178223
A027,A,1,NaN,NaN,NaN,0,0,0.300606966018677
A027,A,1,NaN,NaN,NaN,0,0,0.359737873077393
A027,A,1,NaN,NaN,NaN,0,0,0.35248589515686
A027,A,1,NaN,NaN,NaN,0,0,0.337435007095337
A027,A,NaN,0,1,NaN,NaN,0,NaN
A027,A,1,NaN,NaN,NaN,0,0,0.291889905929565
A027,A,1,NaN,NaN,NaN,0,0,0.251106023788452
A027,A,1,NaN,NaN,NaN,0,0,0.30336594581604
A027,A,1,NaN,NaN,NaN,0,0,0.315608978271484
A027,A,1,NaN,NaN,NaN,0,0,0.318835020065308
A027,A,NaN,0,1,NaN,NaN,0,NaN
A027,A,1,NaN,NaN,NaN,0,0,0.291994094848633
A027,A,1,NaN,NaN,NaN,0,0,0.271007061004639
A027,A,1,NaN,NaN,NaN,0,0,0.285542011260986
A027,A,1,NaN,NaN,NaN,0,0,0.296787023544312
A027,A,1,NaN,NaN,NaN,0,0,0.331597089767456
A027,A,1,NaN,NaN,NaN,0,0,0.558020114898682
A027,A,1,NaN,NaN,NaN,0,0,0.378787994384766
A027,A,1,NaN,NaN,NaN,0,0,0.368043184280396
A027,A,1,NaN,NaN,NaN,0,0,0.394448041915894
A027,A,1,NaN,NaN,NaN,0,0,0.357011795043945
A027,A,1,NaN,NaN,NaN,0,0,0.485111951828003
A027,A,1,NaN,NaN,NaN,0,0,0.330427169799805
A027,A,1,NaN,NaN,NaN,0,0,0.352174997329712
A027,A,NaN,1,0,NaN,NaN,0,NaN
A027,A,1,NaN,NaN,NaN,0,0,0.387272834777832
A027,A,1,NaN,NaN,NaN,0,0,0.428526163101196
A027,A,1,NaN,NaN,NaN,0,0,0.288366079330444
A027,A,1,NaN,NaN,NaN,0,0,0.203443050384521
A027,A,1,NaN,NaN,NaN,0,0,0.24904203414917
A027,A,1,NaN,NaN,NaN,0,0,0.167298078536987
A027,A,1,NaN,NaN,NaN,0,0,0.280050992965698
A027,A,NaN,0,1,NaN,NaN,0,NaN
A027,A,1,NaN,NaN,NaN,0,0,NaN
A027,A,1,NaN,NaN,NaN,0,0,NaN
A027,A,1,NaN,NaN,NaN,0,0,NaN
A027,A,1,NaN,NaN,NaN,0,0,0.981169939041138
A027,A,NaN,1,0,NaN,NaN,0,NaN
A027,A,1,NaN,NaN,NaN,0,0,0.451349973678589
A027,A,1,NaN,NaN,NaN,0,0,0.41356086730957
A027,A,1,NaN,NaN,NaN,0,0,0.305491924285889
A027,A,1,NaN,NaN,NaN,0,0,0.380080938339233
A027,A,1,NaN,NaN,NaN,0,0,0.319437026977539
A027,A,1,NaN,NaN,NaN,0,0,0.446285963058472
A027,A,1,NaN,NaN,NaN,0,0,0.3555588722229
A027,A,1,NaN,NaN,NaN,0,0,0.364892959594727
A027,A,1,NaN,NaN,NaN,0,0,0.335207939147949
A027,A,NaN,0,1,NaN,NaN,0,NaN
A027,A,1,NaN,NaN,NaN,0,0,0.281383037567139
A027,A,1,NaN,NaN,NaN,0,0,0.291826963424683
A027,A,1,NaN,NaN,NaN,0,0,0.358518838882446
A027,A,1,NaN,NaN,NaN,0,0,0.420039892196655
A027,A,1,NaN,NaN,NaN,0,0,0.385529041290283
A027,A,1,NaN,NaN,NaN,0,0,0.438693046569824
A027,A,1,NaN,NaN,NaN,0,0,0.368839979171753
A027,A,1,NaN,NaN,NaN,0,0,0.332380056381226
A027,A,1,NaN,NaN,NaN,0,0,0.34259295463562
A027,A,1,NaN,NaN,NaN,0,0,0.599344968795776
A027,A,NaN,1,0,NaN,NaN,0,NaN
A027,A,1,NaN,NaN,NaN,0,0,0.267416000366211
A027,A,1,NaN,NaN,NaN,0,0,0.396611928939819
A027,A,1,NaN,NaN,NaN,0,0,0.221985816955566
A027,A,1,NaN,NaN,NaN,0,0,0.344176054000854
A027,A,1,NaN,NaN,NaN,0,0,0.35942006111145
A027,A,1,NaN,NaN,NaN,0,0,0.297194004058838
A027,A,NaN,0,1,NaN,NaN,0,NaN
A027,A,1,NaN,NaN,NaN,0,0,0.341102838516235
A027,A,1,NaN,NaN,NaN,0,0,0.278626918792725
A027,A,1,NaN,NaN,NaN,0,0,NaN
A027,A,1,NaN,NaN,NaN,0,0,0.371840953826904
A027,A,1,NaN,NaN,NaN,0,0,0.359463930130005
A027,A,1,NaN,NaN,NaN,0,0,0.484817981719971
A027,A,1,NaN,NaN,NaN,0,0,0.393393039703369
A027,A,1,NaN,NaN,NaN,0,0,0.331588983535767
A027,A,1,NaN,NaN,NaN,0,0,0.382397174835205
A027,A,1,NaN,NaN,NaN,0,0,0.88718581199646
A027,A,1,NaN,NaN,NaN,0,0,0.552397966384888
A027,A,1,NaN,NaN,NaN,0,0,0.365777015686035
A027,A,NaN,1,0,NaN,NaN,0,NaN
A027,A,1,NaN,NaN,NaN,0,0,0.339066028594971
A027,A,1,NaN,NaN,NaN,0,0,0.394567966461182
A027,A,1,NaN,NaN,NaN,0,0,0.333792209625244
A027,A,1,NaN,NaN,NaN,0,0,0.36886191368103
A027,A,NaN,0,1,NaN,NaN,0,NaN
A027,A,1,NaN,NaN,NaN,0,0,0.445289850234985
A027,A,1,NaN,NaN,NaN,0,0,0.311138153076172
A027,A,1,NaN,NaN,NaN,0,0,0.284537076950073
A027,A,1,NaN,NaN,NaN,0,0,1.0124728679657
A027,A,1,NaN,NaN,NaN,0,0,0.575695991516113
A027,A,1,NaN,NaN,NaN,0,0,0.341475963592529
A027,A,1,NaN,NaN,NaN,0,0,0.303786993026733
A027,A,1,NaN,NaN,NaN,0,0,0.325816869735718
A027,A,1,NaN,NaN,NaN,0,0,0.271397113800049
A027,A,NaN,0,1,NaN,NaN,0,NaN
A027,A,1,NaN,NaN,NaN,0,0,0.32233190536499
A027,A,1,NaN,NaN,NaN,0,0,0.299950122833252
A027,A,1,NaN,NaN,NaN,0,0,0.269488096237183
A027,A,1,NaN,NaN,NaN,0,0,0.240411043167114
A027,A,1,NaN,NaN,NaN,0,0,0.300430059432983
A027,A,1,NaN,NaN,NaN,0,0,0.288821935653687
A027,A,1,NaN,NaN,NaN,0,0,0.359656095504761
A027,A,1,NaN,NaN,NaN,0,0,0.42024302482605
A027,A,1,NaN,NaN,NaN,0,0,0.260982036590576
A027,A,1,NaN,NaN,NaN,0,0,0.319063186645508
A027,A,1,NaN,NaN,NaN,0,0,0.304544925689697
A027,A,NaN,0,1,NaN,NaN,0,NaN
A027,A,1,NaN,NaN,NaN,0,0,0.30665397644043
A027,A,1,NaN,NaN,NaN,0,0,0.352144002914429
A027,A,NaN,1,0,NaN,NaN,0,NaN
A027,A,1,NaN,NaN,NaN,0,0,0.36174201965332
A027,A,1,NaN,NaN,NaN,0,0,0.350182056427002
A027,A,1,NaN,NaN,NaN,0,0,0.354748964309692
A027,A,1,NaN,NaN,NaN,0,0,0.321162939071655
A027,A,1,NaN,NaN,NaN,0,0,NaN
A027,A,1,NaN,NaN,NaN,0,0,NaN
A027,A,1,NaN,NaN,NaN,0,0,NaN
A027,A,0,NaN,NaN,NaN,1,0,NaN
A027,A,1,NaN,NaN,NaN,0,0,0.278112173080444
A027,A,1,NaN,NaN,NaN,0,0,NaN
A027,A,NaN,0,1,NaN,NaN,0,NaN
A027,A,1,NaN,NaN,NaN,0,0,0.377345085144043
A027,A,1,NaN,NaN,NaN,0,0,0.462510824203491
A027,A,1,NaN,NaN,NaN,0,0,0.774427890777588
A027,A,1,NaN,NaN,NaN,0,0,0.499805927276611
A027,A,1,NaN,NaN,NaN,0,0,0.534453868865967
A027,A,1,NaN,NaN,NaN,0,0,0.37466287612915
A027,A,1,NaN,NaN,NaN,0,0,0.363270998001099
A027,A,1,NaN,NaN,NaN,0,0,0.428670167922974
A027,A,1,NaN,NaN,NaN,0,0,0.294779062271118
A027,A,1,NaN,NaN,NaN,0,0,0.318135976791382
A027,A,1,NaN,NaN,NaN,0,0,NaN
A027,A,NaN,0,1,NaN,NaN,0,NaN
A027,A,1,NaN,NaN,NaN,0,0,0.415208101272583
A027,A,1,NaN,NaN,NaN,0,0,0.332566022872925
A027,A,1,NaN,NaN,NaN,0,0,0.332715034484863
A027,A,1,NaN,NaN,NaN,0,0,0.303146123886108
A027,A,1,NaN,NaN,NaN,0,0,0.29606294631958
A027,A,1,NaN,NaN,NaN,0,0,0.340651035308838
A027,A,NaN,0,1,NaN,NaN,0,NaN
A027,A,1,NaN,NaN,NaN,0,0,0.348709106445312
A027,A,1,NaN,NaN,NaN,0,0,0.363638877868652
A027,A,1,NaN,NaN,NaN,0,0,0.326791048049927
A027,A,1,NaN,NaN,NaN,0,0,0.369868040084839
A027,A,1,NaN,NaN,NaN,0,0,0.454600095748901
A027,A,1,NaN,NaN,NaN,0,0,0.459107875823975
A027,A,1,NaN,NaN,NaN,0,0,0.346594095230103
A027,A,1,NaN,NaN,NaN,0,0,0.418779850006104
A027,A,1,NaN,NaN,NaN,0,0,0.343488931655884
A027,A,NaN,0,1,NaN,NaN,0,NaN
A027,A,1,NaN,NaN,NaN,0,0,0.275532007217407
A027,A,1,NaN,NaN,NaN,0,0,0.212782859802246
A027,A,1,NaN,NaN,NaN,0,0,0.302838087081909
A027,A,1,NaN,NaN,NaN,0,0,0.297054052352905
A027,A,1,NaN,NaN,NaN,0,0,0.332015037536621
A027,A,1,NaN,NaN,NaN,0,0,0.317337989807129
A027,A,NaN,0,1,NaN,NaN,0,NaN
A027,A,1,NaN,NaN,NaN,0,0,0.298098087310791
A027,A,1,NaN,NaN,NaN,0,0,0.352656126022339
A027,A,1,NaN,NaN,NaN,0,0,0.269891023635864
A027,A,1,NaN,NaN,NaN,0,0,0.258859157562256
A027,A,1,NaN,NaN,NaN,0,0,NaN
A027,A,1,NaN,NaN,NaN,0,0,0.285034894943237
A027,A,1,NaN,NaN,NaN,0,0,0.321327924728394
A027,A,1,NaN,NaN,NaN,0,0,0.210102081298828
A027,A,1,NaN,NaN,NaN,0,0,0.262956142425537
A027,A,NaN,0,1,NaN,NaN,0,NaN
A027,A,1,NaN,NaN,NaN,0,0,0.325396060943604
A027,A,1,NaN,NaN,NaN,0,0,0.366039037704468
A027,A,1,NaN,NaN,NaN,0,0,0.513792991638184
A027,A,1,NaN,NaN,NaN,0,0,0.4234619140625
A027,A,1,NaN,NaN,NaN,0,0,0.392204999923706
A027,A,1,NaN,NaN,NaN,0,0,0.437192916870117
A027,A,1,NaN,NaN,NaN,0,0,0.374825954437256
A027,A,NaN,1,0,NaN,NaN,0,NaN
A027,A,1,NaN,NaN,NaN,0,0,0.318485975265503
A027,A,1,NaN,NaN,NaN,0,0,0.34670090675354
A027,A,1,NaN,NaN,NaN,0,0,0.405799865722656
A027,A,1,NaN,NaN,NaN,0,0,0.346840143203735
A027,A,1,NaN,NaN,NaN,0,0,0.704472064971924
A027,A,1,NaN,NaN,NaN,0,0,0.385987043380737
A027,A,1,NaN,NaN,NaN,0,0,0.454934120178223
A027,A,1,NaN,NaN,NaN,0,0,0.458938121795654
A027,A,1,NaN,NaN,NaN,0,0,0.468200206756592
A027,A,1,NaN,NaN,NaN,0,0,0.372992992401123
A027,A,1,NaN,NaN,NaN,0,0,0.634091854095459
A027,A,NaN,1,0,NaN,NaN,0,NaN
A027,A,1,NaN,NaN,NaN,0,0,0.436275959014893
A027,A,1,NaN,NaN,NaN,0,0,0.436796903610229
A027,A,1,NaN,NaN,NaN,0,0,0.464932918548584
A027,A,1,NaN,NaN,NaN,0,0,0.410807847976685
A027,A,1,NaN,NaN,NaN,0,0,0.351526975631714
A027,A,1,NaN,NaN,NaN,0,0,0.308570146560669
A027,A,1,NaN,NaN,NaN,0,0,0.330676078796387
A027,A,NaN,0,1,NaN,NaN,0,NaN
A027,A,1,NaN,NaN,NaN,0,0,0.354383945465088
A027,A,1,NaN,NaN,NaN,0,0,0.432846069335938
A027,A,1,NaN,NaN,NaN,0,0,0.766451835632324
A027,A,1,NaN,NaN,NaN,0,0,0.667614936828613
A027,A,1,NaN,NaN,NaN,0,0,0.668288946151733
A027,A,1,NaN,NaN,NaN,0,0,0.471221923828125
A027,A,1,NaN,NaN,NaN,0,0,0.394165992736816
A027,A,1,NaN,NaN,NaN,0,0,0.362334012985229
A027,A,NaN,0,1,NaN,NaN,0,NaN
A027,A,1,NaN,NaN,NaN,0,0,0.50987696647644
A027,A,1,NaN,NaN,NaN,0,0,0.378870964050293
A027,A,1,NaN,NaN,NaN,0,0,0.407883882522583
A027,A,1,NaN,NaN,NaN,0,0,0.476376056671143
A027,A,1,NaN,NaN,NaN,0,0,0.694602012634277
A027,A,1,NaN,NaN,NaN,0,0,0.624825000762939
A027,A,1,NaN,NaN,NaN,0,0,0.36887788772583
A027,A,1,NaN,NaN,NaN,0,0,0.337107181549072
A027,A,1,NaN,NaN,NaN,0,0,0.56789493560791
A027,A,1,NaN,NaN,NaN,0,0,0.449686050415039
A027,A,NaN,1,0,NaN,NaN,0,NaN
A027,A,1,NaN,NaN,NaN,0,0,0.51530909538269
A027,A,1,NaN,NaN,NaN,0,0,0.696332931518555
A027,A,1,NaN,NaN,NaN,0,0,0.632286787033081
A027,A,1,NaN,NaN,NaN,0,0,0.511415004730225
A027,A,1,NaN,NaN,NaN,0,0,0.858628034591675
A027,A,NaN,1,0,NaN,NaN,0,NaN
A027,A,1,NaN,NaN,NaN,0,0,0.432581901550293
A027,A,1,NaN,NaN,NaN,0,0,1.03690886497498
A027,A,1,NaN,NaN,NaN,0,0,0.576648950576782
A027,A,1,NaN,NaN,NaN,0,0,0.327970027923584
A027,A,1,NaN,NaN,NaN,0,0,0.269273042678833
A027,A,1,NaN,NaN,NaN,0,0,0.341100931167603
A027,A,1,NaN,NaN,NaN,0,0,0.250700950622559
A027,A,1,NaN,NaN,NaN,0,0,0.457195997238159
A027,A,NaN,1,0,NaN,NaN,0,NaN
A027,A,1,NaN,NaN,NaN,0,0,0.43120288848877
A027,A,1,NaN,NaN,NaN,0,0,0.502851963043213
A027,A,1,NaN,NaN,NaN,0,0,0.747440099716187
A027,A,1,NaN,NaN,NaN,0,0,0.948505163192749
A027,A,1,NaN,NaN,NaN,0,0,0.436599969863892
A027,A,1,NaN,NaN,NaN,0,0,0.309270143508911
A027,A,1,NaN,NaN,NaN,0,0,0.321736097335815
A027,A,1,NaN,NaN,NaN,0,0,0.390651941299438
A027,A,1,NaN,NaN,NaN,0,0,0.271054029464722
A027,A,NaN,0,1,NaN,NaN,0,NaN
A027,A,1,NaN,NaN,NaN,0,0,0.469838857650757
A027,A,1,NaN,NaN,NaN,0,0,0.403419971466064
A027,A,1,NaN,NaN,NaN,0,0,0.5833580493927
A027,A,1,NaN,NaN,NaN,0,0,0.640752077102661
A027,A,1,NaN,NaN,NaN,0,0,0.541465044021606
A027,A,1,NaN,NaN,NaN,0,0,0.453760147094727
A027,A,1,NaN,NaN,NaN,0,0,0.35651707649231
A027,A,1,NaN,NaN,NaN,0,0,0.325322866439819
A027,A,1,NaN,NaN,NaN,0,0,0.321356773376465
A027,A,1,NaN,NaN,NaN,0,0,0.352425098419189
A027,A,NaN,0,1,NaN,NaN,0,NaN
A027,A,1,NaN,NaN,NaN,0,0,0.619757175445557
A027,A,1,NaN,NaN,NaN,0,0,0.531059980392456
A027,A,NaN,1,0,NaN,NaN,0,NaN
A027,A,1,NaN,NaN,NaN,0,0,0.331759929656982
A027,A,1,NaN,NaN,NaN,0,0,0.467560052871704
A027,A,1,NaN,NaN,NaN,0,0,0.813802003860474
A027,A,1,NaN,NaN,NaN,0,0,0.640919208526611
A027,A,1,NaN,NaN,NaN,0,0,0.382586002349854
A027,A,1,NaN,NaN,NaN,0,0,0.351366996765137
A027,A,1,NaN,NaN,NaN,0,0,0.448089122772217
A027,A,1,NaN,NaN,NaN,0,0,0.583992004394531
A027,A,1,NaN,NaN,NaN,0,0,0.586930990219116
A027,A,1,NaN,NaN,NaN,0,0,0.504662990570068
A027,A,1,NaN,NaN,NaN,0,0,0.354285955429077
A027,A,1,NaN,NaN,NaN,0,0,0.463184833526611
A027,A,1,NaN,NaN,NaN,0,0,0.439477920532227
A027,A,1,NaN,NaN,NaN,0,0,0.800971984863281
A027,A,NaN,1,0,NaN,NaN,0,NaN
A027,A,1,NaN,NaN,NaN,0,0,0.298444986343384
A027,A,1,NaN,NaN,NaN,0,0,0.647081851959229
A027,A,1,NaN,NaN,NaN,0,0,0.787739038467407
A027,A,1,NaN,NaN,NaN,0,0,0.633151054382324
A027,A,1,NaN,NaN,NaN,0,0,0.641797065734863
A027,A,1,NaN,NaN,NaN,0,0,0.482814073562622
A027,A,1,NaN,NaN,NaN,0,0,0.500487804412842
A027,A,1,NaN,NaN,NaN,0,0,0.549257040023804
A027,A,NaN,0,1,NaN,NaN,0,NaN
A027,A,1,NaN,NaN,NaN,0,0,0.34765887260437
A027,A,1,NaN,NaN,NaN,0,0,0.409991025924683
A027,A,1,NaN,NaN,NaN,0,0,0.351015090942383
A027,A,1,NaN,NaN,NaN,0,0,0.325376033782959
A027,A,1,NaN,NaN,NaN,0,0,0.40439510345459
A027,A,1,NaN,NaN,NaN,0,0,0.391952991485596
A027,A,1,NaN,NaN,NaN,0,0,0.516425848007202
A027,A,1,NaN,NaN,NaN,0,0,0.441949844360352
A027,A,NaN,0,1,NaN,NaN,0,NaN
A027,A,1,NaN,NaN,NaN,0,0,0.417089939117432
A027,A,1,NaN,NaN,NaN,0,0,0.337446928024292
A027,A,1,NaN,NaN,NaN,0,0,0.402153015136719
A027,A,1,NaN,NaN,NaN,0,0,0.336796045303345
A027,A,1,NaN,NaN,NaN,0,0,0.406692028045654
A027,A,1,NaN,NaN,NaN,0,0,0.375460863113403
A027,A,1,NaN,NaN,NaN,0,0,0.341126918792725
A027,A,1,NaN,NaN,NaN,0,0,0.353456974029541
A027,A,1,NaN,NaN,NaN,0,0,0.325972080230713
A027,A,1,NaN,NaN,NaN,0,0,0.34272289276123
A027,A,NaN,0,1,NaN,NaN,0,NaN
A027,A,1,NaN,NaN,NaN,0,0,0.272204875946045
A027,A,1,NaN,NaN,NaN,0,0,0.389364957809448
A027,A,1,NaN,NaN,NaN,0,0,0.33801794052124
A027,A,1,NaN,NaN,NaN,0,0,0.275769948959351
A027,A,1,NaN,NaN,NaN,0,0,0.32949686050415
A027,A,NaN,0,1,NaN,NaN,0,NaN
A027,A,1,NaN,NaN,NaN,0,0,0.338804960250854
A027,A,1,NaN,NaN,NaN,0,0,0.319684028625488
A027,A,1,NaN,NaN,NaN,0,0,0.297358989715576
A027,A,1,NaN,NaN,NaN,0,0,0.310176134109497
A027,A,1,NaN,NaN,NaN,0,0,0.307111978530884
A027,A,1,NaN,NaN,NaN,0,0,0.291977882385254
A027,A,1,NaN,NaN,NaN,0,0,0.453115940093994
A027,A,1,NaN,NaN,NaN,0,0,0.481426000595093
A027,A,1,NaN,NaN,NaN,0,0,0.530269145965576
A027,A,1,NaN,NaN,NaN,0,0,0.406837940216064
A027,A,NaN,1,0,NaN,NaN,0,NaN
A027,A,1,NaN,NaN,NaN,0,0,0.206879138946533
A027,A,1,NaN,NaN,NaN,0,0,0.281559944152832
A027,A,1,NaN,NaN,NaN,0,0,0.512898921966553
A027,A,1,NaN,NaN,NaN,0,0,0.65198802947998
A027,A,1,NaN,NaN,NaN,0,0,0.547597169876099
A027,A,NaN,0,1,NaN,NaN,0,NaN
A027,A,0,NaN,NaN,NaN,1,0,NaN
A027,A,1,NaN,NaN,NaN,0,0,0.359715938568115
A027,A,1,NaN,NaN,NaN,0,0,0.288530826568604
A027,A,1,NaN,NaN,NaN,0,0,0.293962001800537
A027,A,1,NaN,NaN,NaN,0,0,0.342471122741699
A027,A,1,NaN,NaN,NaN,0,0,0.289921998977661
A027,A,1,NaN,NaN,NaN,0,0,0.937195062637329
A027,A,1,NaN,NaN,NaN,0,0,0.507113933563232
A027,A,1,NaN,NaN,NaN,0,0,0.375678062438965
A027,A,1,NaN,NaN,NaN,0,0,0.504388093948364
A027,A,1,NaN,NaN,NaN,0,0,0.363025903701782
A027,A,NaN,0,1,NaN,NaN,0,NaN
A027,A,1,NaN,NaN,NaN,0,0,0.327605962753296
A027,A,1,NaN,NaN,NaN,0,0,0.32353401184082
A027,A,1,NaN,NaN,NaN,0,0,0.292500972747803
A027,A,NaN,0,1,NaN,NaN,0,NaN
A027,A,1,NaN,NaN,NaN,0,0,NaN
A027,A,1,NaN,NaN,NaN,0,0,0.371223926544189
A027,A,1,NaN,NaN,NaN,0,0,0.515291929244995
A027,A,1,NaN,NaN,NaN,0,0,0.66394305229187
A027,A,1,NaN,NaN,NaN,0,0,0.485867977142334
A027,A,1,NaN,NaN,NaN,0,0,0.4100501537323
A027,A,1,NaN,NaN,NaN,0,0,0.364737033843994
A027,A,1,NaN,NaN,NaN,0,0,0.301040887832642
A027,A,1,NaN,NaN,NaN,0,0,0.298980951309204
A027,A,1,NaN,NaN,NaN,0,0,0.278714895248413
A027,A,1,NaN,NaN,NaN,0,0,0.271377086639404
A027,A,1,NaN,NaN,NaN,0,0,0.294857025146484
A027,A,NaN,0,1,NaN,NaN,0,NaN
A027,A,1,NaN,NaN,NaN,0,0,0.318639993667603
A027,A,1,NaN,NaN,NaN,0,0,0.351291179656982
A027,A,1,NaN,NaN,NaN,0,0,0.300869941711426
A027,A,1,NaN,NaN,NaN,0,0,0.326462984085083
A027,A,1,NaN,NaN,NaN,0,0,0.347654104232788
A027,A,1,NaN,NaN,NaN,0,0,0.321644067764282
A027,A,1,NaN,NaN,NaN,0,0,0.330398797988892
A027,A,NaN,0,1,NaN,NaN,0,NaN
A027,A,1,NaN,NaN,NaN,0,0,0.306673049926758
A027,A,1,NaN,NaN,NaN,0,0,0.244143009185791
A027,A,1,NaN,NaN,NaN,0,0,0.375375986099243
A027,A,1,NaN,NaN,NaN,0,0,0.372663974761963
A027,A,1,NaN,NaN,NaN,0,0,0.368528842926025
A027,A,1,NaN,NaN,NaN,0,0,0.429742813110352
A027,A,1,NaN,NaN,NaN,0,0,0.40494704246521
A027,A,NaN,0,1,NaN,NaN,0,NaN
A027,A,1,NaN,NaN,NaN,0,0,0.357572078704834
A027,A,1,NaN,NaN,NaN,0,0,0.327371835708618
A027,A,1,NaN,NaN,NaN,0,0,0.615149021148682
A027,A,1,NaN,NaN,NaN,0,0,0.3505859375
A027,A,1,NaN,NaN,NaN,0,0,0.38853907585144
A027,A,1,NaN,NaN,NaN,0,0,0.43585205078125
A027,A,1,NaN,NaN,NaN,0,0,0.641016960144043
A027,A,1,NaN,NaN,NaN,0,0,0.356037139892578
A027,A,1,NaN,NaN,NaN,0,0,0.322484970092773
A027,A,1,NaN,NaN,NaN,0,0,0.255533933639526
A027,A,1,NaN,NaN,NaN,0,0,0.287683010101318
A027,A,NaN,0,1,NaN,NaN,0,NaN
A027,A,1,NaN,NaN,NaN,0,0,0.289469957351685
A027,A,1,NaN,NaN,NaN,0,0,0.270570993423462
A027,A,1,NaN,NaN,NaN,0,0,0.352560997009277
A027,A,1,NaN,NaN,NaN,0,0,0.315252065658569
A027,A,1,NaN,NaN,NaN,0,0,0.262992858886719
A027,A,1,NaN,NaN,NaN,0,0,0.342527866363525
A027,A,1,NaN,NaN,NaN,0,0,0.332333087921143
A027,A,NaN,1,0,NaN,NaN,0,NaN
A027,A,1,NaN,NaN,NaN,0,0,0.276123046875
A027,A,1,NaN,NaN,NaN,0,0,0.343751192092896
A027,A,1,NaN,NaN,NaN,0,0,0.425986051559448
A027,A,1,NaN,NaN,NaN,0,0,0.319375038146973
A027,A,1,NaN,NaN,NaN,0,0,0.305878162384033
A027,A,1,NaN,NaN,NaN,0,0,0.303122997283936
A027,A,1,NaN,NaN,NaN,0,0,0.345008134841919
A027,A,1,NaN,NaN,NaN,0,0,0.247714996337891
A027,A,1,NaN,NaN,NaN,0,0,0.271448135375977
A027,A,NaN,0,1,NaN,NaN,0,NaN
A027,A,1,NaN,NaN,NaN,0,0,0.271166801452637
A027,A,1,NaN,NaN,NaN,0,0,0.276072978973389
A027,A,1,NaN,NaN,NaN,0,0,0.339258909225464
A027,A,NaN,0,1,NaN,NaN,0,NaN
A027,A,1,NaN,NaN,NaN,0,0,0.263092994689941
A027,A,1,NaN,NaN,NaN,0,0,0.315225124359131
A027,A,1,NaN,NaN,NaN,0,0,0.396103143692017
A027,A,1,NaN,NaN,NaN,0,0,0.338315963745117
A027,A,1,NaN,NaN,NaN,0,0,0.343058109283447
A027,A,1,NaN,NaN,NaN,0,0,0.299805879592896
A027,A,1,NaN,NaN,NaN,0,0,0.394550085067749
A027,A,1,NaN,NaN,NaN,0,0,0.300131797790527
A027,A,1,NaN,NaN,NaN,0,0,0.308820009231567
A027,A,1,NaN,NaN,NaN,0,0,0.25073504447937
A027,A,1,NaN,NaN,NaN,0,0,0.290588855743408
A027,A,NaN,1,0,NaN,NaN,0,NaN
A027,A,1,NaN,NaN,NaN,0,0,0.300159931182861
A027,A,1,NaN,NaN,NaN,0,0,0.307250022888184
A027,A,1,NaN,NaN,NaN,0,0,0.367558002471924
A027,A,1,NaN,NaN,NaN,0,0,0.298810005187988
A027,A,1,NaN,NaN,NaN,0,0,0.323626041412354
A027,A,1,NaN,NaN,NaN,0,0,0.337671041488647
A027,A,1,NaN,NaN,NaN,0,0,0.237828969955444
A027,A,NaN,0,1,NaN,NaN,0,NaN
A027,A,1,NaN,NaN,NaN,0,0,0.307195901870728
A027,A,1,NaN,NaN,NaN,0,0,0.300918102264404
A027,A,1,NaN,NaN,NaN,0,0,0.285778999328613
A027,A,1,NaN,NaN,NaN,0,0,0.272307872772217
A027,A,1,NaN,NaN,NaN,0,0,0.323724031448364
A027,A,1,NaN,NaN,NaN,0,0,0.310632944107056
A027,A,1,NaN,NaN,NaN,0,0,0.469561100006104
A027,A,NaN,1,0,NaN,NaN,0,NaN
A027,A,1,NaN,NaN,NaN,0,0,0.288234949111938
A027,A,1,NaN,NaN,NaN,0,0,0.346146106719971
A027,A,1,NaN,NaN,NaN,0,0,0.359429121017456
A027,A,1,NaN,NaN,NaN,0,0,0.402369976043701
A027,A,1,NaN,NaN,NaN,0,0,0.37578010559082
A027,A,1,NaN,NaN,NaN,0,0,0.343616962432861
A027,A,1,NaN,NaN,NaN,0,0,0.358105897903442
A027,A,1,NaN,NaN,NaN,0,0,0.249838829040527
A027,A,1,NaN,NaN,NaN,0,0,0.407319068908691
A027,A,1,NaN,NaN,NaN,0,0,0.335702896118164
A027,A,1,NaN,NaN,NaN,0,0,0.348204135894775
A027,A,1,NaN,NaN,NaN,0,0,0.297697067260742
A027,A,NaN,0,1,NaN,NaN,0,NaN
A027,A,1,NaN,NaN,NaN,0,0,0.278518915176392
A027,A,1,NaN,NaN,NaN,0,0,0.36920690536499
A027,A,1,NaN,NaN,NaN,0,0,0.369844913482666
A027,A,1,NaN,NaN,NaN,0,0,0.396247863769531
A027,A,1,NaN,NaN,NaN,0,0,0.34600305557251
A027,A,1,NaN,NaN,NaN,0,0,0.310122966766357
A027,A,NaN,0,1,NaN,NaN,0,NaN
A027,A,1,NaN,NaN,NaN,0,0,0.307465076446533
A027,A,1,NaN,NaN,NaN,0,0,0.387556076049805
A027,A,1,NaN,NaN,NaN,0,0,NaN
A027,A,1,NaN,NaN,NaN,0,0,0.311872959136963
A027,A,1,NaN,NaN,NaN,0,0,0.218499898910522
A027,A,1,NaN,NaN,NaN,0,0,0.336869955062866
A027,A,NaN,0,1,NaN,NaN,0,NaN
A027,A,1,NaN,NaN,NaN,0,0,0.389617919921875
A027,A,1,NaN,NaN,NaN,0,0,0.325699090957642
A027,A,1,NaN,NaN,NaN,0,0,0.358381986618042
A027,A,1,NaN,NaN,NaN,0,0,0.415746927261353
A027,A,1,NaN,NaN,NaN,0,0,0.383114099502563
A027,A,1,NaN,NaN,NaN,0,0,0.420276880264282
A027,A,1,NaN,NaN,NaN,0,0,0.387650966644287
A027,A,1,NaN,NaN,NaN,0,0,0.328659057617188
A027,A,1,NaN,NaN,NaN,0,0,0.422850847244263
A027,A,1,NaN,NaN,NaN,0,0,0.388129949569702
A027,A,1,NaN,NaN,NaN,0,0,0.400052785873413
A027,A,NaN,1,0,NaN,NaN,0,NaN
A027,A,1,NaN,NaN,NaN,0,0,0.324843883514404
A027,A,1,NaN,NaN,NaN,0,0,0.354074001312256
A027,A,1,NaN,NaN,NaN,0,0,0.306926012039185
A027,A,NaN,0,1,NaN,NaN,0,NaN
A027,A,1,NaN,NaN,NaN,0,0,0.341066122055054
A027,A,1,NaN,NaN,NaN,0,0,0.288678884506226
A027,A,0,NaN,NaN,NaN,1,0,NaN
A027,A,1,NaN,NaN,NaN,0,0,0.833255052566528
A027,A,1,NaN,NaN,NaN,0,0,0.576201915740967
A027,A,1,NaN,NaN,NaN,0,0,0.344856977462769
A027,A,1,NaN,NaN,NaN,0,0,0.413819074630737
A027,A,1,NaN,NaN,NaN,0,0,0.330958843231201
A027,A,1,NaN,NaN,NaN,0,0,0.340166091918945
A027,A,1,NaN,NaN,NaN,0,0,0.350062847137451
A027,A,1,NaN,NaN,NaN,0,0,0.450474977493286
A027,A,1,NaN,NaN,NaN,0,0,0.362413167953491
A027,A,1,NaN,NaN,NaN,0,0,0.297781944274902
A027,A,NaN,0,1,NaN,NaN,0,NaN
A027,A,1,NaN,NaN,NaN,0,0,0.341722011566162
A027,A,1,NaN,NaN,NaN,0,0,0.274794816970825
A027,A,1,NaN,NaN,NaN,0,0,0.322151899337769
A027,A,1,NaN,NaN,NaN,0,0,0.427300930023193
A027,A,NaN,0,1,NaN,NaN,0,NaN
A027,A,1,NaN,NaN,NaN,0,0,0.596040964126587
A027,A,1,NaN,NaN,NaN,0,0,0.50270414352417
A027,A,1,NaN,NaN,NaN,0,0,0.51533317565918
A027,A,1,NaN,NaN,NaN,0,0,0.450512170791626
A027,A,1,NaN,NaN,NaN,0,0,0.379420042037964
A027,A,1,NaN,NaN,NaN,0,0,0.350812911987305
A027,A,1,NaN,NaN,NaN,0,0,0.556231021881104
A027,A,NaN,1,0,NaN,NaN,0,NaN
A027,A,1,NaN,NaN,NaN,0,0,0.354768991470337
A027,A,1,NaN,NaN,NaN,0,0,0.387491941452026
A027,A,1,NaN,NaN,NaN,0,0,0.516752958297729
A027,A,1,NaN,NaN,NaN,0,0,0.551455020904541
A027,A,1,NaN,NaN,NaN,0,0,0.328926801681519
A027,A,1,NaN,NaN,NaN,0,0,0.332677125930786
A027,A,1,NaN,NaN,NaN,0,0,0.313153982162476
A027,A,1,NaN,NaN,NaN,0,0,0.245918035507202
A027,A,NaN,0,1,NaN,NaN,0,NaN
A027,A,1,NaN,NaN,NaN,0,0,0.317627906799316
A027,A,1,NaN,NaN,NaN,0,0,0.221478939056396
A027,A,1,NaN,NaN,NaN,0,0,0.319147109985352
A027,A,1,NaN,NaN,NaN,0,0,0.431911945343018
A027,A,1,NaN,NaN,NaN,0,0,0.372609853744507
A027,A,1,NaN,NaN,NaN,0,0,0.269329071044922
A027,A,1,NaN,NaN,NaN,0,0,NaN
A027,A,1,NaN,NaN,NaN,0,0,0.390461921691895
A027,A,1,NaN,NaN,NaN,0,0,0.355731010437012
A027,A,1,NaN,NaN,NaN,0,0,0.405872106552124
A027,A,1,NaN,NaN,NaN,0,0,0.335585117340088
A027,A,1,NaN,NaN,NaN,0,0,0.304248094558716
A027,A,1,NaN,NaN,NaN,0,0,0.19307804107666
A027,A,NaN,0,1,NaN,NaN,0,NaN
A027,A,1,NaN,NaN,NaN,0,0,0.517760992050171
A027,A,1,NaN,NaN,NaN,0,0,0.876813173294067
A027,A,1,NaN,NaN,NaN,0,0,0.455740928649902
A027,A,1,NaN,NaN,NaN,0,0,0.316604852676392
A027,A,1,NaN,NaN,NaN,0,0,0.964152097702026
A027,A,1,NaN,NaN,NaN,0,0,0.490985870361328
A027,A,1,NaN,NaN,NaN,0,0,0.293956995010376
A027,A,1,NaN,NaN,NaN,0,0,0.315733194351196
A027,A,NaN,0,1,NaN,NaN,0,NaN
A027,A,1,NaN,NaN,NaN,0,0,0.310950994491577
A027,A,1,NaN,NaN,NaN,0,0,0.342530965805054
A027,A,1,NaN,NaN,NaN,0,0,0.278079032897949
A027,A,1,NaN,NaN,NaN,0,0,0.297638177871704
A027,A,1,NaN,NaN,NaN,0,0,0.287428140640259
A027,A,1,NaN,NaN,NaN,0,0,0.337435007095337
A027,A,1,NaN,NaN,NaN,0,0,0.338418006896973
A027,A,NaN,0,1,NaN,NaN,0,NaN
A027,A,1,NaN,NaN,NaN,0,0,0.288333892822266
A027,A,1,NaN,NaN,NaN,0,0,0.53791880607605
A027,A,1,NaN,NaN,NaN,0,0,0.35836386680603
A027,A,1,NaN,NaN,NaN,0,0,NaN
A027,A,1,NaN,NaN,NaN,0,0,NaN
A027,A,1,NaN,NaN,NaN,0,0,0.3473219871521
A027,A,1,NaN,NaN,NaN,0,0,0.396920919418335
A027,A,1,NaN,NaN,NaN,0,0,0.306570053100586
A027,A,NaN,0,1,NaN,NaN,0,NaN
A027,A,1,NaN,NaN,NaN,0,0,0.373820066452026
A027,A,1,NaN,NaN,NaN,0,0,0.338968992233276
A027,A,1,NaN,NaN,NaN,0,0,0.351063966751099
A027,A,1,NaN,NaN,NaN,0,0,0.399194002151489
A027,A,1,NaN,NaN,NaN,0,0,0.360175848007202
A027,A,NaN,0,1,NaN,NaN,0,NaN
A027,A,1,NaN,NaN,NaN,0,0,0.410255908966064
A027,A,1,NaN,NaN,NaN,0,0,0.55594801902771
A027,A,1,NaN,NaN,NaN,0,0,0.617663860321045
A027,A,1,NaN,NaN,NaN,0,0,0.575421810150146
A027,A,1,NaN,NaN,NaN,0,0,0.545129060745239
A027,A,1,NaN,NaN,NaN,0,0,0.356815099716187
A027,A,1,NaN,NaN,NaN,0,0,0.310144901275635
A027,A,1,NaN,NaN,NaN,0,0,0.318816184997559
A027,A,1,NaN,NaN,NaN,0,0,0.335476875305176
A027,A,1,NaN,NaN,NaN,0,0,0.365198135375977
A027,A,NaN,0,1,NaN,NaN,0,NaN
A027,A,1,NaN,NaN,NaN,0,0,NaN
A027,A,1,NaN,NaN,NaN,0,0,0.359944105148315
A027,A,1,NaN,NaN,NaN,0,0,0.293899059295654
A027,A,1,NaN,NaN,NaN,0,0,0.284862041473389
A027,A,1,NaN,NaN,NaN,0,0,0.240358829498291
A027,A,1,NaN,NaN,NaN,0,0,0.253290891647339
A027,A,1,NaN,NaN,NaN,0,0,0.260253190994263
A027,A,1,NaN,NaN,NaN,0,0,NaN
A027,A,1,NaN,NaN,NaN,0,0,1.13956522941589
A027,A,0,NaN,NaN,NaN,1,0,NaN
A027,A,NaN,0,1,NaN,NaN,0,NaN
A027,A,1,NaN,NaN,NaN,0,0,0.410210132598877
A027,A,1,NaN,NaN,NaN,0,0,0.367224931716919
A027,A,1,NaN,NaN,NaN,0,0,0.879909992218018
A027,A,1,NaN,NaN,NaN,0,0,0.375943899154663
A027,A,1,NaN,NaN,NaN,0,0,0.241683006286621
A027,A,1,NaN,NaN,NaN,0,0,0.273579120635986
A027,A,NaN,0,1,NaN,NaN,0,NaN
A027,A,0,NaN,NaN,NaN,1,0,NaN
A027,A,1,NaN,NaN,NaN,0,0,NaN
A027,A,1,NaN,NaN,NaN,0,0,0.265509128570557
A027,A,1,NaN,NaN,NaN,0,0,0.322443962097168
A027,A,1,NaN,NaN,NaN,0,0,0.338380813598633
A027,A,1,NaN,NaN,NaN,0,0,0.348855018615723
A027,A,NaN,0,1,NaN,NaN,0,NaN
A027,A,1,NaN,NaN,NaN,0,0,0.192930936813354
A027,A,1,NaN,NaN,NaN,0,0,0.264731168746948
A027,A,1,NaN,NaN,NaN,0,0,0.497623920440674
A027,A,1,NaN,NaN,NaN,0,0,0.417542934417725
A027,A,1,NaN,NaN,NaN,0,0,0.349096059799194
A027,A,1,NaN,NaN,NaN,0,0,0.373744010925293
A027,A,1,NaN,NaN,NaN,0,0,0.295459032058716
A027,A,1,NaN,NaN,NaN,0,0,0.222854137420654
A027,A,1,NaN,NaN,NaN,0,0,0.308324098587036
A027,A,NaN,0,1,NaN,NaN,0,NaN
A027,A,1,NaN,NaN,NaN,0,0,0.180984973907471
A027,A,1,NaN,NaN,NaN,0,0,0.330964088439941
A027,A,1,NaN,NaN,NaN,0,0,0.298840045928955
A027,A,1,NaN,NaN,NaN,0,0,0.301514863967896
A027,A,1,NaN,NaN,NaN,0,0,0.274447917938232
A027,A,1,NaN,NaN,NaN,0,0,0.271833896636963
A027,A,NaN,0,1,NaN,NaN,0,NaN
A027,A,1,NaN,NaN,NaN,0,0,0.301265001296997
A027,A,1,NaN,NaN,NaN,0,0,0.257046937942505
A027,A,1,NaN,NaN,NaN,0,0,0.199353933334351
A027,A,1,NaN,NaN,NaN,0,0,0.27216100692749
A027,A,1,NaN,NaN,NaN,0,0,0.271095037460327
A027,A,1,NaN,NaN,NaN,0,0,0.298179864883423
A027,A,1,NaN,NaN,NaN,0,0,0.304301977157593
A027,A,1,NaN,NaN,NaN,0,0,0.172699928283691
A027,A,0,NaN,NaN,NaN,1,0,NaN
A027,A,1,NaN,NaN,NaN,0,0,0.298927068710327
A027,A,NaN,0,1,NaN,NaN,0,NaN
A027,A,1,NaN,NaN,NaN,0,0,0.272279977798462
A027,A,1,NaN,NaN,NaN,0,0,0.277865171432495
A027,A,1,NaN,NaN,NaN,0,0,0.767497062683105
A027,A,1,NaN,NaN,NaN,0,0,0.534672021865845
A027,A,1,NaN,NaN,NaN,0,0,0.401731967926025
A027,A,1,NaN,NaN,NaN,0,0,0.736178159713745
A027,A,1,NaN,NaN,NaN,0,0,0.703055858612061
A027,A,1,NaN,NaN,NaN,0,0,0.523624897003174
A027,A,1,NaN,NaN,NaN,0,0,0.420662879943848
A027,A,1,NaN,NaN,NaN,0,0,0.487637042999268
A027,A,1,NaN,NaN,NaN,0,0,0.547883033752441
A027,A,1,NaN,NaN,NaN,0,0,0.27724289894104
A027,A,NaN,0,1,NaN,NaN,0,NaN
A027,A,1,NaN,NaN,NaN,0,0,0.422510862350464
A027,A,1,NaN,NaN,NaN,0,0,0.371510028839111
A027,A,1,NaN,NaN,NaN,0,0,0.564770936965942
A027,A,1,NaN,NaN,NaN,0,0,0.517887115478516
A027,A,1,NaN,NaN,NaN,0,0,0.551313877105713
A027,A,1,NaN,NaN,NaN,0,0,0.549153089523315
A027,A,1,NaN,NaN,NaN,0,0,0.619083166122437
A027,A,NaN,1,0,NaN,NaN,0,NaN
A027,A,1,NaN,NaN,NaN,0,0,0.513607978820801
A027,A,1,NaN,NaN,NaN,0,0,0.535331010818481
A027,A,1,NaN,NaN,NaN,0,0,0.513136148452759
A027,A,1,NaN,NaN,NaN,0,0,0.425564050674438
A027,A,1,NaN,NaN,NaN,0,0,0.391057968139648
A027,A,1,NaN,NaN,NaN,0,0,0.400357007980347
A027,A,1,NaN,NaN,NaN,0,0,0.39955997467041
A027,A,NaN,1,0,NaN,NaN,0,NaN
A027,A,1,NaN,NaN,NaN,0,0,0.494495868682861
A027,A,1,NaN,NaN,NaN,0,0,0.731025218963623
A027,A,1,NaN,NaN,NaN,0,0,0.438575983047485
A027,A,1,NaN,NaN,NaN,0,0,0.379198789596558
A027,A,1,NaN,NaN,NaN,0,0,0.335752010345459
A027,A,1,NaN,NaN,NaN,0,0,0.171006917953491
A027,A,1,NaN,NaN,NaN,0,0,0.33027195930481
A027,A,1,NaN,NaN,NaN,0,0,0.363190889358521
A027,A,1,NaN,NaN,NaN,0,0,0.330917119979858
A027,A,NaN,0,1,NaN,NaN,0,NaN
A027,A,1,NaN,NaN,NaN,0,0,0.317767858505249
A027,A,1,NaN,NaN,NaN,0,0,0.314666986465454
A027,A,1,NaN,NaN,NaN,0,0,0.281798839569092
A027,A,1,NaN,NaN,NaN,0,0,0.246389865875244
A027,A,1,NaN,NaN,NaN,0,0,0.481516122817993
A027,A,NaN,0,1,NaN,NaN,0,NaN
A027,A,1,NaN,NaN,NaN,0,0,0.326934099197388
A027,A,1,NaN,NaN,NaN,0,0,0.372625827789307
A027,A,1,NaN,NaN,NaN,0,0,0.346858978271484
A027,A,1,NaN,NaN,NaN,0,0,0.482281923294067
A027,A,1,NaN,NaN,NaN,0,0,0.569588899612427
A027,A,1,NaN,NaN,NaN,0,0,0.641442060470581
A027,A,1,NaN,NaN,NaN,0,0,0.453114032745361
A027,A,1,NaN,NaN,NaN,0,0,0.3683021068573
A027,A,1,NaN,NaN,NaN,0,0,0.281627178192139
A027,A,1,NaN,NaN,NaN,0,0,0.358689069747925
A027,A,1,NaN,NaN,NaN,0,0,0.395763874053955
A027,A,1,NaN,NaN,NaN,0,0,0.326382160186768
A027,A,NaN,0,1,NaN,NaN,0,NaN
A027,A,1,NaN,NaN,NaN,0,0,0.511849164962769
A027,A,1,NaN,NaN,NaN,0,0,0.50442099571228
A027,A,1,NaN,NaN,NaN,0,0,0.395020961761475
A027,A,1,NaN,NaN,NaN,0,0,0.431891918182373
A027,A,1,NaN,NaN,NaN,0,0,0.577939987182617
A027,A,1,NaN,NaN,NaN,0,0,0.294145822525024
A027,A,1,NaN,NaN,NaN,0,0,0.362990856170654
A027,A,NaN,1,0,NaN,NaN,0,NaN
A027,A,1,NaN,NaN,NaN,0,0,0.324815034866333
A027,A,1,NaN,NaN,NaN,0,0,0.335853099822998
A027,A,1,NaN,NaN,NaN,0,0,0.376301050186157
A027,A,1,NaN,NaN,NaN,0,0,0.667557001113892
A027,A,1,NaN,NaN,NaN,0,0,0.803717136383057
A027,A,1,NaN,NaN,NaN,0,0,0.459038972854614
A027,A,NaN,1,0,NaN,NaN,0,NaN
A027,A,1,NaN,NaN,NaN,0,0,0.282108783721924
A027,A,1,NaN,NaN,NaN,0,0,0.367338895797729
A027,A,1,NaN,NaN,NaN,0,0,0.446595907211304
A027,A,1,NaN,NaN,NaN,0,0,0.390383005142212
A027,A,1,NaN,NaN,NaN,0,0,0.279671907424927
A027,A,1,NaN,NaN,NaN,0,0,0.332806825637817
A027,A,1,NaN,NaN,NaN,0,0,0.433580875396729
A027,A,1,NaN,NaN,NaN,0,0,0.412363767623901
A027,A,1,NaN,NaN,NaN,0,0,0.509061813354492
A027,A,1,NaN,NaN,NaN,0,0,0.432474136352539
A027,A,NaN,1,0,NaN,NaN,0,NaN
A027,A,1,NaN,NaN,NaN,0,0,0.360235929489136
A027,A,1,NaN,NaN,NaN,0,0,0.535264015197754
A027,A,1,NaN,NaN,NaN,0,0,0.509452104568481
A027,A,1,NaN,NaN,NaN,0,0,0.482415914535522
A027,A,NaN,1,0,NaN,NaN,0,NaN
A027,A,1,NaN,NaN,NaN,0,0,0.295370101928711
A027,A,1,NaN,NaN,NaN,0,0,0.563729047775269
A027,A,1,NaN,NaN,NaN,0,0,0.394165992736816
A027,A,1,NaN,NaN,NaN,0,0,0.291213035583496
A027,A,1,NaN,NaN,NaN,0,0,0.258461952209473
A027,A,1,NaN,NaN,NaN,0,0,0.257505893707275
A027,A,1,NaN,NaN,NaN,0,0,0.58227801322937
A027,A,1,NaN,NaN,NaN,0,0,0.421836853027344
A027,A,1,NaN,NaN,NaN,0,0,0.425482034683228
A027,A,1,NaN,NaN,NaN,0,0,0.381707906723022
A027,A,1,NaN,NaN,NaN,0,0,0.374669075012207
A027,A,1,NaN,NaN,NaN,0,0,0.282434940338135
A027,A,1,NaN,NaN,NaN,0,0,0.270088911056519
A027,A,NaN,0,1,NaN,NaN,0,NaN
A027,A,1,NaN,NaN,NaN,0,0,0.33247184753418
A027,A,1,NaN,NaN,NaN,0,0,0.312341928482056
A027,A,1,NaN,NaN,NaN,0,0,0.337471008300781
A027,A,1,NaN,NaN,NaN,0,0,0.288265943527222
A027,A,1,NaN,NaN,NaN,0,0,0.381700038909912
A027,A,1,NaN,NaN,NaN,0,0,0.358412027359009
A027,A,1,NaN,NaN,NaN,0,0,0.523422956466675
A027,A,1,NaN,NaN,NaN,0,0,0.479085922241211
A027,A,NaN,0,1,NaN,NaN,0,NaN
A027,A,1,NaN,NaN,NaN,0,0,0.375690221786499
A027,A,1,NaN,NaN,NaN,0,0,0.278666973114014
A027,A,1,NaN,NaN,NaN,0,0,0.306670904159546
A027,A,1,NaN,NaN,NaN,0,0,0.430974006652832
A027,A,1,NaN,NaN,NaN,0,0,0.308779954910278
A027,A,1,NaN,NaN,NaN,0,0,0.34271502494812
A027,A,1,NaN,NaN,NaN,0,0,0.448275089263916
A027,A,1,NaN,NaN,NaN,0,0,0.414541006088257
A027,A,NaN,0,1,NaN,NaN,0,NaN
A027,A,1,NaN,NaN,NaN,0,0,0.27391791343689
A027,A,1,NaN,NaN,NaN,0,0,0.26697301864624
A027,A,1,NaN,NaN,NaN,0,0,0.215443134307861
A027,A,NaN,0,1,NaN,NaN,0,NaN
A027,A,0,NaN,NaN,NaN,1,0,NaN
A027,A,1,NaN,NaN,NaN,0,0,0.349246978759766
A027,A,1,NaN,NaN,NaN,0,0,0.302446126937866
A027,A,1,NaN,NaN,NaN,0,0,0.410226106643677
A027,A,1,NaN,NaN,NaN,0,0,0.287886142730713
A027,A,1,NaN,NaN,NaN,0,0,0.692164897918701
A027,A,1,NaN,NaN,NaN,0,0,0.386236906051636
A027,A,1,NaN,NaN,NaN,0,0,0.456938028335571
A027,A,1,NaN,NaN,NaN,0,0,0.592770099639893
A027,A,NaN,0,1,NaN,NaN,0,NaN
A027,A,1,NaN,NaN,NaN,0,0,0.312498092651367
A027,A,1,NaN,NaN,NaN,0,0,0.179222822189331
A027,A,1,NaN,NaN,NaN,0,0,0.272685050964355
A027,A,1,NaN,NaN,NaN,0,0,0.245409965515137
A027,A,1,NaN,NaN,NaN,0,0,0.359797954559326
A027,A,1,NaN,NaN,NaN,0,0,0.323483943939209
A027,A,1,NaN,NaN,NaN,0,0,0.386677980422974
A027,A,1,NaN,NaN,NaN,0,0,0.399412870407104
A027,A,1,NaN,NaN,NaN,0,0,0.280529022216797
A027,A,1,NaN,NaN,NaN,0,0,0.248188972473145
A027,A,1,NaN,NaN,NaN,0,0,0.272895812988281
A027,A,1,NaN,NaN,NaN,0,0,0.41226601600647
A027,A,NaN,0,1,NaN,NaN,0,NaN
A027,A,1,NaN,NaN,NaN,0,0,0.377639055252075
A027,A,1,NaN,NaN,NaN,0,0,0.207301139831543
A027,A,1,NaN,NaN,NaN,0,0,0.620488882064819
A027,A,1,NaN,NaN,NaN,0,0,0.507498979568481
A027,A,1,NaN,NaN,NaN,0,0,0.538135051727295
A027,A,1,NaN,NaN,NaN,0,0,0.438545227050781
A027,A,1,NaN,NaN,NaN,0,0,0.395548105239868
A027,A,NaN,0,1,NaN,NaN,0,NaN
A027,A,1,NaN,NaN,NaN,0,0,0.24235987663269
A027,A,1,NaN,NaN,NaN,0,0,0.517282009124756
A027,A,1,NaN,NaN,NaN,0,0,0.367203950881958
A027,A,1,NaN,NaN,NaN,0,0,0.372287034988403
A027,A,1,NaN,NaN,NaN,0,0,0.270503997802734
A027,A,1,NaN,NaN,NaN,0,0,0.220510959625244
A027,A,1,NaN,NaN,NaN,0,0,0.201431035995483
A027,A,NaN,1,0,NaN,NaN,0,NaN
A027,A,1,NaN,NaN,NaN,0,0,0.30958890914917
A027,A,1,NaN,NaN,NaN,0,0,0.314022064208984
A027,A,1,NaN,NaN,NaN,0,0,0.289897918701172
A027,A,1,NaN,NaN,NaN,0,0,0.268135070800781
A027,A,NaN,0,1,NaN,NaN,0,NaN
A027,A,1,NaN,NaN,NaN,0,0,0.302654027938843
A027,A,1,NaN,NaN,NaN,0,0,0.27037501335144
A027,A,1,NaN,NaN,NaN,0,0,0.350738048553467
A027,A,1,NaN,NaN,NaN,0,0,0.386592149734497
A027,A,1,NaN,NaN,NaN,0,0,0.392282962799072
A027,A,1,NaN,NaN,NaN,0,0,0.36548113822937
A027,A,1,NaN,NaN,NaN,0,0,0.473402976989746
A027,A,1,NaN,NaN,NaN,0,0,0.435577869415283
A027,A,NaN,0,1,NaN,NaN,0,NaN
A027,A,1,NaN,NaN,NaN,0,0,0.266508817672729
A027,A,1,NaN,NaN,NaN,0,0,0.258775949478149
A027,A,1,NaN,NaN,NaN,0,0,0.278870105743408
A027,A,1,NaN,NaN,NaN,0,0,0.294987201690674
A027,A,1,NaN,NaN,NaN,0,0,NaN
A027,A,1,NaN,NaN,NaN,0,0,0.32397198677063
A027,A,1,NaN,NaN,NaN,0,0,0.340952157974243
A027,A,1,NaN,NaN,NaN,0,0,0.56036114692688
A027,A,1,NaN,NaN,NaN,0,0,0.525505065917969
A027,A,1,NaN,NaN,NaN,0,0,0.498125076293945
A027,A,1,NaN,NaN,NaN,0,0,0.392924070358276
A027,A,1,NaN,NaN,NaN,0,0,0.437144994735718
A027,A,1,NaN,NaN,NaN,0,0,0.418498992919922
A027,A,NaN,0,1,NaN,NaN,0,NaN
A027,A,0,NaN,NaN,NaN,1,0,NaN
A027,A,1,NaN,NaN,NaN,0,0,NaN
A027,A,1,NaN,NaN,NaN,0,0,0.581259965896606
A027,A,1,NaN,NaN,NaN,0,0,0.421223163604736
A027,A,1,NaN,NaN,NaN,0,0,0.381127119064331
A027,A,NaN,1,0,NaN,NaN,0,NaN
A027,A,1,NaN,NaN,NaN,0,0,0.380676984786987
A027,A,1,NaN,NaN,NaN,0,0,0.529258966445923
A027,A,1,NaN,NaN,NaN,0,0,0.670186042785645
A027,A,1,NaN,NaN,NaN,0,0,0.478165864944458
A027,A,1,NaN,NaN,NaN,0,0,0.423015832901001
A027,A,1,NaN,NaN,NaN,0,0,0.469364881515503
A027,A,NaN,1,0,NaN,NaN,0,NaN
A027,A,1,NaN,NaN,NaN,0,0,0.360880851745605
A027,A,1,NaN,NaN,NaN,0,0,0.475470066070557
A027,A,1,NaN,NaN,NaN,0,0,0.545655012130737
A027,A,1,NaN,NaN,NaN,0,0,0.444745063781738
A027,A,1,NaN,NaN,NaN,0,0,0.381229877471924
A027,A,1,NaN,NaN,NaN,0,0,0.350295066833496
A027,A,1,NaN,NaN,NaN,0,0,0.331331968307495
A027,A,1,NaN,NaN,NaN,0,0,0.311661958694458
A027,A,1,NaN,NaN,NaN,0,0,0.341333150863647
A027,A,NaN,0,1,NaN,NaN,0,NaN
A027,A,1,NaN,NaN,NaN,0,0,0.359920024871826
A027,A,1,NaN,NaN,NaN,0,0,0.353602886199951
A027,A,1,NaN,NaN,NaN,0,0,0.311921834945679
A027,A,1,NaN,NaN,NaN,0,0,0.324959993362427
A027,A,1,NaN,NaN,NaN,0,0,0.264577150344849
A027,A,1,NaN,NaN,NaN,0,0,0.382457971572876
A027,A,1,NaN,NaN,NaN,0,0,0.261555910110474
A027,A,1,NaN,NaN,NaN,0,0,0.302356958389282
A027,A,NaN,0,1,NaN,NaN,0,NaN
A027,A,1,NaN,NaN,NaN,0,0,0.325947046279907
A027,A,1,NaN,NaN,NaN,0,0,0.313667058944702
A027,A,1,NaN,NaN,NaN,0,0,0.301845073699951
A027,A,1,NaN,NaN,NaN,0,0,0.306730031967163
A027,A,1,NaN,NaN,NaN,0,0,0.327635049819946
A027,A,NaN,0,1,NaN,NaN,0,NaN
A027,A,1,NaN,NaN,NaN,0,0,0.298020839691162
A027,A,1,NaN,NaN,NaN,0,0,0.274636030197144
A027,A,1,NaN,NaN,NaN,0,0,0.367885112762451
A027,A,1,NaN,NaN,NaN,0,0,0.290509939193726
A027,A,1,NaN,NaN,NaN,0,0,0.251471042633057
A027,A,1,NaN,NaN,NaN,0,0,0.26043176651001
A027,A,1,NaN,NaN,NaN,0,0,0.273820877075195
A027,A,1,NaN,NaN,NaN,0,0,0.473220109939575
A027,A,1,NaN,NaN,NaN,0,0,0.504288196563721
A027,A,1,NaN,NaN,NaN,0,0,0.30937385559082
A027,A,1,NaN,NaN,NaN,0,0,0.312182188034058
A027,A,1,NaN,NaN,NaN,0,0,0.329200029373169
A027,A,1,NaN,NaN,NaN,0,0,0.524793863296509
A027,A,1,NaN,NaN,NaN,0,0,0.537821054458618
A027,A,NaN,0,1,NaN,NaN,0,NaN
A027,A,1,NaN,NaN,NaN,0,0,0.344320058822632
A027,A,1,NaN,NaN,NaN,0,0,0.37037992477417
A027,A,1,NaN,NaN,NaN,0,0,0.315133094787598
A027,A,1,NaN,NaN,NaN,0,0,0.332430839538574
A027,A,1,NaN,NaN,NaN,0,0,0.329442977905273
A027,A,1,NaN,NaN,NaN,0,0,0.5122389793396
A027,A,1,NaN,NaN,NaN,0,0,0.411887884140015
A027,A,1,NaN,NaN,NaN,0,0,0.45497989654541
A027,A,NaN,0,1,NaN,NaN,0,NaN
A027,A,1,NaN,NaN,NaN,0,0,0.338557004928589
A027,A,1,NaN,NaN,NaN,0,0,0.307368993759155
A027,A,1,NaN,NaN,NaN,0,0,0.255731105804443
A027,A,NaN,0,1,NaN,NaN,0,NaN
A027,A,1,NaN,NaN,NaN,0,0,0.28758978843689
A027,A,1,NaN,NaN,NaN,0,0,0.282571077346802
A027,A,1,NaN,NaN,NaN,0,0,0.313380002975464
A027,A,1,NaN,NaN,NaN,0,0,0.262682914733887
A027,A,1,NaN,NaN,NaN,0,0,0.260179996490479
A027,A,1,NaN,NaN,NaN,0,0,0.292342901229858
A027,A,1,NaN,NaN,NaN,0,0,0.269636154174805
A027,A,1,NaN,NaN,NaN,0,0,0.212671041488647
A027,A,1,NaN,NaN,NaN,0,0,0.305974006652832
A027,A,1,NaN,NaN,NaN,0,0,0.301586151123047
A027,A,1,NaN,NaN,NaN,0,0,0.416430950164795
A027,A,1,NaN,NaN,NaN,0,0,0.369362115859985
A027,A,NaN,0,1,NaN,NaN,0,NaN
A027,A,1,NaN,NaN,NaN,0,0,0.278064966201782
A027,A,1,NaN,NaN,NaN,0,0,0.378091096878052
A027,A,1,NaN,NaN,NaN,0,0,0.315838813781738
A027,A,1,NaN,NaN,NaN,0,0,0.470059871673584
A027,A,1,NaN,NaN,NaN,0,0,0.302320957183838
A027,A,1,NaN,NaN,NaN,0,0,0.312134981155396
A027,A,1,NaN,NaN,NaN,0,0,0.252676010131836
A027,A,NaN,0,1,NaN,NaN,0,NaN
A027,A,1,NaN,NaN,NaN,0,0,0.28192400932312
A027,A,1,NaN,NaN,NaN,0,0,0.254650831222534
A027,A,1,NaN,NaN,NaN,0,0,0.231374025344849
A027,A,1,NaN,NaN,NaN,0,0,0.319058895111084
A027,A,1,NaN,NaN,NaN,0,0,0.279512882232666
A027,A,1,NaN,NaN,NaN,0,0,0.316927194595337
A027,A,1,NaN,NaN,NaN,0,0,0.322494983673096
A027,A,NaN,0,1,NaN,NaN,0,NaN
A027,A,1,NaN,NaN,NaN,0,0,0.269003868103027
A027,A,1,NaN,NaN,NaN,0,0,0.230480909347534
A027,A,1,NaN,NaN,NaN,0,0,0.262376070022583
A027,A,1,NaN,NaN,NaN,0,0,0.292472839355469
A027,A,1,NaN,NaN,NaN,0,0,0.275318145751953
A027,A,1,NaN,NaN,NaN,0,0,0.272207021713257
A027,A,1,NaN,NaN,NaN,0,0,0.274448156356812
A027,A,NaN,0,1,NaN,NaN,0,NaN
A027,A,1,NaN,NaN,NaN,0,0,0.27485990524292
A027,A,1,NaN,NaN,NaN,0,0,0.292567014694214
A027,A,1,NaN,NaN,NaN,0,0,0.528994083404541
A027,A,1,NaN,NaN,NaN,0,0,0.447784900665283
A027,A,1,NaN,NaN,NaN,0,0,0.532885074615479
A027,A,1,NaN,NaN,NaN,0,0,0.39503002166748
A027,A,1,NaN,NaN,NaN,0,0,0.36304497718811
A027,A,1,NaN,NaN,NaN,0,0,0.457892894744873
A027,A,NaN,1,0,NaN,NaN,0,NaN
A027,A,1,NaN,NaN,NaN,0,0,0.296158075332642
A027,A,1,NaN,NaN,NaN,0,0,0.38558292388916
A027,A,1,NaN,NaN,NaN,0,0,0.46645188331604
A027,A,1,NaN,NaN,NaN,0,0,0.380579948425293
A027,A,1,NaN,NaN,NaN,0,0,0.613749980926514
A027,A,1,NaN,NaN,NaN,0,0,0.694356918334961
A027,A,1,NaN,NaN,NaN,0,0,0.819433927536011
A027,A,1,NaN,NaN,NaN,0,0,0.695374965667725
A027,A,1,NaN,NaN,NaN,0,0,0.6907639503479
A027,A,1,NaN,NaN,NaN,0,0,0.588738918304443
A027,A,NaN,1,0,NaN,NaN,0,NaN
A027,A,1,NaN,NaN,NaN,0,0,0.458055019378662
A027,A,1,NaN,NaN,NaN,0,0,0.606969118118286
A027,A,1,NaN,NaN,NaN,0,0,0.72298002243042
A027,A,1,NaN,NaN,NaN,0,0,0.741127014160156
A027,A,1,NaN,NaN,NaN,0,0,0.750436067581177
A027,A,1,NaN,NaN,NaN,0,0,0.836834907531738
A027,A,1,NaN,NaN,NaN,0,0,0.979254961013794
A027,A,NaN,1,0,NaN,NaN,0,NaN
A027,A,1,NaN,NaN,NaN,0,0,0.29887318611145
A027,A,1,NaN,NaN,NaN,0,0,0.613540172576904
A027,A,1,NaN,NaN,NaN,0,0,0.622201919555664
A027,A,1,NaN,NaN,NaN,0,0,0.715934038162231
A027,A,1,NaN,NaN,NaN,0,0,0.636857032775879
A027,A,1,NaN,NaN,NaN,0,0,0.673990964889526
A027,A,1,NaN,NaN,NaN,0,0,0.662198781967163
A027,A,1,NaN,NaN,NaN,0,0,0.463444948196411
A027,A,1,NaN,NaN,NaN,0,0,0.396583080291748
A027,A,1,NaN,NaN,NaN,0,0,0.508308172225952
A027,A,NaN,1,0,NaN,NaN,0,NaN
A027,A,1,NaN,NaN,NaN,0,0,0.379552125930786
A027,A,1,NaN,NaN,NaN,0,0,0.646192789077759
A027,A,1,NaN,NaN,NaN,0,0,0.451825141906738
A027,A,1,NaN,NaN,NaN,0,0,0.458743810653687
A027,A,1,NaN,NaN,NaN,0,0,0.427581071853638
A027,A,1,NaN,NaN,NaN,0,0,0.655189037322998
A027,A,1,NaN,NaN,NaN,0,0,0.482525110244751
A027,A,NaN,0,1,NaN,NaN,0,NaN
A027,A,1,NaN,NaN,NaN,0,0,0.470530033111572
A027,A,1,NaN,NaN,NaN,0,0,0.49726390838623
A027,A,1,NaN,NaN,NaN,0,0,0.44625997543335
A027,A,1,NaN,NaN,NaN,0,0,0.650851011276245
A027,A,1,NaN,NaN,NaN,0,0,0.707853078842163
A027,A,1,NaN,NaN,NaN,0,0,0.763122081756592
A027,A,1,NaN,NaN,NaN,0,0,0.602574110031128
A027,A,1,NaN,NaN,NaN,0,0,0.505743026733398
A027,A,1,NaN,NaN,NaN,0,0,0.514901161193848
A027,A,NaN,0,1,NaN,NaN,0,NaN
A027,A,1,NaN,NaN,NaN,0,0,0.701332092285156
A027,A,1,NaN,NaN,NaN,0,0,0.530355930328369
A027,A,1,NaN,NaN,NaN,0,0,0.400958061218262
A027,A,1,NaN,NaN,NaN,0,0,0.497683048248291
A027,A,1,NaN,NaN,NaN,0,0,0.381448030471802
A027,A,NaN,1,0,NaN,NaN,0,NaN
A027,A,1,NaN,NaN,NaN,0,0,0.3628830909729
A027,A,1,NaN,NaN,NaN,0,0,0.447543859481812
A027,A,1,NaN,NaN,NaN,0,0,0.298820972442627
A027,A,1,NaN,NaN,NaN,0,0,0.411844968795776
A027,A,1,NaN,NaN,NaN,0,0,0.336117029190063
A027,A,1,NaN,NaN,NaN,0,0,0.471997976303101
A027,A,NaN,1,0,NaN,NaN,0,NaN
A027,A,1,NaN,NaN,NaN,0,0,0.380465030670166
A027,A,1,NaN,NaN,NaN,0,0,0.581618070602417
A027,A,1,NaN,NaN,NaN,0,0,0.56690788269043
A027,A,1,NaN,NaN,NaN,0,0,0.380028009414673
A027,A,1,NaN,NaN,NaN,0,0,0.339354991912842
A027,A,1,NaN,NaN,NaN,0,0,0.309007167816162
A027,A,1,NaN,NaN,NaN,0,0,0.341734886169434
A027,A,1,NaN,NaN,NaN,0,0,0.27485990524292
A027,A,1,NaN,NaN,NaN,0,0,0.271582126617432
A027,A,1,NaN,NaN,NaN,0,0,0.352159023284912
A027,A,1,NaN,NaN,NaN,0,0,0.354924201965332
A027,A,1,NaN,NaN,NaN,0,0,0.365717887878418
A027,A,1,NaN,NaN,NaN,0,0,0.295022010803223
A027,A,1,NaN,NaN,NaN,0,0,0.380586862564087
A027,A,NaN,0,1,NaN,NaN,0,NaN
A027,A,1,NaN,NaN,NaN,0,0,0.32042407989502
A027,A,1,NaN,NaN,NaN,0,0,0.234884023666382
A027,A,1,NaN,NaN,NaN,0,0,0.29071307182312
A027,A,1,NaN,NaN,NaN,0,0,0.276859998703003
A027,A,NaN,0,1,NaN,NaN,0,NaN
A027,A,1,NaN,NaN,NaN,0,0,0.297600984573364
A027,A,1,NaN,NaN,NaN,0,0,0.281184911727905
A027,A,1,NaN,NaN,NaN,0,0,0.329064130783081
A027,A,1,NaN,NaN,NaN,0,0,0.313770055770874
A027,A,1,NaN,NaN,NaN,0,0,0.309954166412354
A027,A,1,NaN,NaN,NaN,0,0,0.420914888381958
A027,A,1,NaN,NaN,NaN,0,0,0.429679870605469
A027,A,1,NaN,NaN,NaN,0,0,0.313688993453979
A027,A,1,NaN,NaN,NaN,0,0,0.441199064254761
A027,A,NaN,1,0,NaN,NaN,0,NaN
A027,A,1,NaN,NaN,NaN,0,0,0.399388074874878
A027,A,1,NaN,NaN,NaN,0,0,0.261079072952271
A027,A,1,NaN,NaN,NaN,0,0,NaN
A027,A,1,NaN,NaN,NaN,0,0,0.264729976654053
A027,A,1,NaN,NaN,NaN,0,0,0.516540050506592
A027,A,1,NaN,NaN,NaN,0,0,0.483613014221191
A027,A,1,NaN,NaN,NaN,0,0,0.310093879699707
A027,A,1,NaN,NaN,NaN,0,0,0.282911062240601
A027,A,1,NaN,NaN,NaN,0,0,0.286058902740479
A027,A,1,NaN,NaN,NaN,0,0,0.291301965713501
A027,A,NaN,0,1,NaN,NaN,0,NaN
A027,A,1,NaN,NaN,NaN,0,0,0.31280779838562
A027,A,1,NaN,NaN,NaN,0,0,0.265669107437134
A027,A,1,NaN,NaN,NaN,0,0,0.31355094909668
A027,A,1,NaN,NaN,NaN,0,0,0.266213893890381
A027,A,NaN,0,1,NaN,NaN,0,NaN
A027,A,1,NaN,NaN,NaN,0,0,0.325321912765503
A027,A,1,NaN,NaN,NaN,0,0,0.19002103805542
A027,A,1,NaN,NaN,NaN,0,0,0.311304092407227
A027,A,1,NaN,NaN,NaN,0,0,0.361901998519897
A027,A,1,NaN,NaN,NaN,0,0,0.265032052993774
A027,A,1,NaN,NaN,NaN,0,0,0.283448934555054
A027,A,1,NaN,NaN,NaN,0,0,NaN
A027,A,1,NaN,NaN,NaN,0,0,0.238377094268799
A027,A,1,NaN,NaN,NaN,0,0,0.266249895095825
A027,A,1,NaN,NaN,NaN,0,0,0.301582098007202
A027,A,1,NaN,NaN,NaN,0,0,0.257761001586914
A027,A,NaN,0,1,NaN,NaN,0,NaN
A027,A,1,NaN,NaN,NaN,0,0,0.327655076980591
A027,A,1,NaN,NaN,NaN,0,0,0.260024070739746
A027,A,1,NaN,NaN,NaN,0,0,0.269561052322388
A027,A,1,NaN,NaN,NaN,0,0,0.185463905334473
A027,A,0,NaN,NaN,NaN,1,0,NaN
A027,A,1,NaN,NaN,NaN,0,0,NaN
A027,A,1,NaN,NaN,NaN,0,0,0.434443950653076
A027,A,1,NaN,NaN,NaN,0,0,0.337490081787109
A027,A,1,NaN,NaN,NaN,0,0,0.230134010314941
A027,A,NaN,0,1,NaN,NaN,0,NaN
A027,A,0,NaN,NaN,NaN,1,0,NaN
A027,A,1,NaN,NaN,NaN,0,0,0.312824010848999
A027,A,1,NaN,NaN,NaN,0,0,0.36794114112854
A027,A,1,NaN,NaN,NaN,0,0,0.452861070632935
A027,A,1,NaN,NaN,NaN,0,0,0.387592077255249
A027,A,1,NaN,NaN,NaN,0,0,0.32053017616272
A027,A,1,NaN,NaN,NaN,0,0,0.312054872512817
A027,A,1,NaN,NaN,NaN,0,0,0.315834045410156
A027,A,1,NaN,NaN,NaN,0,0,0.322305917739868
A027,A,NaN,0,1,NaN,NaN,0,NaN
A027,A,1,NaN,NaN,NaN,0,0,0.173827886581421
A027,A,1,NaN,NaN,NaN,0,0,0.526394844055176
A027,A,1,NaN,NaN,NaN,0,0,0.308226108551025
A027,A,NaN,0,1,NaN,NaN,0,NaN
A027,A,1,NaN,NaN,NaN,0,0,0.306169986724854
A027,A,1,NaN,NaN,NaN,0,0,0.314440011978149
A027,A,1,NaN,NaN,NaN,0,0,0.325945854187012
A027,A,1,NaN,NaN,NaN,0,0,0.327980041503906
A027,A,1,NaN,NaN,NaN,0,0,0.181341886520386
A027,A,1,NaN,NaN,NaN,0,0,0.287621974945068
A027,A,1,NaN,NaN,NaN,0,0,0.527480840682983
A027,A,1,NaN,NaN,NaN,0,0,0.517097949981689
A027,A,NaN,1,0,NaN,NaN,0,NaN
A027,A,1,NaN,NaN,NaN,0,0,0.349629878997803
A027,A,1,NaN,NaN,NaN,0,0,0.640949964523315
A027,A,1,NaN,NaN,NaN,0,0,0.451918125152588
A027,A,1,NaN,NaN,NaN,0,0,0.624920845031738
A027,A,1,NaN,NaN,NaN,0,0,0.48065185546875
A027,A,1,NaN,NaN,NaN,0,0,0.43715500831604
A027,A,1,NaN,NaN,NaN,0,0,0.318007946014404
A027,A,1,NaN,NaN,NaN,0,0,0.386972904205322
A027,A,1,NaN,NaN,NaN,0,0,0.576427936553955
A027,A,1,NaN,NaN,NaN,0,0,0.76275897026062
A027,A,1,NaN,NaN,NaN,0,0,0.61158299446106
A027,A,NaN,0,1,NaN,NaN,0,NaN
A027,A,1,NaN,NaN,NaN,0,0,0.345376014709473
A027,A,1,NaN,NaN,NaN,0,0,0.327245950698853
A027,A,1,NaN,NaN,NaN,0,0,0.280764102935791
A027,A,1,NaN,NaN,NaN,0,0,0.325700998306274
A027,A,1,NaN,NaN,NaN,0,0,0.320681810379028
A027,A,1,NaN,NaN,NaN,0,0,0.343178033828735
A027,A,1,NaN,NaN,NaN,0,0,0.429666996002197
A027,A,1,NaN,NaN,NaN,0,0,0.352104902267456
A027,A,NaN,0,1,NaN,NaN,0,NaN
A027,A,1,NaN,NaN,NaN,0,0,0.332683086395264
A027,A,1,NaN,NaN,NaN,0,0,0.312264919281006
A027,A,1,NaN,NaN,NaN,0,0,0.347315073013306
A027,A,1,NaN,NaN,NaN,0,0,0.541143178939819
A027,A,1,NaN,NaN,NaN,0,0,0.420995950698853
A027,A,1,NaN,NaN,NaN,0,0,0.494149923324585
A027,A,1,NaN,NaN,NaN,0,0,0.499179840087891
A027,A,1,NaN,NaN,NaN,0,0,0.534763097763062
A027,A,NaN,0,1,NaN,NaN,0,NaN
A027,A,1,NaN,NaN,NaN,0,0,0.49400806427002
A027,A,1,NaN,NaN,NaN,0,0,0.326812028884888
A027,A,1,NaN,NaN,NaN,0,0,0.347502946853638
A027,A,1,NaN,NaN,NaN,0,0,0.420156002044678
A027,A,1,NaN,NaN,NaN,0,0,0.465255975723267
A027,A,NaN,1,0,NaN,NaN,0,NaN
A027,A,1,NaN,NaN,NaN,0,0,0.518743991851807
A027,A,1,NaN,NaN,NaN,0,0,0.328027963638306
A027,A,1,NaN,NaN,NaN,0,0,0.332147121429443
A027,A,1,NaN,NaN,NaN,0,0,0.360619783401489
A027,A,1,NaN,NaN,NaN,0,0,0.339840173721313
A027,A,1,NaN,NaN,NaN,0,0,0.288888931274414
A027,A,1,NaN,NaN,NaN,0,0,0.26075005531311
A027,A,1,NaN,NaN,NaN,0,0,0.316325902938843
A027,A,1,NaN,NaN,NaN,0,0,0.29598593711853
A027,A,1,NaN,NaN,NaN,0,0,0.274307012557983
A027,A,1,NaN,NaN,NaN,0,0,0.263093948364258
A027,A,NaN,0,1,NaN,NaN,0,NaN
A027,A,1,NaN,NaN,NaN,0,0,NaN
A027,A,0,NaN,NaN,NaN,1,0,NaN
A027,A,1,NaN,NaN,NaN,0,0,0.390506029129028
A027,A,1,NaN,NaN,NaN,0,0,0.311343908309937
A027,A,1,NaN,NaN,NaN,0,0,0.239222049713135
A027,A,1,NaN,NaN,NaN,0,0,0.253154993057251
A027,A,1,NaN,NaN,NaN,0,0,0.542561054229736
A027,A,1,NaN,NaN,NaN,0,0,0.431988954544067
A027,A,1,NaN,NaN,NaN,0,0,0.377006053924561
A027,A,NaN,1,0,NaN,NaN,0,NaN
A027,A,1,NaN,NaN,NaN,0,0,0.390726089477539
A027,A,1,NaN,NaN,NaN,0,0,0.398632049560547
A027,A,1,NaN,NaN,NaN,0,0,0.431059837341309
A027,A,1,NaN,NaN,NaN,0,0,0.412867069244385
A027,A,1,NaN,NaN,NaN,0,0,0.513556003570557
A027,A,1,NaN,NaN,NaN,0,0,0.391544103622437
A027,A,1,NaN,NaN,NaN,0,0,0.3836989402771
A027,A,1,NaN,NaN,NaN,0,0,0.372501134872437
A027,A,1,NaN,NaN,NaN,0,0,0.37167501449585
A027,A,NaN,0,1,NaN,NaN,0,NaN
A027,A,1,NaN,NaN,NaN,0,0,0.366487979888916
A027,A,1,NaN,NaN,NaN,0,0,0.339366912841797
A027,A,1,NaN,NaN,NaN,0,0,0.336302042007446
A027,A,1,NaN,NaN,NaN,0,0,0.454217910766602
A027,A,NaN,0,1,NaN,NaN,0,NaN
A027,A,1,NaN,NaN,NaN,0,0,0.358498096466064
A027,A,1,NaN,NaN,NaN,0,0,0.388037204742432
A027,A,1,NaN,NaN,NaN,0,0,0.303636074066162
A027,A,1,NaN,NaN,NaN,0,0,0.279671907424927
A027,A,1,NaN,NaN,NaN,0,0,0.285349130630493
A027,A,1,NaN,NaN,NaN,0,0,0.333076953887939
A027,A,NaN,0,1,NaN,NaN,0,NaN
A027,A,1,NaN,NaN,NaN,0,0,0.331130981445312
A027,A,1,NaN,NaN,NaN,0,0,0.376024961471558
A027,A,1,NaN,NaN,NaN,0,0,0.342257976531982
A027,A,1,NaN,NaN,NaN,0,0,0.318905115127563
A027,A,1,NaN,NaN,NaN,0,0,0.369475126266479
A027,A,1,NaN,NaN,NaN,0,0,0.358033180236816
A027,A,1,NaN,NaN,NaN,0,0,0.491008996963501
A027,A,1,NaN,NaN,NaN,0,0,0.576426029205322
A027,A,1,NaN,NaN,NaN,0,0,0.621070861816406
A027,A,NaN,1,0,NaN,NaN,0,NaN
A027,A,1,NaN,NaN,NaN,0,0,0.848612070083618
A027,A,1,NaN,NaN,NaN,0,0,0.638311862945557
A027,A,1,NaN,NaN,NaN,0,0,0.592467784881592
A027,A,1,NaN,NaN,NaN,0,0,0.380767107009888
A027,A,1,NaN,NaN,NaN,0,0,0.30590295791626
A027,A,1,NaN,NaN,NaN,0,0,NaN
A027,A,1,NaN,NaN,NaN,0,0,0.312528133392334
A027,A,1,NaN,NaN,NaN,0,0,0.3142249584198
A027,A,1,NaN,NaN,NaN,0,0,0.310318946838379
A027,A,1,NaN,NaN,NaN,0,0,0.312628030776978
A027,A,1,NaN,NaN,NaN,0,0,0.331238031387329
A027,A,NaN,0,1,NaN,NaN,0,NaN
A027,A,1,NaN,NaN,NaN,0,0,0.329177141189575
A027,A,1,NaN,NaN,NaN,0,0,0.328068017959595
A027,A,1,NaN,NaN,NaN,0,0,0.317214965820312
A027,A,1,NaN,NaN,NaN,0,0,0.3612060546875
A027,A,NaN,0,1,NaN,NaN,0,NaN
A027,A,1,NaN,NaN,NaN,0,0,0.338801145553589
A027,A,1,NaN,NaN,NaN,0,0,0.351280927658081
A027,A,1,NaN,NaN,NaN,0,0,0.35107684135437
A027,A,1,NaN,NaN,NaN,0,0,0.415912866592407
A027,A,1,NaN,NaN,NaN,0,0,0.33500599861145
A027,A,1,NaN,NaN,NaN,0,0,0.229303121566772
A027,A,1,NaN,NaN,NaN,0,0,0.230109930038452
A027,A,0,NaN,NaN,NaN,1,0,NaN
A027,A,1,NaN,NaN,NaN,0,0,0.33566689491272
A027,A,1,NaN,NaN,NaN,0,0,0.235671997070312
A027,A,NaN,0,1,NaN,NaN,0,NaN
A027,A,1,NaN,NaN,NaN,0,0,0.314719200134277
A027,A,1,NaN,NaN,NaN,0,0,0.334869861602783
A027,A,1,NaN,NaN,NaN,0,0,0.382594108581543
A027,A,1,NaN,NaN,NaN,0,0,0.254467964172363
A027,A,1,NaN,NaN,NaN,0,0,0.306672811508179
A027,A,1,NaN,NaN,NaN,0,0,0.290437936782837
A027,A,1,NaN,NaN,NaN,0,0,0.224543809890747
A027,A,1,NaN,NaN,NaN,0,0,NaN
A027,A,1,NaN,NaN,NaN,0,0,NaN
A027,A,1,NaN,NaN,NaN,0,0,NaN
A027,A,NaN,0,1,NaN,NaN,0,NaN
A027,A,1,NaN,NaN,NaN,0,0,0.256623029708862
A027,A,1,NaN,NaN,NaN,0,0,0.349174976348877
A027,A,1,NaN,NaN,NaN,0,0,0.328933000564575
A027,A,1,NaN,NaN,NaN,0,0,0.30531907081604
A027,A,1,NaN,NaN,NaN,0,0,0.293229103088379
A027,A,1,NaN,NaN,NaN,0,0,0.321923017501831
A027,A,1,NaN,NaN,NaN,0,0,0.275001049041748
A027,A,NaN,0,1,NaN,NaN,0,NaN
A027,A,1,NaN,NaN,NaN,0,0,0.348582983016968
A027,A,1,NaN,NaN,NaN,0,0,0.256724119186401
A027,A,1,NaN,NaN,NaN,0,0,0.359541893005371
A027,A,1,NaN,NaN,NaN,0,0,0.358592987060547
A027,A,1,NaN,NaN,NaN,0,0,0.364418029785156
A027,A,NaN,0,1,NaN,NaN,0,NaN
A027,A,1,NaN,NaN,NaN,0,0,0.165398120880127
A027,A,1,NaN,NaN,NaN,0,0,0.19370698928833
A027,A,1,NaN,NaN,NaN,0,0,0.347899913787842
A027,A,1,NaN,NaN,NaN,0,0,0.490370035171509
A027,A,1,NaN,NaN,NaN,0,0,0.203567028045654
A027,A,1,NaN,NaN,NaN,0,0,0.303207874298096
A027,A,1,NaN,NaN,NaN,0,0,0.645704984664917
A027,A,1,NaN,NaN,NaN,0,0,0.325901031494141
A027,A,1,NaN,NaN,NaN,0,0,0.214709043502808
A027,A,1,NaN,NaN,NaN,0,0,0.28594183921814
A027,A,1,NaN,NaN,NaN,0,0,0.410566806793213
A027,A,1,NaN,NaN,NaN,0,0,0.338372945785522
A027,A,1,NaN,NaN,NaN,0,0,0.269418001174927
A027,A,1,NaN,NaN,NaN,0,0,0.2204270362854
A027,A,NaN,0,1,NaN,NaN,0,NaN
A027,A,0,NaN,NaN,NaN,1,0,NaN
A027,A,1,NaN,NaN,NaN,0,0,0.343268871307373
A027,A,1,NaN,NaN,NaN,0,0,0.445464849472046
A027,A,NaN,0,1,NaN,NaN,0,NaN
A027,A,1,NaN,NaN,NaN,0,0,0.2496337890625
A027,A,1,NaN,NaN,NaN,0,0,0.2152419090271
A027,A,1,NaN,NaN,NaN,0,0,0.501718997955322
A027,A,1,NaN,NaN,NaN,0,0,0.412274122238159
A027,A,1,NaN,NaN,NaN,0,0,0.306114912033081
A027,A,1,NaN,NaN,NaN,0,0,0.321821928024292
A027,A,1,NaN,NaN,NaN,0,0,0.339674949645996
A027,A,1,NaN,NaN,NaN,0,0,0.314985990524292
A027,A,NaN,0,1,NaN,NaN,0,NaN
A027,A,1,NaN,NaN,NaN,0,0,0.2809739112854
A027,A,1,NaN,NaN,NaN,0,0,0.301846027374268
A027,A,1,NaN,NaN,NaN,0,0,NaN
A027,A,1,NaN,NaN,NaN,0,0,0.247168064117432
A027,A,1,NaN,NaN,NaN,0,0,0.361618041992188
A027,A,1,NaN,NaN,NaN,0,0,0.439624071121216
A027,A,1,NaN,NaN,NaN,0,0,0.361176013946533
A027,A,1,NaN,NaN,NaN,0,0,0.401972055435181
A027,A,1,NaN,NaN,NaN,0,0,0.558651924133301
A027,A,1,NaN,NaN,NaN,0,0,0.271934032440186
A027,A,NaN,0,1,NaN,NaN,0,NaN
A027,A,1,NaN,NaN,NaN,0,0,0.25710391998291
A027,A,1,NaN,NaN,NaN,0,0,0.303976058959961
A027,A,1,NaN,NaN,NaN,0,0,0.269721031188965
A027,A,1,NaN,NaN,NaN,0,0,0.284255981445312
A027,A,1,NaN,NaN,NaN,0,0,0.216084957122803
A027,A,NaN,0,1,NaN,NaN,0,NaN
A027,A,1,NaN,NaN,NaN,0,0,0.225535869598389
A027,A,1,NaN,NaN,NaN,0,0,NaN
A027,A,1,NaN,NaN,NaN,0,0,NaN
A027,A,1,NaN,NaN,NaN,0,0,0.225929975509644
A027,A,1,NaN,NaN,NaN,0,0,NaN
A027,A,1,NaN,NaN,NaN,0,0,0.172013998031616
A027,A,1,NaN,NaN,NaN,0,0,0.189202070236206
A027,A,1,NaN,NaN,NaN,0,0,0.992046117782593
A027,A,1,NaN,NaN,NaN,0,0,0.450469017028809
A027,A,1,NaN,NaN,NaN,0,0,0.313881158828735
A027,A,1,NaN,NaN,NaN,0,0,0.298174858093262
A027,A,1,NaN,NaN,NaN,0,0,0.327080965042114
A027,A,1,NaN,NaN,NaN,0,0,0.308349132537842
A027,A,NaN,0,1,NaN,NaN,0,NaN
A027,A,1,NaN,NaN,NaN,0,0,0.230021953582764
A027,A,1,NaN,NaN,NaN,0,0,0.372814178466797
A027,A,1,NaN,NaN,NaN,0,0,0.463475942611694
A027,A,1,NaN,NaN,NaN,0,0,0.406459093093872
A027,A,NaN,0,1,NaN,NaN,0,NaN
A027,A,1,NaN,NaN,NaN,0,0,0.623170852661133
A027,A,1,NaN,NaN,NaN,0,0,0.725003004074097
A027,A,1,NaN,NaN,NaN,0,0,0.560713052749634
A027,A,1,NaN,NaN,NaN,0,0,0.793836116790771
A027,A,1,NaN,NaN,NaN,0,0,0.686805963516235
A027,A,1,NaN,NaN,NaN,0,0,0.692094087600708
A027,A,1,NaN,NaN,NaN,0,0,0.622658967971802
A027,A,1,NaN,NaN,NaN,0,0,0.608954191207886
A027,A,NaN,1,0,NaN,NaN,0,NaN
A027,A,1,NaN,NaN,NaN,0,0,0.614788055419922
A027,A,1,NaN,NaN,NaN,0,0,0.55614709854126
A027,A,1,NaN,NaN,NaN,0,0,0.581459045410156
A027,A,1,NaN,NaN,NaN,0,0,0.563435077667236
A027,A,1,NaN,NaN,NaN,0,0,0.5920729637146
A027,A,1,NaN,NaN,NaN,0,0,0.496288061141968
A027,A,1,NaN,NaN,NaN,0,0,0.555086851119995
A027,A,1,NaN,NaN,NaN,0,0,0.502084016799927
A027,A,1,NaN,NaN,NaN,0,0,0.484629154205322
A027,A,NaN,1,0,NaN,NaN,0,NaN
A027,A,1,NaN,NaN,NaN,0,0,0.561789035797119
A027,A,1,NaN,NaN,NaN,0,0,0.515589952468872
A027,A,1,NaN,NaN,NaN,0,0,0.43866491317749
A027,A,1,NaN,NaN,NaN,0,0,0.339761972427368
A027,A,1,NaN,NaN,NaN,0,0,0.331159114837646
A027,A,1,NaN,NaN,NaN,0,0,0.290989875793457
A027,A,NaN,0,1,NaN,NaN,0,NaN
A027,A,1,NaN,NaN,NaN,0,0,0.354519844055176
A027,A,1,NaN,NaN,NaN,0,0,0.27802300453186
A027,A,1,NaN,NaN,NaN,0,0,0.287275075912476
A027,A,1,NaN,NaN,NaN,0,0,0.318994045257568
A027,A,1,NaN,NaN,NaN,0,0,0.264324903488159
A027,A,1,NaN,NaN,NaN,0,0,0.248766183853149
A027,A,1,NaN,NaN,NaN,0,0,0.244740009307861
A027,A,1,NaN,NaN,NaN,0,0,0.716039896011353
A027,A,1,NaN,NaN,NaN,0,0,0.737613916397095
A027,A,1,NaN,NaN,NaN,0,0,0.416857004165649
A027,A,NaN,1,0,NaN,NaN,0,NaN
A027,A,1,NaN,NaN,NaN,0,0,0.665571928024292
A027,A,1,NaN,NaN,NaN,0,0,0.784336090087891
A027,A,1,NaN,NaN,NaN,0,0,0.729581832885742
A027,A,1,NaN,NaN,NaN,0,0,0.898468971252441
A027,A,1,NaN,NaN,NaN,0,0,0.926093816757202
A027,A,1,NaN,NaN,NaN,0,0,0.869781017303467
A027,A,1,NaN,NaN,NaN,0,0,0.830437898635864
A027,A,NaN,1,0,NaN,NaN,0,NaN
A027,A,1,NaN,NaN,NaN,0,0,0.756245136260986
A027,A,1,NaN,NaN,NaN,0,0,0.798062086105347
A027,A,1,NaN,NaN,NaN,0,0,1.06515097618103
A027,A,1,NaN,NaN,NaN,0,0,0.838279008865356
A027,A,1,NaN,NaN,NaN,0,0,0.831642866134644
A027,A,1,NaN,NaN,NaN,0,0,0.639837980270386
A027,A,1,NaN,NaN,NaN,0,0,0.84968113899231
A027,A,1,NaN,NaN,NaN,0,0,0.798083066940308
A027,A,NaN,1,0,NaN,NaN,0,NaN
A027,A,1,NaN,NaN,NaN,0,0,0.679932117462158
A027,A,1,NaN,NaN,NaN,0,0,0.670557022094727
A027,A,1,NaN,NaN,NaN,0,0,0.676668167114258
A027,A,1,NaN,NaN,NaN,0,0,0.655463933944702
A027,A,1,NaN,NaN,NaN,0,0,0.660430192947388
A027,A,1,NaN,NaN,NaN,0,0,0.675633907318115
A027,A,1,NaN,NaN,NaN,0,0,0.676878929138184
A027,A,1,NaN,NaN,NaN,0,0,0.618043184280396
A027,A,1,NaN,NaN,NaN,0,0,0.702587127685547
A027,A,1,NaN,NaN,NaN,0,0,0.614896059036255
A027,A,1,NaN,NaN,NaN,0,0,0.664357900619507
A027,A,NaN,1,0,NaN,NaN,0,NaN
A027,A,1,NaN,NaN,NaN,0,0,0.750685930252075
A027,A,1,NaN,NaN,NaN,0,0,0.805309057235718
A027,A,1,NaN,NaN,NaN,0,0,0.716861963272095
A027,A,1,NaN,NaN,NaN,0,0,0.678500890731812
A027,A,1,NaN,NaN,NaN,0,0,0.527304887771606
A027,A,1,NaN,NaN,NaN,0,0,0.555523157119751
A027,A,1,NaN,NaN,NaN,0,0,0.578448057174683
A027,A,NaN,1,0,NaN,NaN,0,NaN
A027,A,1,NaN,NaN,NaN,0,0,0.633688926696777
