SubID,Group,BlockN,nTrial,GoTrials,NoGoTrials,FA,Misses,RT
A046,A,1,1,1,NaN,NaN,0,0.480571031570435
A046,A,1,2,1,NaN,NaN,0,0.411867141723633
A046,A,1,3,NaN,1,0,NaN,NaN
A046,A,1,4,1,NaN,NaN,0,0.276006937026978
A046,A,1,5,1,NaN,NaN,0,0.50134801864624
A046,A,1,6,1,NaN,NaN,0,0.389458894729614
A046,A,1,7,1,NaN,NaN,0,0.334524154663086
A046,A,1,8,1,NaN,NaN,0,0.435009956359863
A046,A,1,9,1,NaN,NaN,0,0.37792706489563
A046,A,1,10,1,NaN,NaN,0,0.392187833786011
A046,A,1,11,1,NaN,NaN,0,0.415767908096313
A046,A,1,12,1,NaN,NaN,0,0.367094039916992
A046,A,1,13,NaN,1,0,NaN,NaN
A046,A,1,14,1,NaN,NaN,0,0.28998589515686
A046,A,1,15,1,NaN,NaN,0,0.27143406867981
A046,A,1,16,1,NaN,NaN,0,0.32028603553772
A046,A,1,17,1,NaN,NaN,0,0.301775932312012
A046,A,1,18,1,NaN,NaN,0,0.309866905212402
A046,A,1,19,1,NaN,NaN,0,0.397472143173218
A046,A,1,20,1,NaN,NaN,0,0.314506053924561
A046,A,1,21,NaN,1,0,NaN,NaN
A046,A,1,22,1,NaN,NaN,0,0.255485057830811
A046,A,1,23,1,NaN,NaN,0,0.259814023971558
A046,A,1,24,1,NaN,NaN,0,0.332769870758057
A046,A,1,25,1,NaN,NaN,0,0.275652885437012
A046,A,1,26,1,NaN,NaN,0,0.548355102539062
A046,A,1,27,1,NaN,NaN,0,0.340934991836548
A046,A,1,28,1,NaN,NaN,0,0.289852857589722
A046,A,1,29,1,NaN,NaN,0,0.279728889465332
A046,A,1,30,1,NaN,NaN,0,0.274089097976685
A046,A,1,31,1,NaN,NaN,0,0.266331911087036
A046,A,1,32,1,NaN,NaN,0,0.337673902511597
A046,A,1,33,NaN,0,1,NaN,NaN
A046,A,1,34,1,NaN,NaN,0,0.440747976303101
A046,A,1,35,1,NaN,NaN,0,0.427571058273315
A046,A,1,36,1,NaN,NaN,0,0.468334913253784
A046,A,1,37,1,NaN,NaN,0,0.429673194885254
A046,A,1,38,NaN,1,0,NaN,NaN
A046,A,1,39,1,NaN,NaN,0,0.32056713104248
A046,A,1,40,1,NaN,NaN,0,0.452092170715332
A046,A,1,41,1,NaN,NaN,0,0.304732084274292
A046,A,1,42,1,NaN,NaN,0,0.389487981796265
A046,A,1,43,1,NaN,NaN,0,0.638054132461548
A046,A,1,44,1,NaN,NaN,0,0.584836959838867
A046,A,1,45,1,NaN,NaN,0,0.661258935928345
A046,A,1,46,1,NaN,NaN,0,0.505129098892212
A046,A,1,47,NaN,1,0,NaN,NaN
A046,A,1,48,1,NaN,NaN,0,0.291433095932007
A046,A,1,49,1,NaN,NaN,0,0.397543907165527
A046,A,1,50,1,NaN,NaN,0,0.33866810798645
A046,A,1,51,1,NaN,NaN,0,0.349004983901978
A046,A,1,52,1,NaN,NaN,0,0.413856029510498
A046,A,1,53,1,NaN,NaN,0,0.394958972930908
A046,A,1,54,1,NaN,NaN,0,0.378190040588379
A046,A,1,55,1,NaN,NaN,0,0.354045867919922
A046,A,1,56,0,NaN,NaN,1,NaN
A046,A,1,57,1,NaN,NaN,0,0.634235858917236
A046,A,1,58,1,NaN,NaN,0,0.369807958602905
A046,A,1,59,1,NaN,NaN,0,0.259370088577271
A046,A,1,60,NaN,0,1,NaN,NaN
A046,A,1,61,1,NaN,NaN,0,0.284723043441772
A046,A,1,62,1,NaN,NaN,0,0.348994970321655
A046,A,1,63,1,NaN,NaN,0,0.32407021522522
A046,A,1,64,1,NaN,NaN,0,0.283945798873901
A046,A,1,65,1,NaN,NaN,0,0.356452941894531
A046,A,1,66,1,NaN,NaN,0,0.473296880722046
A046,A,1,67,1,NaN,NaN,0,0.453969955444336
A046,A,1,68,NaN,1,0,NaN,NaN
A046,A,1,69,1,NaN,NaN,0,0.285567998886108
A046,A,1,70,1,NaN,NaN,0,0.312385082244873
A046,A,1,71,1,NaN,NaN,0,0.310732126235962
A046,A,1,72,1,NaN,NaN,0,0.447622060775757
A046,A,1,73,1,NaN,NaN,0,0.349089860916138
A046,A,1,74,NaN,1,0,NaN,NaN
A046,A,1,75,1,NaN,NaN,0,0.333361864089966
A046,A,1,76,1,NaN,NaN,0,0.292891979217529
A046,A,1,77,1,NaN,NaN,0,0.559661149978638
A046,A,1,78,1,NaN,NaN,0,0.98003888130188
A046,A,1,79,1,NaN,NaN,0,0.423907041549683
A046,A,1,80,1,NaN,NaN,0,0.346471071243286
A046,A,1,81,1,NaN,NaN,0,0.419397830963135
A046,A,1,82,1,NaN,NaN,0,0.367147922515869
A046,A,1,83,1,NaN,NaN,0,0.541287899017334
A046,A,1,84,NaN,0,1,NaN,NaN
A046,A,1,85,1,NaN,NaN,0,0.560136795043945
A046,A,1,86,1,NaN,NaN,0,0.570495128631592
A046,A,1,87,1,NaN,NaN,0,0.621531963348389
A046,A,1,88,1,NaN,NaN,0,0.476537942886353
A046,A,1,89,1,NaN,NaN,0,0.550025939941406
A046,A,1,90,1,NaN,NaN,0,0.399104833602905
A046,A,1,91,1,NaN,NaN,0,0.602227926254272
A046,A,1,92,NaN,1,0,NaN,NaN
A046,A,1,93,1,NaN,NaN,0,0.385334014892578
A046,A,1,94,1,NaN,NaN,0,0.257076978683472
A046,A,1,95,1,NaN,NaN,0,0.295207023620605
A046,A,1,96,1,NaN,NaN,0,0.324090003967285
A046,A,1,97,1,NaN,NaN,0,0.292508125305176
A046,A,1,98,1,NaN,NaN,0,0.301655769348145
A046,A,1,99,1,NaN,NaN,0,0.340186834335327
A046,A,1,100,1,NaN,NaN,0,0.294076204299927
A046,A,1,101,1,NaN,NaN,0,0.655322074890137
A046,A,1,102,1,NaN,NaN,0,0.598630905151367
A046,A,1,103,1,NaN,NaN,0,0.801428079605103
A046,A,1,104,NaN,1,0,NaN,NaN
A046,A,1,105,1,NaN,NaN,0,0.290781021118164
A046,A,1,106,1,NaN,NaN,0,0.279140949249268
A046,A,1,107,1,NaN,NaN,0,0.31846809387207
A046,A,1,108,1,NaN,NaN,0,0.391767024993896
A046,A,1,109,1,NaN,NaN,0,0.315676212310791
A046,A,1,110,1,NaN,NaN,0,0.283411026000977
A046,A,1,111,NaN,1,0,NaN,NaN
A046,A,1,112,1,NaN,NaN,0,0.22534704208374
A046,A,1,113,1,NaN,NaN,0,0.310204982757568
A046,A,1,114,1,NaN,NaN,0,0.234660148620605
A046,A,1,115,1,NaN,NaN,0,0.356872081756592
A046,A,1,116,1,NaN,NaN,0,0.496080160140991
A046,A,1,117,1,NaN,NaN,0,0.386185169219971
A046,A,1,118,1,NaN,NaN,0,0.311218976974487
A046,A,1,119,1,NaN,NaN,0,0.422680139541626
A046,A,1,120,1,NaN,NaN,0,0.355524063110352
A046,A,1,121,1,NaN,NaN,0,0.29265308380127
A046,A,1,122,1,NaN,NaN,0,0.323583841323853
A046,A,1,123,1,NaN,NaN,0,0.429036855697632
A046,A,1,124,NaN,1,0,NaN,NaN
A046,A,1,125,1,NaN,NaN,0,0.242491960525513
A046,A,1,126,1,NaN,NaN,0,0.25976300239563
A046,A,1,127,1,NaN,NaN,0,0.516358137130737
A046,A,1,128,1,NaN,NaN,0,0.324202060699463
A046,A,1,129,1,NaN,NaN,0,0.316546201705933
A046,A,1,130,1,NaN,NaN,0,0.317649126052856
A046,A,1,131,1,NaN,NaN,0,0.373539924621582
A046,A,1,132,1,NaN,NaN,0,0.307102918624878
A046,A,1,133,NaN,1,0,NaN,NaN
A046,A,1,134,1,NaN,NaN,0,0.228058099746704
A046,A,1,135,1,NaN,NaN,0,0.233974933624268
A046,A,1,136,1,NaN,NaN,0,0.313642024993896
A046,A,1,137,1,NaN,NaN,0,0.323050022125244
A046,A,1,138,1,NaN,NaN,0,0.343437910079956
A046,A,1,139,1,NaN,NaN,0,0.578650951385498
A046,A,1,140,1,NaN,NaN,0,0.49847412109375
A046,A,1,141,1,NaN,NaN,0,0.451199054718018
A046,A,1,142,1,NaN,NaN,0,0.572028160095215
A046,A,1,143,NaN,1,0,NaN,NaN
A046,A,1,144,1,NaN,NaN,0,0.279918193817139
A046,A,1,145,1,NaN,NaN,0,0.395763874053955
A046,A,1,146,1,NaN,NaN,0,0.262650012969971
A046,A,1,147,1,NaN,NaN,0,0.28079891204834
A046,A,1,148,1,NaN,NaN,0,0.315743923187256
A046,A,1,149,1,NaN,NaN,0,0.334212064743042
A046,A,1,150,1,NaN,NaN,0,0.340327024459839
A046,A,1,151,NaN,1,0,NaN,NaN
A046,A,1,152,1,NaN,NaN,0,0.385203123092651
A046,A,1,153,1,NaN,NaN,0,0.352070808410645
A046,A,1,154,1,NaN,NaN,0,0.423052072525024
A046,A,1,155,1,NaN,NaN,0,0.353187084197998
A046,A,1,156,1,NaN,NaN,0,0.313071012496948
A046,A,1,157,1,NaN,NaN,0,0.242752075195312
A046,A,1,158,1,NaN,NaN,0,0.294992208480835
A046,A,1,159,NaN,1,0,NaN,NaN
A046,A,1,160,1,NaN,NaN,0,0.339605093002319
A046,A,1,161,1,NaN,NaN,0,0.254187822341919
A046,A,1,162,1,NaN,NaN,0,0.306392908096313
A046,A,1,163,1,NaN,NaN,0,0.291638851165771
A046,A,1,164,1,NaN,NaN,0,0.453242778778076
A046,A,1,165,1,NaN,NaN,0,0.307697057723999
A046,A,1,166,1,NaN,NaN,0,0.264106035232544
A046,A,1,167,1,NaN,NaN,0,0.2687668800354
A046,A,1,168,NaN,0,1,NaN,NaN
A046,A,1,169,1,NaN,NaN,0,0.363678932189941
A046,A,1,170,1,NaN,NaN,0,0.505147933959961
A046,A,1,171,1,NaN,NaN,0,0.301550149917603
A046,A,1,172,1,NaN,NaN,0,0.33165717124939
A046,A,1,173,1,NaN,NaN,0,0.306987047195435
A046,A,1,174,1,NaN,NaN,0,0.324797868728638
A046,A,1,175,1,NaN,NaN,0,0.378141164779663
A046,A,1,176,1,NaN,NaN,0,0.302619218826294
A046,A,1,177,1,NaN,NaN,0,0.263425827026367
A046,A,1,178,1,NaN,NaN,0,0.250289916992188
A046,A,1,179,NaN,1,0,NaN,NaN
A046,A,1,180,1,NaN,NaN,0,0.295835018157959
A046,A,1,181,1,NaN,NaN,0,0.304202079772949
A046,A,1,182,1,NaN,NaN,0,0.251296043395996
A046,A,1,183,NaN,0,1,NaN,NaN
A046,A,1,184,1,NaN,NaN,0,0.475371122360229
A046,A,1,185,1,NaN,NaN,0,0.396454095840454
A046,A,1,186,1,NaN,NaN,0,0.464411973953247
A046,A,1,187,1,NaN,NaN,0,0.417861938476562
A046,A,1,188,1,NaN,NaN,0,0.53441309928894
A046,A,1,189,1,NaN,NaN,0,0.419414043426514
A046,A,1,190,1,NaN,NaN,0,0.297647953033447
A046,A,1,191,1,NaN,NaN,0,0.445600032806396
A046,A,1,192,1,NaN,NaN,0,0.629318952560425
A046,A,1,193,1,NaN,NaN,0,0.639454126358032
A046,A,1,194,NaN,1,0,NaN,NaN
A046,A,1,195,1,NaN,NaN,0,0.333626985549927
A046,A,1,196,1,NaN,NaN,0,0.546714067459106
A046,A,1,197,1,NaN,NaN,0,0.372091054916382
A046,A,1,198,1,NaN,NaN,0,0.37109899520874
A046,A,1,199,1,NaN,NaN,0,0.392137050628662
A046,A,1,200,1,NaN,NaN,0,0.649652004241943
A046,A,1,201,1,NaN,NaN,0,0.694259881973267
A046,A,1,202,1,NaN,NaN,0,0.532297849655151
A046,A,1,203,1,NaN,NaN,0,0.43999195098877
A046,A,1,204,1,NaN,NaN,0,0.812934875488281
A046,A,1,205,NaN,1,0,NaN,NaN
A046,A,1,206,1,NaN,NaN,0,0.372040033340454
A046,A,1,207,1,NaN,NaN,0,0.646197080612183
A046,A,1,208,1,NaN,NaN,0,0.377112150192261
A046,A,1,209,NaN,1,0,NaN,NaN
A046,A,1,210,1,NaN,NaN,0,0.277891874313354
A046,A,1,211,1,NaN,NaN,0,0.341259956359863
A046,A,1,212,1,NaN,NaN,0,0.275146961212158
A046,A,1,213,1,NaN,NaN,0,0.333942890167236
A046,A,1,214,1,NaN,NaN,0,0.346441984176636
A046,A,1,215,1,NaN,NaN,0,0.347795963287354
A046,A,1,216,1,NaN,NaN,0,0.313292026519775
A046,A,1,217,1,NaN,NaN,0,0.337948083877563
A046,A,1,218,1,NaN,NaN,0,0.288191080093384
A046,A,1,219,1,NaN,NaN,0,0.320894002914429
A046,A,1,220,1,NaN,NaN,0,0.395365953445435
A046,A,1,221,1,NaN,NaN,0,0.68354606628418
A046,A,1,222,1,NaN,NaN,0,0.424310207366943
A046,A,1,223,NaN,1,0,NaN,NaN
A046,A,1,224,1,NaN,NaN,0,0.255457878112793
A046,A,1,225,1,NaN,NaN,0,0.348029851913452
A046,A,1,226,1,NaN,NaN,0,0.38473105430603
A046,A,1,227,1,NaN,NaN,0,0.339864015579224
A046,A,1,228,1,NaN,NaN,0,0.335899114608765
A046,A,1,229,1,NaN,NaN,0,0.323920011520386
A046,A,1,230,1,NaN,NaN,0,0.513529062271118
A046,A,1,231,1,NaN,NaN,0,0.467169046401978
A046,A,1,232,NaN,1,0,NaN,NaN
A046,A,1,233,1,NaN,NaN,0,0.283793926239014
A046,A,1,234,1,NaN,NaN,0,0.255353927612305
A046,A,1,235,1,NaN,NaN,0,0.278042078018188
A046,A,1,236,1,NaN,NaN,0,0.223119020462036
A046,A,1,237,NaN,0,1,NaN,NaN
A046,A,1,238,1,NaN,NaN,0,0.326911926269531
A046,A,1,239,1,NaN,NaN,0,0.495543956756592
A046,A,1,240,1,NaN,NaN,0,0.564468145370483
A046,A,1,241,1,NaN,NaN,0,0.527809143066406
A046,A,1,242,1,NaN,NaN,0,0.588703870773315
A046,A,1,243,1,NaN,NaN,0,0.389525890350342
A046,A,1,244,1,NaN,NaN,0,0.418142080307007
A046,A,1,245,1,NaN,NaN,0,0.53378701210022
A046,A,1,246,1,NaN,NaN,0,0.455508947372437
A046,A,1,247,1,NaN,NaN,0,0.432873010635376
A046,A,1,248,1,NaN,NaN,0,0.405620098114014
A046,A,1,249,1,NaN,NaN,0,0.621683835983276
A046,A,1,250,NaN,1,0,NaN,NaN
A046,A,1,251,1,NaN,NaN,0,0.267487049102783
A046,A,1,252,1,NaN,NaN,0,0.430289030075073
A046,A,1,253,1,NaN,NaN,0,0.599501132965088
A046,A,1,254,1,NaN,NaN,0,0.421825885772705
A046,A,1,255,1,NaN,NaN,0,0.608038902282715
A046,A,1,256,1,NaN,NaN,0,0.477224826812744
A046,A,1,257,1,NaN,NaN,0,0.450989007949829
A046,A,1,258,NaN,1,0,NaN,NaN
A046,A,1,259,1,NaN,NaN,0,0.287779808044434
A046,A,1,260,1,NaN,NaN,0,0.368923902511597
A046,A,1,261,1,NaN,NaN,0,0.408988952636719
A046,A,1,262,1,NaN,NaN,0,0.411605834960938
A046,A,1,263,1,NaN,NaN,0,0.428115129470825
A046,A,1,264,1,NaN,NaN,0,0.491744995117188
A046,A,1,265,1,NaN,NaN,0,0.880751132965088
A046,A,1,266,1,NaN,NaN,0,0.597087860107422
A046,A,1,267,NaN,1,0,NaN,NaN
A046,A,1,268,1,NaN,NaN,0,0.263863086700439
A046,A,1,269,1,NaN,NaN,0,0.348954916000366
A046,A,1,270,1,NaN,NaN,0,0.359643220901489
A046,A,1,271,1,NaN,NaN,0,0.290811061859131
A046,A,1,272,1,NaN,NaN,0,0.310334920883179
A046,A,1,273,NaN,0,1,NaN,NaN
A046,A,1,274,1,NaN,NaN,0,0.558947086334229
A046,A,1,275,1,NaN,NaN,0,0.460150957107544
A046,A,1,276,1,NaN,NaN,0,0.361724138259888
A046,A,1,277,1,NaN,NaN,0,0.468744993209839
A046,A,1,278,1,NaN,NaN,0,0.360722064971924
A046,A,1,279,1,NaN,NaN,0,0.853454113006592
A046,A,1,280,1,NaN,NaN,0,0.682554006576538
A046,A,1,281,NaN,1,0,NaN,NaN
A046,A,1,282,1,NaN,NaN,0,0.345985889434814
A046,A,1,283,1,NaN,NaN,0,0.33829402923584
A046,A,1,284,1,NaN,NaN,0,0.373357057571411
A046,A,1,285,1,NaN,NaN,0,0.26457405090332
A046,A,1,286,1,NaN,NaN,0,0.472455978393555
A046,A,1,287,1,NaN,NaN,0,0.415624856948853
A046,A,1,288,1,NaN,NaN,0,0.351803064346313
A046,A,1,289,1,NaN,NaN,0,0.341872215270996
A046,A,1,290,1,NaN,NaN,0,0.396100044250488
A046,A,1,291,1,NaN,NaN,0,0.321231126785278
A046,A,1,292,1,NaN,NaN,0,0.286581039428711
A046,A,1,293,NaN,0,1,NaN,NaN
A046,A,1,294,1,NaN,NaN,0,0.34033203125
A046,A,1,295,1,NaN,NaN,0,0.424854040145874
A046,A,1,296,1,NaN,NaN,0,0.6196129322052
A046,A,1,297,1,NaN,NaN,0,0.372555017471313
A046,A,1,298,1,NaN,NaN,0,0.547760963439941
A046,A,1,299,1,NaN,NaN,0,0.370070934295654
A046,A,1,300,1,NaN,NaN,0,0.263313055038452
A046,A,1,301,1,NaN,NaN,0,0.324218988418579
A046,A,1,302,NaN,1,0,NaN,NaN
A046,A,1,303,1,NaN,NaN,0,0.284742832183838
A046,A,1,304,1,NaN,NaN,0,0.382028102874756
A046,A,1,305,1,NaN,NaN,0,0.574249029159546
A046,A,1,306,1,NaN,NaN,0,0.385908126831055
A046,A,1,307,1,NaN,NaN,0,0.57970404624939
A046,A,1,308,1,NaN,NaN,0,0.338551044464111
A046,A,1,309,1,NaN,NaN,0,0.346380949020386
A046,A,1,310,1,NaN,NaN,0,0.307385921478271
A046,A,1,311,1,NaN,NaN,0,0.242747068405151
A046,A,1,312,1,NaN,NaN,0,0.387640953063965
A046,A,1,313,NaN,1,0,NaN,NaN
A046,A,1,314,1,NaN,NaN,0,0.24108099937439
A046,A,1,315,1,NaN,NaN,0,0.352787971496582
A046,A,1,316,1,NaN,NaN,0,0.329067945480347
A046,A,1,317,1,NaN,NaN,0,0.351848125457764
A046,A,1,318,NaN,1,0,NaN,NaN
A046,A,1,319,1,NaN,NaN,0,0.251796007156372
A046,A,1,320,1,NaN,NaN,0,NaN
A046,A,1,321,1,NaN,NaN,0,0.297557830810547
A046,A,1,322,1,NaN,NaN,0,0.220329999923706
A046,A,1,323,1,NaN,NaN,0,0.20522403717041
A046,A,1,324,1,NaN,NaN,0,0.296689033508301
A046,A,1,325,1,NaN,NaN,0,0.229955911636353
A046,A,1,326,NaN,1,0,NaN,NaN
A046,A,1,327,1,NaN,NaN,0,0.205886840820312
A046,A,1,328,1,NaN,NaN,0,0.21038818359375
A046,A,1,329,1,NaN,NaN,0,0.268795967102051
A046,A,1,330,1,NaN,NaN,0,0.264654159545898
A046,A,1,331,1,NaN,NaN,0,0.262920141220093
A046,A,1,332,1,NaN,NaN,0,0.269637107849121
A046,A,1,333,1,NaN,NaN,0,0.359570026397705
A046,A,1,334,1,NaN,NaN,0,0.296464204788208
A046,A,1,335,1,NaN,NaN,0,0.274066209793091
A046,A,1,336,1,NaN,NaN,0,0.285528898239136
A046,A,1,337,1,NaN,NaN,0,0.444969892501831
A046,A,1,338,NaN,1,0,NaN,NaN
A046,A,1,339,1,NaN,NaN,0,0.235297918319702
A046,A,1,340,1,NaN,NaN,0,0.316049814224243
A046,A,1,341,1,NaN,NaN,0,0.289087057113647
A046,A,1,342,1,NaN,NaN,0,0.316715002059937
A046,A,1,343,1,NaN,NaN,0,0.317713975906372
A046,A,1,344,1,NaN,NaN,0,0.267442941665649
A046,A,1,345,1,NaN,NaN,0,0.270128011703491
A046,A,1,346,1,NaN,NaN,0,0.261468887329102
A046,A,1,347,1,NaN,NaN,0,0.239438772201538
A046,A,1,348,NaN,0,1,NaN,NaN
A046,A,1,349,1,NaN,NaN,0,0.43718695640564
A046,A,1,350,1,NaN,NaN,0,0.335622072219849
A046,A,1,351,1,NaN,NaN,0,0.249857902526855
A046,A,1,352,1,NaN,NaN,0,0.237046003341675
A046,A,1,353,1,NaN,NaN,0,0.259307861328125
A046,A,1,354,1,NaN,NaN,0,0.322167158126831
A046,A,1,355,1,NaN,NaN,0,0.382285118103027
A046,A,1,356,1,NaN,NaN,0,0.362966060638428
A046,A,1,357,1,NaN,NaN,0,0.381203889846802
A046,A,1,358,NaN,1,0,NaN,NaN
A046,A,1,359,1,NaN,NaN,0,0.327829122543335
A046,A,1,360,1,NaN,NaN,0,0.315802097320557
A046,A,1,361,1,NaN,NaN,0,0.397547006607056
A046,A,1,362,1,NaN,NaN,0,0.31651496887207
A046,A,1,363,NaN,1,0,NaN,NaN
A046,A,1,364,1,NaN,NaN,0,0.243815183639526
A046,A,1,365,1,NaN,NaN,0,0.317353010177612
A046,A,1,366,1,NaN,NaN,0,0.384124040603638
A046,A,1,367,1,NaN,NaN,0,0.328038930892944
A046,A,1,368,1,NaN,NaN,0,0.273390054702759
A046,A,1,369,1,NaN,NaN,0,0.526321887969971
A046,A,1,370,1,NaN,NaN,0,0.450543165206909
A046,A,1,371,1,NaN,NaN,0,0.342494010925293
A046,A,1,372,1,NaN,NaN,0,0.372064113616943
A046,A,1,373,1,NaN,NaN,0,0.355391979217529
A046,A,1,374,1,NaN,NaN,0,0.286242008209229
A046,A,1,375,1,NaN,NaN,0,0.311275005340576
A046,A,1,376,NaN,0,1,NaN,NaN
A046,A,1,377,1,NaN,NaN,0,0.443288087844849
A046,A,1,378,0,NaN,NaN,1,NaN
A046,A,1,379,1,NaN,NaN,0,0.361992835998535
A046,A,1,380,1,NaN,NaN,0,0.202775001525879
A046,A,1,381,1,NaN,NaN,0,0.228080034255981
A046,A,1,382,1,NaN,NaN,0,0.257074117660522
A046,A,1,383,1,NaN,NaN,0,0.325469970703125
A046,A,1,384,1,NaN,NaN,0,0.208670854568481
A046,A,1,385,1,NaN,NaN,0,0.293549060821533
A046,A,1,386,NaN,1,0,NaN,NaN
A046,A,1,387,1,NaN,NaN,0,0.240758895874023
A046,A,1,388,1,NaN,NaN,0,0.245693922042847
A046,A,1,389,1,NaN,NaN,0,0.244747877120972
A046,A,1,390,1,NaN,NaN,0,0.25474214553833
A046,A,1,391,1,NaN,NaN,0,0.236060857772827
A046,A,1,392,1,NaN,NaN,0,0.224481821060181
A046,A,1,393,1,NaN,NaN,0,0.325064897537231
A046,A,1,394,NaN,1,0,NaN,NaN
A046,A,1,395,1,NaN,NaN,0,0.223453998565674
A046,A,1,396,1,NaN,NaN,0,0.313430070877075
A046,A,1,397,1,NaN,NaN,0,0.341476917266846
A046,A,1,398,NaN,1,0,NaN,NaN
A046,A,1,399,1,NaN,NaN,0,0.345744132995605
A046,A,1,400,1,NaN,NaN,0,0.364711999893188
A046,A,1,401,1,NaN,NaN,0,0.294049978256226
A046,A,1,402,1,NaN,NaN,0,0.303552865982056
A046,A,1,403,1,NaN,NaN,0,0.312279939651489
A046,A,1,404,1,NaN,NaN,0,0.373986959457397
A046,A,1,405,1,NaN,NaN,0,0.294995069503784
A046,A,1,406,1,NaN,NaN,0,0.298403978347778
A046,A,1,407,NaN,0,1,NaN,NaN
A046,A,1,408,1,NaN,NaN,0,0.527155160903931
A046,A,1,409,1,NaN,NaN,0,0.259122848510742
A046,A,1,410,1,NaN,NaN,0,0.262956857681274
A046,A,1,411,1,NaN,NaN,0,0.294322967529297
A046,A,1,412,1,NaN,NaN,0,0.324059009552002
A046,A,1,413,1,NaN,NaN,0,0.309203147888184
A046,A,1,414,1,NaN,NaN,0,0.293625116348267
A046,A,1,415,1,NaN,NaN,0,0.444614887237549
A046,A,1,416,1,NaN,NaN,0,0.433053970336914
A046,A,1,417,1,NaN,NaN,0,0.358060836791992
A046,A,1,418,1,NaN,NaN,0,0.342898845672607
A046,A,1,419,1,NaN,NaN,0,0.321002006530762
A046,A,1,420,1,NaN,NaN,0,0.347409963607788
A046,A,1,421,NaN,1,0,NaN,NaN
A046,A,1,422,1,NaN,NaN,0,0.250066995620728
A046,A,1,423,1,NaN,NaN,0,0.469071865081787
A046,A,1,424,1,NaN,NaN,0,0.606557846069336
A046,A,1,425,1,NaN,NaN,0,0.326861143112183
A046,A,1,426,1,NaN,NaN,0,0.432953834533691
A046,A,1,427,NaN,0,1,NaN,NaN
A046,A,1,428,1,NaN,NaN,0,0.438344955444336
A046,A,1,429,1,NaN,NaN,0,0.515244007110596
A046,A,1,430,1,NaN,NaN,0,0.398943901062012
A046,A,1,431,1,NaN,NaN,0,0.434584140777588
A046,A,1,432,1,NaN,NaN,0,0.339030027389526
A046,A,1,433,1,NaN,NaN,0,0.798992156982422
A046,A,1,434,1,NaN,NaN,0,0.514324188232422
A046,A,1,435,1,NaN,NaN,0,0.779462099075317
A046,A,1,436,1,NaN,NaN,0,0.569462060928345
A046,A,1,437,1,NaN,NaN,0,0.568376064300537
A046,A,1,438,1,NaN,NaN,0,0.598725080490112
A046,A,1,439,1,NaN,NaN,0,0.631931066513062
A046,A,1,440,NaN,1,0,NaN,NaN
A046,A,1,441,1,NaN,NaN,0,0.410021066665649
A046,A,1,442,1,NaN,NaN,0,0.513966083526611
A046,A,1,443,1,NaN,NaN,0,0.392408847808838
A046,A,1,444,1,NaN,NaN,0,0.329560995101929
A046,A,1,445,1,NaN,NaN,0,0.32268500328064
A046,A,1,446,1,NaN,NaN,0,0.29979395866394
A046,A,1,447,1,NaN,NaN,0,0.312180042266846
A046,A,1,448,1,NaN,NaN,0,0.238786935806274
A046,A,1,449,NaN,0,1,NaN,NaN
A046,A,1,450,1,NaN,NaN,0,0.400758981704712
A046,A,1,451,1,NaN,NaN,0,0.309401035308838
A046,A,1,452,1,NaN,NaN,0,0.562392950057983
A046,A,1,453,1,NaN,NaN,0,0.390074014663696
A046,A,1,454,1,NaN,NaN,0,0.410969018936157
A046,A,1,455,NaN,1,0,NaN,NaN
A046,A,1,456,1,NaN,NaN,0,0.290258884429932
A046,A,1,457,1,NaN,NaN,0,0.288661003112793
A046,A,1,458,1,NaN,NaN,0,0.579319953918457
A046,A,1,459,1,NaN,NaN,0,0.45571494102478
A046,A,1,460,1,NaN,NaN,0,0.343684196472168
A046,A,1,461,1,NaN,NaN,0,0.349562883377075
A046,A,1,462,1,NaN,NaN,0,0.450396060943604
A046,A,1,463,1,NaN,NaN,0,0.36876106262207
A046,A,1,464,1,NaN,NaN,0,0.40234899520874
A046,A,1,465,NaN,1,0,NaN,NaN
A046,A,1,466,1,NaN,NaN,0,0.255798101425171
A046,A,1,467,1,NaN,NaN,0,0.362231016159058
A046,A,1,468,1,NaN,NaN,0,0.319149017333984
A046,A,1,469,1,NaN,NaN,0,0.366675138473511
A046,A,1,470,1,NaN,NaN,0,0.336013793945312
A046,A,1,471,1,NaN,NaN,0,0.521147966384888
A046,A,1,472,1,NaN,NaN,0,0.579797983169556
A046,A,1,473,1,NaN,NaN,0,0.412459850311279
A046,A,1,474,1,NaN,NaN,0,0.332034111022949
A046,A,1,475,NaN,1,0,NaN,NaN
A046,A,1,476,1,NaN,NaN,0,0.292135953903198
A046,A,1,477,1,NaN,NaN,0,0.272894859313965
A046,A,1,478,1,NaN,NaN,0,0.305689811706543
A046,A,1,479,NaN,1,0,NaN,NaN
A046,A,1,480,1,NaN,NaN,0,0.252074003219604
A046,A,1,481,1,NaN,NaN,0,0.318326950073242
A046,A,1,482,1,NaN,NaN,0,0.422639131546021
A046,A,1,483,1,NaN,NaN,0,0.63145899772644
A046,A,1,484,1,NaN,NaN,0,0.439459800720215
A046,A,1,485,1,NaN,NaN,0,0.373296976089478
A046,A,1,486,1,NaN,NaN,0,0.330410003662109
A046,A,1,487,1,NaN,NaN,0,0.544632911682129
A046,A,1,488,1,NaN,NaN,0,0.401999950408936
A046,A,1,489,1,NaN,NaN,0,0.363426923751831
A046,A,1,490,NaN,1,0,NaN,NaN
A046,A,1,491,1,NaN,NaN,0,0.2396399974823
A046,A,1,492,1,NaN,NaN,0,0.261207818984985
A046,A,1,493,1,NaN,NaN,0,0.413953065872192
A046,A,1,494,1,NaN,NaN,0,0.298495054244995
A046,A,1,495,1,NaN,NaN,0,0.245264053344727
A046,A,1,496,1,NaN,NaN,0,0.502005100250244
A046,A,1,497,1,NaN,NaN,0,0.374265909194946
A046,A,1,498,1,NaN,NaN,0,0.433581113815308
A046,A,1,499,1,NaN,NaN,0,0.333545923233032
A046,A,1,500,1,NaN,NaN,0,0.342850208282471
A046,A,1,501,NaN,0,1,NaN,NaN
A046,A,1,502,1,NaN,NaN,0,0.423488855361938
A046,A,1,503,1,NaN,NaN,0,0.380064010620117
A046,A,1,504,1,NaN,NaN,0,0.321329116821289
A046,A,1,505,1,NaN,NaN,0,0.350570917129517
A046,A,1,506,1,NaN,NaN,0,0.260516881942749
A046,A,1,507,1,NaN,NaN,0,0.233404159545898
A046,A,1,508,1,NaN,NaN,0,0.299179077148438
A046,A,1,509,1,NaN,NaN,0,0.455657958984375
A046,A,1,510,1,NaN,NaN,0,0.527252912521362
A046,A,1,511,1,NaN,NaN,0,0.400655031204224
A046,A,1,512,NaN,1,0,NaN,NaN
A046,A,1,513,1,NaN,NaN,0,0.263775110244751
A046,A,1,514,1,NaN,NaN,0,0.272300004959106
A046,A,1,515,1,NaN,NaN,0,0.32974100112915
A046,A,1,516,1,NaN,NaN,0,0.377479076385498
A046,A,1,517,1,NaN,NaN,0,0.357377052307129
A046,A,1,518,1,NaN,NaN,0,0.398276090621948
A046,A,1,519,1,NaN,NaN,0,0.335052013397217
A046,A,1,520,1,NaN,NaN,0,0.404929876327515
A046,A,1,521,NaN,1,0,NaN,NaN
A046,A,1,522,1,NaN,NaN,0,0.242707967758179
A046,A,1,523,1,NaN,NaN,0,0.363481044769287
A046,A,1,524,1,NaN,NaN,0,0.32344913482666
A046,A,1,525,1,NaN,NaN,0,0.612563848495483
A046,A,1,526,1,NaN,NaN,0,0.415853023529053
A046,A,1,527,1,NaN,NaN,0,0.391011953353882
A046,A,1,528,NaN,1,0,NaN,NaN
A046,A,1,529,1,NaN,NaN,0,0.253935098648071
A046,A,1,530,1,NaN,NaN,0,0.295405149459839
A046,A,1,531,1,NaN,NaN,0,0.396163940429688
A046,A,1,532,1,NaN,NaN,0,0.477230072021484
A046,A,1,533,NaN,1,0,NaN,NaN
A046,A,1,534,1,NaN,NaN,0,0.280994892120361
A046,A,1,535,1,NaN,NaN,0,0.277014970779419
A046,A,1,536,1,NaN,NaN,0,0.499159097671509
A046,A,1,537,1,NaN,NaN,0,0.472677946090698
A046,A,1,538,1,NaN,NaN,0,0.368415832519531
A046,A,1,539,1,NaN,NaN,0,0.437103986740112
A046,A,1,540,1,NaN,NaN,0,0.521409034729004
A046,A,1,541,1,NaN,NaN,0,0.334022998809814
A046,A,1,542,1,NaN,NaN,0,0.315599918365479
A046,A,1,543,1,NaN,NaN,0,0.360216856002808
A046,A,1,544,1,NaN,NaN,0,0.324790000915527
A046,A,1,545,1,NaN,NaN,0,0.337836980819702
A046,A,1,546,1,NaN,NaN,0,0.33475399017334
A046,A,1,547,1,NaN,NaN,0,0.331769943237305
A046,A,1,548,NaN,1,0,NaN,NaN
A046,A,1,549,1,NaN,NaN,0,0.25320291519165
A046,A,1,550,1,NaN,NaN,0,0.238293886184692
A046,A,1,551,1,NaN,NaN,0,0.27635383605957
A046,A,1,552,1,NaN,NaN,0,0.285549163818359
A046,A,1,553,1,NaN,NaN,0,0.380051136016846
A046,A,1,554,1,NaN,NaN,0,0.383241176605225
A046,A,1,555,NaN,1,0,NaN,NaN
A046,A,1,556,1,NaN,NaN,0,0.320711851119995
A046,A,1,557,1,NaN,NaN,0,0.335515022277832
A046,A,1,558,1,NaN,NaN,0,0.233011960983276
A046,A,2,1,1,NaN,NaN,0,0.695633172988892
A046,A,2,2,1,NaN,NaN,0,0.329878091812134
A046,A,2,3,NaN,1,0,NaN,NaN
A046,A,2,4,1,NaN,NaN,0,0.227781057357788
A046,A,2,5,1,NaN,NaN,0,0.233593940734863
A046,A,2,6,1,NaN,NaN,0,0.279712915420532
A046,A,2,7,1,NaN,NaN,0,0.284126996994019
A046,A,2,8,1,NaN,NaN,0,0.273727893829346
A046,A,2,9,1,NaN,NaN,0,0.285332202911377
A046,A,2,10,1,NaN,NaN,0,0.285310029983521
A046,A,2,11,1,NaN,NaN,0,0.274692058563232
A046,A,2,12,1,NaN,NaN,0,0.283729076385498
A046,A,2,13,1,NaN,NaN,0,0.30420994758606
A046,A,2,14,1,NaN,NaN,0,0.313232898712158
A046,A,2,15,NaN,0,1,NaN,NaN
A046,A,2,16,1,NaN,NaN,0,0.347395896911621
A046,A,2,17,1,NaN,NaN,0,0.259078979492188
A046,A,2,18,1,NaN,NaN,0,0.245764017105103
A046,A,2,19,1,NaN,NaN,0,0.276789903640747
A046,A,2,20,1,NaN,NaN,0,0.241176843643188
A046,A,2,21,1,NaN,NaN,0,0.254259824752808
A046,A,2,22,1,NaN,NaN,0,0.338545083999634
A046,A,2,23,1,NaN,NaN,0,0.297642946243286
A046,A,2,24,1,NaN,NaN,0,0.358732938766479
A046,A,2,25,1,NaN,NaN,0,0.275943994522095
A046,A,2,26,NaN,0,1,NaN,NaN
A046,A,2,27,1,NaN,NaN,0,0.55648398399353
A046,A,2,28,1,NaN,NaN,0,0.649945974349976
A046,A,2,29,1,NaN,NaN,0,0.437603950500488
A046,A,2,30,NaN,0,1,NaN,NaN
A046,A,2,31,0,NaN,NaN,1,NaN
A046,A,2,32,1,NaN,NaN,0,NaN
A046,A,2,33,1,NaN,NaN,0,0.654297113418579
A046,A,2,34,1,NaN,NaN,0,0.413341999053955
A046,A,2,35,1,NaN,NaN,0,0.369061946868896
A046,A,2,36,1,NaN,NaN,0,0.349936008453369
A046,A,2,37,1,NaN,NaN,0,0.316327095031738
A046,A,2,38,1,NaN,NaN,0,0.455449819564819
A046,A,2,39,1,NaN,NaN,0,0.323922157287598
A046,A,2,40,1,NaN,NaN,0,0.274176120758057
A046,A,2,41,1,NaN,NaN,0,0.305026054382324
A046,A,2,42,1,NaN,NaN,0,0.299637079238892
A046,A,2,43,NaN,0,1,NaN,NaN
A046,A,2,44,1,NaN,NaN,0,0.346440076828003
A046,A,2,45,1,NaN,NaN,0,0.292131900787354
A046,A,2,46,0,NaN,NaN,1,NaN
A046,A,2,47,1,NaN,NaN,0,0.414515018463135
A046,A,2,48,1,NaN,NaN,0,0.288962841033936
A046,A,2,49,1,NaN,NaN,0,0.251484870910645
A046,A,2,50,1,NaN,NaN,0,0.304125070571899
A046,A,2,51,1,NaN,NaN,0,0.292163848876953
A046,A,2,52,NaN,1,0,NaN,NaN
A046,A,2,53,1,NaN,NaN,0,0.366290092468262
A046,A,2,54,1,NaN,NaN,0,0.291594982147217
A046,A,2,55,1,NaN,NaN,0,0.235024929046631
A046,A,2,56,1,NaN,NaN,0,0.248008012771606
A046,A,2,57,1,NaN,NaN,0,0.319262027740479
A046,A,2,58,1,NaN,NaN,0,0.344338178634644
A046,A,2,59,1,NaN,NaN,0,0.295074939727783
A046,A,2,60,NaN,1,0,NaN,NaN
A046,A,2,61,1,NaN,NaN,0,0.227261066436768
A046,A,2,62,1,NaN,NaN,0,0.359776020050049
A046,A,2,63,1,NaN,NaN,0,0.371651887893677
A046,A,2,64,1,NaN,NaN,0,0.306691884994507
A046,A,2,65,1,NaN,NaN,0,0.319677829742432
A046,A,2,66,1,NaN,NaN,0,0.30777907371521
A046,A,2,67,1,NaN,NaN,0,0.33268404006958
A046,A,2,68,1,NaN,NaN,0,0.299711942672729
A046,A,2,69,1,NaN,NaN,0,0.295576095581055
A046,A,2,70,NaN,0,1,NaN,NaN
A046,A,2,71,1,NaN,NaN,0,0.445508003234863
A046,A,2,72,1,NaN,NaN,0,0.351039171218872
A046,A,2,73,1,NaN,NaN,0,0.319441080093384
A046,A,2,74,1,NaN,NaN,0,0.268492937088013
A046,A,2,75,1,NaN,NaN,0,0.393557071685791
A046,A,2,76,1,NaN,NaN,0,0.357658863067627
A046,A,2,77,NaN,1,0,NaN,NaN
A046,A,2,78,1,NaN,NaN,0,0.267823934555054
A046,A,2,79,1,NaN,NaN,0,0.325752019882202
A046,A,2,80,1,NaN,NaN,0,0.337884187698364
A046,A,2,81,1,NaN,NaN,0,0.416554927825928
A046,A,2,82,1,NaN,NaN,0,0.336642026901245
A046,A,2,83,NaN,1,0,NaN,NaN
A046,A,2,84,1,NaN,NaN,0,0.335413932800293
A046,A,2,85,1,NaN,NaN,0,0.424111127853394
A046,A,2,86,1,NaN,NaN,0,0.2726149559021
A046,A,2,87,1,NaN,NaN,0,0.340276002883911
A046,A,2,88,1,NaN,NaN,0,0.317018985748291
A046,A,2,89,1,NaN,NaN,0,0.296054840087891
A046,A,2,90,1,NaN,NaN,0,0.275707006454468
A046,A,2,91,1,NaN,NaN,0,0.325240850448608
A046,A,2,92,1,NaN,NaN,0,0.257124900817871
A046,A,2,93,1,NaN,NaN,0,0.2778160572052
A046,A,2,94,NaN,1,0,NaN,NaN
A046,A,2,95,1,NaN,NaN,0,0.495837926864624
A046,A,2,96,1,NaN,NaN,0,0.297256946563721
A046,A,2,97,1,NaN,NaN,0,0.337285041809082
A046,A,2,98,1,NaN,NaN,0,0.330246925354004
A046,A,2,99,1,NaN,NaN,0,0.33484411239624
A046,A,2,100,1,NaN,NaN,0,0.327571868896484
A046,A,2,101,1,NaN,NaN,0,0.310672998428345
A046,A,2,102,NaN,1,0,NaN,NaN
A046,A,2,103,1,NaN,NaN,0,0.243091821670532
A046,A,2,104,1,NaN,NaN,0,0.273052930831909
A046,A,2,105,1,NaN,NaN,0,0.244885921478271
A046,A,2,106,1,NaN,NaN,0,0.290650844573975
A046,A,2,107,1,NaN,NaN,0,0.304678916931152
A046,A,2,108,1,NaN,NaN,0,0.281302213668823
A046,A,2,109,1,NaN,NaN,0,0.265578031539917
A046,A,2,110,1,NaN,NaN,0,0.292012214660645
A046,A,2,111,NaN,1,0,NaN,NaN
A046,A,2,112,1,NaN,NaN,0,0.223647832870483
A046,A,2,113,1,NaN,NaN,0,0.252243041992188
A046,A,2,114,1,NaN,NaN,0,0.411604881286621
A046,A,2,115,1,NaN,NaN,0,0.332212924957275
A046,A,2,116,1,NaN,NaN,0,0.236557006835938
A046,A,2,117,1,NaN,NaN,0,0.283382177352905
A046,A,2,118,1,NaN,NaN,0,0.31181812286377
A046,A,2,119,1,NaN,NaN,0,0.349123954772949
A046,A,2,120,1,NaN,NaN,0,0.305620908737183
A046,A,2,121,1,NaN,NaN,0,0.350628852844238
A046,A,2,122,1,NaN,NaN,0,0.479273080825806
A046,A,2,123,1,NaN,NaN,0,0.348246097564697
A046,A,2,124,1,NaN,NaN,0,0.310949087142944
A046,A,2,125,NaN,0,1,NaN,NaN
A046,A,2,126,1,NaN,NaN,0,0.441060066223145
A046,A,2,127,1,NaN,NaN,0,0.30635404586792
A046,A,2,128,1,NaN,NaN,0,0.519979000091553
A046,A,2,129,1,NaN,NaN,0,0.460464000701904
A046,A,2,130,1,NaN,NaN,0,0.535351037979126
A046,A,2,131,1,NaN,NaN,0,0.417766094207764
A046,A,2,132,1,NaN,NaN,0,0.347161054611206
A046,A,2,133,1,NaN,NaN,0,0.350189924240112
A046,A,2,134,NaN,1,0,NaN,NaN
A046,A,2,135,1,NaN,NaN,0,0.297946214675903
A046,A,2,136,1,NaN,NaN,0,0.254140853881836
A046,A,2,137,NaN,1,0,NaN,NaN
A046,A,2,138,1,NaN,NaN,0,0.356451988220215
A046,A,2,139,1,NaN,NaN,0,0.20176887512207
A046,A,2,140,1,NaN,NaN,0,0.244522094726562
A046,A,2,141,1,NaN,NaN,0,0.316237211227417
A046,A,2,142,1,NaN,NaN,0,0.241718053817749
A046,A,2,143,1,NaN,NaN,0,0.309369087219238
A046,A,2,144,1,NaN,NaN,0,0.438140869140625
A046,A,2,145,1,NaN,NaN,0,0.340425968170166
A046,A,2,146,NaN,1,0,NaN,NaN
A046,A,2,147,1,NaN,NaN,0,0.288469076156616
A046,A,2,148,1,NaN,NaN,0,0.332648038864136
A046,A,2,149,1,NaN,NaN,0,0.337183952331543
A046,A,2,150,1,NaN,NaN,0,0.281419038772583
A046,A,2,151,1,NaN,NaN,0,0.250732898712158
A046,A,2,152,1,NaN,NaN,0,0.241617202758789
A046,A,2,153,1,NaN,NaN,0,0.15739917755127
A046,A,2,154,0,NaN,NaN,1,NaN
A046,A,2,155,1,NaN,NaN,0,0.339958906173706
A046,A,2,156,NaN,0,1,NaN,NaN
A046,A,2,157,1,NaN,NaN,0,0.290328025817871
A046,A,2,158,1,NaN,NaN,0,0.288722991943359
A046,A,2,159,1,NaN,NaN,0,0.305500984191895
A046,A,2,160,1,NaN,NaN,0,0.491044998168945
A046,A,2,161,1,NaN,NaN,0,0.314068078994751
A046,A,2,162,1,NaN,NaN,0,0.305191993713379
A046,A,2,163,1,NaN,NaN,0,0.289279937744141
A046,A,2,164,1,NaN,NaN,0,0.328345060348511
A046,A,2,165,1,NaN,NaN,0,0.324050903320312
A046,A,2,166,1,NaN,NaN,0,0.289557933807373
A046,A,2,167,1,NaN,NaN,0,0.269726991653442
A046,A,2,168,NaN,0,1,NaN,NaN
A046,A,2,169,1,NaN,NaN,0,0.31209397315979
A046,A,2,170,1,NaN,NaN,0,0.297254085540771
A046,A,2,171,1,NaN,NaN,0,0.298681974411011
A046,A,2,172,1,NaN,NaN,0,0.486391067504883
A046,A,2,173,1,NaN,NaN,0,0.331827878952026
A046,A,2,174,1,NaN,NaN,0,0.475241899490356
A046,A,2,175,1,NaN,NaN,0,0.351330995559692
A046,A,2,176,1,NaN,NaN,0,0.295177936553955
A046,A,2,177,NaN,1,0,NaN,NaN
A046,A,2,178,1,NaN,NaN,0,0.287710189819336
A046,A,2,179,1,NaN,NaN,0,0.271141052246094
A046,A,2,180,1,NaN,NaN,0,0.250399112701416
A046,A,2,181,1,NaN,NaN,0,0.280348062515259
A046,A,2,182,1,NaN,NaN,0,0.357231140136719
A046,A,2,183,1,NaN,NaN,0,0.369665145874023
A046,A,2,184,NaN,1,0,NaN,NaN
A046,A,2,185,1,NaN,NaN,0,0.282854080200195
A046,A,2,186,1,NaN,NaN,0,0.362226963043213
A046,A,2,187,1,NaN,NaN,0,0.264005184173584
A046,A,2,188,1,NaN,NaN,0,0.391208171844482
A046,A,2,189,1,NaN,NaN,0,0.358286142349243
A046,A,2,190,1,NaN,NaN,0,0.470793962478638
A046,A,2,191,1,NaN,NaN,0,0.315826177597046
A046,A,2,192,1,NaN,NaN,0,0.295835971832275
A046,A,2,193,1,NaN,NaN,0,0.331608057022095
A046,A,2,194,NaN,1,0,NaN,NaN
A046,A,2,195,1,NaN,NaN,0,0.246089935302734
A046,A,2,196,1,NaN,NaN,0,0.284017086029053
A046,A,2,197,1,NaN,NaN,0,0.512762069702148
A046,A,2,198,1,NaN,NaN,0,0.338221788406372
A046,A,2,199,1,NaN,NaN,0,0.295453071594238
A046,A,2,200,NaN,1,0,NaN,NaN
A046,A,2,201,1,NaN,NaN,0,0.274245023727417
A046,A,2,202,1,NaN,NaN,0,0.287632942199707
A046,A,2,203,1,NaN,NaN,0,0.274163961410522
A046,A,2,204,1,NaN,NaN,0,0.304403781890869
A046,A,2,205,1,NaN,NaN,0,0.277520895004272
A046,A,2,206,1,NaN,NaN,0,0.276607036590576
A046,A,2,207,1,NaN,NaN,0,0.268296003341675
A046,A,2,208,1,NaN,NaN,0,0.272928953170776
A046,A,2,209,1,NaN,NaN,0,0.300609111785889
A046,A,2,210,1,NaN,NaN,0,0.291450023651123
A046,A,2,211,1,NaN,NaN,0,0.282984018325806
A046,A,2,212,NaN,1,0,NaN,NaN
A046,A,2,213,1,NaN,NaN,0,0.268275022506714
A046,A,2,214,1,NaN,NaN,0,0.389971017837524
A046,A,2,215,1,NaN,NaN,0,0.410799026489258
A046,A,2,216,1,NaN,NaN,0,0.319684982299805
A046,A,2,217,1,NaN,NaN,0,0.273196935653687
A046,A,2,218,NaN,0,1,NaN,NaN
A046,A,2,219,1,NaN,NaN,0,0.39326810836792
A046,A,2,220,1,NaN,NaN,0,0.422755002975464
A046,A,2,221,1,NaN,NaN,0,0.364871025085449
A046,A,2,222,1,NaN,NaN,0,0.416689157485962
A046,A,2,223,1,NaN,NaN,0,0.394070863723755
A046,A,2,224,1,NaN,NaN,0,0.382254838943481
A046,A,2,225,1,NaN,NaN,0,0.418860912322998
A046,A,2,226,1,NaN,NaN,0,0.517374992370605
A046,A,2,227,1,NaN,NaN,0,0.366132020950317
A046,A,2,228,1,NaN,NaN,0,0.325659036636353
A046,A,2,229,1,NaN,NaN,0,0.35443902015686
A046,A,2,230,1,NaN,NaN,0,0.376532077789307
A046,A,2,231,NaN,1,0,NaN,NaN
A046,A,2,232,1,NaN,NaN,0,0.238394975662231
A046,A,2,233,1,NaN,NaN,0,0.29555606842041
A046,A,2,234,1,NaN,NaN,0,0.403570890426636
A046,A,2,235,1,NaN,NaN,0,0.316254138946533
A046,A,2,236,1,NaN,NaN,0,0.324057817459106
A046,A,2,237,1,NaN,NaN,0,0.349318027496338
A046,A,2,238,1,NaN,NaN,0,0.47786283493042
A046,A,2,239,NaN,1,0,NaN,NaN
A046,A,2,240,1,NaN,NaN,0,0.276765823364258
A046,A,2,241,1,NaN,NaN,0,0.356575965881348
A046,A,2,242,1,NaN,NaN,0,0.553570985794067
A046,A,2,243,1,NaN,NaN,0,0.525743961334229
A046,A,2,244,1,NaN,NaN,0,0.447295904159546
A046,A,2,245,1,NaN,NaN,0,0.43866491317749
A046,A,2,246,1,NaN,NaN,0,0.41596794128418
A046,A,2,247,1,NaN,NaN,0,0.917479991912842
A046,A,2,248,1,NaN,NaN,0,0.442178964614868
A046,A,2,249,NaN,1,0,NaN,NaN
A046,A,2,250,1,NaN,NaN,0,0.343533992767334
A046,A,2,251,1,NaN,NaN,0,0.509871006011963
A046,A,2,252,1,NaN,NaN,0,0.589228868484497
A046,A,2,253,1,NaN,NaN,0,0.458373069763184
A046,A,2,254,1,NaN,NaN,0,0.445876836776733
A046,A,2,255,1,NaN,NaN,0,0.526247024536133
A046,A,2,256,1,NaN,NaN,0,0.723718166351318
A046,A,2,257,1,NaN,NaN,0,0.477901935577393
A046,A,2,258,1,NaN,NaN,0,0.39906120300293
A046,A,2,259,1,NaN,NaN,0,0.592145204544067
A046,A,2,260,NaN,1,0,NaN,NaN
A046,A,2,261,1,NaN,NaN,0,0.254194021224976
A046,A,2,262,1,NaN,NaN,0,0.288684129714966
A046,A,2,263,NaN,1,0,NaN,NaN
A046,A,2,264,1,NaN,NaN,0,0.256253004074097
A046,A,2,265,1,NaN,NaN,0,0.336993932723999
A046,A,2,266,1,NaN,NaN,0,0.215040922164917
A046,A,2,267,1,NaN,NaN,0,0.232373952865601
A046,A,2,268,1,NaN,NaN,0,0.261763095855713
A046,A,2,269,1,NaN,NaN,0,0.304960966110229
A046,A,2,270,1,NaN,NaN,0,0.326135873794556
A046,A,2,271,1,NaN,NaN,0,0.284195899963379
A046,A,2,272,1,NaN,NaN,0,0.317471981048584
A046,A,2,273,1,NaN,NaN,0,0.310527801513672
A046,A,2,274,NaN,0,1,NaN,NaN
A046,A,2,275,1,NaN,NaN,0,0.332300901412964
A046,A,2,276,1,NaN,NaN,0,0.296792030334473
A046,A,2,277,1,NaN,NaN,0,0.288290023803711
A046,A,2,278,1,NaN,NaN,0,0.257647037506104
A046,A,2,279,1,NaN,NaN,0,0.283679008483887
A046,A,2,280,1,NaN,NaN,0,0.385788917541504
A046,A,2,281,1,NaN,NaN,0,0.246789932250977
A046,A,2,282,1,NaN,NaN,0,0.245566129684448
A046,A,2,283,NaN,0,1,NaN,NaN
A046,A,2,284,1,NaN,NaN,0,0.311102151870728
A046,A,2,285,1,NaN,NaN,0,0.36055588722229
A046,A,2,286,1,NaN,NaN,0,0.439934968948364
A046,A,2,287,1,NaN,NaN,0,0.315619945526123
A046,A,2,288,1,NaN,NaN,0,0.275683164596558
A046,A,2,289,1,NaN,NaN,0,0.295482873916626
A046,A,2,290,1,NaN,NaN,0,0.329414129257202
A046,A,2,291,1,NaN,NaN,0,0.378591060638428
A046,A,2,292,1,NaN,NaN,0,0.278039216995239
A046,A,2,293,1,NaN,NaN,0,0.285342931747437
A046,A,2,294,NaN,1,0,NaN,NaN
A046,A,2,295,1,NaN,NaN,0,0.248686075210571
A046,A,2,296,1,NaN,NaN,0,0.249702930450439
A046,A,2,297,1,NaN,NaN,0,0.243695974349976
A046,A,2,298,1,NaN,NaN,0,0.245270013809204
A046,A,2,299,1,NaN,NaN,0,0.244800090789795
A046,A,2,300,1,NaN,NaN,0,0.248530864715576
A046,A,2,301,NaN,0,1,NaN,NaN
A046,A,2,302,1,NaN,NaN,0,0.317872047424316
A046,A,2,303,1,NaN,NaN,0,0.254140853881836
A046,A,2,304,1,NaN,NaN,0,0.240159034729004
A046,A,2,305,1,NaN,NaN,0,0.260471105575562
A046,A,2,306,1,NaN,NaN,0,0.393935918807983
A046,A,2,307,1,NaN,NaN,0,0.325547933578491
A046,A,2,308,1,NaN,NaN,0,0.286348819732666
A046,A,2,309,1,NaN,NaN,0,0.245891094207764
A046,A,2,310,1,NaN,NaN,0,0.275208950042725
A046,A,2,311,1,NaN,NaN,0,0.584117889404297
A046,A,2,312,1,NaN,NaN,0,0.329236030578613
A046,A,2,313,1,NaN,NaN,0,0.297797203063965
A046,A,2,314,NaN,1,0,NaN,NaN
A046,A,2,315,1,NaN,NaN,0,0.220099925994873
A046,A,2,316,1,NaN,NaN,0,0.417180061340332
A046,A,2,317,1,NaN,NaN,0,0.310297966003418
A046,A,2,318,1,NaN,NaN,0,0.201444864273071
A046,A,2,319,NaN,0,1,NaN,NaN
A046,A,2,320,1,NaN,NaN,0,0.278729915618896
A046,A,2,321,1,NaN,NaN,0,0.363306999206543
A046,A,2,322,1,NaN,NaN,0,0.349346876144409
A046,A,2,323,1,NaN,NaN,0,0.364710092544556
A046,A,2,324,1,NaN,NaN,0,0.377535104751587
A046,A,2,325,1,NaN,NaN,0,0.300766944885254
A046,A,2,326,1,NaN,NaN,0,0.285162925720215
A046,A,2,327,1,NaN,NaN,0,0.322703838348389
A046,A,2,328,1,NaN,NaN,0,0.298598051071167
A046,A,2,329,1,NaN,NaN,0,0.379142999649048
A046,A,2,330,1,NaN,NaN,0,0.325371026992798
A046,A,2,331,1,NaN,NaN,0,0.390148162841797
A046,A,2,332,NaN,1,0,NaN,NaN
A046,A,2,333,1,NaN,NaN,0,0.241756916046143
A046,A,2,334,1,NaN,NaN,0,0.355874061584473
A046,A,2,335,1,NaN,NaN,0,0.305702924728394
A046,A,2,336,1,NaN,NaN,0,0.336569786071777
A046,A,2,337,1,NaN,NaN,0,0.339966058731079
A046,A,2,338,NaN,0,1,NaN,NaN
A046,A,2,339,1,NaN,NaN,0,0.471511125564575
A046,A,2,340,1,NaN,NaN,0,0.272214889526367
A046,A,2,341,1,NaN,NaN,0,0.249628067016602
A046,A,2,342,1,NaN,NaN,0,0.259975910186768
A046,A,2,343,1,NaN,NaN,0,0.309296846389771
A046,A,2,344,1,NaN,NaN,0,0.266895055770874
A046,A,2,345,1,NaN,NaN,0,0.310425043106079
A046,A,2,346,1,NaN,NaN,0,0.239295959472656
A046,A,2,347,NaN,0,1,NaN,NaN
A046,A,2,348,1,NaN,NaN,0,0.405433893203735
A046,A,2,349,1,NaN,NaN,0,0.406893014907837
A046,A,2,350,1,NaN,NaN,0,0.355396032333374
A046,A,2,351,1,NaN,NaN,0,0.319994926452637
A046,A,2,352,1,NaN,NaN,0,0.33525013923645
A046,A,2,353,1,NaN,NaN,0,0.310290813446045
A046,A,2,354,1,NaN,NaN,0,0.271521091461182
A046,A,2,355,1,NaN,NaN,0,0.357458829879761
A046,A,2,356,1,NaN,NaN,0,0.27880597114563
A046,A,2,357,NaN,0,1,NaN,NaN
A046,A,2,358,1,NaN,NaN,0,0.391936063766479
A046,A,2,359,1,NaN,NaN,0,0.287649869918823
A046,A,2,360,1,NaN,NaN,0,0.30644679069519
A046,A,2,361,1,NaN,NaN,0,0.335431098937988
A046,A,2,362,1,NaN,NaN,0,0.530490875244141
A046,A,2,363,1,NaN,NaN,0,0.270990133285522
A046,A,2,364,NaN,1,0,NaN,NaN
A046,A,2,365,1,NaN,NaN,0,0.239845991134644
A046,A,2,366,1,NaN,NaN,0,0.268383979797363
A046,A,2,367,1,NaN,NaN,0,0.424060106277466
A046,A,2,368,1,NaN,NaN,0,0.240411996841431
A046,A,2,369,1,NaN,NaN,0,0.234595060348511
A046,A,2,370,1,NaN,NaN,0,0.307508945465088
A046,A,2,371,1,NaN,NaN,0,0.392541885375977
A046,A,2,372,1,NaN,NaN,0,0.355631113052368
A046,A,2,373,NaN,1,0,NaN,NaN
A046,A,2,374,1,NaN,NaN,0,0.296009063720703
A046,A,2,375,1,NaN,NaN,0,0.329244136810303
A046,A,2,376,1,NaN,NaN,0,0.259845018386841
A046,A,2,377,1,NaN,NaN,0,0.520594120025635
A046,A,2,378,1,NaN,NaN,0,0.429347991943359
A046,A,2,379,1,NaN,NaN,0,0.354423046112061
A046,A,2,380,1,NaN,NaN,0,0.341943025588989
A046,A,2,381,1,NaN,NaN,0,0.340571165084839
A046,A,2,382,1,NaN,NaN,0,0.359646081924438
A046,A,2,383,1,NaN,NaN,0,0.352859020233154
A046,A,2,384,NaN,1,0,NaN,NaN
A046,A,2,385,1,NaN,NaN,0,0.203474044799805
A046,A,2,386,1,NaN,NaN,0,0.252507925033569
A046,A,2,387,1,NaN,NaN,0,0.241053819656372
A046,A,2,388,1,NaN,NaN,0,0.253788948059082
A046,A,2,389,1,NaN,NaN,0,0.343114137649536
A046,A,2,390,NaN,0,1,NaN,NaN
A046,A,2,391,1,NaN,NaN,0,0.306565999984741
A046,A,2,392,1,NaN,NaN,0,0.3229820728302
A046,A,2,393,1,NaN,NaN,0,0.570653915405273
A046,A,2,394,1,NaN,NaN,0,0.299978971481323
A046,A,2,395,1,NaN,NaN,0,0.319556951522827
A046,A,2,396,1,NaN,NaN,0,0.258686065673828
A046,A,2,397,1,NaN,NaN,0,0.186105966567993
A046,A,2,398,1,NaN,NaN,0,0.249654054641724
A046,A,2,399,1,NaN,NaN,0,NaN
A046,A,2,400,1,NaN,NaN,0,0.353286981582642
A046,A,2,401,NaN,1,0,NaN,NaN
A046,A,2,402,1,NaN,NaN,0,0.3072350025177
A046,A,2,403,1,NaN,NaN,0,0.508054971694946
A046,A,2,404,1,NaN,NaN,0,0.341418027877808
A046,A,2,405,1,NaN,NaN,0,0.319001913070679
A046,A,2,406,1,NaN,NaN,0,0.300523996353149
A046,A,2,407,1,NaN,NaN,0,0.326133966445923
A046,A,2,408,1,NaN,NaN,0,0.620381116867065
A046,A,2,409,1,NaN,NaN,0,0.392405033111572
A046,A,2,410,1,NaN,NaN,0,0.451665163040161
A046,A,2,411,1,NaN,NaN,0,0.463144063949585
A046,A,2,412,NaN,1,0,NaN,NaN
A046,A,2,413,1,NaN,NaN,0,0.25264310836792
A046,A,2,414,1,NaN,NaN,0,0.312845945358276
A046,A,2,415,1,NaN,NaN,0,0.354420900344849
A046,A,2,416,1,NaN,NaN,0,0.408740997314453
A046,A,2,417,NaN,1,0,NaN,NaN
A046,A,2,418,1,NaN,NaN,0,0.264591932296753
A046,A,2,419,1,NaN,NaN,0,0.561137914657593
A046,A,2,420,1,NaN,NaN,0,0.337929010391235
A046,A,2,421,1,NaN,NaN,0,0.35077691078186
A046,A,2,422,1,NaN,NaN,0,0.310547113418579
A046,A,2,423,1,NaN,NaN,0,0.324366092681885
A046,A,2,424,1,NaN,NaN,0,0.34060001373291
A046,A,2,425,1,NaN,NaN,0,0.33344292640686
A046,A,2,426,1,NaN,NaN,0,0.339418888092041
A046,A,2,427,NaN,1,0,NaN,NaN
A046,A,2,428,1,NaN,NaN,0,0.248184204101562
A046,A,2,429,1,NaN,NaN,0,0.325565099716187
A046,A,2,430,1,NaN,NaN,0,0.270013093948364
A046,A,2,431,1,NaN,NaN,0,0.325568914413452
A046,A,2,432,1,NaN,NaN,0,0.41119122505188
A046,A,2,433,1,NaN,NaN,0,0.341671943664551
A046,A,2,434,1,NaN,NaN,0,0.324326992034912
A046,A,2,435,1,NaN,NaN,0,0.314506053924561
A046,A,2,436,1,NaN,NaN,0,0.239156007766724
A046,A,2,437,NaN,1,0,NaN,NaN
A046,A,2,438,1,NaN,NaN,0,0.246340036392212
A046,A,2,439,1,NaN,NaN,0,0.245224952697754
A046,A,2,440,1,NaN,NaN,0,0.265047073364258
A046,A,2,441,1,NaN,NaN,0,0.306209087371826
A046,A,2,442,1,NaN,NaN,0,0.286530017852783
A046,A,2,443,1,NaN,NaN,0,0.25599217414856
A046,A,2,444,1,NaN,NaN,0,0.554509878158569
A046,A,2,445,1,NaN,NaN,0,0.385673999786377
A046,A,2,446,1,NaN,NaN,0,0.438483953475952
A046,A,2,447,1,NaN,NaN,0,0.321342945098877
A046,A,2,448,1,NaN,NaN,0,0.382276058197021
A046,A,2,449,NaN,1,0,NaN,NaN
A046,A,2,450,1,NaN,NaN,0,0.266615867614746
A046,A,2,451,1,NaN,NaN,0,0.282500982284546
A046,A,2,452,NaN,1,0,NaN,NaN
A046,A,2,453,1,NaN,NaN,0,0.276103973388672
A046,A,2,454,1,NaN,NaN,0,0.335249900817871
A046,A,2,455,1,NaN,NaN,0,0.256649017333984
A046,A,2,456,1,NaN,NaN,0,0.276736974716187
A046,A,2,457,1,NaN,NaN,0,0.354528188705444
A046,A,2,458,1,NaN,NaN,0,0.386787176132202
A046,A,2,459,1,NaN,NaN,0,0.331201791763306
A046,A,2,460,1,NaN,NaN,0,0.291933059692383
A046,A,2,461,1,NaN,NaN,0,0.588093996047974
A046,A,2,462,1,NaN,NaN,0,0.284312009811401
A046,A,2,463,1,NaN,NaN,0,0.608309030532837
A046,A,2,464,1,NaN,NaN,0,0.334843158721924
A046,A,2,465,1,NaN,NaN,0,0.253751039505005
A046,A,2,466,NaN,1,0,NaN,NaN
A046,A,2,467,1,NaN,NaN,0,0.233316898345947
A046,A,2,468,1,NaN,NaN,0,0.434108018875122
A046,A,2,469,1,NaN,NaN,0,0.258209943771362
A046,A,2,470,1,NaN,NaN,0,0.262351989746094
A046,A,2,471,1,NaN,NaN,0,0.287567853927612
A046,A,2,472,1,NaN,NaN,0,0.292723894119263
A046,A,2,473,NaN,0,1,NaN,NaN
A046,A,2,474,1,NaN,NaN,0,0.375771999359131
A046,A,2,475,1,NaN,NaN,0,0.347275972366333
A046,A,2,476,1,NaN,NaN,0,0.268363952636719
A046,A,2,477,1,NaN,NaN,0,0.289780139923096
A046,A,2,478,1,NaN,NaN,0,0.316268920898438
A046,A,2,479,1,NaN,NaN,0,0.347604036331177
A046,A,2,480,1,NaN,NaN,0,0.343220949172974
A046,A,2,481,1,NaN,NaN,0,0.32376503944397
A046,A,2,482,NaN,1,0,NaN,NaN
A046,A,2,483,1,NaN,NaN,0,0.259151935577393
A046,A,2,484,1,NaN,NaN,0,0.235914945602417
A046,A,2,485,1,NaN,NaN,0,0.422531127929688
A046,A,2,486,1,NaN,NaN,0,0.347478866577148
A046,A,2,487,1,NaN,NaN,0,0.300334930419922
A046,A,2,488,NaN,1,0,NaN,NaN
A046,A,2,489,1,NaN,NaN,0,0.246719121932983
A046,A,2,490,1,NaN,NaN,0,0.290657997131348
A046,A,2,491,1,NaN,NaN,0,0.33980917930603
A046,A,2,492,1,NaN,NaN,0,0.308454036712646
A046,A,2,493,1,NaN,NaN,0,0.29186487197876
A046,A,2,494,1,NaN,NaN,0,0.370380163192749
A046,A,2,495,1,NaN,NaN,0,0.285648107528687
A046,A,2,496,1,NaN,NaN,0,0.41953706741333
A046,A,2,497,1,NaN,NaN,0,0.28082799911499
A046,A,2,498,1,NaN,NaN,0,0.429097890853882
A046,A,2,499,NaN,1,0,NaN,NaN
A046,A,2,500,1,NaN,NaN,0,0.28322696685791
A046,A,2,501,1,NaN,NaN,0,0.319711923599243
A046,A,2,502,1,NaN,NaN,0,0.324137210845947
A046,A,2,503,1,NaN,NaN,0,0.262211084365845
A046,A,2,504,1,NaN,NaN,0,0.314980030059814
A046,A,2,505,1,NaN,NaN,0,0.300297975540161
A046,A,2,506,1,NaN,NaN,0,0.595448970794678
A046,A,2,507,1,NaN,NaN,0,0.274987936019897
A046,A,2,508,NaN,0,1,NaN,NaN
A046,A,2,509,1,NaN,NaN,0,0.359243869781494
A046,A,2,510,1,NaN,NaN,0,0.277729988098145
A046,A,2,511,1,NaN,NaN,0,0.312505960464478
A046,A,2,512,1,NaN,NaN,0,0.293821096420288
A046,A,2,513,1,NaN,NaN,0,0.26412296295166
A046,A,2,514,1,NaN,NaN,0,0.35710597038269
A046,A,2,515,1,NaN,NaN,0,0.618696928024292
A046,A,3,1,1,NaN,NaN,0,0.434088945388794
A046,A,3,2,1,NaN,NaN,0,0.366217136383057
A046,A,3,3,1,NaN,NaN,0,0.338624000549316
A046,A,3,4,1,NaN,NaN,0,0.499389886856079
A046,A,3,5,1,NaN,NaN,0,0.392160892486572
A046,A,3,6,1,NaN,NaN,0,0.305037021636963
A046,A,3,7,1,NaN,NaN,0,0.420406103134155
A046,A,3,8,NaN,1,0,NaN,NaN
A046,A,3,9,1,NaN,NaN,0,0.267784833908081
A046,A,3,10,1,NaN,NaN,0,0.240665912628174
A046,A,3,11,1,NaN,NaN,0,0.275777101516724
A046,A,3,12,NaN,0,1,NaN,NaN
A046,A,3,13,1,NaN,NaN,0,0.295859098434448
A046,A,3,14,1,NaN,NaN,0,0.2862708568573
A046,A,3,15,1,NaN,NaN,0,0.250401973724365
A046,A,3,16,1,NaN,NaN,0,0.292585849761963
A046,A,3,17,1,NaN,NaN,0,0.305763006210327
A046,A,3,18,1,NaN,NaN,0,0.276310205459595
A046,A,3,19,1,NaN,NaN,0,0.280910015106201
A046,A,3,20,1,NaN,NaN,0,0.281172037124634
A046,A,3,21,1,NaN,NaN,0,0.437854051589966
A046,A,3,22,1,NaN,NaN,0,0.475022077560425
A046,A,3,23,1,NaN,NaN,0,0.408437013626099
A046,A,3,24,1,NaN,NaN,0,0.480983018875122
A046,A,3,25,NaN,1,0,NaN,NaN
A046,A,3,26,1,NaN,NaN,0,0.259109020233154
A046,A,3,27,1,NaN,NaN,0,0.357688903808594
A046,A,3,28,1,NaN,NaN,0,0.261687040328979
A046,A,3,29,1,NaN,NaN,0,0.304999113082886
A046,A,3,30,1,NaN,NaN,0,0.26571798324585
A046,A,3,31,1,NaN,NaN,0,0.2935471534729
A046,A,3,32,1,NaN,NaN,0,0.302028894424438
A046,A,3,33,1,NaN,NaN,0,0.541996955871582
A046,A,3,34,1,NaN,NaN,0,0.553096055984497
A046,A,3,35,NaN,1,0,NaN,NaN
A046,A,3,36,1,NaN,NaN,0,0.248670816421509
A046,A,3,37,1,NaN,NaN,0,0.350533962249756
A046,A,3,38,1,NaN,NaN,0,0.386914014816284
A046,A,3,39,NaN,1,0,NaN,NaN
A046,A,3,40,1,NaN,NaN,0,0.349765062332153
A046,A,3,41,1,NaN,NaN,0,0.4066321849823
A046,A,3,42,1,NaN,NaN,0,0.305665969848633
A046,A,3,43,1,NaN,NaN,0,0.320446014404297
A046,A,3,44,1,NaN,NaN,0,0.265249967575073
A046,A,3,45,1,NaN,NaN,0,0.270173788070679
A046,A,3,46,1,NaN,NaN,0,0.438920974731445
A046,A,3,47,1,NaN,NaN,0,0.328094005584717
A046,A,3,48,1,NaN,NaN,0,0.355341196060181
A046,A,3,49,1,NaN,NaN,0,0.383538007736206
A046,A,3,50,1,NaN,NaN,0,0.397914886474609
A046,A,3,51,1,NaN,NaN,0,0.372855186462402
A046,A,3,52,1,NaN,NaN,0,0.414140939712524
A046,A,3,53,NaN,1,0,NaN,NaN
A046,A,3,54,1,NaN,NaN,0,0.32492995262146
A046,A,3,55,1,NaN,NaN,0,0.337373971939087
A046,A,3,56,1,NaN,NaN,0,0.267960071563721
A046,A,3,57,1,NaN,NaN,0,0.296963930130005
A046,A,3,58,1,NaN,NaN,0,0.262924909591675
A046,A,3,59,NaN,1,0,NaN,NaN
A046,A,3,60,1,NaN,NaN,0,0.378843069076538
A046,A,3,61,1,NaN,NaN,0,0.235876798629761
A046,A,3,62,1,NaN,NaN,0,0.284610986709595
A046,A,3,63,1,NaN,NaN,0,0.345836877822876
A046,A,3,64,1,NaN,NaN,0,0.263342142105103
A046,A,3,65,1,NaN,NaN,0,0.277359962463379
A046,A,3,66,1,NaN,NaN,0,0.18192195892334
A046,A,3,67,1,NaN,NaN,0,0.232528924942017
A046,A,3,68,1,NaN,NaN,0,0.240051984786987
A046,A,3,69,1,NaN,NaN,0,0.243666887283325
A046,A,3,70,1,NaN,NaN,0,0.313522100448608
A046,A,3,71,NaN,0,1,NaN,NaN
A046,A,3,72,1,NaN,NaN,0,0.268151044845581
A046,A,3,73,1,NaN,NaN,0,0.228446960449219
A046,A,3,74,1,NaN,NaN,0,0.353432893753052
A046,A,3,75,1,NaN,NaN,0,0.30648398399353
A046,A,3,76,NaN,0,1,NaN,NaN
A046,A,3,77,1,NaN,NaN,0,0.308681011199951
A046,A,3,78,1,NaN,NaN,0,0.266317129135132
A046,A,3,79,1,NaN,NaN,0,0.311714887619019
A046,A,3,80,1,NaN,NaN,0,0.296518087387085
A046,A,3,81,1,NaN,NaN,0,0.3509361743927
A046,A,3,82,1,NaN,NaN,0,0.283030033111572
A046,A,3,83,NaN,1,0,NaN,NaN
A046,A,3,84,1,NaN,NaN,0,0.249380111694336
A046,A,3,85,1,NaN,NaN,0,0.267084836959839
A046,A,3,86,1,NaN,NaN,0,0.276374816894531
A046,A,3,87,1,NaN,NaN,0,0.264118194580078
A046,A,3,88,1,NaN,NaN,0,0.325083017349243
A046,A,3,89,1,NaN,NaN,0,0.386439085006714
A046,A,3,90,1,NaN,NaN,0,0.304009914398193
A046,A,3,91,1,NaN,NaN,0,0.286479949951172
A046,A,3,92,1,NaN,NaN,0,0.309831857681274
A046,A,3,93,1,NaN,NaN,0,0.381908893585205
A046,A,3,94,1,NaN,NaN,0,0.340433120727539
A046,A,3,95,1,NaN,NaN,0,0.321475028991699
A046,A,3,96,NaN,1,0,NaN,NaN
A046,A,3,97,1,NaN,NaN,0,0.246522903442383
A046,A,3,98,1,NaN,NaN,0,0.24368691444397
A046,A,3,99,1,NaN,NaN,0,0.223567962646484
A046,A,3,100,1,NaN,NaN,0,0.251321077346802
A046,A,3,101,1,NaN,NaN,0,0.296006202697754
A046,A,3,102,1,NaN,NaN,0,0.250836133956909
A046,A,3,103,1,NaN,NaN,0,0.367941856384277
A046,A,3,104,1,NaN,NaN,0,0.38123607635498
A046,A,3,105,NaN,1,0,NaN,NaN
A046,A,3,106,1,NaN,NaN,0,0.248577117919922
A046,A,3,107,1,NaN,NaN,0,0.277703046798706
A046,A,3,108,1,NaN,NaN,0,0.283385992050171
A046,A,3,109,1,NaN,NaN,0,0.360931158065796
A046,A,3,110,1,NaN,NaN,0,0.436184167861938
A046,A,3,111,1,NaN,NaN,0,0.55322003364563
A046,A,3,112,1,NaN,NaN,0,0.462250947952271
A046,A,3,113,1,NaN,NaN,0,1.07481217384338
A046,A,3,114,NaN,1,0,NaN,NaN
A046,A,3,115,1,NaN,NaN,0,0.311697006225586
A046,A,3,116,1,NaN,NaN,0,0.329303979873657
A046,A,3,117,1,NaN,NaN,0,0.264915943145752
A046,A,3,118,1,NaN,NaN,0,0.404968976974487
A046,A,3,119,NaN,1,0,NaN,NaN
A046,A,3,120,1,NaN,NaN,0,0.232481956481934
A046,A,3,121,1,NaN,NaN,0,0.265522003173828
A046,A,3,122,1,NaN,NaN,0,0.24465799331665
A046,A,3,123,1,NaN,NaN,0,0.259711980819702
A046,A,3,124,1,NaN,NaN,0,0.247696161270142
A046,A,3,125,1,NaN,NaN,0,0.277277946472168
A046,A,3,126,1,NaN,NaN,0,0.269538879394531
A046,A,3,127,1,NaN,NaN,0,0.254312038421631
A046,A,3,128,NaN,0,1,NaN,NaN
A046,A,3,129,1,NaN,NaN,0,0.255944013595581
A046,A,3,130,1,NaN,NaN,0,0.256400108337402
A046,A,3,131,1,NaN,NaN,0,0.253597974777222
A046,A,3,132,1,NaN,NaN,0,0.352869987487793
A046,A,3,133,1,NaN,NaN,0,0.423068046569824
A046,A,3,134,1,NaN,NaN,0,0.362149953842163
A046,A,3,135,1,NaN,NaN,0,0.431477069854736
A046,A,3,136,1,NaN,NaN,0,0.415933847427368
A046,A,3,137,NaN,1,0,NaN,NaN
A046,A,3,138,1,NaN,NaN,0,0.219293117523193
A046,A,3,139,1,NaN,NaN,0,0.207902908325195
A046,A,3,140,1,NaN,NaN,0,0.336780071258545
A046,A,3,141,1,NaN,NaN,0,0.323351144790649
A046,A,3,142,1,NaN,NaN,0,0.344464063644409
A046,A,3,143,1,NaN,NaN,0,0.373468160629272
A046,A,3,144,1,NaN,NaN,0,0.346274137496948
A046,A,3,145,1,NaN,NaN,0,0.527468919754028
A046,A,3,146,1,NaN,NaN,0,0.364441871643066
A046,A,3,147,NaN,1,0,NaN,NaN
A046,A,3,148,1,NaN,NaN,0,0.198746919631958
A046,A,3,149,1,NaN,NaN,0,0.264360904693604
A046,A,3,150,0,NaN,NaN,1,NaN
A046,A,3,151,1,NaN,NaN,0,0.296552896499634
A046,A,3,152,1,NaN,NaN,0,0.31375789642334
A046,A,3,153,1,NaN,NaN,0,0.304753065109253
A046,A,3,154,1,NaN,NaN,0,0.415580987930298
A046,A,3,155,1,NaN,NaN,0,0.33163595199585
A046,A,3,156,1,NaN,NaN,0,0.27406907081604
A046,A,3,157,1,NaN,NaN,0,0.294694900512695
A046,A,3,158,NaN,0,1,NaN,NaN
A046,A,3,159,1,NaN,NaN,0,0.442873954772949
A046,A,3,160,1,NaN,NaN,0,0.558099985122681
A046,A,3,161,1,NaN,NaN,0,0.413511991500854
A046,A,3,162,1,NaN,NaN,0,0.890673875808716
A046,A,3,163,1,NaN,NaN,0,0.331355810165405
A046,A,3,164,1,NaN,NaN,0,0.29801607131958
A046,A,3,165,1,NaN,NaN,0,0.293631076812744
A046,A,3,166,1,NaN,NaN,0,0.267186880111694
A046,A,3,167,1,NaN,NaN,0,0.328029870986938
A046,A,3,168,1,NaN,NaN,0,0.341142892837524
A046,A,3,169,1,NaN,NaN,0,0.471940040588379
A046,A,3,170,NaN,1,0,NaN,NaN
A046,A,3,171,1,NaN,NaN,0,0.261312007904053
A046,A,3,172,1,NaN,NaN,0,1.06839990615845
A046,A,3,173,1,NaN,NaN,0,0.309418916702271
A046,A,3,174,1,NaN,NaN,0,0.283373117446899
A046,A,3,175,1,NaN,NaN,0,0.275513172149658
A046,A,3,176,1,NaN,NaN,0,0.276976108551025
A046,A,3,177,NaN,1,0,NaN,NaN
A046,A,3,178,1,NaN,NaN,0,0.219381809234619
A046,A,3,179,1,NaN,NaN,0,0.260081052780151
A046,A,3,180,1,NaN,NaN,0,0.247290134429932
A046,A,3,181,1,NaN,NaN,0,0.313896179199219
A046,A,3,182,1,NaN,NaN,0,0.283080816268921
A046,A,3,183,1,NaN,NaN,0,0.226609945297241
A046,A,3,184,NaN,0,1,NaN,NaN
A046,A,3,185,1,NaN,NaN,0,0.219820022583008
A046,A,3,186,1,NaN,NaN,0,0.242555141448975
A046,A,3,187,1,NaN,NaN,0,0.279798984527588
A046,A,3,188,1,NaN,NaN,0,0.238652944564819
A046,A,3,189,1,NaN,NaN,0,0.281887054443359
A046,A,3,190,1,NaN,NaN,0,0.241134881973267
A046,A,3,191,1,NaN,NaN,0,0.223426103591919
A046,A,3,192,1,NaN,NaN,0,0.288660049438477
A046,A,3,193,1,NaN,NaN,0,0.272232055664062
A046,A,3,194,1,NaN,NaN,0,0.288925886154175
A046,A,3,195,NaN,1,0,NaN,NaN
A046,A,3,196,1,NaN,NaN,0,0.226955890655518
A046,A,3,197,1,NaN,NaN,0,0.245180130004883
A046,A,3,198,1,NaN,NaN,0,0.342406034469604
A046,A,3,199,1,NaN,NaN,0,0.245471000671387
A046,A,3,200,1,NaN,NaN,0,0.214057922363281
A046,A,3,201,1,NaN,NaN,0,0.294621229171753
A046,A,3,202,1,NaN,NaN,0,0.176110982894897
A046,A,3,203,1,NaN,NaN,0,0.252510070800781
A046,A,3,204,1,NaN,NaN,0,0.372642040252686
A046,A,3,205,NaN,0,1,NaN,NaN
A046,A,3,206,1,NaN,NaN,0,0.393819093704224
A046,A,3,207,1,NaN,NaN,0,0.310842990875244
A046,A,3,208,1,NaN,NaN,0,0.285428047180176
A046,A,3,209,1,NaN,NaN,0,0.301965951919556
A046,A,3,210,NaN,0,1,NaN,NaN
A046,A,3,211,1,NaN,NaN,0,0.419800996780396
A046,A,3,212,1,NaN,NaN,0,0.472414970397949
A046,A,3,213,1,NaN,NaN,0,NaN
A046,A,3,214,1,NaN,NaN,0,0.271291971206665
A046,A,3,215,1,NaN,NaN,0,0.478652954101562
A046,A,3,216,1,NaN,NaN,0,0.535094976425171
A046,A,3,217,1,NaN,NaN,0,0.399263858795166
A046,A,3,218,1,NaN,NaN,0,0.352038145065308
A046,A,3,219,1,NaN,NaN,0,0.341200828552246
A046,A,3,220,1,NaN,NaN,0,0.361824989318848
A046,A,3,221,1,NaN,NaN,0,0.279610872268677
A046,A,3,222,1,NaN,NaN,0,0.301263093948364
A046,A,3,223,1,NaN,NaN,0,0.42913818359375
A046,A,3,224,NaN,1,0,NaN,NaN
A046,A,3,225,1,NaN,NaN,0,0.1770920753479
A046,A,3,226,1,NaN,NaN,0,NaN
A046,A,3,227,NaN,0,1,NaN,NaN
A046,A,3,228,1,NaN,NaN,0,0.327386140823364
A046,A,3,229,1,NaN,NaN,0,0.237972021102905
A046,A,3,230,1,NaN,NaN,0,0.355007171630859
A046,A,3,231,1,NaN,NaN,0,0.30831503868103
A046,A,3,232,1,NaN,NaN,0,0.309374094009399
A046,A,3,233,1,NaN,NaN,0,0.391126155853271
A046,A,3,234,1,NaN,NaN,0,0.362183094024658
A046,A,3,235,1,NaN,NaN,0,0.332663059234619
A046,A,3,236,NaN,1,0,NaN,NaN
A046,A,3,237,1,NaN,NaN,0,0.245607852935791
A046,A,3,238,1,NaN,NaN,0,0.27424693107605
A046,A,3,239,1,NaN,NaN,0,0.492562055587769
A046,A,3,240,1,NaN,NaN,0,0.281790018081665
A046,A,3,241,1,NaN,NaN,0,0.307178020477295
A046,A,3,242,1,NaN,NaN,0,0.317734956741333
A046,A,3,243,1,NaN,NaN,0,0.311056137084961
A046,A,3,244,1,NaN,NaN,0,0.321079015731812
A046,A,3,245,1,NaN,NaN,0,0.314200878143311
A046,A,3,246,1,NaN,NaN,0,0.332241058349609
A046,A,3,247,1,NaN,NaN,0,0.361500024795532
A046,A,3,248,1,NaN,NaN,0,0.285594940185547
A046,A,3,249,NaN,1,0,NaN,NaN
A046,A,3,250,1,NaN,NaN,0,0.23202109336853
A046,A,3,251,1,NaN,NaN,0,0.380862951278687
A046,A,3,252,1,NaN,NaN,0,0.273906946182251
A046,A,3,253,1,NaN,NaN,0,0.279458999633789
A046,A,3,254,1,NaN,NaN,0,0.37336802482605
A046,A,3,255,1,NaN,NaN,0,0.292288064956665
A046,A,3,256,NaN,0,1,NaN,NaN
A046,A,3,257,1,NaN,NaN,0,0.314685821533203
A046,A,3,258,1,NaN,NaN,0,0.283811807632446
A046,A,3,259,1,NaN,NaN,0,0.285324811935425
A046,A,3,260,1,NaN,NaN,0,0.378820896148682
A046,A,3,261,1,NaN,NaN,0,0.332927942276001
A046,A,3,262,1,NaN,NaN,0,0.393433094024658
A046,A,3,263,1,NaN,NaN,0,0.438888072967529
A046,A,3,264,1,NaN,NaN,0,0.371679067611694
A046,A,3,265,1,NaN,NaN,0,0.506588935852051
A046,A,3,266,1,NaN,NaN,0,0.357057094573975
A046,A,3,267,1,NaN,NaN,0,0.31352686882019
A046,A,3,268,NaN,0,1,NaN,NaN
A046,A,3,269,1,NaN,NaN,0,0.309625148773193
A046,A,3,270,1,NaN,NaN,0,0.222821950912476
A046,A,3,271,1,NaN,NaN,0,0.443282842636108
A046,A,3,272,1,NaN,NaN,0,0.317206144332886
A046,A,3,273,1,NaN,NaN,0,0.57890796661377
A046,A,3,274,1,NaN,NaN,0,0.36716890335083
A046,A,3,275,1,NaN,NaN,0,0.773036003112793
A046,A,3,276,1,NaN,NaN,0,0.406280040740967
A046,A,3,277,NaN,1,0,NaN,NaN
A046,A,3,278,1,NaN,NaN,0,0.36170506477356
A046,A,3,279,1,NaN,NaN,0,0.4792640209198
A046,A,3,280,1,NaN,NaN,0,0.462897062301636
A046,A,3,281,1,NaN,NaN,0,0.316349029541016
A046,A,3,282,NaN,1,0,NaN,NaN
A046,A,3,283,1,NaN,NaN,0,0.254889965057373
A046,A,3,284,1,NaN,NaN,0,0.309746980667114
A046,A,3,285,1,NaN,NaN,0,0.304960966110229
A046,A,3,286,1,NaN,NaN,0,0.304463863372803
A046,A,3,287,1,NaN,NaN,0,0.368815898895264
A046,A,3,288,1,NaN,NaN,0,0.307776927947998
A046,A,3,289,1,NaN,NaN,0,0.388837099075317
A046,A,3,290,1,NaN,NaN,0,0.479130029678345
A046,A,3,291,1,NaN,NaN,0,0.336427927017212
A046,A,3,292,1,NaN,NaN,0,0.28896689414978
A046,A,3,293,1,NaN,NaN,0,0.282011985778809
A046,A,3,294,1,NaN,NaN,0,0.330986022949219
A046,A,3,295,NaN,0,1,NaN,NaN
A046,A,3,296,1,NaN,NaN,0,0.589323997497559
A046,A,3,297,1,NaN,NaN,0,0.463486909866333
A046,A,3,298,1,NaN,NaN,0,0.599334001541138
A046,A,3,299,NaN,1,0,NaN,NaN
A046,A,3,300,1,NaN,NaN,0,0.259192943572998
A046,A,3,301,1,NaN,NaN,0,0.436944007873535
A046,A,3,302,1,NaN,NaN,0,0.356019020080566
A046,A,3,303,1,NaN,NaN,0,0.262538194656372
A046,A,3,304,1,NaN,NaN,0,0.342098951339722
A046,A,3,305,1,NaN,NaN,0,0.321570158004761
A046,A,3,306,1,NaN,NaN,0,0.520965099334717
A046,A,3,307,1,NaN,NaN,0,0.535933971405029
A046,A,3,308,1,NaN,NaN,0,0.67939305305481
A046,A,3,309,1,NaN,NaN,0,0.337123870849609
A046,A,3,310,1,NaN,NaN,0,0.352917194366455
A046,A,3,311,1,NaN,NaN,0,0.448657035827637
A046,A,3,312,1,NaN,NaN,0,0.363898038864136
A046,A,3,313,1,NaN,NaN,0,0.44438910484314
A046,A,3,314,NaN,0,1,NaN,NaN
A046,A,3,315,1,NaN,NaN,0,0.307846069335938
A046,A,3,316,1,NaN,NaN,0,0.340893983840942
A046,A,3,317,1,NaN,NaN,0,0.430824041366577
A046,A,3,318,1,NaN,NaN,0,0.505037069320679
A046,A,3,319,1,NaN,NaN,0,0.375236034393311
A046,A,3,320,1,NaN,NaN,0,0.377719879150391
A046,A,3,321,1,NaN,NaN,0,0.362807989120483
A046,A,3,322,NaN,1,0,NaN,NaN
A046,A,3,323,1,NaN,NaN,0,0.428432941436768
A046,A,3,324,1,NaN,NaN,0,0.313651084899902
A046,A,3,325,1,NaN,NaN,0,0.317214012145996
A046,A,3,326,1,NaN,NaN,0,0.295979022979736
A046,A,3,327,NaN,1,0,NaN,NaN
A046,A,3,328,1,NaN,NaN,0,0.265015125274658
A046,A,3,329,1,NaN,NaN,0,0.271263122558594
A046,A,3,330,1,NaN,NaN,0,0.300075054168701
A046,A,3,331,1,NaN,NaN,0,0.314968109130859
A046,A,3,332,1,NaN,NaN,0,0.367213010787964
A046,A,3,333,1,NaN,NaN,0,0.449088096618652
A046,A,3,334,1,NaN,NaN,0,0.340588092803955
A046,A,3,335,1,NaN,NaN,0,0.327960014343262
A046,A,3,336,1,NaN,NaN,0,0.410266160964966
A046,A,3,337,NaN,1,0,NaN,NaN
A046,A,3,338,1,NaN,NaN,0,0.22523307800293
A046,A,3,339,1,NaN,NaN,0,0.269840955734253
A046,A,3,340,1,NaN,NaN,0,0.285163879394531
A046,A,3,341,1,NaN,NaN,0,0.34812593460083
A046,A,3,342,1,NaN,NaN,0,0.453933954238892
A046,A,3,343,1,NaN,NaN,0,0.311613082885742
A046,A,3,344,1,NaN,NaN,0,0.277097225189209
A046,A,3,345,1,NaN,NaN,0,1.01213192939758
A046,A,3,346,NaN,1,0,NaN,NaN
A046,A,3,347,1,NaN,NaN,0,0.219291925430298
A046,A,3,348,1,NaN,NaN,0,0.24357795715332
A046,A,3,349,1,NaN,NaN,0,0.260371923446655
A046,A,3,350,1,NaN,NaN,0,0.326085090637207
A046,A,3,351,1,NaN,NaN,0,0.34476900100708
A046,A,3,352,1,NaN,NaN,0,0.362092018127441
A046,A,3,353,1,NaN,NaN,0,0.358510971069336
A046,A,3,354,1,NaN,NaN,0,0.304383993148804
A046,A,3,355,1,NaN,NaN,0,0.254381895065308
A046,A,3,356,1,NaN,NaN,0,0.313515901565552
A046,A,3,357,1,NaN,NaN,0,0.424814939498901
A046,A,3,358,1,NaN,NaN,0,0.341774940490723
A046,A,3,359,NaN,1,0,NaN,NaN
A046,A,3,360,1,NaN,NaN,0,0.272277116775513
A046,A,3,361,1,NaN,NaN,0,0.313001155853271
A046,A,3,362,NaN,0,1,NaN,NaN
A046,A,3,363,1,NaN,NaN,0,0.252765893936157
A046,A,3,364,1,NaN,NaN,0,0.641876935958862
A046,A,3,365,1,NaN,NaN,0,0.317382097244263
A046,A,3,366,1,NaN,NaN,0,0.294173955917358
A046,A,3,367,1,NaN,NaN,0,0.2950439453125
A046,A,3,368,1,NaN,NaN,0,0.298507928848267
A046,A,3,369,1,NaN,NaN,0,0.436643838882446
A046,A,3,370,1,NaN,NaN,0,0.323160886764526
A046,A,3,371,1,NaN,NaN,0,0.346040010452271
A046,A,3,372,1,NaN,NaN,0,0.338865041732788
A046,A,3,373,1,NaN,NaN,0,0.312158107757568
A046,A,3,374,1,NaN,NaN,0,0.322009086608887
A046,A,3,375,NaN,1,0,NaN,NaN
A046,A,3,376,1,NaN,NaN,0,0.216826915740967
A046,A,3,377,1,NaN,NaN,0,0.258947134017944
A046,A,3,378,1,NaN,NaN,0,0.272388935089111
A046,A,3,379,1,NaN,NaN,0,0.27907395362854
A046,A,3,380,1,NaN,NaN,0,0.343883991241455
A046,A,3,381,1,NaN,NaN,0,0.338109970092773
A046,A,3,382,NaN,1,0,NaN,NaN
A046,A,3,383,1,NaN,NaN,0,0.208132028579712
A046,A,3,384,1,NaN,NaN,0,0.434444189071655
A046,A,3,385,1,NaN,NaN,0,0.314745903015137
A046,A,3,386,1,NaN,NaN,0,0.35433292388916
A046,A,3,387,1,NaN,NaN,0,0.315354824066162
A046,A,3,388,1,NaN,NaN,0,0.308284997940063
A046,A,3,389,NaN,0,1,NaN,NaN
A046,A,3,390,1,NaN,NaN,0,0.477229833602905
A046,A,3,391,1,NaN,NaN,0,0.321792125701904
A046,A,3,392,1,NaN,NaN,0,0.272704839706421
A046,A,3,393,1,NaN,NaN,0,0.302166938781738
A046,A,3,394,1,NaN,NaN,0,0.318809986114502
A046,A,3,395,1,NaN,NaN,0,0.460125923156738
A046,A,3,396,1,NaN,NaN,0,0.274290084838867
A046,A,3,397,1,NaN,NaN,0,0.310862064361572
A046,A,3,398,1,NaN,NaN,0,0.275021076202393
A046,A,3,399,1,NaN,NaN,0,0.320523977279663
A046,A,3,400,1,NaN,NaN,0,0.236660957336426
A046,A,3,401,1,NaN,NaN,0,0.292397022247314
A046,A,3,402,NaN,1,0,NaN,NaN
A046,A,3,403,1,NaN,NaN,0,0.334513187408447
A046,A,3,404,1,NaN,NaN,0,0.238530158996582
A046,A,3,405,1,NaN,NaN,0,0.228504180908203
A046,A,3,406,1,NaN,NaN,0,0.216684818267822
A046,A,3,407,1,NaN,NaN,0,0.306679964065552
A046,A,3,408,1,NaN,NaN,0,0.30479907989502
A046,A,3,409,NaN,0,1,NaN,NaN
A046,A,3,410,1,NaN,NaN,0,0.350957155227661
A046,A,3,411,1,NaN,NaN,0,0.296363115310669
A046,A,3,412,1,NaN,NaN,0,0.383403062820435
A046,A,3,413,1,NaN,NaN,0,0.286978960037231
A046,A,3,414,1,NaN,NaN,0,0.314081907272339
A046,A,3,415,1,NaN,NaN,0,0.275357961654663
A046,A,3,416,1,NaN,NaN,0,0.253592014312744
A046,A,3,417,1,NaN,NaN,0,0.296236991882324
A046,A,3,418,1,NaN,NaN,0,0.348761081695557
A046,A,3,419,1,NaN,NaN,0,0.367001056671143
A046,A,3,420,1,NaN,NaN,0,0.391194820404053
A046,A,3,421,1,NaN,NaN,0,0.328350067138672
A046,A,3,422,NaN,0,1,NaN,NaN
A046,A,3,423,1,NaN,NaN,0,0.404178857803345
A046,A,3,424,1,NaN,NaN,0,0.260771036148071
A046,A,3,425,0,NaN,NaN,1,NaN
A046,A,3,426,1,NaN,NaN,0,0.280250072479248
A046,A,3,427,1,NaN,NaN,0,0.383334159851074
A046,A,3,428,1,NaN,NaN,0,0.298484086990356
A046,A,3,429,1,NaN,NaN,0,0.277084112167358
A046,A,3,430,NaN,1,0,NaN,NaN
A046,A,3,431,1,NaN,NaN,0,0.278964996337891
A046,A,3,432,1,NaN,NaN,0,0.309010982513428
A046,A,3,433,1,NaN,NaN,0,0.225430965423584
A046,A,3,434,1,NaN,NaN,0,0.221450805664062
A046,A,3,435,1,NaN,NaN,0,0.300435781478882
A046,A,3,436,NaN,1,0,NaN,NaN
A046,A,3,437,1,NaN,NaN,0,0.249897003173828
A046,A,3,438,1,NaN,NaN,0,0.298996925354004
A046,A,3,439,1,NaN,NaN,0,0.455794095993042
A046,A,3,440,1,NaN,NaN,0,0.261667966842651
A046,A,3,441,1,NaN,NaN,0,0.348819971084595
A046,A,3,442,1,NaN,NaN,0,0.605197191238403
A046,A,3,443,NaN,1,0,NaN,NaN
A046,A,3,444,1,NaN,NaN,0,0.268187046051025
A046,A,3,445,1,NaN,NaN,0,0.284876823425293
A046,A,3,446,1,NaN,NaN,0,NaN
A046,A,3,447,1,NaN,NaN,0,0.246401071548462
A046,A,3,448,1,NaN,NaN,0,0.16826605796814
A046,A,3,449,1,NaN,NaN,0,NaN
A046,A,3,450,1,NaN,NaN,0,NaN
A046,A,3,451,1,NaN,NaN,0,0.24478006362915
A046,A,3,452,1,NaN,NaN,0,0.31892991065979
A046,A,3,453,1,NaN,NaN,0,0.355422973632812
A046,A,3,454,1,NaN,NaN,0,0.277809143066406
A046,A,3,455,1,NaN,NaN,0,0.357133150100708
A046,A,3,456,NaN,1,0,NaN,NaN
A046,A,3,457,1,NaN,NaN,0,0.202866792678833
A046,A,3,458,1,NaN,NaN,0,0.38768196105957
A046,A,3,459,1,NaN,NaN,0,0.200629949569702
A046,A,3,460,1,NaN,NaN,0,0.287773132324219
A046,A,3,461,1,NaN,NaN,0,0.340147972106934
A046,A,3,462,1,NaN,NaN,0,0.26908802986145
A046,A,3,463,1,NaN,NaN,0,0.34589695930481
A046,A,3,464,1,NaN,NaN,0,0.472018003463745
A046,A,3,465,1,NaN,NaN,0,0.290228843688965
A046,A,3,466,NaN,1,0,NaN,NaN
A046,A,3,467,1,NaN,NaN,0,0.233350038528442
A046,A,3,468,1,NaN,NaN,0,0.349984169006348
A046,A,3,469,1,NaN,NaN,0,0.189620018005371
A046,A,3,470,1,NaN,NaN,0,0.24277400970459
A046,A,3,471,NaN,1,0,NaN,NaN
A046,A,3,472,1,NaN,NaN,0,0.237372159957886
A046,A,3,473,1,NaN,NaN,0,0.218271970748901
A046,A,3,474,1,NaN,NaN,0,0.294818878173828
A046,A,3,475,1,NaN,NaN,0,0.33378791809082
A046,A,3,476,1,NaN,NaN,0,0.270747900009155
A046,A,3,477,1,NaN,NaN,0,0.281073093414307
A046,A,3,478,1,NaN,NaN,0,0.255419969558716
A046,A,3,479,1,NaN,NaN,0,0.320805072784424
A046,A,3,480,1,NaN,NaN,0,0.29537296295166
A046,A,3,481,1,NaN,NaN,0,0.32073712348938
A046,A,3,482,1,NaN,NaN,0,0.341346025466919
A046,A,3,483,1,NaN,NaN,0,0.327217102050781
A046,A,3,484,1,NaN,NaN,0,0.471800088882446
A046,A,3,485,NaN,1,0,NaN,NaN
A046,A,3,486,1,NaN,NaN,0,0.235805988311768
A046,A,3,487,1,NaN,NaN,0,0.230129957199097
A046,A,3,488,1,NaN,NaN,0,0.296067953109741
A046,A,3,489,1,NaN,NaN,0,0.31700611114502
A046,A,3,490,NaN,1,0,NaN,NaN
A046,A,3,491,1,NaN,NaN,0,0.247637033462524
A046,A,3,492,1,NaN,NaN,0,0.28778600692749
A046,A,3,493,1,NaN,NaN,0,0.266543865203857
A046,A,3,494,1,NaN,NaN,0,0.336463212966919
A046,A,3,495,1,NaN,NaN,0,0.293921947479248
A046,A,3,496,1,NaN,NaN,0,0.300522089004517
A046,A,3,497,1,NaN,NaN,0,0.29402494430542
A046,A,3,498,1,NaN,NaN,0,0.326524972915649
A046,A,3,499,NaN,1,0,NaN,NaN
A046,A,3,500,1,NaN,NaN,0,0.244920969009399
A046,A,3,501,1,NaN,NaN,0,0.27015495300293
A046,A,3,502,1,NaN,NaN,0,0.29207181930542
A046,A,3,503,1,NaN,NaN,0,0.317014932632446
A046,A,3,504,1,NaN,NaN,0,0.409153938293457
A046,A,3,505,1,NaN,NaN,0,0.378310203552246
A046,A,3,506,1,NaN,NaN,0,0.660195112228394
A046,A,3,507,1,NaN,NaN,0,0.366815090179443
A046,A,3,508,1,NaN,NaN,0,0.355775117874146
A046,A,3,509,1,NaN,NaN,0,0.301630973815918
A046,A,3,510,NaN,1,0,NaN,NaN
A046,A,3,511,1,NaN,NaN,0,0.27548885345459
A046,A,3,512,1,NaN,NaN,0,0.444262981414795
A046,A,3,513,1,NaN,NaN,0,0.495373964309692
A046,A,3,514,1,NaN,NaN,0,0.346070051193237
A046,A,3,515,1,NaN,NaN,0,0.428611993789673
A046,A,3,516,1,NaN,NaN,0,0.341557025909424
A046,A,3,517,1,NaN,NaN,0,0.47763204574585
A046,A,3,518,1,NaN,NaN,0,0.280690908432007
A046,A,3,519,1,NaN,NaN,0,0.151921987533569
A046,A,3,520,1,NaN,NaN,0,0.297705888748169
A046,A,3,521,NaN,0,1,NaN,NaN
A046,A,3,522,1,NaN,NaN,0,0.372233152389526
A046,A,3,523,1,NaN,NaN,0,0.406827926635742
A046,A,3,524,1,NaN,NaN,0,0.351694107055664
A046,A,3,525,1,NaN,NaN,0,0.275187015533447
A046,A,3,526,1,NaN,NaN,0,0.302325963973999
A046,A,3,527,1,NaN,NaN,0,0.239641904830933
A046,A,3,528,1,NaN,NaN,0,0.234079837799072
A046,A,3,529,1,NaN,NaN,0,0.263493061065674
A046,A,3,530,NaN,1,0,NaN,NaN
A046,A,3,531,1,NaN,NaN,0,0.319100856781006
A046,A,3,532,1,NaN,NaN,0,0.421981811523438
A046,A,3,533,1,NaN,NaN,0,0.343168020248413
A046,A,3,534,NaN,1,0,NaN,NaN
A046,A,3,535,1,NaN,NaN,0,0.260197162628174
A046,A,3,536,1,NaN,NaN,0,0.256817102432251
A046,A,3,537,1,NaN,NaN,0,0.305071115493774
A046,A,3,538,1,NaN,NaN,0,0.260215997695923
A046,A,3,539,1,NaN,NaN,0,0.258257150650024
A046,A,3,540,1,NaN,NaN,0,0.238670825958252
A046,A,3,541,1,NaN,NaN,0,0.336383104324341
A046,A,3,542,1,NaN,NaN,0,0.333910942077637
A046,A,3,543,1,NaN,NaN,0,0.426980018615723
A046,A,3,544,1,NaN,NaN,0,0.280078887939453
A046,A,3,545,1,NaN,NaN,0,0.296945095062256
A046,A,3,546,1,NaN,NaN,0,0.291906833648682
A046,A,3,547,NaN,0,1,NaN,NaN
A046,A,3,548,1,NaN,NaN,0,0.36571216583252
A046,A,3,549,1,NaN,NaN,0,0.426630973815918
A046,A,3,550,1,NaN,NaN,0,0.307397842407227
A046,A,3,551,1,NaN,NaN,0,0.367047071456909
A046,A,3,552,1,NaN,NaN,0,0.536226034164429
A046,A,3,553,1,NaN,NaN,0,0.341284036636353
A046,A,3,554,1,NaN,NaN,0,0.596760988235474
A046,A,3,555,1,NaN,NaN,0,0.38421106338501
A046,A,3,556,NaN,1,0,NaN,NaN
A046,A,3,557,1,NaN,NaN,0,0.263581991195679
A046,A,3,558,1,NaN,NaN,0,0.272444009780884
A046,A,3,559,1,NaN,NaN,0,0.338237047195435
A046,A,3,560,1,NaN,NaN,0,0.294981956481934
A046,A,3,561,1,NaN,NaN,0,0.37922215461731
A046,A,3,562,1,NaN,NaN,0,0.543668985366821
A046,A,3,563,1,NaN,NaN,0,0.296650171279907
A046,A,3,564,1,NaN,NaN,0,0.428869009017944
A046,A,3,565,1,NaN,NaN,0,0.29682183265686
A046,A,3,566,NaN,1,0,NaN,NaN
A046,A,3,567,1,NaN,NaN,0,0.214418888092041
A046,A,3,568,1,NaN,NaN,0,0.417715072631836
A046,A,3,569,1,NaN,NaN,0,0.491251945495605
A046,A,3,570,NaN,1,0,NaN,NaN
A046,A,3,571,1,NaN,NaN,0,0.233349084854126
A046,A,3,572,1,NaN,NaN,0,0.319263935089111
A046,A,3,573,1,NaN,NaN,0,0.23188591003418
A046,A,3,574,1,NaN,NaN,0,0.267066955566406
A046,A,3,575,1,NaN,NaN,0,0.32273006439209
A046,A,4,1,1,NaN,NaN,0,0.374389886856079
A046,A,4,2,1,NaN,NaN,0,0.292433023452759
A046,A,4,3,1,NaN,NaN,0,0.397719860076904
A046,A,4,4,1,NaN,NaN,0,0.340579032897949
A046,A,4,5,1,NaN,NaN,0,0.323596954345703
A046,A,4,6,1,NaN,NaN,0,0.360064029693604
A046,A,4,7,1,NaN,NaN,0,0.291209936141968
A046,A,4,8,NaN,1,0,NaN,NaN
A046,A,4,9,1,NaN,NaN,0,0.231791973114014
A046,A,4,10,1,NaN,NaN,0,0.247793912887573
A046,A,4,11,1,NaN,NaN,0,0.352360010147095
A046,A,4,12,1,NaN,NaN,0,0.403094053268433
A046,A,4,13,NaN,1,0,NaN,NaN
A046,A,4,14,1,NaN,NaN,0,0.232378005981445
A046,A,4,15,1,NaN,NaN,0,0.400581836700439
A046,A,4,16,1,NaN,NaN,0,0.380135774612427
A046,A,4,17,1,NaN,NaN,0,0.450623989105225
A046,A,4,18,1,NaN,NaN,0,0.506953954696655
A046,A,4,19,1,NaN,NaN,0,0.428640842437744
A046,A,4,20,1,NaN,NaN,0,0.332571983337402
A046,A,4,21,1,NaN,NaN,0,0.378865957260132
A046,A,4,22,1,NaN,NaN,0,0.290429830551147
A046,A,4,23,1,NaN,NaN,0,0.302601099014282
A046,A,4,24,NaN,0,1,NaN,NaN
A046,A,4,25,1,NaN,NaN,0,0.564342021942139
A046,A,4,26,1,NaN,NaN,0,0.343999147415161
A046,A,4,27,1,NaN,NaN,0,0.277385950088501
A046,A,4,28,1,NaN,NaN,0,0.287055969238281
A046,A,4,29,1,NaN,NaN,0,0.384247064590454
A046,A,4,30,1,NaN,NaN,0,0.561203956604004
A046,A,4,31,1,NaN,NaN,0,0.558357000350952
A046,A,4,32,1,NaN,NaN,0,0.366129875183105
A046,A,4,33,NaN,0,1,NaN,NaN
A046,A,4,34,1,NaN,NaN,0,0.47590184211731
A046,A,4,35,1,NaN,NaN,0,0.410966873168945
A046,A,4,36,1,NaN,NaN,0,0.383860111236572
A046,A,4,37,1,NaN,NaN,0,0.504708051681519
A046,A,4,38,1,NaN,NaN,0,0.514369964599609
A046,A,4,39,1,NaN,NaN,0,0.719342947006226
A046,A,4,40,1,NaN,NaN,0,0.479746103286743
A046,A,4,41,1,NaN,NaN,0,0.367600917816162
A046,A,4,42,NaN,1,0,NaN,NaN
A046,A,4,43,1,NaN,NaN,0,0.393644094467163
A046,A,4,44,1,NaN,NaN,0,0.462234020233154
A046,A,4,45,1,NaN,NaN,0,0.302781105041504
A046,A,4,46,1,NaN,NaN,0,0.518733978271484
A046,A,4,47,1,NaN,NaN,0,0.322900056838989
A046,A,4,48,NaN,1,0,NaN,NaN
A046,A,4,49,1,NaN,NaN,0,0.288573980331421
A046,A,4,50,1,NaN,NaN,0,0.278985023498535
A046,A,4,51,1,NaN,NaN,0,0.251370191574097
A046,A,4,52,1,NaN,NaN,0,0.287588834762573
A046,A,4,53,1,NaN,NaN,0,0.308832168579102
A046,A,4,54,1,NaN,NaN,0,0.307086944580078
A046,A,4,55,1,NaN,NaN,0,0.315838813781738
A046,A,4,56,1,NaN,NaN,0,0.353257894515991
A046,A,4,57,1,NaN,NaN,0,0.341048002243042
A046,A,4,58,1,NaN,NaN,0,0.347578048706055
A046,A,4,59,1,NaN,NaN,0,0.40037202835083
A046,A,4,60,1,NaN,NaN,0,0.345877170562744
A046,A,4,61,NaN,1,0,NaN,NaN
A046,A,4,62,1,NaN,NaN,0,0.244883060455322
A046,A,4,63,1,NaN,NaN,0,0.234408140182495
A046,A,4,64,1,NaN,NaN,0,0.251698017120361
A046,A,4,65,1,NaN,NaN,0,0.41966700553894
A046,A,4,66,1,NaN,NaN,0,0.294894933700562
A046,A,4,67,1,NaN,NaN,0,0.347598075866699
A046,A,4,68,1,NaN,NaN,0,0.341469049453735
A046,A,4,69,1,NaN,NaN,0,0.320197820663452
A046,A,4,70,1,NaN,NaN,0,0.417400121688843
A046,A,4,71,NaN,1,0,NaN,NaN
A046,A,4,72,1,NaN,NaN,0,0.249657869338989
A046,A,4,73,1,NaN,NaN,0,0.248088121414185
A046,A,4,74,NaN,0,1,NaN,NaN
A046,A,4,75,1,NaN,NaN,0,0.391794919967651
A046,A,4,76,1,NaN,NaN,0,0.254723072052002
A046,A,4,77,1,NaN,NaN,0,0.486824989318848
A046,A,4,78,1,NaN,NaN,0,0.439641952514648
A046,A,4,79,1,NaN,NaN,0,0.547998189926147
A046,A,4,80,1,NaN,NaN,0,0.345290899276733
A046,A,4,81,1,NaN,NaN,0,0.372128009796143
A046,A,4,82,1,NaN,NaN,0,0.419288873672485
A046,A,4,83,NaN,1,0,NaN,NaN
A046,A,4,84,1,NaN,NaN,0,0.280441999435425
A046,A,4,85,1,NaN,NaN,0,0.361005067825317
A046,A,4,86,1,NaN,NaN,0,0.271596908569336
A046,A,4,87,1,NaN,NaN,0,0.269095897674561
A046,A,4,88,1,NaN,NaN,0,0.35492992401123
A046,A,4,89,1,NaN,NaN,0,0.305399179458618
A046,A,4,90,1,NaN,NaN,0,0.390022993087769
A046,A,4,91,1,NaN,NaN,0,0.347157955169678
A046,A,4,92,1,NaN,NaN,0,0.303704023361206
A046,A,4,93,1,NaN,NaN,0,0.376628875732422
A046,A,4,94,1,NaN,NaN,0,0.313515186309814
A046,A,4,95,1,NaN,NaN,0,0.367236852645874
A046,A,4,96,1,NaN,NaN,0,0.393372058868408
A046,A,4,97,NaN,0,1,NaN,NaN
A046,A,4,98,1,NaN,NaN,0,0.540122985839844
A046,A,4,99,1,NaN,NaN,0,0.288644075393677
A046,A,4,100,1,NaN,NaN,0,0.343444108963013
A046,A,4,101,1,NaN,NaN,0,0.551248073577881
A046,A,4,102,1,NaN,NaN,0,0.366894006729126
A046,A,4,103,1,NaN,NaN,0,0.281268119812012
A046,A,4,104,NaN,1,0,NaN,NaN
A046,A,4,105,1,NaN,NaN,0,0.239890098571777
A046,A,4,106,1,NaN,NaN,0,0.333245992660522
A046,A,4,107,1,NaN,NaN,0,0.279859781265259
A046,A,4,108,1,NaN,NaN,0,0.394884824752808
A046,A,4,109,1,NaN,NaN,0,0.32670783996582
A046,A,4,110,1,NaN,NaN,0,0.250788927078247
A046,A,4,111,1,NaN,NaN,0,0.849118947982788
A046,A,4,112,1,NaN,NaN,0,0.375597953796387
A046,A,4,113,NaN,1,0,NaN,NaN
A046,A,4,114,1,NaN,NaN,0,0.241351127624512
A046,A,4,115,1,NaN,NaN,0,0.333781957626343
A046,A,4,116,1,NaN,NaN,0,0.330464124679565
A046,A,4,117,1,NaN,NaN,0,0.338778018951416
A046,A,4,118,1,NaN,NaN,0,0.298397064208984
A046,A,4,119,NaN,0,1,NaN,NaN
A046,A,4,120,1,NaN,NaN,0,0.337815046310425
A046,A,4,121,1,NaN,NaN,0,0.242685079574585
A046,A,4,122,1,NaN,NaN,0,0.230934143066406
A046,A,4,123,1,NaN,NaN,0,0.385349988937378
A046,A,4,124,1,NaN,NaN,0,0.316591024398804
A046,A,4,125,1,NaN,NaN,0,0.286689043045044
A046,A,4,126,1,NaN,NaN,0,0.428267955780029
A046,A,4,127,1,NaN,NaN,0,0.32633900642395
A046,A,4,128,1,NaN,NaN,0,0.421915054321289
A046,A,4,129,1,NaN,NaN,0,0.35677695274353
A046,A,4,130,1,NaN,NaN,0,0.402595996856689
A046,A,4,131,1,NaN,NaN,0,0.377526998519897
A046,A,4,132,NaN,1,0,NaN,NaN
A046,A,4,133,1,NaN,NaN,0,0.2257080078125
A046,A,4,134,1,NaN,NaN,0,0.587000131607056
A046,A,4,135,1,NaN,NaN,0,0.40370512008667
A046,A,4,136,1,NaN,NaN,0,0.591276884078979
A046,A,4,137,1,NaN,NaN,0,0.314051151275635
A046,A,4,138,1,NaN,NaN,0,0.413254022598267
A046,A,4,139,NaN,1,0,NaN,NaN
A046,A,4,140,1,NaN,NaN,0,0.259915113449097
A046,A,4,141,1,NaN,NaN,0,0.284724950790405
A046,A,4,142,1,NaN,NaN,0,0.288243055343628
A046,A,4,143,1,NaN,NaN,0,0.262284994125366
A046,A,4,144,1,NaN,NaN,0,0.43175196647644
A046,A,4,145,1,NaN,NaN,0,0.365870952606201
A046,A,4,146,1,NaN,NaN,0,0.403976917266846
A046,A,4,147,1,NaN,NaN,0,0.36810302734375
A046,A,4,148,1,NaN,NaN,0,0.352870941162109
A046,A,4,149,1,NaN,NaN,0,0.358857154846191
A046,A,4,150,1,NaN,NaN,0,0.315021991729736
A046,A,4,151,NaN,1,0,NaN,NaN
A046,A,4,152,1,NaN,NaN,0,0.258748054504395
A046,A,4,153,1,NaN,NaN,0,0.268671989440918
A046,A,4,154,1,NaN,NaN,0,0.290980100631714
A046,A,4,155,1,NaN,NaN,0,0.307433843612671
A046,A,4,156,1,NaN,NaN,0,0.280071973800659
A046,A,4,157,1,NaN,NaN,0,0.308951854705811
A046,A,4,158,1,NaN,NaN,0,0.3438401222229
A046,A,4,159,NaN,1,0,NaN,NaN
A046,A,4,160,1,NaN,NaN,0,0.239954948425293
A046,A,4,161,1,NaN,NaN,0,0.192218065261841
A046,A,4,162,1,NaN,NaN,0,0.244361877441406
A046,A,4,163,1,NaN,NaN,0,0.338596105575562
A046,A,4,164,1,NaN,NaN,0,0.359518051147461
A046,A,4,165,1,NaN,NaN,0,0.334161996841431
A046,A,4,166,NaN,0,1,NaN,NaN
A046,A,4,167,0,NaN,NaN,1,NaN
A046,A,4,168,1,NaN,NaN,0,0.253428936004639
A046,A,4,169,1,NaN,NaN,0,0.331830978393555
A046,A,4,170,1,NaN,NaN,0,0.275882005691528
A046,A,4,171,1,NaN,NaN,0,0.307929039001465
A046,A,4,172,1,NaN,NaN,0,0.328058004379272
A046,A,4,173,1,NaN,NaN,0,0.281498908996582
A046,A,4,174,1,NaN,NaN,0,0.341690063476562
A046,A,4,175,1,NaN,NaN,0,0.312390089035034
A046,A,4,176,1,NaN,NaN,0,0.335489988327026
A046,A,4,177,1,NaN,NaN,0,0.3034348487854
A046,A,4,178,NaN,0,1,NaN,NaN
A046,A,4,179,1,NaN,NaN,0,0.627285957336426
A046,A,4,180,1,NaN,NaN,0,0.485296964645386
A046,A,4,181,1,NaN,NaN,0,0.475081920623779
A046,A,4,182,1,NaN,NaN,0,0.616962909698486
A046,A,4,183,1,NaN,NaN,0,0.422066926956177
A046,A,4,184,NaN,1,0,NaN,NaN
A046,A,4,185,1,NaN,NaN,0,0.341314077377319
A046,A,4,186,1,NaN,NaN,0,0.592610836029053
A046,A,4,187,1,NaN,NaN,0,0.405077934265137
A046,A,4,188,1,NaN,NaN,0,0.469632148742676
A046,A,4,189,1,NaN,NaN,0,0.31076717376709
A046,A,4,190,1,NaN,NaN,0,0.363815784454346
A046,A,4,191,1,NaN,NaN,0,0.429397821426392
A046,A,4,192,NaN,1,0,NaN,NaN
A046,A,4,193,1,NaN,NaN,0,0.306741952896118
A046,A,4,194,1,NaN,NaN,0,0.384597063064575
A046,A,4,195,1,NaN,NaN,0,0.401489019393921
A046,A,4,196,1,NaN,NaN,0,0.465287923812866
A046,A,4,197,1,NaN,NaN,0,0.3749680519104
A046,A,4,198,1,NaN,NaN,0,0.346057891845703
A046,A,4,199,1,NaN,NaN,0,0.311017036437988
A046,A,4,200,NaN,1,0,NaN,NaN
A046,A,4,201,1,NaN,NaN,0,0.255452871322632
A046,A,4,202,1,NaN,NaN,0,0.296713829040527
A046,A,4,203,1,NaN,NaN,0,0.298410177230835
A046,A,4,204,1,NaN,NaN,0,0.331711053848267
A046,A,4,205,1,NaN,NaN,0,0.348479986190796
A046,A,4,206,1,NaN,NaN,0,0.363470077514648
A046,A,4,207,1,NaN,NaN,0,0.315845012664795
A046,A,4,208,1,NaN,NaN,0,0.292528867721558
A046,A,4,209,NaN,1,0,NaN,NaN
A046,A,4,210,1,NaN,NaN,0,0.25283408164978
A046,A,4,211,1,NaN,NaN,0,0.218255996704102
A046,A,4,212,1,NaN,NaN,0,0.309864044189453
A046,A,4,213,1,NaN,NaN,0,0.326092958450317
A046,A,4,214,1,NaN,NaN,0,0.352267980575562
A046,A,4,215,1,NaN,NaN,0,0.281556844711304
A046,A,4,216,1,NaN,NaN,0,0.299623012542725
A046,A,4,217,1,NaN,NaN,0,0.317337989807129
A046,A,4,218,1,NaN,NaN,0,0.539278984069824
A046,A,4,219,1,NaN,NaN,0,0.360435009002686
A046,A,4,220,1,NaN,NaN,0,0.409389019012451
A046,A,4,221,1,NaN,NaN,0,0.325085163116455
A046,A,4,222,NaN,1,0,NaN,NaN
A046,A,4,223,1,NaN,NaN,0,0.368170976638794
A046,A,4,224,1,NaN,NaN,0,0.259423971176147
A046,A,4,225,1,NaN,NaN,0,0.304849863052368
A046,A,4,226,1,NaN,NaN,0,0.283982992172241
A046,A,4,227,NaN,1,0,NaN,NaN
A046,A,4,228,1,NaN,NaN,0,0.258314847946167
A046,A,4,229,1,NaN,NaN,0,0.340991973876953
A046,A,4,230,1,NaN,NaN,0,0.315946102142334
A046,A,4,231,1,NaN,NaN,0,0.352465152740479
A046,A,4,232,1,NaN,NaN,0,0.389621019363403
A046,A,4,233,1,NaN,NaN,0,0.360177040100098
A046,A,4,234,1,NaN,NaN,0,0.316802024841309
A046,A,4,235,1,NaN,NaN,0,0.346428155899048
A046,A,4,236,NaN,1,0,NaN,NaN
A046,A,4,237,1,NaN,NaN,0,0.209584951400757
A046,A,4,238,1,NaN,NaN,0,0.291997194290161
A046,A,4,239,1,NaN,NaN,0,0.257715940475464
A046,A,4,240,1,NaN,NaN,0,0.273154020309448
A046,A,4,241,1,NaN,NaN,0,0.466266870498657
A046,A,4,242,1,NaN,NaN,0,0.549426078796387
A046,A,4,243,1,NaN,NaN,0,0.581171035766602
A046,A,4,244,1,NaN,NaN,0,0.615426063537598
A046,A,4,245,1,NaN,NaN,0,0.300191164016724
A046,A,4,246,1,NaN,NaN,0,0.341467142105103
A046,A,4,247,1,NaN,NaN,0,0.538316965103149
A046,A,4,248,1,NaN,NaN,0,0.315042018890381
A046,A,4,249,NaN,1,0,NaN,NaN
A046,A,4,250,1,NaN,NaN,0,0.255485057830811
A046,A,4,251,1,NaN,NaN,0,0.260870933532715
A046,A,4,252,1,NaN,NaN,0,0.232169151306152
A046,A,4,253,1,NaN,NaN,0,0.233330965042114
A046,A,4,254,1,NaN,NaN,0,0.478291034698486
A046,A,4,255,1,NaN,NaN,0,0.315850019454956
A046,A,4,256,1,NaN,NaN,0,0.504384994506836
A046,A,4,257,1,NaN,NaN,0,0.357176065444946
A046,A,4,258,1,NaN,NaN,0,0.539220094680786
A046,A,4,259,1,NaN,NaN,0,0.359775066375732
A046,A,4,260,NaN,1,0,NaN,NaN
A046,A,4,261,1,NaN,NaN,0,0.23353910446167
A046,A,4,262,1,NaN,NaN,0,0.343415021896362
A046,A,4,263,1,NaN,NaN,0,0.353232860565186
A046,A,4,264,1,NaN,NaN,0,0.286993980407715
A046,A,4,265,1,NaN,NaN,0,0.368777990341187
A046,A,4,266,1,NaN,NaN,0,0.277837038040161
A046,A,4,267,NaN,1,0,NaN,NaN
A046,A,4,268,1,NaN,NaN,0,0.239500999450684
A046,A,4,269,1,NaN,NaN,0,0.49619197845459
A046,A,4,270,1,NaN,NaN,0,0.283358812332153
A046,A,4,271,1,NaN,NaN,0,0.519984006881714
A046,A,4,272,1,NaN,NaN,0,0.346197128295898
A046,A,4,273,1,NaN,NaN,0,0.607081174850464
A046,A,4,274,1,NaN,NaN,0,0.447770833969116
A046,A,4,275,1,NaN,NaN,0,0.479743957519531
A046,A,4,276,1,NaN,NaN,0,0.499967098236084
A046,A,4,277,1,NaN,NaN,0,0.358680009841919
A046,A,4,278,NaN,1,0,NaN,NaN
A046,A,4,279,1,NaN,NaN,0,0.256108999252319
A046,A,4,280,1,NaN,NaN,0,0.157266139984131
A046,A,4,281,1,NaN,NaN,0,0.324156999588013
A046,A,4,282,1,NaN,NaN,0,0.245033025741577
A046,A,4,283,1,NaN,NaN,0,0.261874914169312
A046,A,4,284,1,NaN,NaN,0,0.376435041427612
A046,A,4,285,1,NaN,NaN,0,0.365482807159424
A046,A,4,286,1,NaN,NaN,0,0.318109035491943
A046,A,4,287,NaN,1,0,NaN,NaN
A046,A,4,288,1,NaN,NaN,0,NaN
A046,A,4,289,1,NaN,NaN,0,0.246738910675049
A046,A,4,290,NaN,0,1,NaN,NaN
A046,A,4,291,1,NaN,NaN,0,0.362138986587524
A046,A,4,292,1,NaN,NaN,0,0.53231406211853
A046,A,4,293,1,NaN,NaN,0,0.262840032577515
A046,A,4,294,1,NaN,NaN,0,0.256698131561279
A046,A,4,295,1,NaN,NaN,0,0.189518928527832
A046,A,4,296,1,NaN,NaN,0,0.276242971420288
A046,A,4,297,1,NaN,NaN,0,0.308087110519409
A046,A,4,298,1,NaN,NaN,0,0.307126045227051
A046,A,4,299,1,NaN,NaN,0,0.378709077835083
A046,A,4,300,NaN,0,1,NaN,NaN
A046,A,4,301,1,NaN,NaN,0,0.363253116607666
A046,A,4,302,1,NaN,NaN,0,0.467903137207031
A046,A,4,303,1,NaN,NaN,0,0.362576961517334
A046,A,4,304,1,NaN,NaN,0,0.255905151367188
A046,A,4,305,1,NaN,NaN,0,0.271209001541138
A046,A,4,306,1,NaN,NaN,0,0.377482891082764
A046,A,4,307,1,NaN,NaN,0,0.363847017288208
A046,A,4,308,1,NaN,NaN,0,0.367811918258667
A046,A,4,309,1,NaN,NaN,0,0.713405132293701
A046,A,4,310,1,NaN,NaN,0,0.36224102973938
A046,A,4,311,1,NaN,NaN,0,0.340977907180786
A046,A,4,312,1,NaN,NaN,0,0.535599946975708
A046,A,4,313,NaN,1,0,NaN,NaN
A046,A,4,314,1,NaN,NaN,0,0.281192064285278
A046,A,4,315,1,NaN,NaN,0,0.29088020324707
A046,A,4,316,1,NaN,NaN,0,0.307602882385254
A046,A,4,317,1,NaN,NaN,0,0.302194118499756
A046,A,4,318,1,NaN,NaN,0,0.295963048934937
A046,A,4,319,NaN,1,0,NaN,NaN
A046,A,4,320,1,NaN,NaN,0,0.2530198097229
A046,A,4,321,1,NaN,NaN,0,0.29512095451355
A046,A,4,322,1,NaN,NaN,0,0.290629863739014
A046,A,4,323,1,NaN,NaN,0,0.380825042724609
A046,A,4,324,1,NaN,NaN,0,0.324288129806519
A046,A,4,325,1,NaN,NaN,0,0.374118089675903
A046,A,4,326,1,NaN,NaN,0,0.414796113967896
A046,A,4,327,1,NaN,NaN,0,0.325790166854858
A046,A,4,328,1,NaN,NaN,0,0.292693138122559
A046,A,4,329,NaN,1,0,NaN,NaN
A046,A,4,330,1,NaN,NaN,0,0.235404968261719
A046,A,4,331,1,NaN,NaN,0,0.280967950820923
A046,A,4,332,1,NaN,NaN,0,0.303447961807251
A046,A,4,333,1,NaN,NaN,0,0.25226902961731
A046,A,4,334,1,NaN,NaN,0,0.247924089431763
A046,A,4,335,1,NaN,NaN,0,0.213189840316772
A046,A,4,336,1,NaN,NaN,0,0.286339998245239
A046,A,4,337,1,NaN,NaN,0,0.296032190322876
A046,A,4,338,1,NaN,NaN,0,NaN
A046,A,4,339,NaN,1,0,NaN,NaN
A046,A,4,340,1,NaN,NaN,0,0.562782049179077
A046,A,4,341,1,NaN,NaN,0,0.339982032775879
A046,A,4,342,1,NaN,NaN,0,0.294739007949829
A046,A,4,343,1,NaN,NaN,0,0.497915029525757
A046,A,4,344,1,NaN,NaN,0,0.318988800048828
A046,A,4,345,1,NaN,NaN,0,0.340101003646851
A046,A,4,346,1,NaN,NaN,0,0.417346000671387
A046,A,4,347,1,NaN,NaN,0,0.381380796432495
A046,A,4,348,1,NaN,NaN,0,0.420068979263306
A046,A,4,349,NaN,1,0,NaN,NaN
A046,A,4,350,1,NaN,NaN,0,0.263895034790039
A046,A,4,351,1,NaN,NaN,0,0.289162158966064
A046,A,4,352,1,NaN,NaN,0,0.278181076049805
A046,A,4,353,1,NaN,NaN,0,0.309053897857666
A046,A,4,354,1,NaN,NaN,0,0.308435916900635
A046,A,4,355,1,NaN,NaN,0,0.319967985153198
A046,A,4,356,1,NaN,NaN,0,0.288978099822998
A046,A,4,357,NaN,1,0,NaN,NaN
A046,A,4,358,1,NaN,NaN,0,0.256210088729858
A046,A,4,359,1,NaN,NaN,0,0.274345874786377
A046,A,4,360,1,NaN,NaN,0,0.252856969833374
A046,A,4,361,1,NaN,NaN,0,0.432405948638916
A046,A,4,362,NaN,1,0,NaN,NaN
A046,A,4,363,1,NaN,NaN,0,NaN
A046,A,4,364,1,NaN,NaN,0,0.263089895248413
A046,A,4,365,1,NaN,NaN,0,0.253722906112671
A046,A,4,366,1,NaN,NaN,0,0.474303960800171
A046,A,4,367,1,NaN,NaN,0,0.233663082122803
A046,A,4,368,1,NaN,NaN,0,0.282470941543579
A046,A,4,369,1,NaN,NaN,0,0.314414978027344
A046,A,4,370,1,NaN,NaN,0,0.328319787979126
A046,A,4,371,1,NaN,NaN,0,0.345666885375977
A046,A,4,372,1,NaN,NaN,0,0.310396909713745
A046,A,4,373,NaN,0,1,NaN,NaN
A046,A,4,374,1,NaN,NaN,0,0.336629867553711
A046,A,4,375,1,NaN,NaN,0,0.261810779571533
A046,A,4,376,1,NaN,NaN,0,0.388005971908569
A046,A,4,377,1,NaN,NaN,0,0.269377946853638
A046,A,4,378,1,NaN,NaN,0,0.394474029541016
A046,A,4,379,1,NaN,NaN,0,0.375396013259888
A046,A,4,380,1,NaN,NaN,0,0.411931037902832
A046,A,4,381,1,NaN,NaN,0,0.417863845825195
A046,A,4,382,1,NaN,NaN,0,0.373648881912231
A046,A,4,383,1,NaN,NaN,0,0.510396003723145
A046,A,4,384,1,NaN,NaN,0,0.367916107177734
A046,A,4,385,1,NaN,NaN,0,0.305413007736206
A046,A,4,386,NaN,1,0,NaN,NaN
A046,A,4,387,1,NaN,NaN,0,0.248378038406372
A046,A,4,388,1,NaN,NaN,0,0.277003049850464
A046,A,4,389,1,NaN,NaN,0,0.284640073776245
A046,A,4,390,1,NaN,NaN,0,0.328778028488159
A046,A,4,391,1,NaN,NaN,0,0.341333866119385
A046,A,4,392,1,NaN,NaN,0,0.520555019378662
A046,A,4,393,1,NaN,NaN,0,0.369464874267578
A046,A,4,394,NaN,1,0,NaN,NaN
A046,A,4,395,1,NaN,NaN,0,0.232295036315918
A046,A,4,396,1,NaN,NaN,0,0.421700000762939
A046,A,4,397,1,NaN,NaN,0,0.355358839035034
A046,A,4,398,1,NaN,NaN,0,0.267707109451294
A046,A,4,399,NaN,1,0,NaN,NaN
A046,A,4,400,1,NaN,NaN,0,0.246799945831299
A046,A,4,401,1,NaN,NaN,0,0.3767991065979
A046,A,4,402,1,NaN,NaN,0,0.361951112747192
A046,A,4,403,1,NaN,NaN,0,0.309295892715454
A046,A,4,404,1,NaN,NaN,0,0.35447096824646
A046,A,4,405,1,NaN,NaN,0,0.320218086242676
A046,A,4,406,1,NaN,NaN,0,0.3538498878479
A046,A,4,407,1,NaN,NaN,0,0.280339002609253
A046,A,4,408,1,NaN,NaN,0,0.312520980834961
A046,A,4,409,1,NaN,NaN,0,0.328590869903564
A046,A,4,410,1,NaN,NaN,0,0.390023946762085
A046,A,4,411,NaN,1,0,NaN,NaN
A046,A,4,412,1,NaN,NaN,0,0.245665073394775
A046,A,4,413,1,NaN,NaN,0,0.319815874099731
A046,A,4,414,1,NaN,NaN,0,0.313972949981689
A046,A,4,415,1,NaN,NaN,0,0.226975917816162
A046,A,4,416,1,NaN,NaN,0,0.348998069763184
A046,A,4,417,1,NaN,NaN,0,0.327588081359863
A046,A,4,418,1,NaN,NaN,0,0.341567039489746
A046,A,4,419,1,NaN,NaN,0,0.344282865524292
A046,A,4,420,NaN,0,1,NaN,NaN
A046,A,4,421,1,NaN,NaN,0,0.389287948608398
A046,A,4,422,1,NaN,NaN,0,0.302670001983643
A046,A,4,423,1,NaN,NaN,0,0.342777013778687
A046,A,4,424,1,NaN,NaN,0,0.348008871078491
A046,A,4,425,1,NaN,NaN,0,0.313158988952637
A046,A,4,426,1,NaN,NaN,0,0.304482936859131
A046,A,4,427,1,NaN,NaN,0,0.333193063735962
A046,A,4,428,NaN,1,0,NaN,NaN
A046,A,4,429,1,NaN,NaN,0,0.271850109100342
A046,A,4,430,1,NaN,NaN,0,0.297452926635742
A046,A,4,431,1,NaN,NaN,0,0.21909499168396
A046,A,4,432,1,NaN,NaN,0,0.493181943893433
A046,A,4,433,1,NaN,NaN,0,0.375112056732178
A046,A,4,434,1,NaN,NaN,0,0.366988182067871
A046,A,4,435,1,NaN,NaN,0,0.304879188537598
A046,A,4,436,1,NaN,NaN,0,0.401319980621338
A046,A,4,437,1,NaN,NaN,0,0.431679964065552
A046,A,4,438,1,NaN,NaN,0,0.328639030456543
A046,A,4,439,1,NaN,NaN,0,0.34247899055481
A046,A,4,440,NaN,1,0,NaN,NaN
A046,A,4,441,1,NaN,NaN,0,0.324668884277344
A046,A,4,442,1,NaN,NaN,0,0.262854099273682
A046,A,4,443,1,NaN,NaN,0,0.377672910690308
A046,A,4,444,NaN,1,0,NaN,NaN
A046,A,4,445,1,NaN,NaN,0,0.384278059005737
A046,A,4,446,1,NaN,NaN,0,0.276050090789795
A046,A,4,447,1,NaN,NaN,0,0.301298856735229
A046,A,4,448,1,NaN,NaN,0,0.337234973907471
A046,A,4,449,1,NaN,NaN,0,0.326509952545166
A046,A,4,450,1,NaN,NaN,0,0.305026054382324
A046,A,4,451,1,NaN,NaN,0,0.428235054016113
A046,A,4,452,1,NaN,NaN,0,0.352663040161133
A046,A,4,453,1,NaN,NaN,0,0.367549896240234
A046,A,4,454,1,NaN,NaN,0,0.505883932113647
A046,A,4,455,NaN,1,0,NaN,NaN
A046,A,4,456,1,NaN,NaN,0,0.299526929855347
A046,A,4,457,1,NaN,NaN,0,0.305650949478149
A046,A,4,458,1,NaN,NaN,0,0.244009971618652
A046,A,4,459,1,NaN,NaN,0,0.289133787155151
A046,A,4,460,1,NaN,NaN,0,0.28232216835022
A046,A,4,461,1,NaN,NaN,0,0.345856189727783
A046,A,4,462,1,NaN,NaN,0,0.422354936599731
A046,A,4,463,1,NaN,NaN,0,0.30729603767395
A046,A,4,464,1,NaN,NaN,0,0.306195974349976
A046,A,4,465,1,NaN,NaN,0,0.473984956741333
A046,A,4,466,NaN,1,0,NaN,NaN
A046,A,4,467,1,NaN,NaN,0,0.224930047988892
A046,A,4,468,1,NaN,NaN,0,0.312825918197632
A046,A,4,469,1,NaN,NaN,0,0.285300970077515
A046,A,4,470,1,NaN,NaN,0,0.255920886993408
A046,A,4,471,NaN,0,1,NaN,NaN
A046,A,4,472,1,NaN,NaN,0,0.311110019683838
A046,A,4,473,1,NaN,NaN,0,0.37047290802002
A046,A,4,474,1,NaN,NaN,0,0.352411985397339
A046,A,4,475,1,NaN,NaN,0,0.522065877914429
A046,A,4,476,1,NaN,NaN,0,0.382949113845825
A046,A,4,477,1,NaN,NaN,0,0.380150079727173
A046,A,4,478,1,NaN,NaN,0,0.451383113861084
A046,A,4,479,1,NaN,NaN,0,0.356438875198364
A046,A,4,480,1,NaN,NaN,0,0.352916955947876
A046,A,4,481,1,NaN,NaN,0,NaN
A046,A,4,482,1,NaN,NaN,0,0.250913858413696
A046,A,4,483,1,NaN,NaN,0,0.517107963562012
A046,A,4,484,1,NaN,NaN,0,0.318578958511353
A046,A,4,485,NaN,1,0,NaN,NaN
A046,A,4,486,1,NaN,NaN,0,0.259855985641479
A046,A,4,487,1,NaN,NaN,0,0.242783069610596
A046,A,4,488,1,NaN,NaN,0,0.26282000541687
A046,A,4,489,1,NaN,NaN,0,0.304399967193604
A046,A,4,490,1,NaN,NaN,0,0.265047073364258
A046,A,4,491,1,NaN,NaN,0,0.270732164382935
A046,A,4,492,1,NaN,NaN,0,0.351089000701904
A046,A,4,493,NaN,0,1,NaN,NaN
A046,A,4,494,1,NaN,NaN,0,0.273744106292725
A046,A,4,495,1,NaN,NaN,0,0.307440042495728
A046,A,4,496,1,NaN,NaN,0,0.270101070404053
A046,A,4,497,1,NaN,NaN,0,0.294800043106079
A046,A,4,498,1,NaN,NaN,0,0.352498054504395
A046,A,4,499,1,NaN,NaN,0,0.337431907653809
A046,A,4,500,NaN,1,0,NaN,NaN
A046,A,4,501,1,NaN,NaN,0,0.234840154647827
A046,A,4,502,1,NaN,NaN,0,0.244595050811768
A046,A,4,503,1,NaN,NaN,0,0.254700899124146
A046,A,4,504,1,NaN,NaN,0,0.261368036270142
A046,A,4,505,1,NaN,NaN,0,0.266809940338135
A046,A,4,506,1,NaN,NaN,0,0.39667797088623
A046,A,4,507,NaN,1,0,NaN,NaN
A046,A,4,508,1,NaN,NaN,0,0.23073410987854
A046,A,4,509,1,NaN,NaN,0,0.249824047088623
A046,A,4,510,1,NaN,NaN,0,0.248317956924438
A046,A,4,511,1,NaN,NaN,0,0.220651149749756
A046,A,4,512,1,NaN,NaN,0,0.211482048034668
A046,A,4,513,1,NaN,NaN,0,0.336642980575562
A046,A,4,514,1,NaN,NaN,0,0.345812082290649
A046,A,4,515,1,NaN,NaN,0,0.326406955718994
A046,A,4,516,1,NaN,NaN,0,0.348830938339233
A046,A,4,517,1,NaN,NaN,0,0.398959159851074
A046,A,4,518,1,NaN,NaN,0,0.337183952331543
