SubID,Group,BlockN,nTrial,GoTrials,NoGoTrials,FA,Misses,RT
A050,A,1,1,1,NaN,NaN,0,0.50993800163269
A050,A,1,2,1,NaN,NaN,0,0.459994077682495
A050,A,1,3,1,NaN,NaN,0,0.401003122329712
A050,A,1,4,1,NaN,NaN,0,0.286001920700073
A050,A,1,5,1,NaN,NaN,0,0.308855056762695
A050,A,1,6,1,NaN,NaN,0,0.305655956268311
A050,A,1,7,1,NaN,NaN,0,0.386897087097168
A050,A,1,8,1,NaN,NaN,0,0.360964059829712
A050,A,1,9,NaN,1,0,NaN,NaN
A050,A,1,10,1,NaN,NaN,0,0.637065172195435
A050,A,1,11,1,NaN,NaN,0,0.585530042648315
A050,A,1,12,1,NaN,NaN,0,0.520470857620239
A050,A,1,13,1,NaN,NaN,0,0.499932050704956
A050,A,1,14,1,NaN,NaN,0,0.288861036300659
A050,A,1,15,NaN,0,1,NaN,NaN
A050,A,1,16,1,NaN,NaN,0,0.444212913513184
A050,A,1,17,1,NaN,NaN,0,0.38028621673584
A050,A,1,18,1,NaN,NaN,0,0.4374840259552
A050,A,1,19,1,NaN,NaN,0,0.469964981079102
A050,A,1,20,NaN,1,0,NaN,NaN
A050,A,1,21,1,NaN,NaN,0,0.413639068603516
A050,A,1,22,1,NaN,NaN,0,0.258896112442017
A050,A,1,23,1,NaN,NaN,0,0.202164888381958
A050,A,1,24,1,NaN,NaN,0,0.291232109069824
A050,A,1,25,1,NaN,NaN,0,0.265910863876343
A050,A,1,26,1,NaN,NaN,0,0.278398990631104
A050,A,1,27,1,NaN,NaN,0,0.292877912521362
A050,A,1,28,1,NaN,NaN,0,0.338420867919922
A050,A,1,29,NaN,1,0,NaN,NaN
A050,A,1,30,1,NaN,NaN,0,0.392559051513672
A050,A,1,31,1,NaN,NaN,0,0.259899139404297
A050,A,1,32,1,NaN,NaN,0,0.232100009918213
A050,A,1,33,1,NaN,NaN,0,0.239827156066895
A050,A,1,34,1,NaN,NaN,0,0.255129814147949
A050,A,1,35,1,NaN,NaN,0,0.284423112869263
A050,A,1,36,1,NaN,NaN,0,0.312257051467896
A050,A,1,37,1,NaN,NaN,0,0.444911956787109
A050,A,1,38,1,NaN,NaN,0,0.420085906982422
A050,A,1,39,NaN,1,0,NaN,NaN
A050,A,1,40,1,NaN,NaN,0,0.42084813117981
A050,A,1,41,1,NaN,NaN,0,0.291785955429077
A050,A,1,42,1,NaN,NaN,0,0.219916820526123
A050,A,1,43,1,NaN,NaN,0,0.345144033432007
A050,A,1,44,1,NaN,NaN,0,0.258162975311279
A050,A,1,45,1,NaN,NaN,0,0.268737077713013
A050,A,1,46,1,NaN,NaN,0,0.242077112197876
A050,A,1,47,1,NaN,NaN,0,0.360285997390747
A050,A,1,48,1,NaN,NaN,0,0.363903999328613
A050,A,1,49,1,NaN,NaN,0,0.448379039764404
A050,A,1,50,1,NaN,NaN,0,0.425624132156372
A050,A,1,51,1,NaN,NaN,0,0.415945053100586
A050,A,1,52,1,NaN,NaN,0,0.347364187240601
A050,A,1,53,NaN,1,0,NaN,NaN
A050,A,1,54,1,NaN,NaN,0,0.317167043685913
A050,A,1,55,0,NaN,NaN,1,NaN
A050,A,1,56,1,NaN,NaN,0,NaN
A050,A,1,57,1,NaN,NaN,0,0.696473836898804
A050,A,1,58,1,NaN,NaN,0,0.929485082626343
A050,A,1,59,1,NaN,NaN,0,0.558686971664429
A050,A,1,60,1,NaN,NaN,0,0.422804117202759
A050,A,1,61,1,NaN,NaN,0,0.345727920532227
A050,A,1,62,NaN,1,0,NaN,NaN
A050,A,1,63,1,NaN,NaN,0,0.328614950180054
A050,A,1,64,1,NaN,NaN,0,0.341344118118286
A050,A,1,65,1,NaN,NaN,0,0.359474897384644
A050,A,1,66,1,NaN,NaN,0,0.558302879333496
A050,A,1,67,1,NaN,NaN,0,0.392702102661133
A050,A,1,68,1,NaN,NaN,0,0.300915956497192
A050,A,1,69,1,NaN,NaN,0,0.375927925109863
A050,A,1,70,1,NaN,NaN,0,0.456648111343384
A050,A,1,71,NaN,1,0,NaN,NaN
A050,A,1,72,1,NaN,NaN,0,0.240816116333008
A050,A,1,73,1,NaN,NaN,0,0.279540061950684
A050,A,1,74,1,NaN,NaN,0,0.273190975189209
A050,A,1,75,1,NaN,NaN,0,0.353729009628296
A050,A,1,76,NaN,1,0,NaN,NaN
A050,A,1,77,1,NaN,NaN,0,0.272718191146851
A050,A,1,78,1,NaN,NaN,0,0.249433994293213
A050,A,1,79,1,NaN,NaN,0,0.232777118682861
A050,A,1,80,1,NaN,NaN,0,0.365542888641357
A050,A,1,81,1,NaN,NaN,0,0.450222015380859
A050,A,1,82,1,NaN,NaN,0,0.379053831100464
A050,A,1,83,1,NaN,NaN,0,0.43506908416748
A050,A,1,84,1,NaN,NaN,0,0.389117956161499
A050,A,1,85,1,NaN,NaN,0,0.40245795249939
A050,A,1,86,1,NaN,NaN,0,0.511139869689941
A050,A,1,87,NaN,1,0,NaN,NaN
A050,A,1,88,1,NaN,NaN,0,0.259599924087524
A050,A,1,89,1,NaN,NaN,0,0.218610048294067
A050,A,1,90,1,NaN,NaN,0,0.206267833709717
A050,A,1,91,1,NaN,NaN,0,0.238249063491821
A050,A,1,92,1,NaN,NaN,0,0.251529932022095
A050,A,1,93,1,NaN,NaN,0,0.255956888198853
A050,A,1,94,NaN,0,1,NaN,NaN
A050,A,1,95,1,NaN,NaN,0,0.337575912475586
A050,A,1,96,1,NaN,NaN,0,0.258454084396362
A050,A,1,97,0,NaN,NaN,1,NaN
A050,A,1,98,1,NaN,NaN,0,0.950179100036621
A050,A,1,99,1,NaN,NaN,0,0.450808048248291
A050,A,1,100,1,NaN,NaN,0,0.242269992828369
A050,A,1,101,1,NaN,NaN,0,0.282973051071167
A050,A,1,102,1,NaN,NaN,0,0.270693063735962
A050,A,1,103,1,NaN,NaN,0,0.451478004455566
A050,A,1,104,1,NaN,NaN,0,0.5243980884552
A050,A,1,105,1,NaN,NaN,0,0.417570114135742
A050,A,1,106,1,NaN,NaN,0,0.35331916809082
A050,A,1,107,NaN,1,0,NaN,NaN
A050,A,1,108,1,NaN,NaN,0,0.35681414604187
A050,A,1,109,1,NaN,NaN,0,0.260686874389648
A050,A,1,110,1,NaN,NaN,0,0.247236013412476
A050,A,1,111,1,NaN,NaN,0,0.276738882064819
A050,A,1,112,1,NaN,NaN,0,0.396217823028564
A050,A,1,113,NaN,0,1,NaN,NaN
A050,A,1,114,1,NaN,NaN,0,0.297077894210815
A050,A,1,115,1,NaN,NaN,0,0.366280078887939
A050,A,1,116,1,NaN,NaN,0,0.365055084228516
A050,A,1,117,1,NaN,NaN,0,0.278327941894531
A050,A,1,118,1,NaN,NaN,0,0.356193065643311
A050,A,1,119,1,NaN,NaN,0,0.340825080871582
A050,A,1,120,1,NaN,NaN,0,0.376353979110718
A050,A,1,121,1,NaN,NaN,0,0.461880922317505
A050,A,1,122,NaN,1,0,NaN,NaN
A050,A,1,123,1,NaN,NaN,0,0.317783117294312
A050,A,1,124,1,NaN,NaN,0,0.239266872406006
A050,A,1,125,1,NaN,NaN,0,0.250130176544189
A050,A,1,126,1,NaN,NaN,0,0.256343126296997
A050,A,1,127,1,NaN,NaN,0,0.301814079284668
A050,A,1,128,1,NaN,NaN,0,0.309461116790771
A050,A,1,129,1,NaN,NaN,0,0.377635955810547
A050,A,1,130,1,NaN,NaN,0,0.494875907897949
A050,A,1,131,1,NaN,NaN,0,0.537308216094971
A050,A,1,132,NaN,1,0,NaN,NaN
A050,A,1,133,1,NaN,NaN,0,0.329137086868286
A050,A,1,134,1,NaN,NaN,0,0.285477876663208
A050,A,1,135,1,NaN,NaN,0,0.237653970718384
A050,A,1,136,1,NaN,NaN,0,0.260461091995239
A050,A,1,137,1,NaN,NaN,0,0.253109931945801
A050,A,1,138,1,NaN,NaN,0,0.318711996078491
A050,A,1,139,1,NaN,NaN,0,0.435640096664429
A050,A,1,140,1,NaN,NaN,0,0.420711994171143
A050,A,1,141,1,NaN,NaN,0,0.49590802192688
A050,A,1,142,1,NaN,NaN,0,0.487838983535767
A050,A,1,143,NaN,1,0,NaN,NaN
A050,A,1,144,1,NaN,NaN,0,0.293233871459961
A050,A,1,145,1,NaN,NaN,0,0.241153955459595
A050,A,1,146,1,NaN,NaN,0,0.271911144256592
A050,A,1,147,1,NaN,NaN,0,0.300325155258179
A050,A,1,148,1,NaN,NaN,0,0.288256883621216
A050,A,1,149,1,NaN,NaN,0,0.349575042724609
A050,A,1,150,NaN,0,1,NaN,NaN
A050,A,1,151,1,NaN,NaN,0,0.304447889328003
A050,A,1,152,1,NaN,NaN,0,0.280149936676025
A050,A,1,153,1,NaN,NaN,0,0.24484395980835
A050,A,1,154,1,NaN,NaN,0,0.29321813583374
A050,A,1,155,1,NaN,NaN,0,0.52915096282959
A050,A,1,156,1,NaN,NaN,0,0.51419997215271
A050,A,1,157,1,NaN,NaN,0,0.295299053192139
A050,A,1,158,1,NaN,NaN,0,0.310618877410889
A050,A,1,159,1,NaN,NaN,0,0.266887903213501
A050,A,1,160,1,NaN,NaN,0,0.305391073226929
A050,A,1,161,NaN,0,1,NaN,NaN
A050,A,1,162,1,NaN,NaN,0,0.278576135635376
A050,A,1,163,1,NaN,NaN,0,0.276454925537109
A050,A,1,164,1,NaN,NaN,0,0.297528028488159
A050,A,1,165,1,NaN,NaN,0,0.466392993927002
A050,A,1,166,1,NaN,NaN,0,0.403163909912109
A050,A,1,167,1,NaN,NaN,0,0.539485931396484
A050,A,1,168,NaN,1,0,NaN,NaN
A050,A,1,169,1,NaN,NaN,0,0.441020011901855
A050,A,1,170,1,NaN,NaN,0,0.277567148208618
A050,A,1,171,1,NaN,NaN,0,0.33479905128479
A050,A,1,172,1,NaN,NaN,0,0.345931053161621
A050,A,1,173,1,NaN,NaN,0,0.342932224273682
A050,A,1,174,NaN,1,0,NaN,NaN
A050,A,1,175,1,NaN,NaN,0,0.338344097137451
A050,A,1,176,1,NaN,NaN,0,0.334977149963379
A050,A,1,177,1,NaN,NaN,0,0.347506999969482
A050,A,1,178,1,NaN,NaN,0,0.38923192024231
A050,A,1,179,1,NaN,NaN,0,0.378695964813232
A050,A,1,180,1,NaN,NaN,0,0.540385961532593
A050,A,1,181,1,NaN,NaN,0,0.397635936737061
A050,A,1,182,1,NaN,NaN,0,0.511565923690796
A050,A,1,183,1,NaN,NaN,0,0.399747848510742
A050,A,1,184,1,NaN,NaN,0,0.438127994537354
A050,A,1,185,1,NaN,NaN,0,0.425107955932617
A050,A,1,186,1,NaN,NaN,0,0.407611131668091
A050,A,1,187,1,NaN,NaN,0,0.51070499420166
A050,A,1,188,NaN,1,0,NaN,NaN
A050,A,1,189,1,NaN,NaN,0,0.381655931472778
A050,A,1,190,1,NaN,NaN,0,0.264850854873657
A050,A,1,191,1,NaN,NaN,0,0.25310206413269
A050,A,1,192,1,NaN,NaN,0,0.237436056137085
A050,A,1,193,NaN,0,1,NaN,NaN
A050,A,1,194,1,NaN,NaN,0,0.383845090866089
A050,A,1,195,1,NaN,NaN,0,0.450150012969971
A050,A,1,196,1,NaN,NaN,0,0.443339109420776
A050,A,1,197,1,NaN,NaN,0,0.486153125762939
A050,A,1,198,1,NaN,NaN,0,0.42610502243042
A050,A,1,199,1,NaN,NaN,0,0.378321170806885
A050,A,1,200,1,NaN,NaN,0,0.463172197341919
A050,A,1,201,NaN,1,0,NaN,NaN
A050,A,1,202,1,NaN,NaN,0,0.331241130828857
A050,A,1,203,1,NaN,NaN,0,0.392056941986084
A050,A,1,204,1,NaN,NaN,0,0.554769039154053
A050,A,1,205,1,NaN,NaN,0,0.418880939483643
A050,A,1,206,1,NaN,NaN,0,0.351944923400879
A050,A,1,207,1,NaN,NaN,0,0.300549030303955
A050,A,1,208,1,NaN,NaN,0,0.336660861968994
A050,A,1,209,1,NaN,NaN,0,0.353060960769653
A050,A,1,210,NaN,1,0,NaN,NaN
A050,A,1,211,1,NaN,NaN,0,0.361480951309204
A050,A,1,212,1,NaN,NaN,0,0.269148826599121
A050,A,1,213,1,NaN,NaN,0,0.337639093399048
A050,A,1,214,1,NaN,NaN,0,0.261218070983887
A050,A,1,215,1,NaN,NaN,0,0.291782855987549
A050,A,1,216,1,NaN,NaN,0,0.389554023742676
A050,A,1,217,1,NaN,NaN,0,0.400198936462402
A050,A,1,218,1,NaN,NaN,0,0.446645021438599
A050,A,1,219,1,NaN,NaN,0,0.426414966583252
A050,A,1,220,NaN,1,0,NaN,NaN
A050,A,1,221,1,NaN,NaN,0,0.331384181976318
A050,A,1,222,1,NaN,NaN,0,0.238003969192505
A050,A,1,223,1,NaN,NaN,0,0.265267848968506
A050,A,1,224,1,NaN,NaN,0,0.263796091079712
A050,A,1,225,1,NaN,NaN,0,0.285656929016113
A050,A,1,226,1,NaN,NaN,0,0.346997976303101
A050,A,1,227,1,NaN,NaN,0,0.383585929870605
A050,A,1,228,1,NaN,NaN,0,0.37807822227478
A050,A,1,229,1,NaN,NaN,0,0.498739004135132
A050,A,1,230,1,NaN,NaN,0,0.431624889373779
A050,A,1,231,NaN,1,0,NaN,NaN
A050,A,1,232,1,NaN,NaN,0,0.27696681022644
A050,A,1,233,1,NaN,NaN,0,0.20020580291748
A050,A,1,234,1,NaN,NaN,0,0.206648826599121
A050,A,1,235,1,NaN,NaN,0,0.256888866424561
A050,A,1,236,1,NaN,NaN,0,0.374094009399414
A050,A,1,237,1,NaN,NaN,0,0.431501865386963
A050,A,1,238,1,NaN,NaN,0,0.424274921417236
A050,A,1,239,1,NaN,NaN,0,0.516922950744629
A050,A,1,240,1,NaN,NaN,0,0.465833187103271
A050,A,1,241,1,NaN,NaN,0,0.516434907913208
A050,A,1,242,NaN,1,0,NaN,NaN
A050,A,1,243,1,NaN,NaN,0,0.3173828125
A050,A,1,244,1,NaN,NaN,0,0.298794031143188
A050,A,1,245,1,NaN,NaN,0,0.254979133605957
A050,A,1,246,NaN,0,1,NaN,NaN
A050,A,1,247,1,NaN,NaN,0,0.38992714881897
A050,A,1,248,1,NaN,NaN,0,0.348520040512085
A050,A,1,249,1,NaN,NaN,0,0.406229972839355
A050,A,1,250,1,NaN,NaN,0,0.322983026504517
A050,A,1,251,1,NaN,NaN,0,0.295224189758301
A050,A,1,252,1,NaN,NaN,0,0.296489000320435
A050,A,1,253,1,NaN,NaN,0,0.350133895874023
A050,A,1,254,NaN,0,1,NaN,NaN
A050,A,1,255,1,NaN,NaN,0,0.2984459400177
A050,A,1,256,1,NaN,NaN,0,0.357585906982422
A050,A,1,257,1,NaN,NaN,0,0.331184864044189
A050,A,1,258,1,NaN,NaN,0,0.537643909454346
A050,A,1,259,1,NaN,NaN,0,0.627456903457642
A050,A,1,260,1,NaN,NaN,0,0.623277902603149
A050,A,1,261,1,NaN,NaN,0,0.563010931015015
A050,A,1,262,1,NaN,NaN,0,0.596139907836914
A050,A,1,263,1,NaN,NaN,0,0.546079874038696
A050,A,1,264,1,NaN,NaN,0,0.57938814163208
A050,A,1,265,1,NaN,NaN,0,0.496387958526611
A050,A,1,266,1,NaN,NaN,0,0.534768104553223
A050,A,1,267,1,NaN,NaN,0,0.472298860549927
A050,A,1,268,1,NaN,NaN,0,0.473018169403076
A050,A,1,269,NaN,1,0,NaN,NaN
A050,A,1,270,1,NaN,NaN,0,0.356986999511719
A050,A,1,271,1,NaN,NaN,0,0.245316982269287
A050,A,1,272,1,NaN,NaN,0,0.307814836502075
A050,A,1,273,1,NaN,NaN,0,0.366046905517578
A050,A,1,274,1,NaN,NaN,0,0.489359140396118
A050,A,1,275,NaN,1,0,NaN,NaN
A050,A,1,276,1,NaN,NaN,0,0.296889066696167
A050,A,1,277,1,NaN,NaN,0,0.216662168502808
A050,A,1,278,1,NaN,NaN,0,0.217984914779663
A050,A,1,279,1,NaN,NaN,0,0.302995920181274
A050,A,1,280,1,NaN,NaN,0,0.316150903701782
A050,A,1,281,1,NaN,NaN,0,0.458445072174072
A050,A,1,282,1,NaN,NaN,0,0.596664190292358
A050,A,1,283,1,NaN,NaN,0,0.487895011901855
A050,A,1,284,1,NaN,NaN,0,0.443988084793091
A050,A,1,285,1,NaN,NaN,0,0.460485935211182
A050,A,1,286,1,NaN,NaN,0,0.544907808303833
A050,A,1,287,NaN,1,0,NaN,NaN
A050,A,1,288,1,NaN,NaN,0,0.283776998519897
A050,A,1,289,1,NaN,NaN,0,0.293922901153564
A050,A,1,290,1,NaN,NaN,0,0.346501111984253
A050,A,1,291,NaN,1,0,NaN,NaN
A050,A,1,292,1,NaN,NaN,0,0.296763181686401
A050,A,1,293,1,NaN,NaN,0,0.231978178024292
A050,A,1,294,1,NaN,NaN,0,0.317152976989746
A050,A,1,295,1,NaN,NaN,0,0.35141396522522
A050,A,1,296,1,NaN,NaN,0,0.453537940979004
A050,A,1,297,1,NaN,NaN,0,0.512609958648682
A050,A,1,298,1,NaN,NaN,0,0.527031183242798
A050,A,1,299,1,NaN,NaN,0,0.704899072647095
A050,A,1,300,1,NaN,NaN,0,0.750694036483765
A050,A,1,301,1,NaN,NaN,0,0.558324098587036
A050,A,1,302,0,NaN,NaN,1,NaN
A050,A,1,303,1,NaN,NaN,0,NaN
A050,A,1,304,NaN,0,1,NaN,NaN
A050,A,1,305,1,NaN,NaN,0,0.39960503578186
A050,A,1,306,1,NaN,NaN,0,0.316515922546387
A050,A,1,307,1,NaN,NaN,0,0.319308042526245
A050,A,1,308,1,NaN,NaN,0,0.438699007034302
A050,A,1,309,1,NaN,NaN,0,0.555600881576538
A050,A,1,310,1,NaN,NaN,0,0.492357015609741
A050,A,1,311,NaN,1,0,NaN,NaN
A050,A,1,312,1,NaN,NaN,0,0.227615833282471
A050,A,1,313,1,NaN,NaN,0,0.255290031433105
A050,A,1,314,1,NaN,NaN,0,0.392838954925537
A050,A,1,315,1,NaN,NaN,0,0.363507986068726
A050,A,1,316,1,NaN,NaN,0,0.354423999786377
A050,A,1,317,NaN,1,0,NaN,NaN
A050,A,1,318,1,NaN,NaN,0,0.216005086898804
A050,A,1,319,1,NaN,NaN,0,0.258068799972534
A050,A,1,320,1,NaN,NaN,0,0.39116382598877
A050,A,1,321,1,NaN,NaN,0,0.408912897109985
A050,A,1,322,1,NaN,NaN,0,0.380485057830811
A050,A,1,323,1,NaN,NaN,0,0.341216802597046
A050,A,1,324,1,NaN,NaN,0,0.381553888320923
A050,A,1,325,1,NaN,NaN,0,0.424769878387451
A050,A,1,326,1,NaN,NaN,0,0.570607900619507
A050,A,1,327,1,NaN,NaN,0,0.634966135025024
A050,A,1,328,1,NaN,NaN,0,0.672295093536377
A050,A,1,329,1,NaN,NaN,0,0.557767868041992
A050,A,1,330,1,NaN,NaN,0,0.571191072463989
A050,A,1,331,NaN,1,0,NaN,NaN
A050,A,1,332,1,NaN,NaN,0,0.28685998916626
A050,A,1,333,1,NaN,NaN,0,0.246623039245605
A050,A,1,334,1,NaN,NaN,0,0.31793999671936
A050,A,1,335,NaN,0,1,NaN,NaN
A050,A,1,336,1,NaN,NaN,0,0.331796884536743
A050,A,1,337,1,NaN,NaN,0,0.252679109573364
A050,A,1,338,1,NaN,NaN,0,0.313116073608398
A050,A,1,339,1,NaN,NaN,0,0.317260980606079
A050,A,1,340,1,NaN,NaN,0,0.367936134338379
A050,A,1,341,1,NaN,NaN,0,0.387923955917358
A050,A,1,342,1,NaN,NaN,0,0.438098907470703
A050,A,1,343,1,NaN,NaN,0,0.278860807418823
A050,A,1,344,1,NaN,NaN,0,0.352030038833618
A050,A,1,345,NaN,1,0,NaN,NaN
A050,A,1,346,1,NaN,NaN,0,0.266865015029907
A050,A,1,347,1,NaN,NaN,0,0.228120088577271
A050,A,1,348,1,NaN,NaN,0,0.256814002990723
A050,A,1,349,1,NaN,NaN,0,0.256624937057495
A050,A,1,350,1,NaN,NaN,0,0.275321960449219
A050,A,1,351,1,NaN,NaN,0,0.340054035186768
A050,A,1,352,1,NaN,NaN,0,0.421447992324829
A050,A,1,353,1,NaN,NaN,0,0.390296220779419
A050,A,1,354,1,NaN,NaN,0,0.384500026702881
A050,A,1,355,1,NaN,NaN,0,0.469912052154541
A050,A,1,356,1,NaN,NaN,0,0.448939800262451
A050,A,1,357,1,NaN,NaN,0,0.537758111953735
A050,A,1,358,NaN,1,0,NaN,NaN
A050,A,1,359,1,NaN,NaN,0,0.270648956298828
A050,A,1,360,1,NaN,NaN,0,0.229545831680298
A050,A,1,361,1,NaN,NaN,0,0.6248459815979
A050,A,1,362,1,NaN,NaN,0,0.665827035903931
A050,A,1,363,1,NaN,NaN,0,0.596431970596313
A050,A,1,364,1,NaN,NaN,0,0.613181829452515
A050,A,1,365,1,NaN,NaN,0,0.466124057769775
A050,A,1,366,1,NaN,NaN,0,0.423850059509277
A050,A,1,367,NaN,1,0,NaN,NaN
A050,A,1,368,1,NaN,NaN,0,0.451272010803223
A050,A,1,369,1,NaN,NaN,0,0.332252979278564
A050,A,1,370,1,NaN,NaN,0,0.331425905227661
A050,A,1,371,1,NaN,NaN,0,0.247503995895386
A050,A,1,372,NaN,0,1,NaN,NaN
A050,A,1,373,1,NaN,NaN,0,0.292618036270142
A050,A,1,374,1,NaN,NaN,0,0.718132972717285
A050,A,1,375,1,NaN,NaN,0,0.627134084701538
A050,A,1,376,1,NaN,NaN,0,0.400211811065674
A050,A,1,377,1,NaN,NaN,0,0.367617130279541
A050,A,1,378,1,NaN,NaN,0,0.428095817565918
A050,A,1,379,1,NaN,NaN,0,0.407151937484741
A050,A,1,380,1,NaN,NaN,0,0.361921072006226
A050,A,1,381,NaN,0,1,NaN,NaN
A050,A,1,382,1,NaN,NaN,0,0.277362108230591
A050,A,1,383,1,NaN,NaN,0,0.323094844818115
A050,A,1,384,1,NaN,NaN,0,0.42656397819519
A050,A,1,385,1,NaN,NaN,0,0.452002048492432
A050,A,1,386,1,NaN,NaN,0,0.48471999168396
A050,A,1,387,1,NaN,NaN,0,0.578572034835815
A050,A,1,388,1,NaN,NaN,0,0.671335935592651
A050,A,1,389,1,NaN,NaN,0,0.618206024169922
A050,A,1,390,1,NaN,NaN,0,0.54250693321228
A050,A,1,391,NaN,1,0,NaN,NaN
A050,A,1,392,1,NaN,NaN,0,0.277137041091919
A050,A,1,393,1,NaN,NaN,0,0.337852001190186
A050,A,1,394,1,NaN,NaN,0,0.378296852111816
A050,A,1,395,1,NaN,NaN,0,0.467557907104492
A050,A,1,396,1,NaN,NaN,0,0.432425022125244
A050,A,1,397,1,NaN,NaN,0,0.364923000335693
A050,A,1,398,1,NaN,NaN,0,0.473073959350586
A050,A,1,399,NaN,1,0,NaN,NaN
A050,A,1,400,1,NaN,NaN,0,0.298712968826294
A050,A,1,401,1,NaN,NaN,0,0.361877918243408
A050,A,1,402,1,NaN,NaN,0,0.428891897201538
A050,A,1,403,1,NaN,NaN,0,0.559321880340576
A050,A,1,404,1,NaN,NaN,0,0.545007944107056
A050,A,1,405,1,NaN,NaN,0,0.445625066757202
A050,A,1,406,1,NaN,NaN,0,0.384374856948853
A050,A,1,407,1,NaN,NaN,0,0.418053865432739
A050,A,1,408,1,NaN,NaN,0,0.526916027069092
A050,A,1,409,1,NaN,NaN,0,0.424016952514648
A050,A,1,410,1,NaN,NaN,0,0.363590955734253
A050,A,1,411,1,NaN,NaN,0,0.362884998321533
A050,A,1,412,NaN,1,0,NaN,NaN
A050,A,1,413,1,NaN,NaN,0,0.340936899185181
A050,A,1,414,1,NaN,NaN,0,0.332380056381226
A050,A,1,415,1,NaN,NaN,0,0.301523923873901
A050,A,1,416,1,NaN,NaN,0,0.348779916763306
A050,A,1,417,1,NaN,NaN,0,0.390743017196655
A050,A,1,418,NaN,1,0,NaN,NaN
A050,A,1,419,1,NaN,NaN,0,0.379709005355835
A050,A,1,420,1,NaN,NaN,0,0.248667001724243
A050,A,1,421,1,NaN,NaN,0,0.260461807250977
A050,A,1,422,1,NaN,NaN,0,0.331827878952026
A050,A,1,423,1,NaN,NaN,0,0.330424070358276
A050,A,1,424,1,NaN,NaN,0,0.416465044021606
A050,A,1,425,1,NaN,NaN,0,0.498426914215088
A050,A,1,426,NaN,1,0,NaN,NaN
A050,A,1,427,1,NaN,NaN,0,0.341893196105957
A050,A,1,428,1,NaN,NaN,0,0.242454051971436
A050,A,1,429,1,NaN,NaN,0,0.256694793701172
A050,A,1,430,1,NaN,NaN,0,0.246185064315796
A050,A,1,431,1,NaN,NaN,0,0.323669910430908
A050,A,1,432,1,NaN,NaN,0,0.438545942306519
A050,A,1,433,1,NaN,NaN,0,0.480710983276367
A050,A,1,434,1,NaN,NaN,0,0.36561918258667
A050,A,1,435,NaN,1,0,NaN,NaN
A050,A,1,436,1,NaN,NaN,0,0.398933172225952
A050,A,1,437,1,NaN,NaN,0,0.311724901199341
A050,A,1,438,1,NaN,NaN,0,0.345124959945679
A050,A,1,439,1,NaN,NaN,0,0.376731872558594
A050,A,1,440,1,NaN,NaN,0,0.386503934860229
A050,A,1,441,1,NaN,NaN,0,0.417128086090088
A050,A,1,442,1,NaN,NaN,0,0.451483964920044
A050,A,1,443,1,NaN,NaN,0,0.497174024581909
A050,A,1,444,1,NaN,NaN,0,0.569859027862549
A050,A,1,445,1,NaN,NaN,0,0.421792030334473
A050,A,1,446,NaN,1,0,NaN,NaN
A050,A,1,447,1,NaN,NaN,0,0.335913896560669
A050,A,1,448,1,NaN,NaN,0,0.298171997070312
A050,A,1,449,1,NaN,NaN,0,0.270704984664917
A050,A,1,450,1,NaN,NaN,0,0.342065811157227
A050,A,1,451,1,NaN,NaN,0,0.486684083938599
A050,A,1,452,1,NaN,NaN,0,0.483921051025391
A050,A,1,453,NaN,1,0,NaN,NaN
A050,A,1,454,1,NaN,NaN,0,0.401796102523804
A050,A,1,455,1,NaN,NaN,0,0.254294872283936
A050,A,1,456,1,NaN,NaN,0,0.245671987533569
A050,A,1,457,1,NaN,NaN,0,0.278930902481079
A050,A,1,458,1,NaN,NaN,0,0.268627882003784
A050,A,1,459,1,NaN,NaN,0,0.257705926895142
A050,A,1,460,1,NaN,NaN,0,0.343122959136963
A050,A,1,461,1,NaN,NaN,0,0.366282939910889
A050,A,1,462,NaN,0,1,NaN,NaN
A050,A,1,463,1,NaN,NaN,0,0.438091039657593
A050,A,1,464,1,NaN,NaN,0,0.369188070297241
A050,A,1,465,1,NaN,NaN,0,0.474004030227661
A050,A,1,466,1,NaN,NaN,0,0.435755968093872
A050,A,1,467,1,NaN,NaN,0,0.450151920318604
A050,A,1,468,1,NaN,NaN,0,0.488058090209961
A050,A,1,469,1,NaN,NaN,0,0.462414979934692
A050,A,1,470,1,NaN,NaN,0,0.38226318359375
A050,A,1,471,NaN,1,0,NaN,NaN
A050,A,1,472,1,NaN,NaN,0,0.449185132980347
A050,A,1,473,1,NaN,NaN,0,0.346868991851807
A050,A,1,474,1,NaN,NaN,0,0.624133110046387
A050,A,1,475,1,NaN,NaN,0,0.538785934448242
A050,A,1,476,1,NaN,NaN,0,0.522794961929321
A050,A,1,477,1,NaN,NaN,0,0.520728826522827
A050,A,1,478,1,NaN,NaN,0,0.435173988342285
A050,A,1,479,1,NaN,NaN,0,0.415792942047119
A050,A,1,480,1,NaN,NaN,0,0.45743203163147
A050,A,1,481,1,NaN,NaN,0,0.413484811782837
A050,A,1,482,NaN,1,0,NaN,NaN
A050,A,1,483,1,NaN,NaN,0,0.393234014511108
A050,A,1,484,1,NaN,NaN,0,0.333600997924805
A050,A,1,485,1,NaN,NaN,0,0.32255482673645
A050,A,1,486,1,NaN,NaN,0,0.337567090988159
A050,A,1,487,1,NaN,NaN,0,0.415519952774048
A050,A,1,488,1,NaN,NaN,0,0.425794839859009
A050,A,1,489,NaN,1,0,NaN,NaN
A050,A,1,490,1,NaN,NaN,0,0.458847999572754
A050,A,1,491,1,NaN,NaN,0,0.342480182647705
A050,A,1,492,1,NaN,NaN,0,0.353946924209595
A050,A,1,493,1,NaN,NaN,0,0.408976078033447
A050,A,1,494,1,NaN,NaN,0,0.678169012069702
A050,A,1,495,1,NaN,NaN,0,0.52556586265564
A050,A,1,496,1,NaN,NaN,0,0.534398794174194
A050,A,1,497,NaN,1,0,NaN,NaN
A050,A,1,498,1,NaN,NaN,0,0.241574048995972
A050,A,1,499,1,NaN,NaN,0,0.250385046005249
A050,A,1,500,1,NaN,NaN,0,0.700378179550171
A050,A,1,501,1,NaN,NaN,0,0.667208909988403
A050,A,1,502,1,NaN,NaN,0,0.479656934738159
A050,A,1,503,1,NaN,NaN,0,0.513634920120239
A050,A,1,504,1,NaN,NaN,0,0.475540161132812
A050,A,1,505,1,NaN,NaN,0,0.469409942626953
A050,A,1,506,1,NaN,NaN,0,0.353848934173584
A050,A,1,507,1,NaN,NaN,0,0.350797176361084
A050,A,1,508,NaN,1,0,NaN,NaN
A050,A,1,509,1,NaN,NaN,0,0.393857002258301
A050,A,1,510,1,NaN,NaN,0,0.335409164428711
A050,A,1,511,1,NaN,NaN,0,0.244302988052368
A050,A,1,512,1,NaN,NaN,0,0.269700050354004
A050,A,1,513,1,NaN,NaN,0,0.339679956436157
A050,A,1,514,1,NaN,NaN,0,0.484512090682983
A050,A,1,515,1,NaN,NaN,0,0.396778106689453
A050,A,1,516,1,NaN,NaN,0,0.412373065948486
A050,A,1,517,NaN,0,1,NaN,NaN
A050,A,1,518,1,NaN,NaN,0,0.440980911254883
A050,A,1,519,1,NaN,NaN,0,0.346749067306519
A050,A,1,520,1,NaN,NaN,0,0.266731023788452
A050,A,1,521,1,NaN,NaN,0,0.282993078231812
A050,A,1,522,1,NaN,NaN,0,0.275716066360474
A050,A,1,523,1,NaN,NaN,0,0.393359899520874
A050,A,1,524,1,NaN,NaN,0,0.406790018081665
A050,A,1,525,1,NaN,NaN,0,0.414489030838013
A050,A,1,526,1,NaN,NaN,0,0.508442163467407
A050,A,1,527,1,NaN,NaN,0,0.410336017608643
A050,A,1,528,NaN,1,0,NaN,NaN
A050,A,1,529,1,NaN,NaN,0,0.230040073394775
A050,A,1,530,1,NaN,NaN,0,0.267494201660156
A050,A,1,531,1,NaN,NaN,0,0.339929103851318
A050,A,1,532,1,NaN,NaN,0,0.417879104614258
A050,A,1,533,1,NaN,NaN,0,0.487963914871216
A050,A,1,534,1,NaN,NaN,0,0.521746158599854
A050,A,1,535,1,NaN,NaN,0,0.471349954605103
A050,A,2,1,1,NaN,NaN,0,0.688430070877075
A050,A,2,2,1,NaN,NaN,0,0.489306926727295
A050,A,2,3,1,NaN,NaN,0,0.355999231338501
A050,A,2,4,NaN,0,1,NaN,NaN
A050,A,2,5,1,NaN,NaN,0,0.293451070785522
A050,A,2,6,1,NaN,NaN,0,0.309001922607422
A050,A,2,7,1,NaN,NaN,0,0.410792112350464
A050,A,2,8,1,NaN,NaN,0,0.429952144622803
A050,A,2,9,0,NaN,NaN,1,NaN
A050,A,2,10,1,NaN,NaN,0,0.577440023422241
A050,A,2,11,1,NaN,NaN,0,0.524368047714233
A050,A,2,12,1,NaN,NaN,0,0.423659086227417
A050,A,2,13,NaN,1,0,NaN,NaN
A050,A,2,14,1,NaN,NaN,0,0.400761842727661
A050,A,2,15,1,NaN,NaN,0,0.401993989944458
A050,A,2,16,1,NaN,NaN,0,0.3628990650177
A050,A,2,17,1,NaN,NaN,0,0.339606046676636
A050,A,2,18,1,NaN,NaN,0,0.413333892822266
A050,A,2,19,1,NaN,NaN,0,0.366212844848633
A050,A,2,20,1,NaN,NaN,0,0.467436075210571
A050,A,2,21,NaN,1,0,NaN,NaN
A050,A,2,22,1,NaN,NaN,0,0.334151029586792
A050,A,2,23,1,NaN,NaN,0,0.302608013153076
A050,A,2,24,1,NaN,NaN,0,0.310863971710205
A050,A,2,25,1,NaN,NaN,0,0.3679039478302
A050,A,2,26,1,NaN,NaN,0,0.422547817230225
A050,A,2,27,1,NaN,NaN,0,0.481657028198242
A050,A,2,28,1,NaN,NaN,0,0.473008155822754
A050,A,2,29,1,NaN,NaN,0,0.649969100952148
A050,A,2,30,1,NaN,NaN,0,0.652368068695068
A050,A,2,31,1,NaN,NaN,0,0.597206115722656
A050,A,2,32,NaN,1,0,NaN,NaN
A050,A,2,33,1,NaN,NaN,0,0.332741022109985
A050,A,2,34,1,NaN,NaN,0,0.23698091506958
A050,A,2,35,1,NaN,NaN,0,0.270277976989746
A050,A,2,36,1,NaN,NaN,0,0.354866981506348
A050,A,2,37,1,NaN,NaN,0,0.420912981033325
A050,A,2,38,1,NaN,NaN,0,0.483489990234375
A050,A,2,39,1,NaN,NaN,0,0.498144865036011
A050,A,2,40,NaN,1,0,NaN,NaN
A050,A,2,41,1,NaN,NaN,0,0.619113922119141
A050,A,2,42,1,NaN,NaN,0,0.538164854049683
A050,A,2,43,1,NaN,NaN,0,0.438045978546143
A050,A,2,44,1,NaN,NaN,0,0.462767124176025
A050,A,2,45,1,NaN,NaN,0,0.499490976333618
A050,A,2,46,1,NaN,NaN,0,0.438316822052002
A050,A,2,47,1,NaN,NaN,0,0.385658979415894
A050,A,2,48,1,NaN,NaN,0,0.431332111358643
A050,A,2,49,1,NaN,NaN,0,0.508504867553711
A050,A,2,50,1,NaN,NaN,0,0.479140043258667
A050,A,2,51,1,NaN,NaN,0,0.472038984298706
A050,A,2,52,NaN,1,0,NaN,NaN
A050,A,2,53,1,NaN,NaN,0,0.2937331199646
A050,A,2,54,1,NaN,NaN,0,0.284465074539185
A050,A,2,55,1,NaN,NaN,0,0.27225399017334
A050,A,2,56,1,NaN,NaN,0,0.322021007537842
A050,A,2,57,1,NaN,NaN,0,0.362604856491089
A050,A,2,58,1,NaN,NaN,0,0.260105848312378
A050,A,2,59,1,NaN,NaN,0,0.272088050842285
A050,A,2,60,1,NaN,NaN,0,0.289380073547363
A050,A,2,61,1,NaN,NaN,0,0.24509596824646
A050,A,2,62,NaN,0,1,NaN,NaN
A050,A,2,63,1,NaN,NaN,0,0.233871221542358
A050,A,2,64,1,NaN,NaN,0,0.253511905670166
A050,A,2,65,1,NaN,NaN,0,0.419584989547729
A050,A,2,66,1,NaN,NaN,0,0.33571982383728
A050,A,2,67,1,NaN,NaN,0,0.41395115852356
A050,A,2,68,1,NaN,NaN,0,0.43538498878479
A050,A,2,69,1,NaN,NaN,0,0.451509952545166
A050,A,2,70,NaN,1,0,NaN,NaN
A050,A,2,71,1,NaN,NaN,0,0.302435874938965
A050,A,2,72,1,NaN,NaN,0,0.243246078491211
A050,A,2,73,1,NaN,NaN,0,0.296260833740234
A050,A,2,74,1,NaN,NaN,0,0.470072984695435
A050,A,2,75,1,NaN,NaN,0,0.490084886550903
A050,A,2,76,1,NaN,NaN,0,0.467545986175537
A050,A,2,77,1,NaN,NaN,0,0.594789981842041
A050,A,2,78,1,NaN,NaN,0,0.72556209564209
A050,A,2,79,1,NaN,NaN,0,0.927647113800049
A050,A,2,80,NaN,1,0,NaN,NaN
A050,A,2,81,1,NaN,NaN,0,0.452569961547852
A050,A,2,82,1,NaN,NaN,0,0.484333038330078
A050,A,2,83,NaN,1,0,NaN,NaN
A050,A,2,84,1,NaN,NaN,0,0.56627893447876
A050,A,2,85,1,NaN,NaN,0,0.455335855484009
A050,A,2,86,1,NaN,NaN,0,0.471666812896729
A050,A,2,87,1,NaN,NaN,0,0.475679874420166
A050,A,2,88,1,NaN,NaN,0,0.624296903610229
A050,A,2,89,1,NaN,NaN,0,0.580344915390015
A050,A,2,90,1,NaN,NaN,0,0.547641038894653
A050,A,2,91,1,NaN,NaN,0,0.495877027511597
A050,A,2,92,1,NaN,NaN,0,0.372848033905029
A050,A,2,93,1,NaN,NaN,0,0.356622934341431
A050,A,2,94,1,NaN,NaN,0,0.6978600025177
A050,A,2,95,1,NaN,NaN,0,0.65828013420105
A050,A,2,96,1,NaN,NaN,0,0.553400039672852
A050,A,2,97,NaN,1,0,NaN,NaN
A050,A,2,98,1,NaN,NaN,0,0.433348894119263
A050,A,2,99,1,NaN,NaN,0,0.318593978881836
A050,A,2,100,1,NaN,NaN,0,0.266519784927368
A050,A,2,101,1,NaN,NaN,0,0.329431056976318
A050,A,2,102,1,NaN,NaN,0,0.364697933197021
A050,A,2,103,1,NaN,NaN,0,0.391139030456543
A050,A,2,104,1,NaN,NaN,0,0.445775985717773
A050,A,2,105,1,NaN,NaN,0,0.440874099731445
A050,A,2,106,NaN,1,0,NaN,NaN
A050,A,2,107,1,NaN,NaN,0,0.403008937835693
A050,A,2,108,1,NaN,NaN,0,0.291752815246582
A050,A,2,109,1,NaN,NaN,0,0.302342176437378
A050,A,2,110,1,NaN,NaN,0,0.468759059906006
A050,A,2,111,1,NaN,NaN,0,0.458532094955444
A050,A,2,112,1,NaN,NaN,0,0.375643014907837
A050,A,2,113,1,NaN,NaN,0,0.390326976776123
A050,A,2,114,NaN,1,0,NaN,NaN
A050,A,2,115,1,NaN,NaN,0,0.353222131729126
A050,A,2,116,1,NaN,NaN,0,0.390195846557617
A050,A,2,117,1,NaN,NaN,0,0.366263151168823
A050,A,2,118,1,NaN,NaN,0,0.490607023239136
A050,A,2,119,NaN,1,0,NaN,NaN
A050,A,2,120,1,NaN,NaN,0,0.365046977996826
A050,A,2,121,1,NaN,NaN,0,0.498112916946411
A050,A,2,122,1,NaN,NaN,0,0.479505777359009
A050,A,2,123,1,NaN,NaN,0,0.59284496307373
A050,A,2,124,1,NaN,NaN,0,0.558135986328125
A050,A,2,125,1,NaN,NaN,0,0.675420999526978
A050,A,2,126,1,NaN,NaN,0,0.685786008834839
A050,A,2,127,1,NaN,NaN,0,0.653335094451904
A050,A,2,128,NaN,1,0,NaN,NaN
A050,A,2,129,1,NaN,NaN,0,0.308983087539673
A050,A,2,130,1,NaN,NaN,0,0.422011852264404
A050,A,2,131,1,NaN,NaN,0,0.402167081832886
A050,A,2,132,1,NaN,NaN,0,0.379528045654297
A050,A,2,133,1,NaN,NaN,0,0.412544012069702
A050,A,2,134,1,NaN,NaN,0,0.586505174636841
A050,A,2,135,1,NaN,NaN,0,0.580038070678711
A050,A,2,136,1,NaN,NaN,0,0.511487007141113
A050,A,2,137,1,NaN,NaN,0,0.440309047698975
A050,A,2,138,1,NaN,NaN,0,0.440699815750122
A050,A,2,139,1,NaN,NaN,0,0.38146185874939
A050,A,2,140,1,NaN,NaN,0,0.428892135620117
A050,A,2,141,1,NaN,NaN,0,0.454723119735718
A050,A,2,142,1,NaN,NaN,0,0.403403043746948
A050,A,2,143,NaN,1,0,NaN,NaN
A050,A,2,144,1,NaN,NaN,0,0.317060947418213
A050,A,2,145,1,NaN,NaN,0,0.410415887832642
A050,A,2,146,1,NaN,NaN,0,0.355976104736328
A050,A,2,147,1,NaN,NaN,0,0.477998971939087
A050,A,2,148,1,NaN,NaN,0,0.516391038894653
A050,A,2,149,1,NaN,NaN,0,0.562060117721558
A050,A,2,150,1,NaN,NaN,0,0.630462169647217
A050,A,2,151,NaN,1,0,NaN,NaN
A050,A,2,152,1,NaN,NaN,0,0.377168893814087
A050,A,2,153,1,NaN,NaN,0,0.305414915084839
A050,A,2,154,1,NaN,NaN,0,0.302402019500732
A050,A,2,155,1,NaN,NaN,0,0.331951141357422
A050,A,2,156,1,NaN,NaN,0,0.571555137634277
A050,A,2,157,1,NaN,NaN,0,0.527611970901489
A050,A,2,158,1,NaN,NaN,0,0.587937116622925
A050,A,2,159,NaN,1,0,NaN,NaN
A050,A,2,160,1,NaN,NaN,0,0.385234117507935
A050,A,2,161,1,NaN,NaN,0,0.390254974365234
A050,A,2,162,1,NaN,NaN,0,0.533139228820801
A050,A,2,163,1,NaN,NaN,0,0.641299962997437
A050,A,2,164,1,NaN,NaN,0,0.515111923217773
A050,A,2,165,1,NaN,NaN,0,0.383047103881836
A050,A,2,166,1,NaN,NaN,0,0.286299228668213
A050,A,2,167,1,NaN,NaN,0,0.27504301071167
A050,A,2,168,NaN,0,1,NaN,NaN
A050,A,2,169,1,NaN,NaN,0,0.485184192657471
A050,A,2,170,1,NaN,NaN,0,0.593709945678711
A050,A,2,171,1,NaN,NaN,0,0.575155973434448
A050,A,2,172,1,NaN,NaN,0,0.505414962768555
A050,A,2,173,1,NaN,NaN,0,0.437505006790161
A050,A,2,174,1,NaN,NaN,0,0.530029058456421
A050,A,2,175,1,NaN,NaN,0,0.423066139221191
A050,A,2,176,1,NaN,NaN,0,0.427715063095093
A050,A,2,177,NaN,1,0,NaN,NaN
A050,A,2,178,1,NaN,NaN,0,0.250437021255493
A050,A,2,179,1,NaN,NaN,0,0.353193044662476
A050,A,2,180,1,NaN,NaN,0,0.338257074356079
A050,A,2,181,1,NaN,NaN,0,0.460679054260254
A050,A,2,182,1,NaN,NaN,0,0.504992008209229
A050,A,2,183,NaN,1,0,NaN,NaN
A050,A,2,184,1,NaN,NaN,0,0.277405977249146
A050,A,2,185,1,NaN,NaN,0,0.307836055755615
A050,A,2,186,1,NaN,NaN,0,0.392311096191406
A050,A,2,187,1,NaN,NaN,0,0.356233835220337
A050,A,2,188,1,NaN,NaN,0,0.780788898468018
A050,A,2,189,1,NaN,NaN,0,0.773632049560547
A050,A,2,190,1,NaN,NaN,0,0.634133100509644
A050,A,2,191,1,NaN,NaN,0,0.475200176239014
A050,A,2,192,1,NaN,NaN,0,0.389389038085938
A050,A,2,193,1,NaN,NaN,0,0.410544872283936
A050,A,2,194,1,NaN,NaN,0,0.483619928359985
A050,A,2,195,1,NaN,NaN,0,0.531836032867432
A050,A,2,196,NaN,0,1,NaN,NaN
A050,A,2,197,1,NaN,NaN,0,0.480076789855957
A050,A,2,198,1,NaN,NaN,0,0.391571044921875
A050,A,2,199,1,NaN,NaN,0,0.41109299659729
A050,A,2,200,NaN,1,0,NaN,NaN
A050,A,2,201,1,NaN,NaN,0,0.324713945388794
A050,A,2,202,1,NaN,NaN,0,0.525770902633667
A050,A,2,203,1,NaN,NaN,0,0.643543004989624
A050,A,2,204,1,NaN,NaN,0,0.487709045410156
A050,A,2,205,1,NaN,NaN,0,0.541855096817017
A050,A,2,206,1,NaN,NaN,0,0.523054838180542
A050,A,2,207,1,NaN,NaN,0,0.440254926681519
A050,A,2,208,1,NaN,NaN,0,0.433602094650269
A050,A,2,209,1,NaN,NaN,0,0.468317031860352
A050,A,2,210,1,NaN,NaN,0,0.504074096679688
A050,A,2,211,1,NaN,NaN,0,0.601135015487671
A050,A,2,212,1,NaN,NaN,0,0.532366991043091
A050,A,2,213,NaN,1,0,NaN,NaN
A050,A,2,214,1,NaN,NaN,0,0.401102066040039
A050,A,2,215,1,NaN,NaN,0,0.296651840209961
A050,A,2,216,1,NaN,NaN,0,0.354289054870605
A050,A,2,217,1,NaN,NaN,0,0.42815089225769
A050,A,2,218,1,NaN,NaN,0,0.399226188659668
A050,A,2,219,1,NaN,NaN,0,0.460958957672119
A050,A,2,220,1,NaN,NaN,0,0.502704858779907
A050,A,2,221,1,NaN,NaN,0,0.454884052276611
A050,A,2,222,1,NaN,NaN,0,0.376070976257324
A050,A,2,223,NaN,1,0,NaN,NaN
A050,A,2,224,1,NaN,NaN,0,0.275759935379028
A050,A,2,225,1,NaN,NaN,0,0.248387098312378
A050,A,2,226,1,NaN,NaN,0,0.251286029815674
A050,A,2,227,NaN,0,1,NaN,NaN
A050,A,2,228,1,NaN,NaN,0,0.444604873657227
A050,A,2,229,1,NaN,NaN,0,0.3835289478302
A050,A,2,230,1,NaN,NaN,0,0.544058084487915
A050,A,2,231,1,NaN,NaN,0,0.561972141265869
A050,A,2,232,1,NaN,NaN,0,0.467120885848999
A050,A,2,233,1,NaN,NaN,0,0.50310206413269
A050,A,2,234,1,NaN,NaN,0,0.448223114013672
A050,A,2,235,1,NaN,NaN,0,0.479564905166626
A050,A,2,236,1,NaN,NaN,0,0.432460069656372
A050,A,2,237,1,NaN,NaN,0,0.425681829452515
A050,A,2,238,1,NaN,NaN,0,0.471776008605957
A050,A,2,239,NaN,1,0,NaN,NaN
A050,A,2,240,1,NaN,NaN,0,0.384038925170898
A050,A,2,241,1,NaN,NaN,0,0.308038949966431
A050,A,2,242,1,NaN,NaN,0,0.300015211105347
A050,A,2,243,1,NaN,NaN,0,0.440510988235474
A050,A,2,244,1,NaN,NaN,0,0.498880863189697
A050,A,2,245,NaN,1,0,NaN,NaN
A050,A,2,246,1,NaN,NaN,0,0.289157867431641
A050,A,2,247,1,NaN,NaN,0,0.561049938201904
A050,A,2,248,1,NaN,NaN,0,0.412873983383179
A050,A,2,249,1,NaN,NaN,0,0.439949989318848
A050,A,2,250,1,NaN,NaN,0,0.364356994628906
A050,A,2,251,1,NaN,NaN,0,0.505130052566528
A050,A,2,252,1,NaN,NaN,0,0.513780117034912
A050,A,2,253,1,NaN,NaN,0,0.416323184967041
A050,A,2,254,1,NaN,NaN,0,0.371814012527466
A050,A,2,255,1,NaN,NaN,0,0.436572790145874
A050,A,2,256,1,NaN,NaN,0,0.382735013961792
A050,A,2,257,1,NaN,NaN,0,0.325656890869141
A050,A,2,258,1,NaN,NaN,0,0.382848978042603
A050,A,2,259,1,NaN,NaN,0,0.330564975738525
A050,A,2,260,NaN,0,1,NaN,NaN
A050,A,2,261,1,NaN,NaN,0,NaN
A050,A,2,262,1,NaN,NaN,0,0.320259809494019
A050,A,2,263,1,NaN,NaN,0,0.315459012985229
A050,A,2,264,1,NaN,NaN,0,0.380575180053711
A050,A,2,265,1,NaN,NaN,0,0.30202579498291
A050,A,2,266,NaN,1,0,NaN,NaN
A050,A,2,267,1,NaN,NaN,0,0.328459024429321
A050,A,2,268,1,NaN,NaN,0,0.255863904953003
A050,A,2,269,1,NaN,NaN,0,0.286911964416504
A050,A,2,270,1,NaN,NaN,0,0.305992126464844
A050,A,2,271,1,NaN,NaN,0,0.357185840606689
A050,A,2,272,1,NaN,NaN,0,0.393637895584106
A050,A,2,273,NaN,1,0,NaN,NaN
A050,A,2,274,1,NaN,NaN,0,0.310127019882202
A050,A,2,275,1,NaN,NaN,0,0.279801845550537
A050,A,2,276,1,NaN,NaN,0,0.294704914093018
A050,A,2,277,1,NaN,NaN,0,0.274191856384277
A050,A,2,278,1,NaN,NaN,0,0.343296051025391
A050,A,2,279,1,NaN,NaN,0,0.453500032424927
A050,A,2,280,1,NaN,NaN,0,0.522677898406982
A050,A,2,281,NaN,1,0,NaN,NaN
A050,A,2,282,1,NaN,NaN,0,0.375730037689209
A050,A,2,283,1,NaN,NaN,0,0.310596942901611
A050,A,2,284,1,NaN,NaN,0,0.286277055740356
A050,A,2,285,1,NaN,NaN,0,0.347970008850098
A050,A,2,286,1,NaN,NaN,0,0.386108160018921
A050,A,2,287,1,NaN,NaN,0,0.350409030914307
A050,A,2,288,1,NaN,NaN,0,0.408144950866699
A050,A,2,289,1,NaN,NaN,0,0.392340898513794
A050,A,2,290,1,NaN,NaN,0,0.367220878601074
A050,A,2,291,1,NaN,NaN,0,0.306607007980347
A050,A,2,292,NaN,0,1,NaN,NaN
A050,A,2,293,1,NaN,NaN,0,0.355798006057739
A050,A,2,294,1,NaN,NaN,0,0.30259895324707
A050,A,2,295,1,NaN,NaN,0,0.38300895690918
A050,A,2,296,1,NaN,NaN,0,0.349735021591187
A050,A,2,297,1,NaN,NaN,0,0.331721067428589
A050,A,2,298,1,NaN,NaN,0,0.354743003845215
A050,A,2,299,1,NaN,NaN,0,0.391091823577881
A050,A,2,300,1,NaN,NaN,0,0.34074592590332
A050,A,2,301,1,NaN,NaN,0,0.358155012130737
A050,A,2,302,1,NaN,NaN,0,0.336079120635986
A050,A,2,303,1,NaN,NaN,0,0.340943813323975
A050,A,2,304,NaN,1,0,NaN,NaN
A050,A,2,305,1,NaN,NaN,0,0.407148838043213
A050,A,2,306,1,NaN,NaN,0,0.308127164840698
A050,A,2,307,1,NaN,NaN,0,0.627335071563721
A050,A,2,308,1,NaN,NaN,0,0.548608064651489
A050,A,2,309,1,NaN,NaN,0,0.422843933105469
A050,A,2,310,1,NaN,NaN,0,0.392030954360962
A050,A,2,311,NaN,1,0,NaN,NaN
A050,A,2,312,1,NaN,NaN,0,0.266155958175659
A050,A,2,313,1,NaN,NaN,0,0.29886794090271
A050,A,2,314,1,NaN,NaN,0,0.308247089385986
A050,A,2,315,1,NaN,NaN,0,0.44170093536377
A050,A,2,316,1,NaN,NaN,0,0.40413498878479
A050,A,2,317,1,NaN,NaN,0,0.464457988739014
A050,A,2,318,1,NaN,NaN,0,0.399806022644043
A050,A,2,319,1,NaN,NaN,0,0.363394975662231
A050,A,2,320,1,NaN,NaN,0,0.372268915176392
A050,A,2,321,NaN,1,0,NaN,NaN
A050,A,2,322,1,NaN,NaN,0,0.255740880966187
A050,A,2,323,1,NaN,NaN,0,0.300961971282959
A050,A,2,324,1,NaN,NaN,0,0.316642045974731
A050,A,2,325,1,NaN,NaN,0,0.301505088806152
A050,A,2,326,1,NaN,NaN,0,0.315525054931641
A050,A,2,327,1,NaN,NaN,0,0.308195829391479
A050,A,2,328,1,NaN,NaN,0,0.342968940734863
A050,A,2,329,1,NaN,NaN,0,0.380622863769531
A050,A,2,330,1,NaN,NaN,0,0.486310005187988
A050,A,2,331,1,NaN,NaN,0,0.429805994033813
A050,A,2,332,NaN,1,0,NaN,NaN
A050,A,2,333,1,NaN,NaN,0,0.286046981811523
A050,A,2,334,1,NaN,NaN,0,0.259558916091919
A050,A,2,335,1,NaN,NaN,0,0.348850011825562
A050,A,2,336,1,NaN,NaN,0,0.533449172973633
A050,A,2,337,1,NaN,NaN,0,0.462342023849487
A050,A,2,338,1,NaN,NaN,0,0.533506155014038
A050,A,2,339,1,NaN,NaN,0,0.474307060241699
A050,A,2,340,1,NaN,NaN,0,0.579110860824585
A050,A,2,341,NaN,1,0,NaN,NaN
A050,A,2,342,1,NaN,NaN,0,0.322052001953125
A050,A,2,343,1,NaN,NaN,0,0.24706506729126
A050,A,2,344,1,NaN,NaN,0,0.281147956848145
A050,A,2,345,1,NaN,NaN,0,0.277559995651245
A050,A,2,346,1,NaN,NaN,0,0.358607053756714
A050,A,2,347,1,NaN,NaN,0,0.400602102279663
A050,A,2,348,1,NaN,NaN,0,0.321535110473633
A050,A,2,349,NaN,0,1,NaN,NaN
A050,A,2,350,1,NaN,NaN,0,0.343066930770874
A050,A,2,351,1,NaN,NaN,0,0.296010971069336
A050,A,2,352,1,NaN,NaN,0,0.418473958969116
A050,A,2,353,NaN,1,0,NaN,NaN
A050,A,2,354,1,NaN,NaN,0,0.285988092422485
A050,A,2,355,1,NaN,NaN,0,0.404885053634644
A050,A,2,356,1,NaN,NaN,0,0.566015005111694
A050,A,2,357,1,NaN,NaN,0,0.75971794128418
A050,A,2,358,1,NaN,NaN,0,0.846842050552368
A050,A,2,359,1,NaN,NaN,0,0.768306016921997
A050,A,2,360,1,NaN,NaN,0,0.506923913955688
A050,A,2,361,1,NaN,NaN,0,0.396420955657959
A050,A,2,362,1,NaN,NaN,0,0.425417184829712
A050,A,2,363,1,NaN,NaN,0,0.408998966217041
A050,A,2,364,NaN,1,0,NaN,NaN
A050,A,2,365,1,NaN,NaN,0,0.270426988601685
A050,A,2,366,1,NaN,NaN,0,0.241508960723877
A050,A,2,367,1,NaN,NaN,0,0.252786874771118
A050,A,2,368,1,NaN,NaN,0,0.252588987350464
A050,A,2,369,1,NaN,NaN,0,0.439491033554077
A050,A,2,370,1,NaN,NaN,0,0.484565019607544
A050,A,2,371,1,NaN,NaN,0,0.505868911743164
A050,A,2,372,1,NaN,NaN,0,0.550976991653442
A050,A,2,373,1,NaN,NaN,0,0.476305961608887
A050,A,2,374,NaN,1,0,NaN,NaN
A050,A,2,375,1,NaN,NaN,0,0.306539058685303
A050,A,2,376,1,NaN,NaN,0,0.32423996925354
A050,A,2,377,1,NaN,NaN,0,0.465897083282471
A050,A,2,378,1,NaN,NaN,0,0.443173885345459
A050,A,2,379,1,NaN,NaN,0,0.607922077178955
A050,A,2,380,NaN,1,0,NaN,NaN
A050,A,2,381,1,NaN,NaN,0,0.314329147338867
A050,A,2,382,1,NaN,NaN,0,0.290427207946777
A050,A,2,383,1,NaN,NaN,0,0.339700937271118
A050,A,2,384,1,NaN,NaN,0,0.378506898880005
A050,A,2,385,1,NaN,NaN,0,0.377453088760376
A050,A,2,386,1,NaN,NaN,0,0.382243871688843
A050,A,2,387,1,NaN,NaN,0,0.422316074371338
A050,A,2,388,1,NaN,NaN,0,0.512137174606323
A050,A,2,389,1,NaN,NaN,0,0.461795806884766
A050,A,2,390,NaN,1,0,NaN,NaN
A050,A,2,391,1,NaN,NaN,0,0.392822980880737
A050,A,2,392,1,NaN,NaN,0,0.358926057815552
A050,A,2,393,1,NaN,NaN,0,0.422330141067505
A050,A,2,394,1,NaN,NaN,0,0.484798192977905
A050,A,2,395,1,NaN,NaN,0,0.421687841415405
A050,A,2,396,1,NaN,NaN,0,0.542196035385132
A050,A,2,397,1,NaN,NaN,0,0.506573915481567
A050,A,2,398,1,NaN,NaN,0,0.563289880752563
A050,A,2,399,1,NaN,NaN,0,0.565111875534058
A050,A,2,400,1,NaN,NaN,0,0.543644189834595
A050,A,2,401,1,NaN,NaN,0,0.435199975967407
A050,A,2,402,NaN,1,0,NaN,NaN
A050,A,2,403,1,NaN,NaN,0,0.332882881164551
A050,A,2,404,1,NaN,NaN,0,0.285146951675415
A050,A,2,405,1,NaN,NaN,0,0.37724494934082
A050,A,2,406,1,NaN,NaN,0,0.333888053894043
A050,A,2,407,1,NaN,NaN,0,0.327211141586304
A050,A,2,408,1,NaN,NaN,0,0.347749948501587
A050,A,2,409,NaN,1,0,NaN,NaN
A050,A,2,410,1,NaN,NaN,0,0.281718969345093
A050,A,2,411,1,NaN,NaN,0,0.315180063247681
A050,A,2,412,1,NaN,NaN,0,0.30677318572998
A050,A,2,413,1,NaN,NaN,0,0.509430885314941
A050,A,2,414,1,NaN,NaN,0,0.568499088287354
A050,A,2,415,1,NaN,NaN,0,0.464309215545654
A050,A,2,416,NaN,1,0,NaN,NaN
A050,A,2,417,1,NaN,NaN,0,0.254106044769287
A050,A,2,418,1,NaN,NaN,0,0.273679971694946
A050,A,2,419,1,NaN,NaN,0,0.298484086990356
A050,A,2,420,1,NaN,NaN,0,0.320324897766113
A050,A,2,421,1,NaN,NaN,0,0.400825977325439
A050,A,2,422,1,NaN,NaN,0,0.581954002380371
A050,A,2,423,1,NaN,NaN,0,0.560590982437134
A050,A,2,424,1,NaN,NaN,0,0.590712070465088
A050,A,2,425,1,NaN,NaN,0,0.487411022186279
A050,A,2,426,NaN,1,0,NaN,NaN
A050,A,2,427,1,NaN,NaN,0,0.310334920883179
A050,A,2,428,1,NaN,NaN,0,0.407306909561157
A050,A,2,429,1,NaN,NaN,0,0.406780958175659
A050,A,2,430,1,NaN,NaN,0,0.46866512298584
A050,A,2,431,1,NaN,NaN,0,0.56121301651001
A050,A,2,432,1,NaN,NaN,0,0.587560892105103
A050,A,2,433,1,NaN,NaN,0,0.436706066131592
A050,A,2,434,1,NaN,NaN,0,0.510092973709106
A050,A,2,435,1,NaN,NaN,0,0.527933835983276
A050,A,2,436,1,NaN,NaN,0,0.443179845809937
A050,A,2,437,1,NaN,NaN,0,0.376390218734741
A050,A,2,438,NaN,1,0,NaN,NaN
A050,A,2,439,1,NaN,NaN,0,0.288467168807983
A050,A,2,440,1,NaN,NaN,0,0.279894113540649
A050,A,2,441,1,NaN,NaN,0,0.301546096801758
A050,A,2,442,1,NaN,NaN,0,0.431082963943481
A050,A,2,443,NaN,1,0,NaN,NaN
A050,A,2,444,1,NaN,NaN,0,0.274158000946045
A050,A,2,445,1,NaN,NaN,0,0.270336151123047
A050,A,2,446,1,NaN,NaN,0,0.329818964004517
A050,A,2,447,1,NaN,NaN,0,0.366483926773071
A050,A,2,448,1,NaN,NaN,0,0.690095901489258
A050,A,2,449,1,NaN,NaN,0,0.536598920822144
A050,A,2,450,1,NaN,NaN,0,0.434767961502075
A050,A,2,451,1,NaN,NaN,0,0.463702917098999
A050,A,2,452,1,NaN,NaN,0,0.419333934783936
A050,A,2,453,NaN,1,0,NaN,NaN
A050,A,2,454,1,NaN,NaN,0,0.49973201751709
A050,A,2,455,1,NaN,NaN,0,0.341381788253784
A050,A,2,456,1,NaN,NaN,0,0.339024066925049
A050,A,2,457,1,NaN,NaN,0,0.358936071395874
A050,A,2,458,1,NaN,NaN,0,0.301700115203857
A050,A,2,459,1,NaN,NaN,0,0.333436012268066
A050,A,2,460,1,NaN,NaN,0,0.304986000061035
A050,A,2,461,1,NaN,NaN,0,0.292526006698608
A050,A,2,462,1,NaN,NaN,0,0.446605920791626
A050,A,2,463,NaN,1,0,NaN,NaN
A050,A,2,464,1,NaN,NaN,0,0.281402111053467
A050,A,2,465,1,NaN,NaN,0,0.259281158447266
A050,A,2,466,1,NaN,NaN,0,0.316406965255737
A050,A,2,467,1,NaN,NaN,0,0.26141095161438
A050,A,2,468,1,NaN,NaN,0,0.362030029296875
A050,A,2,469,1,NaN,NaN,0,0.358927011489868
A050,A,2,470,1,NaN,NaN,0,0.360475063323975
A050,A,2,471,NaN,1,0,NaN,NaN
A050,A,2,472,1,NaN,NaN,0,0.274482011795044
A050,A,2,473,1,NaN,NaN,0,0.311927080154419
A050,A,2,474,1,NaN,NaN,0,0.251006841659546
A050,A,2,475,1,NaN,NaN,0,0.306888818740845
A050,A,2,476,1,NaN,NaN,0,0.31567907333374
A050,A,2,477,1,NaN,NaN,0,0.349108934402466
A050,A,2,478,1,NaN,NaN,0,0.314540863037109
A050,A,2,479,NaN,0,1,NaN,NaN
A050,A,2,480,1,NaN,NaN,0,0.35456395149231
A050,A,2,481,1,NaN,NaN,0,0.4151771068573
A050,A,2,482,1,NaN,NaN,0,0.371356010437012
A050,A,2,483,1,NaN,NaN,0,0.34969687461853
A050,A,2,484,1,NaN,NaN,0,0.38930606842041
A050,A,2,485,1,NaN,NaN,0,0.515506982803345
A050,A,2,486,1,NaN,NaN,0,0.481781005859375
A050,A,2,487,1,NaN,NaN,0,0.525449991226196
A050,A,2,488,1,NaN,NaN,0,0.547872066497803
A050,A,2,489,1,NaN,NaN,0,0.692944049835205
A050,A,2,490,1,NaN,NaN,0,0.465714931488037
A050,A,2,491,1,NaN,NaN,0,0.332489967346191
A050,A,2,492,1,NaN,NaN,0,0.328472852706909
A050,A,2,493,1,NaN,NaN,0,0.414525032043457
A050,A,2,494,NaN,1,0,NaN,NaN
A050,A,2,495,1,NaN,NaN,0,0.406535148620605
A050,A,2,496,1,NaN,NaN,0,0.556047201156616
A050,A,2,497,1,NaN,NaN,0,0.55550479888916
A050,A,2,498,1,NaN,NaN,0,0.632019996643066
A050,A,2,499,1,NaN,NaN,0,0.652951955795288
A050,A,2,500,1,NaN,NaN,0,0.485862016677856
A050,A,2,501,NaN,1,0,NaN,NaN
A050,A,2,502,1,NaN,NaN,0,0.310431957244873
A050,A,2,503,1,NaN,NaN,0,0.247705936431885
A050,A,2,504,1,NaN,NaN,0,0.286543130874634
A050,A,2,505,1,NaN,NaN,0,0.302549839019775
A050,A,2,506,1,NaN,NaN,0,0.300498008728027
A050,A,2,507,1,NaN,NaN,0,0.281919956207275
A050,A,2,508,1,NaN,NaN,0,0.326628923416138
A050,A,2,509,NaN,0,1,NaN,NaN
A050,A,2,510,1,NaN,NaN,0,0.296488046646118
A050,A,2,511,1,NaN,NaN,0,0.280860900878906
A050,A,2,512,1,NaN,NaN,0,0.382815837860107
A050,A,2,513,1,NaN,NaN,0,0.440502882003784
A050,A,2,514,1,NaN,NaN,0,0.36080002784729
A050,A,2,515,1,NaN,NaN,0,0.298120021820068
A050,A,2,516,1,NaN,NaN,0,0.311307191848755
A050,A,2,517,1,NaN,NaN,0,0.2761070728302
A050,A,2,518,1,NaN,NaN,0,0.413986206054688
A050,A,2,519,1,NaN,NaN,0,0.570345163345337
A050,A,2,520,NaN,1,0,NaN,NaN
A050,A,2,521,1,NaN,NaN,0,0.335280895233154
A050,A,2,522,1,NaN,NaN,0,0.270787954330444
A050,A,2,523,1,NaN,NaN,0,0.255666017532349
A050,A,2,524,NaN,0,1,NaN,NaN
A050,A,2,525,1,NaN,NaN,0,0.402724981307983
A050,A,2,526,1,NaN,NaN,0,0.480277061462402
A050,A,2,527,1,NaN,NaN,0,0.483828067779541
A050,A,2,528,1,NaN,NaN,0,0.597609043121338
A050,A,2,529,1,NaN,NaN,0,0.548861980438232
A050,A,2,530,1,NaN,NaN,0,0.518326044082642
A050,A,2,531,1,NaN,NaN,0,0.638640880584717
A050,A,2,532,1,NaN,NaN,0,0.526451110839844
A050,A,2,533,NaN,1,0,NaN,NaN
A050,A,2,534,1,NaN,NaN,0,0.382827043533325
A050,A,2,535,1,NaN,NaN,0,0.421168088912964
A050,A,2,536,1,NaN,NaN,0,0.39868688583374
A050,A,2,537,1,NaN,NaN,0,0.476662874221802
A050,A,2,538,1,NaN,NaN,0,0.426279067993164
A050,A,2,539,1,NaN,NaN,0,0.479463815689087
A050,A,3,1,1,NaN,NaN,0,0.489744901657104
A050,A,3,2,1,NaN,NaN,0,0.492839813232422
A050,A,3,3,1,NaN,NaN,0,0.369224071502686
A050,A,3,4,1,NaN,NaN,0,0.44675087928772
A050,A,3,5,1,NaN,NaN,0,0.540454864501953
A050,A,3,6,1,NaN,NaN,0,0.523458003997803
A050,A,3,7,NaN,1,0,NaN,NaN
A050,A,3,8,1,NaN,NaN,0,0.309586048126221
A050,A,3,9,1,NaN,NaN,0,0.296260833740234
A050,A,3,10,1,NaN,NaN,0,0.347070932388306
A050,A,3,11,1,NaN,NaN,0,0.487527132034302
A050,A,3,12,1,NaN,NaN,0,0.455879926681519
A050,A,3,13,1,NaN,NaN,0,0.369089126586914
A050,A,3,14,1,NaN,NaN,0,0.392997026443481
A050,A,3,15,NaN,1,0,NaN,NaN
A050,A,3,16,1,NaN,NaN,0,0.251898050308228
A050,A,3,17,1,NaN,NaN,0,0.319001913070679
A050,A,3,18,1,NaN,NaN,0,0.368247032165527
A050,A,3,19,1,NaN,NaN,0,0.389938116073608
A050,A,3,20,1,NaN,NaN,0,0.40044093132019
A050,A,3,21,1,NaN,NaN,0,0.479270219802856
A050,A,3,22,1,NaN,NaN,0,0.553210020065308
A050,A,3,23,NaN,1,0,NaN,NaN
A050,A,3,24,1,NaN,NaN,0,0.256178140640259
A050,A,3,25,1,NaN,NaN,0,0.310261964797974
A050,A,3,26,1,NaN,NaN,0,0.496051073074341
A050,A,3,27,1,NaN,NaN,0,0.466905117034912
A050,A,3,28,1,NaN,NaN,0,0.427495956420898
A050,A,3,29,1,NaN,NaN,0,0.424068927764893
A050,A,3,30,NaN,1,0,NaN,NaN
A050,A,3,31,1,NaN,NaN,0,0.263182878494263
A050,A,3,32,1,NaN,NaN,0,0.252718925476074
A050,A,3,33,1,NaN,NaN,0,0.395219087600708
A050,A,3,34,1,NaN,NaN,0,0.409611940383911
A050,A,3,35,1,NaN,NaN,0,0.462607860565186
A050,A,3,36,1,NaN,NaN,0,0.382073163986206
A050,A,3,37,1,NaN,NaN,0,0.771677017211914
A050,A,3,38,NaN,0,1,NaN,NaN
A050,A,3,39,1,NaN,NaN,0,0.436765193939209
A050,A,3,40,1,NaN,NaN,0,0.365707874298096
A050,A,3,41,1,NaN,NaN,0,0.361297845840454
A050,A,3,42,1,NaN,NaN,0,0.432293891906738
A050,A,3,43,1,NaN,NaN,0,0.409108877182007
A050,A,3,44,1,NaN,NaN,0,0.527452945709229
A050,A,3,45,1,NaN,NaN,0,0.428656101226807
A050,A,3,46,1,NaN,NaN,0,0.531245946884155
A050,A,3,47,1,NaN,NaN,0,0.542011976242065
A050,A,3,48,1,NaN,NaN,0,0.568310976028442
A050,A,3,49,1,NaN,NaN,0,0.574916124343872
A050,A,3,50,1,NaN,NaN,0,0.439172029495239
A050,A,3,51,1,NaN,NaN,0,0.356594800949097
A050,A,3,52,1,NaN,NaN,0,0.34321117401123
A050,A,3,53,NaN,1,0,NaN,NaN
A050,A,3,54,1,NaN,NaN,0,0.32540488243103
A050,A,3,55,1,NaN,NaN,0,0.282384872436523
A050,A,3,56,1,NaN,NaN,0,0.26340913772583
A050,A,3,57,1,NaN,NaN,0,0.349159955978394
A050,A,3,58,1,NaN,NaN,0,0.385778188705444
A050,A,3,59,NaN,1,0,NaN,NaN
A050,A,3,60,1,NaN,NaN,0,0.447706937789917
A050,A,3,61,1,NaN,NaN,0,0.298996925354004
A050,A,3,62,1,NaN,NaN,0,0.358263969421387
A050,A,3,63,1,NaN,NaN,0,0.357726097106934
A050,A,3,64,1,NaN,NaN,0,0.434295177459717
A050,A,3,65,1,NaN,NaN,0,0.510158061981201
A050,A,3,66,1,NaN,NaN,0,0.597847938537598
A050,A,3,67,1,NaN,NaN,0,0.575945138931274
A050,A,3,68,NaN,1,0,NaN,NaN
A050,A,3,69,1,NaN,NaN,0,0.270743131637573
A050,A,3,70,1,NaN,NaN,0,0.285183906555176
A050,A,3,71,1,NaN,NaN,0,0.273797988891602
A050,A,3,72,1,NaN,NaN,0,0.350620031356812
A050,A,3,73,1,NaN,NaN,0,0.352406978607178
A050,A,3,74,1,NaN,NaN,0,0.319383859634399
A050,A,3,75,1,NaN,NaN,0,0.283785820007324
A050,A,3,76,1,NaN,NaN,0,0.360944986343384
A050,A,3,77,NaN,0,1,NaN,NaN
A050,A,3,78,1,NaN,NaN,0,0.430471897125244
A050,A,3,79,1,NaN,NaN,0,0.447512149810791
A050,A,3,80,1,NaN,NaN,0,0.452491044998169
A050,A,3,81,1,NaN,NaN,0,0.310012102127075
A050,A,3,82,1,NaN,NaN,0,0.466500043869019
A050,A,3,83,1,NaN,NaN,0,0.436431169509888
A050,A,3,84,1,NaN,NaN,0,0.36429500579834
A050,A,3,85,1,NaN,NaN,0,0.440796852111816
A050,A,3,86,1,NaN,NaN,0,0.372298002243042
A050,A,3,87,1,NaN,NaN,0,0.352508068084717
A050,A,3,88,1,NaN,NaN,0,0.340492010116577
A050,A,3,89,NaN,1,0,NaN,NaN
A050,A,3,90,1,NaN,NaN,0,0.442300081253052
A050,A,3,91,1,NaN,NaN,0,0.281759023666382
A050,A,3,92,1,NaN,NaN,0,0.249715805053711
A050,A,3,93,1,NaN,NaN,0,0.257416963577271
A050,A,3,94,1,NaN,NaN,0,0.307796001434326
A050,A,3,95,1,NaN,NaN,0,0.300879955291748
A050,A,3,96,NaN,1,0,NaN,NaN
A050,A,3,97,1,NaN,NaN,0,0.342927932739258
A050,A,3,98,1,NaN,NaN,0,0.307796955108643
A050,A,3,99,1,NaN,NaN,0,0.241469860076904
A050,A,3,100,1,NaN,NaN,0,0.272317886352539
A050,A,3,101,1,NaN,NaN,0,0.217727184295654
A050,A,3,102,NaN,0,1,NaN,NaN
A050,A,3,103,1,NaN,NaN,0,0.277184009552002
A050,A,3,104,1,NaN,NaN,0,0.35044002532959
A050,A,3,105,1,NaN,NaN,0,0.338586091995239
A050,A,3,106,1,NaN,NaN,0,0.30792498588562
A050,A,3,107,1,NaN,NaN,0,0.300326108932495
A050,A,3,108,1,NaN,NaN,0,0.405250072479248
A050,A,3,109,1,NaN,NaN,0,0.475878953933716
A050,A,3,110,1,NaN,NaN,0,0.337416887283325
A050,A,3,111,1,NaN,NaN,0,0.368822813034058
A050,A,3,112,1,NaN,NaN,0,0.528213024139404
A050,A,3,113,1,NaN,NaN,0,0.513008117675781
A050,A,3,114,NaN,1,0,NaN,NaN
A050,A,3,115,1,NaN,NaN,0,0.342403173446655
A050,A,3,116,1,NaN,NaN,0,0.338104009628296
A050,A,3,117,1,NaN,NaN,0,0.254975080490112
A050,A,3,118,1,NaN,NaN,0,0.33787989616394
A050,A,3,119,1,NaN,NaN,0,0.355534076690674
A050,A,3,120,1,NaN,NaN,0,0.326864957809448
A050,A,3,121,NaN,1,0,NaN,NaN
A050,A,3,122,1,NaN,NaN,0,0.392223119735718
A050,A,3,123,1,NaN,NaN,0,0.332763910293579
A050,A,3,124,1,NaN,NaN,0,0.340224027633667
A050,A,3,125,1,NaN,NaN,0,0.322457075119019
A050,A,3,126,1,NaN,NaN,0,0.335258007049561
A050,A,3,127,1,NaN,NaN,0,0.511924982070923
A050,A,3,128,1,NaN,NaN,0,0.518433094024658
A050,A,3,129,1,NaN,NaN,0,0.591669082641602
A050,A,3,130,1,NaN,NaN,0,0.514853000640869
A050,A,3,131,1,NaN,NaN,0,0.473258018493652
A050,A,3,132,1,NaN,NaN,0,0.448439836502075
A050,A,3,133,1,NaN,NaN,0,0.422582864761353
A050,A,3,134,NaN,1,0,NaN,NaN
A050,A,3,135,1,NaN,NaN,0,0.309264898300171
A050,A,3,136,1,NaN,NaN,0,0.308107852935791
A050,A,3,137,1,NaN,NaN,0,0.269407033920288
A050,A,3,138,1,NaN,NaN,0,0.375349044799805
A050,A,3,139,NaN,0,1,NaN,NaN
A050,A,3,140,1,NaN,NaN,0,0.394617080688477
A050,A,3,141,1,NaN,NaN,0,0.378623008728027
A050,A,3,142,1,NaN,NaN,0,0.443695783615112
A050,A,3,143,1,NaN,NaN,0,0.545681953430176
A050,A,3,144,1,NaN,NaN,0,0.524268865585327
A050,A,3,145,1,NaN,NaN,0,0.499935150146484
A050,A,3,146,1,NaN,NaN,0,0.565058946609497
A050,A,3,147,1,NaN,NaN,0,0.628230094909668
A050,A,3,148,1,NaN,NaN,0,0.52825403213501
A050,A,3,149,NaN,1,0,NaN,NaN
A050,A,3,150,1,NaN,NaN,0,0.291430950164795
A050,A,3,151,1,NaN,NaN,0,0.320997953414917
A050,A,3,152,1,NaN,NaN,0,0.363065958023071
A050,A,3,153,1,NaN,NaN,0,0.292410850524902
A050,A,3,154,1,NaN,NaN,0,0.290091991424561
A050,A,3,155,1,NaN,NaN,0,0.342998027801514
A050,A,3,156,1,NaN,NaN,0,0.532685995101929
A050,A,3,157,1,NaN,NaN,0,0.52103590965271
A050,A,3,158,1,NaN,NaN,0,0.581640005111694
A050,A,3,159,1,NaN,NaN,0,0.346585035324097
A050,A,3,160,NaN,0,1,NaN,NaN
A050,A,3,161,1,NaN,NaN,0,0.352070093154907
A050,A,3,162,1,NaN,NaN,0,0.319519996643066
A050,A,3,163,1,NaN,NaN,0,0.391288995742798
A050,A,3,164,1,NaN,NaN,0,0.483509063720703
A050,A,3,165,1,NaN,NaN,0,0.45878791809082
A050,A,3,166,1,NaN,NaN,0,0.400292873382568
A050,A,3,167,1,NaN,NaN,0,0.518306016921997
A050,A,3,168,NaN,1,0,NaN,NaN
A050,A,3,169,1,NaN,NaN,0,0.278121948242188
A050,A,3,170,1,NaN,NaN,0,0.455919027328491
A050,A,3,171,1,NaN,NaN,0,0.383096933364868
A050,A,3,172,1,NaN,NaN,0,0.416460037231445
A050,A,3,173,NaN,1,0,NaN,NaN
A050,A,3,174,1,NaN,NaN,0,0.308444023132324
A050,A,3,175,1,NaN,NaN,0,0.2933349609375
A050,A,3,176,1,NaN,NaN,0,0.398107051849365
A050,A,3,177,1,NaN,NaN,0,0.404510021209717
A050,A,3,178,1,NaN,NaN,0,0.472795963287354
A050,A,3,179,1,NaN,NaN,0,0.602573871612549
A050,A,3,180,1,NaN,NaN,0,0.895230054855347
A050,A,3,181,1,NaN,NaN,0,0.683291912078857
A050,A,3,182,1,NaN,NaN,0,0.493403911590576
A050,A,3,183,1,NaN,NaN,0,0.325610876083374
A050,A,3,184,1,NaN,NaN,0,0.377907037734985
A050,A,3,185,1,NaN,NaN,0,0.440890073776245
A050,A,3,186,1,NaN,NaN,0,0.492143869400024
A050,A,3,187,NaN,1,0,NaN,NaN
A050,A,3,188,1,NaN,NaN,0,0.28472113609314
A050,A,3,189,1,NaN,NaN,0,0.219976902008057
A050,A,3,190,1,NaN,NaN,0,0.256230115890503
A050,A,3,191,1,NaN,NaN,0,0.384441137313843
A050,A,3,192,1,NaN,NaN,0,0.328369140625
A050,A,3,193,1,NaN,NaN,0,0.456931114196777
A050,A,3,194,1,NaN,NaN,0,0.429019927978516
A050,A,3,195,1,NaN,NaN,0,0.42096209526062
A050,A,3,196,NaN,1,0,NaN,NaN
A050,A,3,197,1,NaN,NaN,0,0.260545969009399
A050,A,3,198,1,NaN,NaN,0,0.334614038467407
A050,A,3,199,1,NaN,NaN,0,0.377702951431274
A050,A,3,200,1,NaN,NaN,0,0.447618007659912
A050,A,3,201,1,NaN,NaN,0,0.509067058563232
A050,A,3,202,1,NaN,NaN,0,0.550518989562988
A050,A,3,203,1,NaN,NaN,0,0.489882946014404
A050,A,3,204,NaN,1,0,NaN,NaN
A050,A,3,205,1,NaN,NaN,0,0.199670791625977
A050,A,3,206,1,NaN,NaN,0,0.263156890869141
A050,A,3,207,1,NaN,NaN,0,0.451180934906006
A050,A,3,208,1,NaN,NaN,0,0.444048881530762
A050,A,3,209,1,NaN,NaN,0,0.325348138809204
A050,A,3,210,1,NaN,NaN,0,0.303138017654419
A050,A,3,211,1,NaN,NaN,0,0.374937057495117
A050,A,3,212,1,NaN,NaN,0,0.403897047042847
A050,A,3,213,1,NaN,NaN,0,0.505208969116211
A050,A,3,214,1,NaN,NaN,0,0.563456058502197
A050,A,3,215,NaN,1,0,NaN,NaN
A050,A,3,216,1,NaN,NaN,0,0.266118049621582
A050,A,3,217,1,NaN,NaN,0,0.317517042160034
A050,A,3,218,NaN,0,1,NaN,NaN
A050,A,3,219,1,NaN,NaN,0,0.741633892059326
A050,A,3,220,1,NaN,NaN,0,0.467576026916504
A050,A,3,221,1,NaN,NaN,0,0.419059038162231
A050,A,3,222,1,NaN,NaN,0,0.336395025253296
A050,A,3,223,1,NaN,NaN,0,0.389838218688965
A050,A,3,224,1,NaN,NaN,0,0.274519920349121
A050,A,3,225,1,NaN,NaN,0,0.244928121566772
A050,A,3,226,1,NaN,NaN,0,0.349589824676514
A050,A,3,227,1,NaN,NaN,0,0.30298900604248
A050,A,3,228,NaN,1,0,NaN,NaN
A050,A,3,229,1,NaN,NaN,0,0.306388139724731
A050,A,3,230,1,NaN,NaN,0,0.423913955688477
A050,A,3,231,1,NaN,NaN,0,0.465024948120117
A050,A,3,232,1,NaN,NaN,0,0.409591913223267
A050,A,3,233,1,NaN,NaN,0,0.471411943435669
A050,A,3,234,1,NaN,NaN,0,0.356971979141235
A050,A,3,235,1,NaN,NaN,0,0.347368001937866
A050,A,3,236,1,NaN,NaN,0,0.318416833877563
A050,A,3,237,NaN,1,0,NaN,NaN
A050,A,3,238,1,NaN,NaN,0,0.294200897216797
A050,A,3,239,1,NaN,NaN,0,0.339195966720581
A050,A,3,240,1,NaN,NaN,0,0.279829025268555
A050,A,3,241,1,NaN,NaN,0,0.278325796127319
A050,A,3,242,1,NaN,NaN,0,0.355383157730103
A050,A,3,243,1,NaN,NaN,0,0.331120014190674
A050,A,3,244,1,NaN,NaN,0,0.449811935424805
A050,A,3,245,1,NaN,NaN,0,0.460700035095215
A050,A,3,246,NaN,1,0,NaN,NaN
A050,A,3,247,1,NaN,NaN,0,0.558731079101562
A050,A,3,248,1,NaN,NaN,0,0.383034944534302
A050,A,3,249,1,NaN,NaN,0,0.353911876678467
A050,A,3,250,1,NaN,NaN,0,0.283064842224121
A050,A,3,251,1,NaN,NaN,0,0.365221977233887
A050,A,3,252,1,NaN,NaN,0,0.346839904785156
A050,A,3,253,1,NaN,NaN,0,0.623656034469604
A050,A,3,254,1,NaN,NaN,0,0.605706930160522
A050,A,3,255,1,NaN,NaN,0,0.543632984161377
A050,A,3,256,1,NaN,NaN,0,0.506087064743042
A050,A,3,257,1,NaN,NaN,0,0.487488985061646
A050,A,3,258,1,NaN,NaN,0,0.407744884490967
A050,A,3,259,NaN,1,0,NaN,NaN
A050,A,3,260,1,NaN,NaN,0,0.300524950027466
A050,A,3,261,1,NaN,NaN,0,0.29970121383667
A050,A,3,262,1,NaN,NaN,0,0.33350682258606
A050,A,3,263,1,NaN,NaN,0,0.385987997055054
A050,A,3,264,1,NaN,NaN,0,0.358304023742676
A050,A,3,265,1,NaN,NaN,0,0.444580078125
A050,A,3,266,1,NaN,NaN,0,0.489464998245239
A050,A,3,267,1,NaN,NaN,0,0.413870096206665
A050,A,3,268,NaN,1,0,NaN,NaN
A050,A,3,269,1,NaN,NaN,0,0.293642997741699
A050,A,3,270,1,NaN,NaN,0,0.255045890808105
A050,A,3,271,1,NaN,NaN,0,0.283746004104614
A050,A,3,272,1,NaN,NaN,0,0.437427043914795
A050,A,3,273,1,NaN,NaN,0,0.518813848495483
A050,A,3,274,1,NaN,NaN,0,0.499130964279175
A050,A,3,275,1,NaN,NaN,0,0.58424186706543
A050,A,3,276,NaN,0,1,NaN,NaN
A050,A,3,277,1,NaN,NaN,0,0.42416787147522
A050,A,3,278,1,NaN,NaN,0,0.449047088623047
A050,A,3,279,1,NaN,NaN,0,0.46255898475647
A050,A,3,280,1,NaN,NaN,0,0.303183078765869
A050,A,3,281,1,NaN,NaN,0,0.376186847686768
A050,A,3,282,1,NaN,NaN,0,0.348943948745728
A050,A,3,283,1,NaN,NaN,0,0.370522022247314
A050,A,3,284,1,NaN,NaN,0,0.259155988693237
A050,A,3,285,NaN,0,1,NaN,NaN
A050,A,3,286,1,NaN,NaN,0,0.30616307258606
A050,A,3,287,1,NaN,NaN,0,0.406986951828003
A050,A,3,288,1,NaN,NaN,0,0.360033988952637
A050,A,3,289,1,NaN,NaN,0,0.352034091949463
A050,A,3,290,1,NaN,NaN,0,0.460205078125
A050,A,3,291,1,NaN,NaN,0,0.525023937225342
A050,A,3,292,1,NaN,NaN,0,0.584221124649048
A050,A,3,293,1,NaN,NaN,0,0.589320182800293
A050,A,3,294,1,NaN,NaN,0,0.489670991897583
A050,A,3,295,1,NaN,NaN,0,0.595925807952881
A050,A,3,296,NaN,1,0,NaN,NaN
A050,A,3,297,1,NaN,NaN,0,0.367841958999634
A050,A,3,298,1,NaN,NaN,0,0.331372976303101
A050,A,3,299,1,NaN,NaN,0,0.477147102355957
A050,A,3,300,1,NaN,NaN,0,0.569271087646484
A050,A,3,301,1,NaN,NaN,0,0.570852994918823
A050,A,3,302,1,NaN,NaN,0,0.424622058868408
A050,A,3,303,NaN,1,0,NaN,NaN
A050,A,3,304,1,NaN,NaN,0,0.287567138671875
A050,A,3,305,1,NaN,NaN,0,0.337088108062744
A050,A,3,306,1,NaN,NaN,0,0.391106843948364
A050,A,3,307,1,NaN,NaN,0,0.449213027954102
A050,A,3,308,1,NaN,NaN,0,0.377357959747314
A050,A,3,309,1,NaN,NaN,0,0.489033937454224
A050,A,3,310,1,NaN,NaN,0,0.413589000701904
A050,A,3,311,1,NaN,NaN,0,0.441925048828125
A050,A,3,312,1,NaN,NaN,0,0.527000188827515
A050,A,3,313,NaN,1,0,NaN,NaN
A050,A,3,314,1,NaN,NaN,0,0.373736143112183
A050,A,3,315,1,NaN,NaN,0,0.266932964324951
A050,A,3,316,1,NaN,NaN,0,0.306385040283203
A050,A,3,317,1,NaN,NaN,0,0.330824851989746
A050,A,3,318,1,NaN,NaN,0,0.395827054977417
A050,A,3,319,1,NaN,NaN,0,0.63994312286377
A050,A,3,320,NaN,1,0,NaN,NaN
A050,A,3,321,1,NaN,NaN,0,0.372618913650513
A050,A,3,322,1,NaN,NaN,0,0.315016984939575
A050,A,3,323,1,NaN,NaN,0,0.364243030548096
A050,A,3,324,1,NaN,NaN,0,0.457345008850098
A050,A,3,325,1,NaN,NaN,0,0.572252988815308
A050,A,3,326,1,NaN,NaN,0,0.646631002426147
A050,A,3,327,1,NaN,NaN,0,0.567646026611328
A050,A,3,328,1,NaN,NaN,0,0.460675001144409
A050,A,3,329,NaN,1,0,NaN,NaN
A050,A,3,330,1,NaN,NaN,0,0.369874000549316
A050,A,3,331,1,NaN,NaN,0,0.479853868484497
A050,A,3,332,1,NaN,NaN,0,0.528533935546875
A050,A,3,333,1,NaN,NaN,0,0.556046962738037
A050,A,3,334,1,NaN,NaN,0,0.464437007904053
A050,A,3,335,1,NaN,NaN,0,0.59869122505188
A050,A,3,336,NaN,1,0,NaN,NaN
A050,A,3,337,1,NaN,NaN,0,0.440471887588501
A050,A,3,338,1,NaN,NaN,0,0.426626920700073
A050,A,3,339,1,NaN,NaN,0,0.448083162307739
A050,A,3,340,1,NaN,NaN,0,0.427120923995972
A050,A,3,341,1,NaN,NaN,0,0.389233112335205
A050,A,3,342,1,NaN,NaN,0,0.372232913970947
A050,A,3,343,1,NaN,NaN,0,0.388159990310669
A050,A,3,344,1,NaN,NaN,0,0.473536968231201
A050,A,3,345,NaN,1,0,NaN,NaN
A050,A,3,346,1,NaN,NaN,0,0.391433000564575
A050,A,3,347,1,NaN,NaN,0,0.338349103927612
A050,A,3,348,1,NaN,NaN,0,0.279491901397705
A050,A,3,349,1,NaN,NaN,0,0.345807075500488
A050,A,3,350,1,NaN,NaN,0,0.293884992599487
A050,A,3,351,1,NaN,NaN,0,0.386749982833862
A050,A,3,352,1,NaN,NaN,0,0.495952129364014
A050,A,3,353,1,NaN,NaN,0,0.466655969619751
A050,A,3,354,1,NaN,NaN,0,0.477219104766846
A050,A,3,355,1,NaN,NaN,0,0.431487083435059
A050,A,3,356,NaN,1,0,NaN,NaN
A050,A,3,357,1,NaN,NaN,0,0.336043834686279
A050,A,3,358,1,NaN,NaN,0,0.31050181388855
A050,A,3,359,1,NaN,NaN,0,0.372442960739136
A050,A,3,360,1,NaN,NaN,0,0.321457147598267
A050,A,3,361,1,NaN,NaN,0,0.423578977584839
A050,A,3,362,1,NaN,NaN,0,0.389184951782227
A050,A,3,363,1,NaN,NaN,0,0.396744012832642
A050,A,3,364,1,NaN,NaN,0,0.413580894470215
A050,A,3,365,NaN,1,0,NaN,NaN
A050,A,3,366,1,NaN,NaN,0,0.307070016860962
A050,A,3,367,1,NaN,NaN,0,0.231031894683838
A050,A,3,368,1,NaN,NaN,0,0.285572052001953
A050,A,3,369,1,NaN,NaN,0,0.26941990852356
A050,A,3,370,1,NaN,NaN,0,0.305958986282349
A050,A,3,371,1,NaN,NaN,0,0.467247009277344
A050,A,3,372,1,NaN,NaN,0,0.522938013076782
A050,A,3,373,1,NaN,NaN,0,0.594516038894653
A050,A,3,374,1,NaN,NaN,0,0.665966987609863
A050,A,3,375,NaN,1,0,NaN,NaN
A050,A,3,376,1,NaN,NaN,0,0.440109968185425
A050,A,3,377,1,NaN,NaN,0,0.580591201782227
A050,A,3,378,1,NaN,NaN,0,0.557793855667114
A050,A,3,379,1,NaN,NaN,0,0.617424011230469
A050,A,3,380,1,NaN,NaN,0,0.719602108001709
A050,A,3,381,1,NaN,NaN,0,0.767085075378418
A050,A,3,382,1,NaN,NaN,0,0.745728969573975
A050,A,3,383,1,NaN,NaN,0,0.830137014389038
A050,A,3,384,1,NaN,NaN,0,0.647087097167969
A050,A,3,385,NaN,1,0,NaN,NaN
A050,A,3,386,1,NaN,NaN,0,0.271747827529907
A050,A,3,387,1,NaN,NaN,0,0.303515911102295
A050,A,3,388,1,NaN,NaN,0,0.354245901107788
A050,A,3,389,1,NaN,NaN,0,0.511764049530029
A050,A,3,390,NaN,1,0,NaN,NaN
A050,A,3,391,1,NaN,NaN,0,0.285221099853516
A050,A,3,392,1,NaN,NaN,0,0.333379983901978
A050,A,3,393,1,NaN,NaN,0,0.338515996932983
A050,A,3,394,1,NaN,NaN,0,0.491675853729248
A050,A,3,395,1,NaN,NaN,0,0.606812953948975
A050,A,3,396,1,NaN,NaN,0,0.599649906158447
A050,A,3,397,1,NaN,NaN,0,0.765233993530273
A050,A,3,398,1,NaN,NaN,0,0.888304948806763
A050,A,3,399,1,NaN,NaN,0,1.03570985794067
A050,A,3,400,NaN,1,0,NaN,NaN
A050,A,3,401,1,NaN,NaN,0,0.264009952545166
A050,A,3,402,1,NaN,NaN,0,0.327339172363281
A050,A,3,403,1,NaN,NaN,0,0.405999183654785
A050,A,3,404,1,NaN,NaN,0,0.476183176040649
A050,A,3,405,1,NaN,NaN,0,0.484944105148315
A050,A,3,406,1,NaN,NaN,0,0.504138946533203
A050,A,3,407,1,NaN,NaN,0,0.649873018264771
A050,A,3,408,1,NaN,NaN,0,0.742455005645752
A050,A,3,409,1,NaN,NaN,0,0.657017946243286
A050,A,3,410,1,NaN,NaN,0,0.542648077011108
A050,A,3,411,1,NaN,NaN,0,0.307549953460693
A050,A,3,412,1,NaN,NaN,0,0.268861055374146
A050,A,3,413,NaN,1,0,NaN,NaN
A050,A,3,414,1,NaN,NaN,0,0.310603857040405
A050,A,3,415,1,NaN,NaN,0,0.330183029174805
A050,A,3,416,NaN,1,0,NaN,NaN
A050,A,3,417,1,NaN,NaN,0,0.291879892349243
A050,A,3,418,1,NaN,NaN,0,0.40595817565918
A050,A,3,419,1,NaN,NaN,0,0.522400856018066
A050,A,3,420,1,NaN,NaN,0,0.541491985321045
A050,A,3,421,1,NaN,NaN,0,0.528786897659302
A050,A,3,422,1,NaN,NaN,0,0.549582958221436
A050,A,3,423,1,NaN,NaN,0,0.447946071624756
A050,A,3,424,1,NaN,NaN,0,0.425424814224243
A050,A,3,425,1,NaN,NaN,0,0.369362115859985
A050,A,3,426,1,NaN,NaN,0,0.379674911499023
A050,A,3,427,1,NaN,NaN,0,0.390774011611938
A050,A,3,428,1,NaN,NaN,0,0.298650026321411
A050,A,3,429,1,NaN,NaN,0,0.27556300163269
A050,A,3,430,1,NaN,NaN,0,0.381657838821411
A050,A,3,431,NaN,1,0,NaN,NaN
A050,A,3,432,1,NaN,NaN,0,0.277141094207764
A050,A,3,433,1,NaN,NaN,0,0.303796052932739
A050,A,3,434,1,NaN,NaN,0,0.373749971389771
A050,A,3,435,1,NaN,NaN,0,0.357200860977173
A050,A,3,436,NaN,1,0,NaN,NaN
A050,A,3,437,1,NaN,NaN,0,0.340241193771362
A050,A,3,438,1,NaN,NaN,0,0.351063966751099
A050,A,3,439,1,NaN,NaN,0,0.319311857223511
A050,A,3,440,1,NaN,NaN,0,0.343040943145752
A050,A,3,441,1,NaN,NaN,0,0.496937036514282
A050,A,3,442,1,NaN,NaN,0,0.481667995452881
A050,A,3,443,1,NaN,NaN,0,0.556919097900391
A050,A,3,444,1,NaN,NaN,0,0.573631048202515
A050,A,3,445,NaN,1,0,NaN,NaN
A050,A,3,446,1,NaN,NaN,0,0.273375034332275
A050,A,3,447,1,NaN,NaN,0,0.276196002960205
A050,A,3,448,1,NaN,NaN,0,0.235481977462769
A050,A,3,449,1,NaN,NaN,0,0.255300045013428
A050,A,3,450,1,NaN,NaN,0,0.246403217315674
A050,A,3,451,1,NaN,NaN,0,0.175445079803467
A050,A,3,452,1,NaN,NaN,0,0.2416090965271
A050,A,3,453,1,NaN,NaN,0,0.275407075881958
A050,A,3,454,1,NaN,NaN,0,0.303977966308594
A050,A,3,455,NaN,0,1,NaN,NaN
A050,A,3,456,1,NaN,NaN,0,0.506377220153809
A050,A,3,457,1,NaN,NaN,0,0.448267936706543
A050,A,3,458,1,NaN,NaN,0,0.505372047424316
A050,A,3,459,1,NaN,NaN,0,0.463865041732788
A050,A,3,460,1,NaN,NaN,0,0.365029096603394
A050,A,3,461,NaN,1,0,NaN,NaN
A050,A,3,462,1,NaN,NaN,0,0.35811185836792
A050,A,3,463,1,NaN,NaN,0,0.282541036605835
A050,A,3,464,1,NaN,NaN,0,0.399713039398193
A050,A,3,465,1,NaN,NaN,0,0.392613887786865
A050,A,3,466,1,NaN,NaN,0,0.553645133972168
A050,A,3,467,1,NaN,NaN,0,0.574671983718872
A050,A,3,468,1,NaN,NaN,0,0.55151104927063
A050,A,3,469,1,NaN,NaN,0,0.571148872375488
A050,A,3,470,1,NaN,NaN,0,0.503374099731445
A050,A,3,471,1,NaN,NaN,0,0.444446086883545
A050,A,3,472,NaN,1,0,NaN,NaN
A050,A,3,473,1,NaN,NaN,0,0.320801973342896
A050,A,3,474,1,NaN,NaN,0,0.62590503692627
A050,A,3,475,1,NaN,NaN,0,0.57473087310791
A050,A,3,476,1,NaN,NaN,0,0.518333911895752
A050,A,3,477,1,NaN,NaN,0,0.4620361328125
A050,A,3,478,1,NaN,NaN,0,0.515835046768188
A050,A,3,479,1,NaN,NaN,0,0.470798015594482
A050,A,3,480,1,NaN,NaN,0,0.472535133361816
A050,A,3,481,NaN,1,0,NaN,NaN
A050,A,3,482,1,NaN,NaN,0,0.268017053604126
A050,A,3,483,1,NaN,NaN,0,0.270450115203857
A050,A,3,484,1,NaN,NaN,0,0.347476959228516
A050,A,3,485,1,NaN,NaN,0,0.311397075653076
A050,A,3,486,1,NaN,NaN,0,0.313984155654907
A050,A,3,487,1,NaN,NaN,0,0.292993783950806
A050,A,3,488,NaN,1,0,NaN,NaN
A050,A,3,489,1,NaN,NaN,0,0.519328117370605
A050,A,3,490,1,NaN,NaN,0,0.58476710319519
A050,A,3,491,1,NaN,NaN,0,0.557489156723022
A050,A,3,492,1,NaN,NaN,0,0.477702856063843
A050,A,3,493,1,NaN,NaN,0,0.406283855438232
A050,A,3,494,1,NaN,NaN,0,0.53487491607666
A050,A,3,495,1,NaN,NaN,0,0.656848192214966
A050,A,3,496,1,NaN,NaN,0,0.637721061706543
A050,A,3,497,1,NaN,NaN,0,0.658215045928955
A050,A,3,498,1,NaN,NaN,0,0.645830154418945
A050,A,3,499,1,NaN,NaN,0,0.534569978713989
A050,A,3,500,NaN,1,0,NaN,NaN
A050,A,3,501,1,NaN,NaN,0,0.324362993240356
A050,A,3,502,1,NaN,NaN,0,0.423074007034302
A050,A,3,503,1,NaN,NaN,0,0.447887897491455
A050,A,3,504,1,NaN,NaN,0,0.530543088912964
A050,A,3,505,1,NaN,NaN,0,0.503507852554321
A050,A,3,506,1,NaN,NaN,0,0.557983160018921
A050,A,3,507,1,NaN,NaN,0,0.547077894210815
A050,A,3,508,1,NaN,NaN,0,0.725476980209351
A050,A,3,509,NaN,1,0,NaN,NaN
A050,A,3,510,1,NaN,NaN,0,0.260899066925049
A050,A,3,511,1,NaN,NaN,0,0.377991914749146
A050,A,3,512,1,NaN,NaN,0,0.403615951538086
A050,A,3,513,1,NaN,NaN,0,0.316025018692017
A050,A,3,514,1,NaN,NaN,0,0.341785192489624
A050,A,3,515,NaN,1,0,NaN,NaN
A050,A,3,516,1,NaN,NaN,0,0.305706977844238
A050,A,3,517,1,NaN,NaN,0,0.45035195350647
A050,A,3,518,1,NaN,NaN,0,0.469013929367065
A050,A,3,519,1,NaN,NaN,0,0.574584007263184
A050,A,3,520,1,NaN,NaN,0,0.510159969329834
A050,A,3,521,1,NaN,NaN,0,0.500692129135132
A050,A,3,522,1,NaN,NaN,0,0.444218158721924
A050,A,3,523,1,NaN,NaN,0,0.423680067062378
A050,A,3,524,1,NaN,NaN,0,0.37592601776123
A050,A,4,1,1,NaN,NaN,0,0.572535991668701
A050,A,4,2,NaN,1,0,NaN,NaN
A050,A,4,3,1,NaN,NaN,0,0.263556003570557
A050,A,4,4,1,NaN,NaN,0,0.265108108520508
A050,A,4,5,1,NaN,NaN,0,0.295768976211548
A050,A,4,6,1,NaN,NaN,0,0.32166600227356
A050,A,4,7,1,NaN,NaN,0,0.25496506690979
A050,A,4,8,1,NaN,NaN,0,0.24117112159729
A050,A,4,9,1,NaN,NaN,0,0.2897789478302
A050,A,4,10,1,NaN,NaN,0,0.272732019424438
A050,A,4,11,NaN,0,1,NaN,NaN
A050,A,4,12,1,NaN,NaN,0,0.262688875198364
A050,A,4,13,1,NaN,NaN,0,0.268035173416138
A050,A,4,14,1,NaN,NaN,0,0.367402076721191
A050,A,4,15,1,NaN,NaN,0,0.34672999382019
A050,A,4,16,1,NaN,NaN,0,0.350975036621094
A050,A,4,17,1,NaN,NaN,0,0.437015056610107
A050,A,4,18,1,NaN,NaN,0,0.368233919143677
A050,A,4,19,1,NaN,NaN,0,0.516810894012451
A050,A,4,20,1,NaN,NaN,0,0.591460943222046
A050,A,4,21,1,NaN,NaN,0,0.548694133758545
A050,A,4,22,1,NaN,NaN,0,0.433952808380127
A050,A,4,23,NaN,1,0,NaN,NaN
A050,A,4,24,1,NaN,NaN,0,0.288203001022339
A050,A,4,25,1,NaN,NaN,0,0.297740936279297
A050,A,4,26,1,NaN,NaN,0,0.294039011001587
A050,A,4,27,1,NaN,NaN,0,0.282444000244141
A050,A,4,28,1,NaN,NaN,0,0.295488834381104
A050,A,4,29,1,NaN,NaN,0,0.28386402130127
A050,A,4,30,NaN,1,0,NaN,NaN
A050,A,4,31,1,NaN,NaN,0,0.368992805480957
A050,A,4,32,1,NaN,NaN,0,0.316154003143311
A050,A,4,33,1,NaN,NaN,0,0.301853895187378
A050,A,4,34,1,NaN,NaN,0,0.343831062316895
A050,A,4,35,1,NaN,NaN,0,0.355531930923462
A050,A,4,36,1,NaN,NaN,0,0.399726867675781
A050,A,4,37,1,NaN,NaN,0,0.383249998092651
A050,A,4,38,1,NaN,NaN,0,0.430423021316528
A050,A,4,39,1,NaN,NaN,0,0.52337384223938
A050,A,4,40,1,NaN,NaN,0,0.364964008331299
A050,A,4,41,1,NaN,NaN,0,0.471871137619019
A050,A,4,42,1,NaN,NaN,0,0.513566017150879
A050,A,4,43,1,NaN,NaN,0,0.524621963500977
A050,A,4,44,NaN,1,0,NaN,NaN
A050,A,4,45,1,NaN,NaN,0,0.300852060317993
A050,A,4,46,1,NaN,NaN,0,0.351402997970581
A050,A,4,47,1,NaN,NaN,0,0.307368040084839
A050,A,4,48,1,NaN,NaN,0,0.308710098266602
A050,A,4,49,1,NaN,NaN,0,0.503000974655151
A050,A,4,50,NaN,1,0,NaN,NaN
A050,A,4,51,1,NaN,NaN,0,0.362685918807983
A050,A,4,52,1,NaN,NaN,0,0.760746002197266
A050,A,4,53,1,NaN,NaN,0,0.49537992477417
A050,A,4,54,1,NaN,NaN,0,0.391308069229126
A050,A,4,55,1,NaN,NaN,0,0.409497976303101
A050,A,4,56,1,NaN,NaN,0,0.509164094924927
A050,A,4,57,1,NaN,NaN,0,0.469816923141479
A050,A,4,58,1,NaN,NaN,0,0.417894124984741
A050,A,4,59,1,NaN,NaN,0,0.302057027816772
A050,A,4,60,1,NaN,NaN,0,0.426110029220581
A050,A,4,61,1,NaN,NaN,0,0.453078985214233
A050,A,4,62,NaN,1,0,NaN,NaN
A050,A,4,63,1,NaN,NaN,0,0.287861108779907
A050,A,4,64,1,NaN,NaN,0,0.238251924514771
A050,A,4,65,1,NaN,NaN,0,0.243294954299927
A050,A,4,66,1,NaN,NaN,0,0.244598865509033
A050,A,4,67,1,NaN,NaN,0,0.268913984298706
A050,A,4,68,1,NaN,NaN,0,0.273809909820557
A050,A,4,69,NaN,0,1,NaN,NaN
A050,A,4,70,1,NaN,NaN,0,0.252445936203003
A050,A,4,71,1,NaN,NaN,0,0.273733854293823
A050,A,4,72,1,NaN,NaN,0,0.291178941726685
A050,A,4,73,1,NaN,NaN,0,0.317268848419189
A050,A,4,74,1,NaN,NaN,0,0.347265005111694
A050,A,4,75,1,NaN,NaN,0,0.391819000244141
A050,A,4,76,1,NaN,NaN,0,0.342164039611816
A050,A,4,77,1,NaN,NaN,0,0.318078994750977
A050,A,4,78,NaN,1,0,NaN,NaN
A050,A,4,79,1,NaN,NaN,0,0.275813817977905
A050,A,4,80,1,NaN,NaN,0,0.280785083770752
A050,A,4,81,1,NaN,NaN,0,0.781476974487305
A050,A,4,82,1,NaN,NaN,0,0.478508949279785
A050,A,4,83,1,NaN,NaN,0,0.318850994110107
A050,A,4,84,1,NaN,NaN,0,0.339577913284302
A050,A,4,85,1,NaN,NaN,0,0.42133092880249
A050,A,4,86,1,NaN,NaN,0,0.524233818054199
A050,A,4,87,1,NaN,NaN,0,0.524639844894409
A050,A,4,88,1,NaN,NaN,0,0.506542921066284
A050,A,4,89,NaN,1,0,NaN,NaN
A050,A,4,90,1,NaN,NaN,0,0.281196117401123
A050,A,4,91,1,NaN,NaN,0,0.269729852676392
A050,A,4,92,1,NaN,NaN,0,0.264918088912964
A050,A,4,93,1,NaN,NaN,0,0.293498039245605
A050,A,4,94,NaN,0,1,NaN,NaN
A050,A,4,95,1,NaN,NaN,0,0.464326858520508
A050,A,4,96,1,NaN,NaN,0,0.351442813873291
A050,A,4,97,1,NaN,NaN,0,0.248728036880493
A050,A,4,98,1,NaN,NaN,0,0.401338815689087
A050,A,4,99,1,NaN,NaN,0,0.31330394744873
A050,A,4,100,1,NaN,NaN,0,0.576337099075317
A050,A,4,101,1,NaN,NaN,0,0.523028135299683
A050,A,4,102,1,NaN,NaN,0,0.523224830627441
A050,A,4,103,1,NaN,NaN,0,0.540420055389404
A050,A,4,104,1,NaN,NaN,0,0.537108898162842
A050,A,4,105,1,NaN,NaN,0,0.461316108703613
A050,A,4,106,1,NaN,NaN,0,0.497998952865601
A050,A,4,107,NaN,1,0,NaN,NaN
A050,A,4,108,1,NaN,NaN,0,0.334756135940552
A050,A,4,109,1,NaN,NaN,0,NaN
A050,A,4,110,1,NaN,NaN,0,NaN
A050,A,4,111,1,NaN,NaN,0,0.170937061309814
A050,A,4,112,1,NaN,NaN,0,0.253415822982788
A050,A,4,113,NaN,1,0,NaN,NaN
A050,A,4,114,1,NaN,NaN,0,0.311544179916382
A050,A,4,115,1,NaN,NaN,0,0.223912000656128
A050,A,4,116,1,NaN,NaN,0,0.265100955963135
A050,A,4,117,1,NaN,NaN,0,0.295573949813843
A050,A,4,118,1,NaN,NaN,0,0.258124113082886
A050,A,4,119,1,NaN,NaN,0,0.184252977371216
A050,A,4,120,1,NaN,NaN,0,0.284830093383789
A050,A,4,121,NaN,1,0,NaN,NaN
A050,A,4,122,1,NaN,NaN,0,0.281461000442505
A050,A,4,123,1,NaN,NaN,0,0.298816919326782
A050,A,4,124,1,NaN,NaN,0,0.262064933776855
A050,A,4,125,1,NaN,NaN,0,0.309545993804932
A050,A,4,126,1,NaN,NaN,0,0.367372035980225
A050,A,4,127,1,NaN,NaN,0,0.442257165908813
A050,A,4,128,1,NaN,NaN,0,0.505683898925781
A050,A,4,129,NaN,1,0,NaN,NaN
A050,A,4,130,1,NaN,NaN,0,0.318389177322388
A050,A,4,131,1,NaN,NaN,0,0.215754985809326
A050,A,4,132,1,NaN,NaN,0,0.27692985534668
A050,A,4,133,1,NaN,NaN,0,0.362682104110718
A050,A,4,134,1,NaN,NaN,0,0.459227085113525
A050,A,4,135,1,NaN,NaN,0,0.524080038070679
A050,A,4,136,1,NaN,NaN,0,0.43544602394104
A050,A,4,137,NaN,1,0,NaN,NaN
A050,A,4,138,1,NaN,NaN,0,0.264598846435547
A050,A,4,139,1,NaN,NaN,0,0.229830026626587
A050,A,4,140,1,NaN,NaN,0,0.275758981704712
A050,A,4,141,1,NaN,NaN,0,0.273742914199829
A050,A,4,142,1,NaN,NaN,0,0.262869119644165
A050,A,4,143,1,NaN,NaN,0,0.246014833450317
A050,A,4,144,1,NaN,NaN,0,0.221083164215088
A050,A,4,145,1,NaN,NaN,0,NaN
A050,A,4,146,1,NaN,NaN,0,0.263482093811035
A050,A,4,147,1,NaN,NaN,0,0.269402980804443
A050,A,4,148,1,NaN,NaN,0,0.297922134399414
A050,A,4,149,NaN,1,0,NaN,NaN
A050,A,4,150,1,NaN,NaN,0,0.301634073257446
A050,A,4,151,1,NaN,NaN,0,0.266751050949097
A050,A,4,152,1,NaN,NaN,0,0.280435800552368
A050,A,4,153,1,NaN,NaN,0,0.291228055953979
A050,A,4,154,1,NaN,NaN,0,0.305629014968872
A050,A,4,155,1,NaN,NaN,0,0.350160121917725
A050,A,4,156,NaN,1,0,NaN,NaN
A050,A,4,157,1,NaN,NaN,0,0.508975982666016
A050,A,4,158,1,NaN,NaN,0,0.376477956771851
A050,A,4,159,1,NaN,NaN,0,0.309353113174438
A050,A,4,160,1,NaN,NaN,0,0.355942964553833
A050,A,4,161,1,NaN,NaN,0,0.241611957550049
A050,A,4,162,1,NaN,NaN,0,0.254618883132935
A050,A,4,163,1,NaN,NaN,0,0.276166915893555
A050,A,4,164,1,NaN,NaN,0,0.284106969833374
A050,A,4,165,1,NaN,NaN,0,0.425474882125854
A050,A,4,166,1,NaN,NaN,0,0.48849892616272
A050,A,4,167,1,NaN,NaN,0,0.533053874969482
A050,A,4,168,1,NaN,NaN,0,0.547614812850952
A050,A,4,169,1,NaN,NaN,0,0.636203050613403
A050,A,4,170,NaN,1,0,NaN,NaN
A050,A,4,171,1,NaN,NaN,0,0.27402400970459
A050,A,4,172,1,NaN,NaN,0,0.263164043426514
A050,A,4,173,1,NaN,NaN,0,0.307257175445557
A050,A,4,174,1,NaN,NaN,0,0.326400995254517
A050,A,4,175,NaN,1,0,NaN,NaN
A050,A,4,176,1,NaN,NaN,0,NaN
A050,A,4,177,1,NaN,NaN,0,0.271458864212036
A050,A,4,178,1,NaN,NaN,0,0.34160304069519
A050,A,4,179,1,NaN,NaN,0,0.385858058929443
A050,A,4,180,1,NaN,NaN,0,0.47653603553772
A050,A,4,181,1,NaN,NaN,0,0.44775915145874
A050,A,4,182,1,NaN,NaN,0,0.498786926269531
A050,A,4,183,1,NaN,NaN,0,0.500781774520874
A050,A,4,184,NaN,1,0,NaN,NaN
A050,A,4,185,1,NaN,NaN,0,0.28942608833313
A050,A,4,186,1,NaN,NaN,0,0.319869995117188
A050,A,4,187,1,NaN,NaN,0,0.364966154098511
A050,A,4,188,1,NaN,NaN,0,0.312676906585693
A050,A,4,189,1,NaN,NaN,0,0.358119010925293
A050,A,4,190,1,NaN,NaN,0,0.36198616027832
A050,A,4,191,1,NaN,NaN,0,0.298433065414429
A050,A,4,192,1,NaN,NaN,0,0.380690097808838
A050,A,4,193,1,NaN,NaN,0,0.473155975341797
A050,A,4,194,1,NaN,NaN,0,0.425961971282959
A050,A,4,195,1,NaN,NaN,0,0.502941131591797
A050,A,4,196,1,NaN,NaN,0,0.548484802246094
A050,A,4,197,NaN,1,0,NaN,NaN
A050,A,4,198,1,NaN,NaN,0,0.26872706413269
A050,A,4,199,1,NaN,NaN,0,0.277431011199951
A050,A,4,200,1,NaN,NaN,0,0.270295858383179
A050,A,4,201,1,NaN,NaN,0,0.303592920303345
A050,A,4,202,1,NaN,NaN,0,0.436994075775146
A050,A,4,203,NaN,1,0,NaN,NaN
A050,A,4,204,1,NaN,NaN,0,0.254515171051025
A050,A,4,205,1,NaN,NaN,0,0.242087841033936
A050,A,4,206,1,NaN,NaN,0,0.318804025650024
A050,A,4,207,1,NaN,NaN,0,0.347346067428589
A050,A,4,208,1,NaN,NaN,0,0.274261951446533
A050,A,4,209,1,NaN,NaN,0,0.559598922729492
A050,A,4,210,1,NaN,NaN,0,0.490043878555298
A050,A,4,211,1,NaN,NaN,0,0.31342887878418
A050,A,4,212,NaN,0,1,NaN,NaN
A050,A,4,213,1,NaN,NaN,0,0.234418869018555
A050,A,4,214,1,NaN,NaN,0,0.255530834197998
A050,A,4,215,1,NaN,NaN,0,0.340099096298218
A050,A,4,216,1,NaN,NaN,0,0.425935983657837
A050,A,4,217,1,NaN,NaN,0,0.459289789199829
A050,A,4,218,1,NaN,NaN,0,0.460839033126831
A050,A,4,219,1,NaN,NaN,0,0.43733811378479
A050,A,4,220,1,NaN,NaN,0,0.511933088302612
A050,A,4,221,1,NaN,NaN,0,0.463356018066406
A050,A,4,222,NaN,1,0,NaN,NaN
A050,A,4,223,1,NaN,NaN,0,0.273530960083008
A050,A,4,224,1,NaN,NaN,0,0.314656972885132
A050,A,4,225,1,NaN,NaN,0,0.321176052093506
A050,A,4,226,1,NaN,NaN,0,0.30433201789856
A050,A,4,227,1,NaN,NaN,0,0.283643007278442
A050,A,4,228,1,NaN,NaN,0,0.33369779586792
A050,A,4,229,1,NaN,NaN,0,0.301733016967773
A050,A,4,230,1,NaN,NaN,0,0.383491992950439
A050,A,4,231,1,NaN,NaN,0,0.457765817642212
A050,A,4,232,NaN,1,0,NaN,NaN
A050,A,4,233,1,NaN,NaN,0,0.268715143203735
A050,A,4,234,1,NaN,NaN,0,0.257232904434204
A050,A,4,235,1,NaN,NaN,0,0.24078893661499
A050,A,4,236,1,NaN,NaN,0,0.244757890701294
A050,A,4,237,1,NaN,NaN,0,0.273471117019653
A050,A,4,238,1,NaN,NaN,0,0.295740842819214
A050,A,4,239,NaN,1,0,NaN,NaN
A050,A,4,240,1,NaN,NaN,0,0.217535018920898
A050,A,4,241,1,NaN,NaN,0,NaN
A050,A,4,242,1,NaN,NaN,0,0.296220064163208
A050,A,4,243,1,NaN,NaN,0,0.299337148666382
A050,A,4,244,1,NaN,NaN,0,0.431804895401001
A050,A,4,245,1,NaN,NaN,0,0.482499837875366
A050,A,4,246,1,NaN,NaN,0,0.479310035705566
A050,A,4,247,1,NaN,NaN,0,0.699667930603027
A050,A,4,248,1,NaN,NaN,0,0.730506181716919
A050,A,4,249,1,NaN,NaN,0,0.762990951538086
A050,A,4,250,1,NaN,NaN,0,0.78770112991333
A050,A,4,251,NaN,1,0,NaN,NaN
A050,A,4,252,1,NaN,NaN,0,0.238301038742065
A050,A,4,253,1,NaN,NaN,0,0.313338041305542
A050,A,4,254,1,NaN,NaN,0,0.326400995254517
A050,A,4,255,1,NaN,NaN,0,0.475570917129517
A050,A,4,256,1,NaN,NaN,0,0.463582992553711
A050,A,4,257,1,NaN,NaN,0,0.373047113418579
A050,A,4,258,1,NaN,NaN,0,0.507098913192749
A050,A,4,259,NaN,0,1,NaN,NaN
A050,A,4,260,1,NaN,NaN,0,0.499541997909546
A050,A,4,261,1,NaN,NaN,0,0.573609113693237
A050,A,4,262,1,NaN,NaN,0,0.624372959136963
A050,A,4,263,1,NaN,NaN,0,0.611661911010742
A050,A,4,264,1,NaN,NaN,0,0.696770906448364
A050,A,4,265,1,NaN,NaN,0,0.504819869995117
A050,A,4,266,1,NaN,NaN,0,0.478564977645874
A050,A,4,267,NaN,1,0,NaN,NaN
A050,A,4,268,1,NaN,NaN,0,0.288572072982788
A050,A,4,269,1,NaN,NaN,0,0.296871900558472
A050,A,4,270,1,NaN,NaN,0,0.336384057998657
A050,A,4,271,1,NaN,NaN,0,0.497388124465942
A050,A,4,272,1,NaN,NaN,0,0.517650127410889
A050,A,4,273,NaN,1,0,NaN,NaN
A050,A,4,274,1,NaN,NaN,0,0.214792966842651
A050,A,4,275,1,NaN,NaN,0,0.371861934661865
A050,A,4,276,1,NaN,NaN,0,0.36860990524292
A050,A,4,277,1,NaN,NaN,0,0.61424994468689
A050,A,4,278,1,NaN,NaN,0,0.745514869689941
A050,A,4,279,1,NaN,NaN,0,0.522878170013428
A050,A,4,280,1,NaN,NaN,0,0.485902070999146
A050,A,4,281,1,NaN,NaN,0,0.354851961135864
A050,A,4,282,NaN,1,0,NaN,NaN
A050,A,4,283,1,NaN,NaN,0,0.253370046615601
A050,A,4,284,1,NaN,NaN,0,0.366355895996094
A050,A,4,285,1,NaN,NaN,0,0.367473125457764
A050,A,4,286,1,NaN,NaN,0,0.403028011322021
A050,A,4,287,1,NaN,NaN,0,0.505100965499878
A050,A,4,288,1,NaN,NaN,0,0.682884931564331
A050,A,4,289,1,NaN,NaN,0,0.538500070571899
A050,A,4,290,1,NaN,NaN,0,0.45572304725647
A050,A,4,291,1,NaN,NaN,0,0.360595941543579
A050,A,4,292,1,NaN,NaN,0,0.356086015701294
A050,A,4,293,1,NaN,NaN,0,0.32677698135376
A050,A,4,294,1,NaN,NaN,0,0.467479944229126
A050,A,4,295,1,NaN,NaN,0,0.444962978363037
A050,A,4,296,NaN,1,0,NaN,NaN
A050,A,4,297,1,NaN,NaN,0,0.256069898605347
A050,A,4,298,1,NaN,NaN,0,0.295943021774292
A050,A,4,299,1,NaN,NaN,0,0.261495113372803
A050,A,4,300,1,NaN,NaN,0,0.266622066497803
A050,A,4,301,1,NaN,NaN,0,0.246662855148315
A050,A,4,302,1,NaN,NaN,0,0.267893075942993
A050,A,4,303,NaN,0,1,NaN,NaN
A050,A,4,304,1,NaN,NaN,0,0.411834001541138
A050,A,4,305,1,NaN,NaN,0,0.475772142410278
A050,A,4,306,1,NaN,NaN,0,0.462333917617798
A050,A,4,307,1,NaN,NaN,0,0.440396070480347
A050,A,4,308,NaN,1,0,NaN,NaN
A050,A,4,309,1,NaN,NaN,0,0.30744194984436
A050,A,4,310,1,NaN,NaN,0,0.373944997787476
A050,A,4,311,1,NaN,NaN,0,0.338325023651123
A050,A,4,312,1,NaN,NaN,0,0.326941013336182
A050,A,4,313,1,NaN,NaN,0,0.440022945404053
A050,A,4,314,1,NaN,NaN,0,0.504849910736084
A050,A,4,315,1,NaN,NaN,0,0.493303060531616
A050,A,4,316,1,NaN,NaN,0,0.395142078399658
A050,A,4,317,1,NaN,NaN,0,0.406635046005249
A050,A,4,318,1,NaN,NaN,0,0.444450855255127
A050,A,4,319,1,NaN,NaN,0,0.446387052536011
A050,A,4,320,NaN,1,0,NaN,NaN
A050,A,4,321,1,NaN,NaN,0,0.542515993118286
A050,A,4,322,1,NaN,NaN,0,0.439528942108154
A050,A,4,323,1,NaN,NaN,0,0.450390100479126
A050,A,4,324,1,NaN,NaN,0,0.347292900085449
A050,A,4,325,1,NaN,NaN,0,0.385132074356079
A050,A,4,326,1,NaN,NaN,0,0.385931015014648
A050,A,4,327,NaN,1,0,NaN,NaN
A050,A,4,328,1,NaN,NaN,0,0.291709899902344
A050,A,4,329,1,NaN,NaN,0,0.360707998275757
A050,A,4,330,1,NaN,NaN,0,0.336781978607178
A050,A,4,331,1,NaN,NaN,0,0.377110958099365
A050,A,4,332,1,NaN,NaN,0,0.464235067367554
A050,A,4,333,1,NaN,NaN,0,0.502055883407593
A050,A,4,334,1,NaN,NaN,0,0.574867963790894
A050,A,4,335,1,NaN,NaN,0,0.441720962524414
A050,A,4,336,1,NaN,NaN,0,0.302484035491943
A050,A,4,337,1,NaN,NaN,0,0.3246009349823
A050,A,4,338,1,NaN,NaN,0,0.283514976501465
A050,A,4,339,1,NaN,NaN,0,0.342532873153687
A050,A,4,340,1,NaN,NaN,0,0.354321956634521
A050,A,4,341,NaN,1,0,NaN,NaN
A050,A,4,342,1,NaN,NaN,0,0.29918384552002
A050,A,4,343,1,NaN,NaN,0,0.290386915206909
A050,A,4,344,NaN,0,1,NaN,NaN
A050,A,4,345,1,NaN,NaN,0,0.278640985488892
A050,A,4,346,1,NaN,NaN,0,0.343929052352905
A050,A,4,347,1,NaN,NaN,0,0.441637992858887
A050,A,4,348,1,NaN,NaN,0,0.433475017547607
A050,A,4,349,1,NaN,NaN,0,0.451138019561768
A050,A,4,350,1,NaN,NaN,0,0.522948980331421
A050,A,4,351,1,NaN,NaN,0,0.56974196434021
A050,A,4,352,1,NaN,NaN,0,0.514841794967651
A050,A,4,353,1,NaN,NaN,0,0.38125205039978
A050,A,4,354,NaN,0,1,NaN,NaN
A050,A,4,355,1,NaN,NaN,0,0.301897048950195
A050,A,4,356,1,NaN,NaN,0,0.279614925384521
A050,A,4,357,1,NaN,NaN,0,0.266453981399536
A050,A,4,358,1,NaN,NaN,0,0.319788932800293
A050,A,4,359,1,NaN,NaN,0,0.280153036117554
A050,A,4,360,1,NaN,NaN,0,0.276484966278076
A050,A,4,361,1,NaN,NaN,0,0.280395984649658
A050,A,4,362,1,NaN,NaN,0,0.428487062454224
A050,A,4,363,NaN,1,0,NaN,NaN
A050,A,4,364,1,NaN,NaN,0,0.309613943099976
A050,A,4,365,1,NaN,NaN,0,0.260097980499268
A050,A,4,366,1,NaN,NaN,0,0.353708028793335
A050,A,4,367,1,NaN,NaN,0,0.293929100036621
A050,A,4,368,1,NaN,NaN,0,0.295279979705811
A050,A,4,369,1,NaN,NaN,0,0.395051956176758
A050,A,4,370,1,NaN,NaN,0,1.16774201393127
A050,A,4,371,NaN,1,0,NaN,NaN
A050,A,4,372,1,NaN,NaN,0,0.373488903045654
A050,A,4,373,1,NaN,NaN,0,0.341310977935791
A050,A,4,374,1,NaN,NaN,0,0.371577024459839
A050,A,4,375,1,NaN,NaN,0,0.288197994232178
A050,A,4,376,1,NaN,NaN,0,0.24553918838501
A050,A,4,377,1,NaN,NaN,0,0.263131141662598
A050,A,4,378,1,NaN,NaN,0,0.276365995407104
A050,A,4,379,1,NaN,NaN,0,0.349694967269897
A050,A,4,380,1,NaN,NaN,0,0.360104084014893
A050,A,4,381,1,NaN,NaN,0,0.333105087280273
A050,A,4,382,1,NaN,NaN,0,0.335170030593872
A050,A,4,383,1,NaN,NaN,0,0.296890020370483
A050,A,4,384,NaN,0,1,NaN,NaN
A050,A,4,385,1,NaN,NaN,0,0.296092987060547
A050,A,4,386,1,NaN,NaN,0,0.317568063735962
A050,A,4,387,1,NaN,NaN,0,0.283993005752563
A050,A,4,388,1,NaN,NaN,0,0.31311297416687
A050,A,4,389,1,NaN,NaN,0,0.53032112121582
A050,A,4,390,NaN,1,0,NaN,NaN
A050,A,4,391,1,NaN,NaN,0,0.271080017089844
A050,A,4,392,1,NaN,NaN,0,0.272696018218994
A050,A,4,393,1,NaN,NaN,0,0.280416965484619
A050,A,4,394,1,NaN,NaN,0,0.388458967208862
A050,A,4,395,1,NaN,NaN,0,0.336128950119019
A050,A,4,396,1,NaN,NaN,0,0.420746803283691
A050,A,4,397,1,NaN,NaN,0,0.626113176345825
A050,A,4,398,NaN,1,0,NaN,NaN
A050,A,4,399,1,NaN,NaN,0,0.26646900177002
A050,A,4,400,1,NaN,NaN,0,0.25962495803833
A050,A,4,401,1,NaN,NaN,0,0.400402069091797
A050,A,4,402,1,NaN,NaN,0,0.383117198944092
A050,A,4,403,1,NaN,NaN,0,0.46425986289978
A050,A,4,404,1,NaN,NaN,0,0.464086055755615
A050,A,4,405,1,NaN,NaN,0,0.497456073760986
A050,A,4,406,1,NaN,NaN,0,0.470094919204712
A050,A,4,407,1,NaN,NaN,0,0.477343082427979
A050,A,4,408,NaN,1,0,NaN,NaN
A050,A,4,409,1,NaN,NaN,0,0.26882004737854
A050,A,4,410,1,NaN,NaN,0,0.33318018913269
A050,A,4,411,1,NaN,NaN,0,0.304403066635132
A050,A,4,412,1,NaN,NaN,0,0.437512874603271
A050,A,4,413,1,NaN,NaN,0,0.433686971664429
A050,A,4,414,1,NaN,NaN,0,0.47904896736145
A050,A,4,415,1,NaN,NaN,0,0.457187175750732
A050,A,4,416,1,NaN,NaN,0,0.45563793182373
A050,A,4,417,1,NaN,NaN,0,0.473448038101196
A050,A,4,418,NaN,1,0,NaN,NaN
A050,A,4,419,1,NaN,NaN,0,0.26724100112915
A050,A,4,420,1,NaN,NaN,0,0.253993988037109
A050,A,4,421,1,NaN,NaN,0,0.272279977798462
A050,A,4,422,1,NaN,NaN,0,0.396528005599976
A050,A,4,423,1,NaN,NaN,0,0.317924022674561
A050,A,4,424,1,NaN,NaN,0,0.384812116622925
A050,A,4,425,1,NaN,NaN,0,0.44645094871521
A050,A,4,426,1,NaN,NaN,0,0.46450400352478
A050,A,4,427,1,NaN,NaN,0,0.422131061553955
A050,A,4,428,1,NaN,NaN,0,0.405137062072754
A050,A,4,429,1,NaN,NaN,0,0.444896936416626
A050,A,4,430,NaN,1,0,NaN,NaN
A050,A,4,431,1,NaN,NaN,0,0.422262191772461
A050,A,4,432,1,NaN,NaN,0,0.335091114044189
A050,A,4,433,1,NaN,NaN,0,0.308522939682007
A050,A,4,434,1,NaN,NaN,0,0.371270895004272
A050,A,4,435,1,NaN,NaN,0,0.343214988708496
A050,A,4,436,1,NaN,NaN,0,0.355598926544189
A050,A,4,437,1,NaN,NaN,0,0.410938024520874
A050,A,4,438,1,NaN,NaN,0,0.6284019947052
A050,A,4,439,1,NaN,NaN,0,0.669932842254639
A050,A,4,440,NaN,1,0,NaN,NaN
A050,A,4,441,1,NaN,NaN,0,0.287635803222656
A050,A,4,442,1,NaN,NaN,0,0.228830099105835
A050,A,4,443,NaN,0,1,NaN,NaN
A050,A,4,444,1,NaN,NaN,0,0.305631160736084
A050,A,4,445,1,NaN,NaN,0,0.250929117202759
A050,A,4,446,1,NaN,NaN,0,0.367756128311157
A050,A,4,447,1,NaN,NaN,0,0.310947895050049
A050,A,4,448,1,NaN,NaN,0,0.35156512260437
A050,A,4,449,1,NaN,NaN,0,0.347587823867798
A050,A,4,450,1,NaN,NaN,0,0.437772989273071
A050,A,4,451,1,NaN,NaN,0,0.390753984451294
A050,A,4,452,NaN,1,0,NaN,NaN
A050,A,4,453,1,NaN,NaN,0,0.294643878936768
A050,A,4,454,1,NaN,NaN,0,0.289794206619263
A050,A,4,455,1,NaN,NaN,0,0.34765100479126
A050,A,4,456,1,NaN,NaN,0,0.440284967422485
A050,A,4,457,1,NaN,NaN,0,0.434358835220337
A050,A,4,458,1,NaN,NaN,0,0.454977989196777
A050,A,4,459,1,NaN,NaN,0,0.492800951004028
A050,A,4,460,1,NaN,NaN,0,0.458441972732544
A050,A,4,461,1,NaN,NaN,0,0.480157136917114
A050,A,4,462,1,NaN,NaN,0,0.498079061508179
A050,A,4,463,1,NaN,NaN,0,0.483813047409058
A050,A,4,464,1,NaN,NaN,0,0.336943864822388
A050,A,4,465,NaN,0,1,NaN,NaN
A050,A,4,466,1,NaN,NaN,0,0.240122079849243
A050,A,4,467,1,NaN,NaN,0,0.276300191879272
A050,A,4,468,1,NaN,NaN,0,0.325656175613403
A050,A,4,469,1,NaN,NaN,0,0.392781019210815
A050,A,4,470,1,NaN,NaN,0,0.482915878295898
A050,A,4,471,1,NaN,NaN,0,0.506276845932007
A050,A,4,472,1,NaN,NaN,0,0.569536924362183
A050,A,4,473,NaN,1,0,NaN,NaN
A050,A,4,474,1,NaN,NaN,0,0.271410942077637
A050,A,4,475,1,NaN,NaN,0,0.313561916351318
A050,A,4,476,1,NaN,NaN,0,0.258378028869629
A050,A,4,477,1,NaN,NaN,0,0.26787281036377
A050,A,4,478,1,NaN,NaN,0,0.408525943756104
A050,A,4,479,1,NaN,NaN,0,0.481554985046387
A050,A,4,480,1,NaN,NaN,0,0.429998159408569
A050,A,4,481,1,NaN,NaN,0,0.357891082763672
A050,A,4,482,1,NaN,NaN,0,0.426309108734131
A050,A,4,483,NaN,1,0,NaN,NaN
A050,A,4,484,1,NaN,NaN,0,0.27631402015686
A050,A,4,485,1,NaN,NaN,0,0.337976932525635
A050,A,4,486,1,NaN,NaN,0,0.295062065124512
A050,A,4,487,1,NaN,NaN,0,0.372375965118408
A050,A,4,488,1,NaN,NaN,0,0.339461088180542
A050,A,4,489,NaN,0,1,NaN,NaN
A050,A,4,490,1,NaN,NaN,0,0.395576000213623
A050,A,4,491,1,NaN,NaN,0,0.400320053100586
A050,A,4,492,1,NaN,NaN,0,0.415698051452637
A050,A,4,493,1,NaN,NaN,0,0.344895124435425
A050,A,4,494,1,NaN,NaN,0,0.447251081466675
A050,A,4,495,1,NaN,NaN,0,0.480095148086548
A050,A,4,496,1,NaN,NaN,0,0.485100984573364
A050,A,4,497,1,NaN,NaN,0,0.43400502204895
A050,A,4,498,1,NaN,NaN,0,0.375109910964966
A050,A,4,499,1,NaN,NaN,0,0.346266984939575
A050,A,4,500,NaN,1,0,NaN,NaN
A050,A,4,501,1,NaN,NaN,0,0.287938833236694
A050,A,4,502,1,NaN,NaN,0,0.229838848114014
A050,A,4,503,1,NaN,NaN,0,0.156739950180054
A050,A,4,504,1,NaN,NaN,0,NaN
A050,A,4,505,0,NaN,NaN,1,NaN
A050,A,4,506,1,NaN,NaN,0,0.267426013946533
A050,A,4,507,1,NaN,NaN,0,0.343512773513794
A050,A,4,508,1,NaN,NaN,0,0.508046865463257
A050,A,4,509,1,NaN,NaN,0,0.465559005737305
A050,A,4,510,1,NaN,NaN,0,0.514466047286987
A050,A,4,511,1,NaN,NaN,0,0.381535053253174
A050,A,4,512,NaN,1,0,NaN,NaN
A050,A,4,513,1,NaN,NaN,0,0.241408824920654
A050,A,4,514,1,NaN,NaN,0,0.286092042922974
A050,A,4,515,1,NaN,NaN,0,0.362947940826416
A050,A,4,516,1,NaN,NaN,0,0.362296104431152
A050,A,4,517,1,NaN,NaN,0,0.414492130279541
A050,A,4,518,NaN,1,0,NaN,NaN
A050,A,4,519,1,NaN,NaN,0,0.300286054611206
A050,A,4,520,1,NaN,NaN,0,0.278422117233276
A050,A,4,521,1,NaN,NaN,0,0.296766996383667
A050,A,4,522,1,NaN,NaN,0,0.299675941467285
A050,A,4,523,1,NaN,NaN,0,0.429001092910767
A050,A,4,524,1,NaN,NaN,0,0.400297880172729
A050,A,4,525,1,NaN,NaN,0,0.376106023788452
A050,A,4,526,1,NaN,NaN,0,0.169488906860352
A050,A,4,527,NaN,0,1,NaN,NaN
A050,A,4,528,1,NaN,NaN,0,NaN
A050,A,4,529,1,NaN,NaN,0,0.290954113006592
A050,A,4,530,1,NaN,NaN,0,0.475849866867065
A050,A,4,531,1,NaN,NaN,0,0.628432989120483
A050,A,4,532,1,NaN,NaN,0,0.514375925064087
A050,A,4,533,NaN,1,0,NaN,NaN
A050,A,4,534,1,NaN,NaN,0,0.247824907302856
A050,A,4,535,1,NaN,NaN,0,0.302711963653564
A050,A,4,536,1,NaN,NaN,0,0.41960597038269
A050,A,4,537,1,NaN,NaN,0,0.514301061630249
A050,A,4,538,1,NaN,NaN,0,0.379271984100342
A050,A,4,539,1,NaN,NaN,0,0.334918022155762
A050,A,4,540,1,NaN,NaN,0,0.295652866363525
A050,A,4,541,1,NaN,NaN,0,0.343145132064819
A050,A,4,542,1,NaN,NaN,0,0.401345014572144
A050,A,4,543,1,NaN,NaN,0,0.436079025268555
A050,A,4,544,1,NaN,NaN,0,0.407918930053711
A050,A,4,545,1,NaN,NaN,0,0.496962070465088
A050,A,4,546,1,NaN,NaN,0,0.452701091766357
A050,A,4,547,NaN,1,0,NaN,NaN
A050,A,4,548,1,NaN,NaN,0,0.254146099090576
A050,A,4,549,1,NaN,NaN,0,0.282801151275635
A050,A,4,550,1,NaN,NaN,0,0.255932092666626
A050,A,4,551,NaN,0,1,NaN,NaN
A050,A,4,552,1,NaN,NaN,0,0.260634899139404
A050,A,4,553,1,NaN,NaN,0,0.431996822357178
A050,A,4,554,1,NaN,NaN,0,0.472101211547852
A050,A,4,555,1,NaN,NaN,0,0.464828014373779
A050,A,4,556,1,NaN,NaN,0,0.498950004577637
A050,A,4,557,1,NaN,NaN,0,0.455211877822876
A050,A,4,558,1,NaN,NaN,0,0.411766052246094
A050,A,4,559,1,NaN,NaN,0,0.415446043014526
A050,A,4,560,1,NaN,NaN,0,0.312172889709473
A050,A,4,561,1,NaN,NaN,0,0.341746091842651
A050,A,4,562,1,NaN,NaN,0,0.296907186508179
A050,A,4,563,1,NaN,NaN,0,0.292678833007812
A050,A,4,564,1,NaN,NaN,0,0.398710966110229
A050,A,4,565,1,NaN,NaN,0,0.410863876342773
A050,A,4,566,NaN,1,0,NaN,NaN
A050,A,4,567,1,NaN,NaN,0,0.254849195480347
A050,A,4,568,1,NaN,NaN,0,0.232976913452148
A050,A,4,569,1,NaN,NaN,0,0.31509804725647
A050,A,4,570,NaN,0,1,NaN,NaN
A050,A,4,571,1,NaN,NaN,0,0.366634845733643
A050,A,4,572,1,NaN,NaN,0,0.340235948562622
A050,A,4,573,1,NaN,NaN,0,0.318835973739624
A050,A,4,574,1,NaN,NaN,0,0.348911046981812
A050,A,4,575,1,NaN,NaN,0,0.347714185714722
A050,A,4,576,1,NaN,NaN,0,0.285031080245972
A050,A,4,577,1,NaN,NaN,0,0.811903953552246
A050,A,4,578,1,NaN,NaN,0,0.520194053649902
A050,A,4,579,1,NaN,NaN,0,0.334565877914429
A050,A,4,580,1,NaN,NaN,0,0.296755075454712
A050,A,4,581,1,NaN,NaN,0,0.317564010620117
A050,A,4,582,1,NaN,NaN,0,0.45740795135498
A050,A,4,583,NaN,1,0,NaN,NaN
A050,A,4,584,1,NaN,NaN,0,0.284326076507568
A050,A,4,585,1,NaN,NaN,0,0.271394014358521
A050,A,4,586,1,NaN,NaN,0,0.254786968231201
A050,A,4,587,1,NaN,NaN,0,0.261733055114746
A050,A,4,588,1,NaN,NaN,0,0.291609048843384
A050,A,4,589,1,NaN,NaN,0,0.347902059555054
A050,A,4,590,1,NaN,NaN,0,0.261433839797974
A050,A,4,591,1,NaN,NaN,0,0.3213951587677
A050,A,4,592,1,NaN,NaN,0,0.439625978469849
A050,A,4,593,NaN,1,0,NaN,NaN
A050,A,4,594,1,NaN,NaN,0,0.243803024291992
