SubID,Group,BlockN,nTrial,GoTrials,NoGoTrials,FA,Misses,RT
A024,A,1,NaN,NaN,NaN,0,0,0.6423180103302
A024,A,NaN,1,0,NaN,NaN,0,NaN
A024,A,1,NaN,NaN,NaN,0,0,0.345465898513794
A024,A,1,NaN,NaN,NaN,0,0,0.365850925445557
A024,A,1,NaN,NaN,NaN,0,0,0.386749982833862
A024,A,1,NaN,NaN,NaN,0,0,0.404739141464233
A024,A,1,NaN,NaN,NaN,0,0,0.470602989196777
A024,A,1,NaN,NaN,NaN,0,0,0.438769817352295
A024,A,1,NaN,NaN,NaN,0,0,0.387784004211426
A024,A,1,NaN,NaN,NaN,0,0,0.56468677520752
A024,A,1,NaN,NaN,NaN,0,0,0.396682024002075
A024,A,NaN,1,0,NaN,NaN,0,NaN
A024,A,1,NaN,NaN,NaN,0,0,0.430107116699219
A024,A,1,NaN,NaN,NaN,0,0,0.510672092437744
A024,A,1,NaN,NaN,NaN,0,0,0.470196008682251
A024,A,1,NaN,NaN,NaN,0,0,0.355662107467651
A024,A,1,NaN,NaN,NaN,0,0,0.361066818237305
A024,A,1,NaN,NaN,NaN,0,0,0.35492205619812
A024,A,1,NaN,NaN,NaN,0,0,0.457197904586792
A024,A,1,NaN,NaN,NaN,0,0,0.47832989692688
A024,A,1,NaN,NaN,NaN,0,0,0.394975900650024
A024,A,1,NaN,NaN,NaN,0,0,0.434544086456299
A024,A,1,NaN,NaN,NaN,0,0,0.400249004364014
A024,A,NaN,1,0,NaN,NaN,0,NaN
A024,A,1,NaN,NaN,NaN,0,0,0.407349824905396
A024,A,1,NaN,NaN,NaN,0,0,0.328691005706787
A024,A,1,NaN,NaN,NaN,0,0,0.373455047607422
A024,A,1,NaN,NaN,NaN,0,0,0.362189769744873
A024,A,1,NaN,NaN,NaN,0,0,0.343832015991211
A024,A,1,NaN,NaN,NaN,0,0,0.381855964660645
A024,A,1,NaN,NaN,NaN,0,0,0.471035957336426
A024,A,1,NaN,NaN,NaN,0,0,0.333395957946777
A024,A,NaN,1,0,NaN,NaN,0,NaN
A024,A,1,NaN,NaN,NaN,0,0,0.427281141281128
A024,A,1,NaN,NaN,NaN,0,0,0.379044055938721
A024,A,1,NaN,NaN,NaN,0,0,0.382134914398193
A024,A,1,NaN,NaN,NaN,0,0,0.518051862716675
A024,A,1,NaN,NaN,NaN,0,0,0.45080304145813
A024,A,1,NaN,NaN,NaN,0,0,0.49540901184082
A024,A,1,NaN,NaN,NaN,0,0,0.379782915115356
A024,A,1,NaN,NaN,NaN,0,0,0.400803089141846
A024,A,1,NaN,NaN,NaN,0,0,0.322161912918091
A024,A,NaN,1,0,NaN,NaN,0,NaN
A024,A,1,NaN,NaN,NaN,0,0,0.413471937179565
A024,A,1,NaN,NaN,NaN,0,0,0.393936157226562
A024,A,1,NaN,NaN,NaN,0,0,0.344120025634766
A024,A,NaN,1,0,NaN,NaN,0,NaN
A024,A,1,NaN,NaN,NaN,0,0,0.489603996276855
A024,A,1,NaN,NaN,NaN,0,0,0.346434116363525
A024,A,1,NaN,NaN,NaN,0,0,0.390936851501465
A024,A,1,NaN,NaN,NaN,0,0,0.493039131164551
A024,A,1,NaN,NaN,NaN,0,0,0.355258941650391
A024,A,1,NaN,NaN,NaN,0,0,0.391885995864868
A024,A,1,NaN,NaN,NaN,0,0,0.389894962310791
A024,A,1,NaN,NaN,NaN,0,0,0.554279804229736
A024,A,1,NaN,NaN,NaN,0,0,0.44890308380127
A024,A,1,NaN,NaN,NaN,0,0,0.334753036499023
A024,A,1,NaN,NaN,NaN,0,0,0.340431928634644
A024,A,1,NaN,NaN,NaN,0,0,0.426573991775513
A024,A,1,NaN,NaN,NaN,0,0,0.377219915390015
A024,A,NaN,1,0,NaN,NaN,0,NaN
A024,A,1,NaN,NaN,NaN,0,0,0.342483997344971
A024,A,1,NaN,NaN,NaN,0,0,0.290961980819702
A024,A,1,NaN,NaN,NaN,0,0,0.376312971115112
A024,A,1,NaN,NaN,NaN,0,0,0.328550100326538
A024,A,1,NaN,NaN,NaN,0,0,0.403931140899658
A024,A,NaN,0,1,NaN,NaN,0,NaN
A024,A,1,NaN,NaN,NaN,0,0,0.572870969772339
A024,A,1,NaN,NaN,NaN,0,0,0.439302921295166
A024,A,1,NaN,NaN,NaN,0,0,0.396319150924683
A024,A,1,NaN,NaN,NaN,0,0,0.340152978897095
A024,A,1,NaN,NaN,NaN,0,0,0.345736026763916
A024,A,1,NaN,NaN,NaN,0,0,0.414242029190063
A024,A,1,NaN,NaN,NaN,0,0,0.367616176605225
A024,A,1,NaN,NaN,NaN,0,0,0.437981843948364
A024,A,1,NaN,NaN,NaN,0,0,0.52849292755127
A024,A,NaN,1,0,NaN,NaN,0,NaN
A024,A,1,NaN,NaN,NaN,0,0,0.450670957565308
A024,A,1,NaN,NaN,NaN,0,0,0.363430976867676
A024,A,1,NaN,NaN,NaN,0,0,0.320554971694946
A024,A,1,NaN,NaN,NaN,0,0,0.365425825119019
A024,A,1,NaN,NaN,NaN,0,0,0.329687118530273
A024,A,1,NaN,NaN,NaN,0,0,0.330520868301392
A024,A,1,NaN,NaN,NaN,0,0,0.619694948196411
A024,A,1,NaN,NaN,NaN,0,0,0.572402000427246
A024,A,1,NaN,NaN,NaN,0,0,0.408356189727783
A024,A,NaN,1,0,NaN,NaN,0,NaN
A024,A,1,NaN,NaN,NaN,0,0,0.322211980819702
A024,A,1,NaN,NaN,NaN,0,0,0.374632120132446
A024,A,1,NaN,NaN,NaN,0,0,0.355738162994385
A024,A,1,NaN,NaN,NaN,0,0,0.324667930603027
A024,A,1,NaN,NaN,NaN,0,0,0.353374004364014
A024,A,1,NaN,NaN,NaN,0,0,0.398696899414062
A024,A,1,NaN,NaN,NaN,0,0,0.369031190872192
A024,A,1,NaN,NaN,NaN,0,0,0.347813129425049
A024,A,1,NaN,NaN,NaN,0,0,0.365206003189087
A024,A,NaN,1,0,NaN,NaN,0,NaN
A024,A,1,NaN,NaN,NaN,0,0,0.460439920425415
A024,A,1,NaN,NaN,NaN,0,0,0.34174919128418
A024,A,1,NaN,NaN,NaN,0,0,0.366246938705444
A024,A,1,NaN,NaN,NaN,0,0,0.404258966445923
A024,A,1,NaN,NaN,NaN,0,0,0.399348020553589
A024,A,1,NaN,NaN,NaN,0,0,0.455156087875366
A024,A,1,NaN,NaN,NaN,0,0,0.385912179946899
A024,A,NaN,1,0,NaN,NaN,0,NaN
A024,A,1,NaN,NaN,NaN,0,0,0.37054705619812
A024,A,1,NaN,NaN,NaN,0,0,0.430566072463989
A024,A,1,NaN,NaN,NaN,0,0,0.313671112060547
A024,A,1,NaN,NaN,NaN,0,0,0.345807075500488
A024,A,1,NaN,NaN,NaN,0,0,0.344595909118652
A024,A,1,NaN,NaN,NaN,0,0,0.40139102935791
A024,A,1,NaN,NaN,NaN,0,0,0.464294910430908
A024,A,1,NaN,NaN,NaN,0,0,0.46467399597168
A024,A,NaN,1,0,NaN,NaN,0,NaN
A024,A,1,NaN,NaN,NaN,0,0,0.429991006851196
A024,A,1,NaN,NaN,NaN,0,0,0.354644060134888
A024,A,1,NaN,NaN,NaN,0,0,0.371454000473022
A024,A,1,NaN,NaN,NaN,0,0,0.298207998275757
A024,A,1,NaN,NaN,NaN,0,0,0.40447998046875
A024,A,1,NaN,NaN,NaN,0,0,0.361830949783325
A024,A,1,NaN,NaN,NaN,0,0,0.367952823638916
A024,A,1,NaN,NaN,NaN,0,0,0.372186899185181
A024,A,1,NaN,NaN,NaN,0,0,0.431406021118164
A024,A,NaN,1,0,NaN,NaN,0,NaN
A024,A,1,NaN,NaN,NaN,0,0,0.350183010101318
A024,A,1,NaN,NaN,NaN,0,0,0.338735818862915
A024,A,1,NaN,NaN,NaN,0,0,0.410739898681641
A024,A,1,NaN,NaN,NaN,0,0,0.411707878112793
A024,A,1,NaN,NaN,NaN,0,0,0.539910078048706
A024,A,1,NaN,NaN,NaN,0,0,0.444675207138062
A024,A,NaN,0,1,NaN,NaN,0,NaN
A024,A,1,NaN,NaN,NaN,0,0,0.545691013336182
A024,A,1,NaN,NaN,NaN,0,0,0.449492931365967
A024,A,1,NaN,NaN,NaN,0,0,0.447283983230591
A024,A,1,NaN,NaN,NaN,0,0,0.341928005218506
A024,A,1,NaN,NaN,NaN,0,0,0.431090831756592
A024,A,NaN,1,0,NaN,NaN,0,NaN
A024,A,1,NaN,NaN,NaN,0,0,0.358394145965576
A024,A,1,NaN,NaN,NaN,0,0,0.319532871246338
A024,A,1,NaN,NaN,NaN,0,0,0.312830924987793
A024,A,1,NaN,NaN,NaN,0,0,0.377523899078369
A024,A,1,NaN,NaN,NaN,0,0,0.345551013946533
A024,A,1,NaN,NaN,NaN,0,0,0.804996967315674
A024,A,1,NaN,NaN,NaN,0,0,0.526034832000732
A024,A,1,NaN,NaN,NaN,0,0,0.408643960952759
A024,A,1,NaN,NaN,NaN,0,0,0.330029964447021
A024,A,1,NaN,NaN,NaN,0,0,0.358039855957031
A024,A,1,NaN,NaN,NaN,0,0,0.3488609790802
A024,A,NaN,1,0,NaN,NaN,0,NaN
A024,A,1,NaN,NaN,NaN,0,0,0.307336807250977
A024,A,1,NaN,NaN,NaN,0,0,0.299293041229248
A024,A,1,NaN,NaN,NaN,0,0,0.359255075454712
A024,A,1,NaN,NaN,NaN,0,0,0.359153032302856
A024,A,1,NaN,NaN,NaN,0,0,0.349239110946655
A024,A,1,NaN,NaN,NaN,0,0,0.337157011032104
A024,A,1,NaN,NaN,NaN,0,0,0.402445077896118
A024,A,1,NaN,NaN,NaN,0,0,0.444543123245239
A024,A,1,NaN,NaN,NaN,0,0,0.40722393989563
A024,A,1,NaN,NaN,NaN,0,0,0.441876888275146
A024,A,NaN,1,0,NaN,NaN,0,NaN
A024,A,1,NaN,NaN,NaN,0,0,0.299572944641113
A024,A,1,NaN,NaN,NaN,0,0,0.299206972122192
A024,A,1,NaN,NaN,NaN,0,0,0.351662158966064
A024,A,1,NaN,NaN,NaN,0,0,0.356942892074585
A024,A,1,NaN,NaN,NaN,0,0,0.353623867034912
A024,A,1,NaN,NaN,NaN,0,0,0.410871028900146
A024,A,NaN,1,0,NaN,NaN,0,NaN
A024,A,1,NaN,NaN,NaN,0,0,0.603418111801147
A024,A,1,NaN,NaN,NaN,0,0,0.302905082702637
A024,A,1,NaN,NaN,NaN,0,0,0.332043886184692
A024,A,1,NaN,NaN,NaN,0,0,0.398322105407715
A024,A,1,NaN,NaN,NaN,0,0,0.382447004318237
A024,A,1,NaN,NaN,NaN,0,0,0.351812124252319
A024,A,1,NaN,NaN,NaN,0,0,0.410043001174927
A024,A,1,NaN,NaN,NaN,0,0,0.450581073760986
A024,A,NaN,1,0,NaN,NaN,0,NaN
A024,A,1,NaN,NaN,NaN,0,0,0.399322986602783
A024,A,1,NaN,NaN,NaN,0,0,0.452293872833252
A024,A,1,NaN,NaN,NaN,0,0,0.417301893234253
A024,A,1,NaN,NaN,NaN,0,0,0.781245946884155
A024,A,1,NaN,NaN,NaN,0,0,0.344621896743774
A024,A,1,NaN,NaN,NaN,0,0,0.354763031005859
A024,A,1,NaN,NaN,NaN,0,0,0.387783050537109
A024,A,1,NaN,NaN,NaN,0,0,0.352797985076904
A024,A,1,NaN,NaN,NaN,0,0,0.380488872528076
A024,A,NaN,1,0,NaN,NaN,0,NaN
A024,A,1,NaN,NaN,NaN,0,0,0.347452878952026
A024,A,1,NaN,NaN,NaN,0,0,0.320556879043579
A024,A,1,NaN,NaN,NaN,0,0,0.359565019607544
A024,A,1,NaN,NaN,NaN,0,0,0.361291885375977
A024,A,1,NaN,NaN,NaN,0,0,0.344985008239746
A024,A,NaN,1,0,NaN,NaN,0,NaN
A024,A,1,NaN,NaN,NaN,0,0,0.372341871261597
A024,A,1,NaN,NaN,NaN,0,0,0.294636011123657
A024,A,1,NaN,NaN,NaN,0,0,0.328964948654175
A024,A,1,NaN,NaN,NaN,0,0,0.284832954406738
A024,A,1,NaN,NaN,NaN,0,0,0.363803863525391
A024,A,1,NaN,NaN,NaN,0,0,0.478496074676514
A024,A,1,NaN,NaN,NaN,0,0,0.45195198059082
A024,A,1,NaN,NaN,NaN,0,0,0.423546075820923
A024,A,1,NaN,NaN,NaN,0,0,0.386360168457031
A024,A,1,NaN,NaN,NaN,0,0,0.439262866973877
A024,A,1,NaN,NaN,NaN,0,0,0.435484170913696
A024,A,NaN,1,0,NaN,NaN,0,NaN
A024,A,1,NaN,NaN,NaN,0,0,0.317836046218872
A024,A,1,NaN,NaN,NaN,0,0,0.377701044082642
A024,A,1,NaN,NaN,NaN,0,0,0.354295015335083
A024,A,1,NaN,NaN,NaN,0,0,0.35981297492981
A024,A,1,NaN,NaN,NaN,0,0,0.366812944412231
A024,A,1,NaN,NaN,NaN,0,0,0.37777304649353
A024,A,NaN,1,0,NaN,NaN,0,NaN
A024,A,1,NaN,NaN,NaN,0,0,0.314054012298584
A024,A,1,NaN,NaN,NaN,0,0,0.298855066299438
A024,A,1,NaN,NaN,NaN,0,0,0.298394918441772
A024,A,1,NaN,NaN,NaN,0,0,0.304588079452515
A024,A,1,NaN,NaN,NaN,0,0,0.384880065917969
A024,A,1,NaN,NaN,NaN,0,0,0.379180908203125
A024,A,1,NaN,NaN,NaN,0,0,0.392605066299438
A024,A,1,NaN,NaN,NaN,0,0,0.420237064361572
A024,A,NaN,1,0,NaN,NaN,0,NaN
A024,A,1,NaN,NaN,NaN,0,0,0.417203903198242
A024,A,1,NaN,NaN,NaN,0,0,0.350112199783325
A024,A,1,NaN,NaN,NaN,0,0,0.335423946380615
A024,A,1,NaN,NaN,NaN,0,0,0.720046997070312
A024,A,1,NaN,NaN,NaN,0,0,0.415922880172729
A024,A,1,NaN,NaN,NaN,0,0,0.397449970245361
A024,A,NaN,1,0,NaN,NaN,0,NaN
A024,A,1,NaN,NaN,NaN,0,0,0.356437206268311
A024,A,1,NaN,NaN,NaN,0,0,0.3974609375
A024,A,1,NaN,NaN,NaN,0,0,0.398290872573853
A024,A,1,NaN,NaN,NaN,0,0,0.41744589805603
A024,A,1,NaN,NaN,NaN,0,0,0.406054973602295
A024,A,1,NaN,NaN,NaN,0,0,0.343286991119385
A024,A,1,NaN,NaN,NaN,0,0,0.437682867050171
A024,A,1,NaN,NaN,NaN,0,0,0.35151219367981
A024,A,1,NaN,NaN,NaN,0,0,0.336251974105835
A024,A,NaN,1,0,NaN,NaN,0,NaN
A024,A,1,NaN,NaN,NaN,0,0,0.32224702835083
A024,A,1,NaN,NaN,NaN,0,0,0.283980846405029
A024,A,1,NaN,NaN,NaN,0,0,0.291934967041016
A024,A,1,NaN,NaN,NaN,0,0,0.342068195343018
A024,A,1,NaN,NaN,NaN,0,0,0.32540488243103
A024,A,1,NaN,NaN,NaN,0,0,0.306972026824951
A024,A,1,NaN,NaN,NaN,0,0,0.339689970016479
A024,A,1,NaN,NaN,NaN,0,0,0.326797008514404
A024,A,1,NaN,NaN,NaN,0,0,0.33660101890564
A024,A,1,NaN,NaN,NaN,0,0,0.380712032318115
A024,A,1,NaN,NaN,NaN,0,0,0.564655065536499
A024,A,1,NaN,NaN,NaN,0,0,0.462934970855713
A024,A,1,NaN,NaN,NaN,0,0,0.413279056549072
A024,A,NaN,1,0,NaN,NaN,0,NaN
A024,A,1,NaN,NaN,NaN,0,0,0.592318058013916
A024,A,1,NaN,NaN,NaN,0,0,0.340827941894531
A024,A,1,NaN,NaN,NaN,0,0,0.383821964263916
A024,A,NaN,1,0,NaN,NaN,0,NaN
A024,A,1,NaN,NaN,NaN,0,0,0.407979011535645
A024,A,1,NaN,NaN,NaN,0,0,0.359508991241455
A024,A,1,NaN,NaN,NaN,0,0,0.445456027984619
A024,A,1,NaN,NaN,NaN,0,0,0.52063512802124
A024,A,1,NaN,NaN,NaN,0,0,0.489959955215454
A024,A,1,NaN,NaN,NaN,0,0,0.463763952255249
A024,A,1,NaN,NaN,NaN,0,0,0.437697887420654
A024,A,1,NaN,NaN,NaN,0,0,0.368459939956665
A024,A,NaN,1,0,NaN,NaN,0,NaN
A024,A,1,NaN,NaN,NaN,0,0,0.396422863006592
A024,A,1,NaN,NaN,NaN,0,0,0.427432060241699
A024,A,1,NaN,NaN,NaN,0,0,0.448336124420166
A024,A,1,NaN,NaN,NaN,0,0,0.60343599319458
A024,A,1,NaN,NaN,NaN,0,0,0.59614109992981
A024,A,1,NaN,NaN,NaN,0,0,0.609140872955322
A024,A,1,NaN,NaN,NaN,0,0,0.469243049621582
A024,A,1,NaN,NaN,NaN,0,0,0.512632131576538
A024,A,NaN,1,0,NaN,NaN,0,NaN
A024,A,1,NaN,NaN,NaN,0,0,0.57054615020752
A024,A,1,NaN,NaN,NaN,0,0,0.371274948120117
A024,A,1,NaN,NaN,NaN,0,0,0.394381046295166
A024,A,1,NaN,NaN,NaN,0,0,0.399801969528198
A024,A,1,NaN,NaN,NaN,0,0,0.421104907989502
A024,A,1,NaN,NaN,NaN,0,0,0.326725006103516
A024,A,1,NaN,NaN,NaN,0,0,0.333948850631714
A024,A,NaN,1,0,NaN,NaN,0,NaN
A024,A,1,NaN,NaN,NaN,0,0,0.455552101135254
A024,A,1,NaN,NaN,NaN,0,0,0.341562986373901
A024,A,1,NaN,NaN,NaN,0,0,0.400252819061279
A024,A,1,NaN,NaN,NaN,0,0,0.5225989818573
A024,A,1,NaN,NaN,NaN,0,0,0.507499933242798
A024,A,1,NaN,NaN,NaN,0,0,0.538406848907471
A024,A,1,NaN,NaN,NaN,0,0,0.520027875900269
A024,A,1,NaN,NaN,NaN,0,0,0.420965909957886
A024,A,1,NaN,NaN,NaN,0,0,0.455463171005249
A024,A,1,NaN,NaN,NaN,0,0,0.464286088943481
A024,A,1,NaN,NaN,NaN,0,0,0.360464096069336
A024,A,1,NaN,NaN,NaN,0,0,0.391331911087036
A024,A,NaN,1,0,NaN,NaN,0,NaN
A024,A,1,NaN,NaN,NaN,0,0,0.436754941940308
A024,A,1,NaN,NaN,NaN,0,0,0.33262300491333
A024,A,1,NaN,NaN,NaN,0,0,0.337026834487915
A024,A,1,NaN,NaN,NaN,0,0,0.356224060058594
A024,A,1,NaN,NaN,NaN,0,0,0.377446889877319
A024,A,1,NaN,NaN,NaN,0,0,0.34128999710083
A024,A,1,NaN,NaN,NaN,0,0,0.344018936157227
A024,A,1,NaN,NaN,NaN,0,0,0.379401922225952
A024,A,1,NaN,NaN,NaN,0,0,0.464277029037476
A024,A,1,NaN,NaN,NaN,0,0,0.510457038879395
A024,A,NaN,1,0,NaN,NaN,0,NaN
A024,A,1,NaN,NaN,NaN,0,0,0.415719985961914
A024,A,1,NaN,NaN,NaN,0,0,0.404742956161499
A024,A,1,NaN,NaN,NaN,0,0,0.457672119140625
A024,A,1,NaN,NaN,NaN,0,0,0.348922967910767
A024,A,NaN,1,0,NaN,NaN,0,NaN
A024,A,1,NaN,NaN,NaN,0,0,0.337281942367554
A024,A,1,NaN,NaN,NaN,0,0,0.337896108627319
A024,A,1,NaN,NaN,NaN,0,0,0.368645906448364
A024,A,1,NaN,NaN,NaN,0,0,0.439371109008789
A024,A,1,NaN,NaN,NaN,0,0,0.414362907409668
A024,A,1,NaN,NaN,NaN,0,0,0.372251987457275
A024,A,1,NaN,NaN,NaN,0,0,0.394645929336548
A024,A,1,NaN,NaN,NaN,0,0,0.359515905380249
A024,A,1,NaN,NaN,NaN,0,0,0.383409976959229
A024,A,1,NaN,NaN,NaN,0,0,0.371235132217407
A024,A,NaN,1,0,NaN,NaN,0,NaN
A024,A,1,NaN,NaN,NaN,0,0,0.352885961532593
A024,A,1,NaN,NaN,NaN,0,0,0.280964851379395
A024,A,1,NaN,NaN,NaN,0,0,0.281705856323242
A024,A,1,NaN,NaN,NaN,0,0,0.271397829055786
A024,A,NaN,0,1,NaN,NaN,0,NaN
A024,A,1,NaN,NaN,NaN,0,0,0.537946939468384
A024,A,1,NaN,NaN,NaN,0,0,0.332498073577881
A024,A,1,NaN,NaN,NaN,0,0,0.329529047012329
A024,A,1,NaN,NaN,NaN,0,0,0.312472820281982
A024,A,1,NaN,NaN,NaN,0,0,0.389273166656494
A024,A,1,NaN,NaN,NaN,0,0,0.35553503036499
A024,A,1,NaN,NaN,NaN,0,0,0.372086048126221
A024,A,1,NaN,NaN,NaN,0,0,0.359680891036987
A024,A,1,NaN,NaN,NaN,0,0,0.404790163040161
A024,A,1,NaN,NaN,NaN,0,0,0.755262851715088
A024,A,1,NaN,NaN,NaN,0,0,0.400704860687256
A024,A,NaN,1,0,NaN,NaN,0,NaN
A024,A,1,NaN,NaN,NaN,0,0,0.390295028686523
A024,A,1,NaN,NaN,NaN,0,0,0.355664014816284
A024,A,1,NaN,NaN,NaN,0,0,0.410542964935303
A024,A,1,NaN,NaN,NaN,0,0,0.471529960632324
A024,A,1,NaN,NaN,NaN,0,0,0.40027904510498
A024,A,1,NaN,NaN,NaN,0,0,0.337862968444824
A024,A,1,NaN,NaN,NaN,0,0,0.374614953994751
A024,A,1,NaN,NaN,NaN,0,0,0.391860008239746
A024,A,1,NaN,NaN,NaN,0,0,0.337829828262329
A024,A,1,NaN,NaN,NaN,0,0,0.362765073776245
A024,A,1,NaN,NaN,NaN,0,0,0.464959859848022
A024,A,NaN,1,0,NaN,NaN,0,NaN
A024,A,1,NaN,NaN,NaN,0,0,0.325726985931396
A024,A,1,NaN,NaN,NaN,0,0,0.301692008972168
A024,A,1,NaN,NaN,NaN,0,0,0.305254220962524
A024,A,1,NaN,NaN,NaN,0,0,0.357465982437134
A024,A,NaN,1,0,NaN,NaN,0,NaN
A024,A,1,NaN,NaN,NaN,0,0,0.339616060256958
A024,A,1,NaN,NaN,NaN,0,0,0.2969810962677
A024,A,1,NaN,NaN,NaN,0,0,0.318520069122314
A024,A,1,NaN,NaN,NaN,0,0,0.422546148300171
A024,A,1,NaN,NaN,NaN,0,0,0.436415910720825
A024,A,1,NaN,NaN,NaN,0,0,0.386553049087524
A024,A,1,NaN,NaN,NaN,0,0,0.393352031707764
A024,A,1,NaN,NaN,NaN,0,0,0.403718948364258
A024,A,1,NaN,NaN,NaN,0,0,0.416800975799561
A024,A,1,NaN,NaN,NaN,0,0,0.43906307220459
A024,A,1,NaN,NaN,NaN,0,0,0.431732892990112
A024,A,1,NaN,NaN,NaN,0,0,0.436314821243286
A024,A,NaN,1,0,NaN,NaN,0,NaN
A024,A,1,NaN,NaN,NaN,0,0,0.41621994972229
A024,A,1,NaN,NaN,NaN,0,0,0.476458072662354
A024,A,NaN,0,1,NaN,NaN,0,NaN
A024,A,1,NaN,NaN,NaN,0,0,0.632796049118042
A024,A,1,NaN,NaN,NaN,0,0,0.365869045257568
A024,A,1,NaN,NaN,NaN,0,0,0.333153009414673
A024,A,1,NaN,NaN,NaN,0,0,0.358642816543579
A024,A,1,NaN,NaN,NaN,0,0,0.41640305519104
A024,A,0,NaN,NaN,NaN,1,0,NaN
A024,A,1,NaN,NaN,NaN,0,0,0.177790880203247
A024,A,1,NaN,NaN,NaN,0,0,0.328195095062256
A024,A,1,NaN,NaN,NaN,0,0,0.293463945388794
A024,A,1,NaN,NaN,NaN,0,0,0.342265844345093
A024,A,NaN,1,0,NaN,NaN,0,NaN
A024,A,1,NaN,NaN,NaN,0,0,0.344461917877197
A024,A,1,NaN,NaN,NaN,0,0,0.354556083679199
A024,A,1,NaN,NaN,NaN,0,0,0.328099012374878
A024,A,1,NaN,NaN,NaN,0,0,0.425879955291748
A024,A,1,NaN,NaN,NaN,0,0,0.485481977462769
A024,A,1,NaN,NaN,NaN,0,0,0.359766960144043
A024,A,1,NaN,NaN,NaN,0,0,0.339521884918213
A024,A,1,NaN,NaN,NaN,0,0,0.444194793701172
A024,A,1,NaN,NaN,NaN,0,0,0.379372119903564
A024,A,1,NaN,NaN,NaN,0,0,0.339370965957642
A024,A,NaN,1,0,NaN,NaN,0,NaN
A024,A,1,NaN,NaN,NaN,0,0,0.316048145294189
A024,A,1,NaN,NaN,NaN,0,0,0.310186147689819
A024,A,1,NaN,NaN,NaN,0,0,0.35561990737915
A024,A,1,NaN,NaN,NaN,0,0,0.349721908569336
A024,A,1,NaN,NaN,NaN,0,0,0.396354913711548
A024,A,1,NaN,NaN,NaN,0,0,0.40545392036438
A024,A,1,NaN,NaN,NaN,0,0,0.398881912231445
A024,A,1,NaN,NaN,NaN,0,0,0.35158896446228
A024,A,1,NaN,NaN,NaN,0,0,0.405111789703369
A024,A,1,NaN,NaN,NaN,0,0,0.395066976547241
A024,A,NaN,1,0,NaN,NaN,0,NaN
A024,A,1,NaN,NaN,NaN,0,0,0.344480037689209
A024,A,1,NaN,NaN,NaN,0,0,0.316076040267944
A024,A,1,NaN,NaN,NaN,0,0,0.347475051879883
A024,A,1,NaN,NaN,NaN,0,0,0.361212968826294
A024,A,NaN,1,0,NaN,NaN,0,NaN
A024,A,1,NaN,NaN,NaN,0,0,0.430248022079468
A024,A,1,NaN,NaN,NaN,0,0,0.378857851028442
A024,A,1,NaN,NaN,NaN,0,0,0.428171157836914
A024,A,1,NaN,NaN,NaN,0,0,0.369662046432495
A024,A,1,NaN,NaN,NaN,0,0,0.358721017837524
A024,A,1,NaN,NaN,NaN,0,0,0.396255970001221
A024,A,1,NaN,NaN,NaN,0,0,0.36923885345459
A024,A,1,NaN,NaN,NaN,0,0,0.271717071533203
A024,A,NaN,1,0,NaN,NaN,0,NaN
A024,A,1,NaN,NaN,NaN,0,0,0.484914064407349
A024,A,1,NaN,NaN,NaN,0,0,0.304858922958374
A024,A,1,NaN,NaN,NaN,0,0,0.373178005218506
A024,A,1,NaN,NaN,NaN,0,0,0.378050088882446
A024,A,1,NaN,NaN,NaN,0,0,0.319485902786255
A024,A,1,NaN,NaN,NaN,0,0,0.344228982925415
A024,A,1,NaN,NaN,NaN,0,0,0.25379490852356
A024,A,1,NaN,NaN,NaN,0,0,0.298357009887695
A024,A,NaN,1,0,NaN,NaN,0,NaN
A024,A,1,NaN,NaN,NaN,0,0,0.325240135192871
A024,A,1,NaN,NaN,NaN,0,0,0.289841175079346
A024,A,1,NaN,NaN,NaN,0,0,0.339310884475708
A024,A,1,NaN,NaN,NaN,0,0,0.325380086898804
A024,A,1,NaN,NaN,NaN,0,0,0.323657035827637
A024,A,1,NaN,NaN,NaN,0,0,0.348774909973145
A024,A,1,NaN,NaN,NaN,0,0,0.385247945785522
A024,A,1,NaN,NaN,NaN,0,0,0.455617904663086
A024,A,NaN,0,1,NaN,NaN,0,NaN
A024,A,1,NaN,NaN,NaN,0,0,0.47331690788269
A024,A,1,NaN,NaN,NaN,0,0,0.338009834289551
A024,A,1,NaN,NaN,NaN,0,0,0.315292119979858
A024,A,1,NaN,NaN,NaN,0,0,0.34529709815979
A024,A,1,NaN,NaN,NaN,0,0,0.346801996231079
A024,A,1,NaN,NaN,NaN,0,0,0.361158847808838
A024,A,1,NaN,NaN,NaN,0,0,0.343139171600342
A024,A,1,NaN,NaN,NaN,0,0,0.492952823638916
A024,A,1,NaN,NaN,NaN,0,0,0.340662002563477
A024,A,NaN,1,0,NaN,NaN,0,NaN
A024,A,1,NaN,NaN,NaN,0,0,0.451929092407227
A024,A,1,NaN,NaN,NaN,0,0,0.304397821426392
A024,A,1,NaN,NaN,NaN,0,0,0.329556226730347
A024,A,0,NaN,NaN,NaN,1,0,NaN
A024,A,1,NaN,NaN,NaN,0,0,0.400022029876709
A024,A,1,NaN,NaN,NaN,0,0,0.33358097076416
A024,A,1,NaN,NaN,NaN,0,0,0.411778926849365
A024,A,NaN,1,0,NaN,NaN,0,NaN
A024,A,1,NaN,NaN,NaN,0,0,0.292585849761963
A024,A,1,NaN,NaN,NaN,0,0,0.255862951278687
A024,A,1,NaN,NaN,NaN,0,0,0.328304052352905
A024,A,1,NaN,NaN,NaN,0,0,0.310872793197632
A024,A,1,NaN,NaN,NaN,0,0,0.378534078598022
A024,A,1,NaN,NaN,NaN,0,0,0.376954078674316
A024,A,NaN,1,0,NaN,NaN,0,NaN
A024,A,1,NaN,NaN,NaN,0,0,0.304060935974121
A024,A,1,NaN,NaN,NaN,0,0,0.297060012817383
A024,A,1,NaN,NaN,NaN,0,0,0.360809087753296
A024,A,1,NaN,NaN,NaN,0,0,0.344210863113403
A024,A,1,NaN,NaN,NaN,0,0,0.352806806564331
A024,A,1,NaN,NaN,NaN,0,0,0.197083950042725
A024,A,1,NaN,NaN,NaN,0,0,0.272802114486694
A024,A,1,NaN,NaN,NaN,0,0,0.277245998382568
A024,A,1,NaN,NaN,NaN,0,0,0.312494993209839
A024,A,1,NaN,NaN,NaN,0,0,0.477030992507935
A024,A,NaN,1,0,NaN,NaN,0,NaN
A024,A,1,NaN,NaN,NaN,0,0,0.327773094177246
A024,A,1,NaN,NaN,NaN,0,0,0.362914085388184
A024,A,1,NaN,NaN,NaN,0,0,0.339314937591553
A024,A,1,NaN,NaN,NaN,0,0,0.411803960800171
A024,A,1,NaN,NaN,NaN,0,0,0.348931074142456
A024,A,1,NaN,NaN,NaN,0,0,0.358193874359131
A024,A,NaN,1,0,NaN,NaN,0,NaN
A024,A,1,NaN,NaN,NaN,0,0,0.3560791015625
A024,A,1,NaN,NaN,NaN,0,0,0.288215160369873
A024,A,1,NaN,NaN,NaN,0,0,NaN
A024,A,1,NaN,NaN,NaN,0,0,0.355884075164795
A024,A,1,NaN,NaN,NaN,0,0,0.707246065139771
A024,A,1,NaN,NaN,NaN,0,0,0.318747043609619
A024,A,1,NaN,NaN,NaN,0,0,0.364033937454224
A024,A,1,NaN,NaN,NaN,0,0,0.325264930725098
A024,A,NaN,0,1,NaN,NaN,0,NaN
A024,A,1,NaN,NaN,NaN,0,0,0.539515972137451
A024,A,1,NaN,NaN,NaN,0,0,0.332383871078491
A024,A,1,NaN,NaN,NaN,0,0,0.315463066101074
A024,A,1,NaN,NaN,NaN,0,0,0.355731010437012
A024,A,1,NaN,NaN,NaN,0,0,0.449836015701294
A024,A,1,NaN,NaN,NaN,0,0,0.494754076004028
A024,A,1,NaN,NaN,NaN,0,0,0.592480897903442
A024,A,1,NaN,NaN,NaN,0,0,0.433378934860229
A024,A,1,NaN,NaN,NaN,0,0,0.391154050827026
A024,A,1,NaN,NaN,NaN,0,0,0.373848915100098
A024,A,1,NaN,NaN,NaN,0,0,0.341631889343262
A024,A,1,NaN,NaN,NaN,0,0,0.422889947891235
A024,A,1,NaN,NaN,NaN,0,0,0.335515022277832
A024,A,NaN,1,0,NaN,NaN,0,NaN
A024,A,1,NaN,NaN,NaN,0,0,0.318331956863403
A024,A,1,NaN,NaN,NaN,0,0,0.30986499786377
A024,A,1,NaN,NaN,NaN,0,0,0.334511041641235
A024,A,1,NaN,NaN,NaN,0,0,0.518835067749023
A024,A,1,NaN,NaN,NaN,0,0,0.454889059066772
A024,A,1,NaN,NaN,NaN,0,0,0.472000122070312
A024,A,1,NaN,NaN,NaN,0,0,0.514091014862061
A024,A,NaN,1,0,NaN,NaN,0,NaN
A024,A,1,NaN,NaN,NaN,0,0,0.307447195053101
A024,A,1,NaN,NaN,NaN,0,0,0.348663091659546
A024,A,1,NaN,NaN,NaN,0,0,0.338839769363403
A024,A,1,NaN,NaN,NaN,0,0,0.342283010482788
A024,A,1,NaN,NaN,NaN,0,0,0.378798961639404
A024,A,1,NaN,NaN,NaN,0,0,0.370623111724854
A024,A,1,NaN,NaN,NaN,0,0,0.379095792770386
A024,A,1,NaN,NaN,NaN,0,0,0.354948997497559
A024,A,1,NaN,NaN,NaN,0,0,0.345103979110718
A024,A,1,NaN,NaN,NaN,0,0,0.375821113586426
A024,A,NaN,0,1,NaN,NaN,0,NaN
A024,A,1,NaN,NaN,NaN,0,0,0.338806867599487
A024,A,1,NaN,NaN,NaN,0,0,0.375771045684814
A024,A,1,NaN,NaN,NaN,0,0,0.36767315864563
A024,A,1,NaN,NaN,NaN,0,0,0.341476917266846
A024,A,1,NaN,NaN,NaN,0,0,0.277893781661987
A024,A,1,NaN,NaN,NaN,0,0,0.281934976577759
A024,A,1,NaN,NaN,NaN,0,0,0.25321888923645
A024,A,1,NaN,NaN,NaN,0,0,0.374437093734741
A024,A,NaN,1,0,NaN,NaN,0,NaN
A024,A,1,NaN,NaN,NaN,0,0,0.331411838531494
A024,A,1,NaN,NaN,NaN,0,0,0.328478097915649
A024,A,1,NaN,NaN,NaN,0,0,0.298602819442749
A024,A,1,NaN,NaN,NaN,0,0,0.219379901885986
A024,A,1,NaN,NaN,NaN,0,0,0.365007877349854
A024,A,1,NaN,NaN,NaN,0,0,0.349902868270874
A024,A,1,NaN,NaN,NaN,0,0,0.306934833526611
A024,A,1,NaN,NaN,NaN,0,0,0.456989049911499
A024,A,NaN,1,0,NaN,NaN,0,NaN
A024,A,1,NaN,NaN,NaN,0,0,0.354538917541504
A024,A,1,NaN,NaN,NaN,0,0,0.279314041137695
A024,A,1,NaN,NaN,NaN,0,0,0.322957992553711
A024,A,1,NaN,NaN,NaN,0,0,0.345666885375977
A024,A,1,NaN,NaN,NaN,0,0,0.318099975585938
A024,A,1,NaN,NaN,NaN,0,0,0.610244035720825
A024,A,1,NaN,NaN,NaN,0,0,0.432715892791748
A024,A,1,NaN,NaN,NaN,0,0,0.341434001922607
A024,A,1,NaN,NaN,NaN,0,0,0.302832841873169
A024,A,1,NaN,NaN,NaN,0,0,0.342602968215942
A024,A,NaN,0,1,NaN,NaN,0,NaN
A024,A,1,NaN,NaN,NaN,0,0,0.346349954605103
A024,A,1,NaN,NaN,NaN,0,0,0.309669017791748
A024,A,1,NaN,NaN,NaN,0,0,0.322165012359619
A024,A,1,NaN,NaN,NaN,0,0,0.342800140380859
A024,A,1,NaN,NaN,NaN,0,0,0.394994974136353
A024,A,1,NaN,NaN,NaN,0,0,0.308182954788208
A024,A,1,NaN,NaN,NaN,0,0,0.3575279712677
A024,A,1,NaN,NaN,NaN,0,0,0.323602914810181
A024,A,NaN,1,0,NaN,NaN,0,NaN
A024,A,1,NaN,NaN,NaN,0,0,0.330307006835938
A024,A,1,NaN,NaN,NaN,0,0,0.276946067810059
A024,A,1,NaN,NaN,NaN,0,0,0.211890935897827
A024,A,1,NaN,NaN,NaN,0,0,0.393929004669189
A024,A,NaN,1,0,NaN,NaN,0,NaN
A024,A,1,NaN,NaN,NaN,0,0,0.318725109100342
A024,A,1,NaN,NaN,NaN,0,0,0.347907066345215
A024,A,1,NaN,NaN,NaN,0,0,0.37407112121582
A024,A,1,NaN,NaN,NaN,0,0,0.342590093612671
A024,A,1,NaN,NaN,NaN,0,0,0.396234035491943
A024,A,1,NaN,NaN,NaN,0,0,0.371116876602173
A024,A,1,NaN,NaN,NaN,0,0,0.374881029129028
A024,A,1,NaN,NaN,NaN,0,0,0.396692991256714
A024,A,1,NaN,NaN,NaN,0,0,0.465072154998779
A024,A,NaN,1,0,NaN,NaN,0,NaN
A024,A,1,NaN,NaN,NaN,0,0,0.378695011138916
A024,A,1,NaN,NaN,NaN,0,0,0.355001211166382
A024,A,1,NaN,NaN,NaN,0,0,0.475950002670288
A024,A,1,NaN,NaN,NaN,0,0,0.41731595993042
A024,A,1,NaN,NaN,NaN,0,0,0.381485939025879
A024,A,1,NaN,NaN,NaN,0,0,0.363986015319824
A024,A,1,NaN,NaN,NaN,0,0,0.349116802215576
A024,A,1,NaN,NaN,NaN,0,0,0.442996978759766
A024,A,NaN,1,0,NaN,NaN,0,NaN
A024,A,1,NaN,NaN,NaN,0,0,0.334966897964478
A024,A,1,NaN,NaN,NaN,0,0,0.338413000106812
A024,A,1,NaN,NaN,NaN,0,0,0.317633152008057
A024,A,1,NaN,NaN,NaN,0,0,0.360069990158081
A024,A,1,NaN,NaN,NaN,0,0,0.288944959640503
A024,A,1,NaN,NaN,NaN,0,0,0.306504964828491
A024,A,1,NaN,NaN,NaN,0,0,0.350251913070679
A024,A,1,NaN,NaN,NaN,0,0,0.245707988739014
A024,A,1,NaN,NaN,NaN,0,0,0.502310991287231
A024,A,NaN,1,0,NaN,NaN,0,NaN
A024,A,1,NaN,NaN,NaN,0,0,0.294201850891113
A024,A,1,NaN,NaN,NaN,0,0,0.335547924041748
A024,A,1,NaN,NaN,NaN,0,0,0.328919172286987
A024,A,1,NaN,NaN,NaN,0,0,0.322235107421875
A024,A,1,NaN,NaN,NaN,0,0,0.351037979125977
A024,A,1,NaN,NaN,NaN,0,0,0.559441089630127
A024,A,1,NaN,NaN,NaN,0,0,0.369323015213013
A024,A,1,NaN,NaN,NaN,0,0,0.359833002090454
A024,A,1,NaN,NaN,NaN,0,0,0.325649976730347
A024,A,NaN,1,0,NaN,NaN,0,NaN
A024,A,1,NaN,NaN,NaN,0,0,0.32073187828064
A024,A,1,NaN,NaN,NaN,0,0,0.283888101577759
A024,A,1,NaN,NaN,NaN,0,0,0.329297065734863
A024,A,1,NaN,NaN,NaN,0,0,0.379142999649048
A024,A,1,NaN,NaN,NaN,0,0,0.336125135421753
A024,A,1,NaN,NaN,NaN,0,0,0.420166969299316
A024,A,NaN,1,0,NaN,NaN,0,NaN
A024,A,1,NaN,NaN,NaN,0,0,0.317050933837891
A024,A,1,NaN,NaN,NaN,0,0,0.349679946899414
A024,A,1,NaN,NaN,NaN,0,0,0.399467945098877
A024,A,1,NaN,NaN,NaN,0,0,0.399765968322754
A024,A,1,NaN,NaN,NaN,0,0,0.372243881225586
A024,A,1,NaN,NaN,NaN,0,0,0.384405136108398
A024,A,1,NaN,NaN,NaN,0,0,0.375456094741821
A024,A,1,NaN,NaN,NaN,0,0,0.319334030151367
A024,A,1,NaN,NaN,NaN,0,0,0.351501941680908
A024,A,1,NaN,NaN,NaN,0,0,0.353266954421997
A024,A,1,NaN,NaN,NaN,0,0,0.384577035903931
A024,A,1,NaN,NaN,NaN,0,0,0.361012935638428
A024,A,NaN,1,0,NaN,NaN,0,NaN
A024,A,1,NaN,NaN,NaN,0,0,0.378139019012451
A024,A,1,NaN,NaN,NaN,0,0,0.371877193450928
A024,A,1,NaN,NaN,NaN,0,0,0.303355932235718
A024,A,NaN,0,1,NaN,NaN,0,NaN
A024,A,1,NaN,NaN,NaN,0,0,0.426510095596313
A024,A,1,NaN,NaN,NaN,0,0,0.347280025482178
A024,A,1,NaN,NaN,NaN,0,0,0.31747579574585
A024,A,1,NaN,NaN,NaN,0,0,0.352989912033081
A024,A,1,NaN,NaN,NaN,0,0,0.361188173294067
A024,A,1,NaN,NaN,NaN,0,0,0.445968866348267
A024,A,1,NaN,NaN,NaN,0,0,0.380401134490967
A024,A,1,NaN,NaN,NaN,0,0,0.385337829589844
A024,A,1,NaN,NaN,NaN,0,0,0.378103017807007
A024,A,1,NaN,NaN,NaN,0,0,0.382328033447266
A024,A,NaN,1,0,NaN,NaN,0,NaN
A024,A,1,NaN,NaN,NaN,0,0,0.309545993804932
A024,A,1,NaN,NaN,NaN,0,0,0.338124990463257
A024,A,1,NaN,NaN,NaN,0,0,0.39353084564209
A024,A,1,NaN,NaN,NaN,0,0,0.370274066925049
A024,A,1,NaN,NaN,NaN,0,0,0.457462072372437
A024,A,1,NaN,NaN,NaN,0,0,0.389620065689087
A024,A,1,NaN,NaN,NaN,0,0,0.374547004699707
A024,A,1,NaN,NaN,NaN,0,0,0.39506196975708
A024,A,NaN,1,0,NaN,NaN,0,NaN
A024,A,1,NaN,NaN,NaN,0,0,0.408375978469849
A024,A,1,NaN,NaN,NaN,0,0,0.388570070266724
A024,A,1,NaN,NaN,NaN,0,0,0.350705862045288
A024,A,1,NaN,NaN,NaN,0,0,0.405292987823486
A024,A,1,NaN,NaN,NaN,0,0,0.437381982803345
A024,A,1,NaN,NaN,NaN,0,0,0.494197130203247
A024,A,1,NaN,NaN,NaN,0,0,0.661494016647339
A024,A,NaN,1,0,NaN,NaN,0,NaN
A024,A,1,NaN,NaN,NaN,0,0,0.41436505317688
A024,A,1,NaN,NaN,NaN,0,0,0.45705509185791
A024,A,1,NaN,NaN,NaN,0,0,0.419624090194702
A024,A,1,NaN,NaN,NaN,0,0,0.352560997009277
A024,A,1,NaN,NaN,NaN,0,0,0.357644081115723
A024,A,1,NaN,NaN,NaN,0,0,0.405709981918335
A024,A,1,NaN,NaN,NaN,0,0,0.370698928833008
A024,A,1,NaN,NaN,NaN,0,0,0.33569598197937
A024,A,1,NaN,NaN,NaN,0,0,0.345274925231934
A024,A,1,NaN,NaN,NaN,0,0,0.382223129272461
A024,A,1,NaN,NaN,NaN,0,0,0.377067089080811
A024,A,NaN,1,0,NaN,NaN,0,NaN
A024,A,1,NaN,NaN,NaN,0,0,0.298889875411987
A024,A,1,NaN,NaN,NaN,0,0,0.280205965042114
A024,A,1,NaN,NaN,NaN,0,0,0.295087099075317
A024,A,1,NaN,NaN,NaN,0,0,0.277439832687378
A024,A,1,NaN,NaN,NaN,0,0,0.302833795547485
A024,A,1,NaN,NaN,NaN,0,0,0.311822175979614
A024,A,1,NaN,NaN,NaN,0,0,0.403312921524048
A024,A,1,NaN,NaN,NaN,0,0,0.390805959701538
A024,A,NaN,1,0,NaN,NaN,0,NaN
A024,A,1,NaN,NaN,NaN,0,0,0.446239948272705
A024,A,1,NaN,NaN,NaN,0,0,0.352205038070679
A024,A,1,NaN,NaN,NaN,0,0,0.350986957550049
A024,A,1,NaN,NaN,NaN,0,0,0.349770069122314
A024,A,1,NaN,NaN,NaN,0,0,0.398688077926636
A024,A,NaN,1,0,NaN,NaN,0,NaN
A024,A,1,NaN,NaN,NaN,0,0,0.318501949310303
A024,A,1,NaN,NaN,NaN,0,0,0.315497875213623
A024,A,1,NaN,NaN,NaN,0,0,0.364696025848389
A024,A,1,NaN,NaN,NaN,0,0,0.351576089859009
A024,A,1,NaN,NaN,NaN,0,0,0.324073076248169
A024,A,1,NaN,NaN,NaN,0,0,0.326765060424805
A024,A,1,NaN,NaN,NaN,0,0,0.391546010971069
A024,A,1,NaN,NaN,NaN,0,0,0.415347814559937
A024,A,1,NaN,NaN,NaN,0,0,0.385022878646851
A024,A,1,NaN,NaN,NaN,0,0,0.582431077957153
A024,A,1,NaN,NaN,NaN,0,0,0.330506086349487
A024,A,1,NaN,NaN,NaN,0,0,0.352587938308716
A024,A,NaN,1,0,NaN,NaN,0,NaN
A024,A,1,NaN,NaN,NaN,0,0,0.333884954452515
A024,A,1,NaN,NaN,NaN,0,0,0.316812038421631
A024,A,1,NaN,NaN,NaN,0,0,0.34578800201416
A024,A,1,NaN,NaN,NaN,0,0,0.374716997146606
A024,A,1,NaN,NaN,NaN,0,0,0.339805841445923
A024,A,1,NaN,NaN,NaN,0,0,0.350559949874878
A024,A,NaN,0,1,NaN,NaN,0,NaN
A024,A,1,NaN,NaN,NaN,0,0,0.372416019439697
A024,A,1,NaN,NaN,NaN,0,0,0.431168079376221
A024,A,1,NaN,NaN,NaN,0,0,0.403566122055054
A024,A,1,NaN,NaN,NaN,0,0,0.303185939788818
A024,A,1,NaN,NaN,NaN,0,0,0.277559041976929
A024,A,1,NaN,NaN,NaN,0,0,0.338356971740723
A024,A,1,NaN,NaN,NaN,0,0,0.332589149475098
A024,A,1,NaN,NaN,NaN,0,0,0.398218870162964
A024,A,1,NaN,NaN,NaN,0,0,0.381826162338257
A024,A,1,NaN,NaN,NaN,0,0,0.378118991851807
A024,A,NaN,1,0,NaN,NaN,0,NaN
A024,A,1,NaN,NaN,NaN,0,0,0.299993991851807
A024,A,1,NaN,NaN,NaN,0,0,0.350261926651001
A024,A,1,NaN,NaN,NaN,0,0,0.351201057434082
A024,A,NaN,1,0,NaN,NaN,0,NaN
A024,A,1,NaN,NaN,NaN,0,0,0.423342943191528
A024,A,1,NaN,NaN,NaN,0,0,0.336464881896973
A024,A,1,NaN,NaN,NaN,0,0,0.376348972320557
A024,A,1,NaN,NaN,NaN,0,0,0.375082969665527
A024,A,1,NaN,NaN,NaN,0,0,0.343786001205444
A024,A,1,NaN,NaN,NaN,0,0,0.302578926086426
A024,A,1,NaN,NaN,NaN,0,0,0.301733016967773
A024,A,1,NaN,NaN,NaN,0,0,0.331461906433105
A024,A,1,NaN,NaN,NaN,0,0,0.384033918380737
A024,A,1,NaN,NaN,NaN,0,0,0.41687798500061
A024,A,1,NaN,NaN,NaN,0,0,0.373945951461792
A024,A,NaN,1,0,NaN,NaN,0,NaN
A024,A,1,NaN,NaN,NaN,0,0,0.343424081802368
A024,A,1,NaN,NaN,NaN,0,0,0.347919225692749
A024,A,1,NaN,NaN,NaN,0,0,0.379805088043213
A024,A,1,NaN,NaN,NaN,0,0,0.401453018188477
A024,A,1,NaN,NaN,NaN,0,0,0.31794810295105
A024,A,1,NaN,NaN,NaN,0,0,0.336197137832642
A024,A,1,NaN,NaN,NaN,0,0,0.406844854354858
A024,A,1,NaN,NaN,NaN,0,0,0.361265897750854
A024,A,NaN,1,0,NaN,NaN,0,NaN
A024,A,1,NaN,NaN,NaN,0,0,0.583529949188232
A024,A,1,NaN,NaN,NaN,0,0,0.332545042037964
A024,A,1,NaN,NaN,NaN,0,0,0.306933879852295
A024,A,1,NaN,NaN,NaN,0,0,0.349257946014404
A024,A,1,NaN,NaN,NaN,0,0,0.360802888870239
A024,A,1,NaN,NaN,NaN,0,0,0.324599981307983
A024,A,1,NaN,NaN,NaN,0,0,0.301831007003784
A024,A,1,NaN,NaN,NaN,0,0,0.31379508972168
A024,A,NaN,0,1,NaN,NaN,0,NaN
A024,A,1,NaN,NaN,NaN,0,0,0.548325061798096
A024,A,1,NaN,NaN,NaN,0,0,0.313333034515381
A024,A,1,NaN,NaN,NaN,0,0,0.338524103164673
A024,A,1,NaN,NaN,NaN,0,0,0.347872972488403
A024,A,1,NaN,NaN,NaN,0,0,0.344498872756958
A024,A,1,NaN,NaN,NaN,0,0,0.349127054214478
A024,A,1,NaN,NaN,NaN,0,0,0.425678968429565
A024,A,1,NaN,NaN,NaN,0,0,0.447585821151733
A024,A,1,NaN,NaN,NaN,0,0,0.44171404838562
A024,A,1,NaN,NaN,NaN,0,0,0.430341005325317
A024,A,1,NaN,NaN,NaN,0,0,0.440958023071289
A024,A,NaN,1,0,NaN,NaN,0,NaN
A024,A,1,NaN,NaN,NaN,0,0,0.326379060745239
A024,A,1,NaN,NaN,NaN,0,0,0.347398996353149
A024,A,1,NaN,NaN,NaN,0,0,0.336474895477295
A024,A,1,NaN,NaN,NaN,0,0,0.322911977767944
A024,A,1,NaN,NaN,NaN,0,0,0.281558990478516
A024,A,1,NaN,NaN,NaN,0,0,0.26661491394043
A024,A,NaN,1,0,NaN,NaN,0,NaN
A024,A,1,NaN,NaN,NaN,0,0,0.350506067276001
A024,A,1,NaN,NaN,NaN,0,0,0.305408954620361
A024,A,1,NaN,NaN,NaN,0,0,0.310155153274536
A024,A,1,NaN,NaN,NaN,0,0,0.343524932861328
A024,A,1,NaN,NaN,NaN,0,0,0.32880687713623
A024,A,1,NaN,NaN,NaN,0,0,0.503740787506104
A024,A,1,NaN,NaN,NaN,0,0,0.364231109619141
A024,A,1,NaN,NaN,NaN,0,0,0.323133945465088
A024,A,1,NaN,NaN,NaN,0,0,0.366323947906494
A024,A,NaN,1,0,NaN,NaN,0,NaN
A024,A,1,NaN,NaN,NaN,0,0,0.338840961456299
A024,A,1,NaN,NaN,NaN,0,0,0.320374965667725
A024,A,1,NaN,NaN,NaN,0,0,0.401554107666016
A024,A,1,NaN,NaN,NaN,0,0,0.324128150939941
A024,A,NaN,1,0,NaN,NaN,0,NaN
A024,A,1,NaN,NaN,NaN,0,0,0.449131011962891
A024,A,1,NaN,NaN,NaN,0,0,0.318614959716797
A024,A,1,NaN,NaN,NaN,0,0,0.343398094177246
A024,A,1,NaN,NaN,NaN,0,0,0.368008852005005
A024,A,1,NaN,NaN,NaN,0,0,0.322371959686279
A024,A,1,NaN,NaN,NaN,0,0,0.331000089645386
A024,A,1,NaN,NaN,NaN,0,0,0.350683927536011
A024,A,1,NaN,NaN,NaN,0,0,0.383389949798584
A024,A,1,NaN,NaN,NaN,0,0,0.409680128097534
A024,A,1,NaN,NaN,NaN,0,0,0.364238977432251
A024,A,1,NaN,NaN,NaN,0,0,0.361929893493652
A024,A,1,NaN,NaN,NaN,0,0,0.371275186538696
A024,A,1,NaN,NaN,NaN,0,0,0.334598064422607
A024,A,NaN,1,0,NaN,NaN,0,NaN
A024,A,1,NaN,NaN,NaN,0,0,0.571722030639648
A024,A,1,NaN,NaN,NaN,0,0,0.349476099014282
A024,A,1,NaN,NaN,NaN,0,0,0.354604005813599
A024,A,NaN,0,1,NaN,NaN,0,NaN
A024,A,1,NaN,NaN,NaN,0,0,0.472404003143311
A024,A,1,NaN,NaN,NaN,0,0,0.419044017791748
A024,A,1,NaN,NaN,NaN,0,0,0.398691892623901
A024,A,1,NaN,NaN,NaN,0,0,0.335513830184937
A024,A,1,NaN,NaN,NaN,0,0,0.388286113739014
A024,A,1,NaN,NaN,NaN,0,0,0.334194183349609
A024,A,1,NaN,NaN,NaN,0,0,0.319150924682617
A024,A,1,NaN,NaN,NaN,0,0,0.310667991638184
A024,A,NaN,0,1,NaN,NaN,0,NaN
A024,A,1,NaN,NaN,NaN,0,0,0.752569913864136
A024,A,1,NaN,NaN,NaN,0,0,0.35798192024231
A024,A,1,NaN,NaN,NaN,0,0,0.436444044113159
A024,A,1,NaN,NaN,NaN,0,0,0.45281982421875
A024,A,1,NaN,NaN,NaN,0,0,0.421187877655029
A024,A,1,NaN,NaN,NaN,0,0,0.408812999725342
A024,A,1,NaN,NaN,NaN,0,0,0.416248798370361
A024,A,1,NaN,NaN,NaN,0,0,0.442087173461914
A024,A,1,NaN,NaN,NaN,0,0,0.382893800735474
A024,A,NaN,1,0,NaN,NaN,0,NaN
A024,A,1,NaN,NaN,NaN,0,0,0.363734006881714
A024,A,1,NaN,NaN,NaN,0,0,0.432907819747925
A024,A,1,NaN,NaN,NaN,0,0,0.41567587852478
A024,A,1,NaN,NaN,NaN,0,0,0.392982006072998
A024,A,1,NaN,NaN,NaN,0,0,0.351979970932007
A024,A,1,NaN,NaN,NaN,0,0,0.357024908065796
A024,A,1,NaN,NaN,NaN,0,0,0.358628988265991
A024,A,1,NaN,NaN,NaN,0,0,0.353774070739746
A024,A,1,NaN,NaN,NaN,0,0,0.342969179153442
A024,A,NaN,1,0,NaN,NaN,0,NaN
A024,A,1,NaN,NaN,NaN,0,0,0.3419349193573
A024,A,1,NaN,NaN,NaN,0,0,0.291223049163818
A024,A,1,NaN,NaN,NaN,0,0,0.308333158493042
A024,A,1,NaN,NaN,NaN,0,0,0.321180105209351
A024,A,1,NaN,NaN,NaN,0,0,0.372916221618652
A024,A,1,NaN,NaN,NaN,0,0,0.302894830703735
A024,A,1,NaN,NaN,NaN,0,0,0.356755018234253
A024,A,1,NaN,NaN,NaN,0,0,0.220356941223145
A024,A,NaN,0,1,NaN,NaN,0,NaN
A024,A,1,NaN,NaN,NaN,0,0,0.494615077972412
A024,A,1,NaN,NaN,NaN,0,0,0.320449829101562
A024,A,1,NaN,NaN,NaN,0,0,0.34082293510437
A024,A,1,NaN,NaN,NaN,0,0,0.22881293296814
A024,A,1,NaN,NaN,NaN,0,0,0.355185031890869
A024,A,1,NaN,NaN,NaN,0,0,0.903203964233398
A024,A,NaN,1,0,NaN,NaN,0,NaN
A024,A,1,NaN,NaN,NaN,0,0,0.336054801940918
A024,A,1,NaN,NaN,NaN,0,0,0.33994197845459
A024,A,1,NaN,NaN,NaN,0,0,0.381458044052124
A024,A,1,NaN,NaN,NaN,0,0,0.361983060836792
A024,A,1,NaN,NaN,NaN,0,0,0.375942945480347
A024,A,1,NaN,NaN,NaN,0,0,0.401803016662598
A024,A,1,NaN,NaN,NaN,0,0,0.403396129608154
A024,A,1,NaN,NaN,NaN,0,0,0.405553102493286
A024,A,1,NaN,NaN,NaN,0,0,0.356575965881348
A024,A,1,NaN,NaN,NaN,0,0,0.369837999343872
A024,A,1,NaN,NaN,NaN,0,0,0.297960996627808
A024,A,NaN,0,1,NaN,NaN,0,NaN
A024,A,1,NaN,NaN,NaN,0,0,0.520503044128418
A024,A,1,NaN,NaN,NaN,0,0,0.337213039398193
A024,A,1,NaN,NaN,NaN,0,0,0.282887935638428
A024,A,1,NaN,NaN,NaN,0,0,0.320871114730835
A024,A,1,NaN,NaN,NaN,0,0,0.327923059463501
A024,A,NaN,1,0,NaN,NaN,0,NaN
A024,A,1,NaN,NaN,NaN,0,0,0.29284405708313
A024,A,1,NaN,NaN,NaN,0,0,0.274325132369995
A024,A,1,NaN,NaN,NaN,0,0,0.280156135559082
A024,A,1,NaN,NaN,NaN,0,0,0.267985105514526
A024,A,1,NaN,NaN,NaN,0,0,0.368221998214722
A024,A,1,NaN,NaN,NaN,0,0,0.304902076721191
A024,A,1,NaN,NaN,NaN,0,0,0.302618980407715
A024,A,1,NaN,NaN,NaN,0,0,0.411242961883545
A024,A,1,NaN,NaN,NaN,0,0,0.396501064300537
A024,A,1,NaN,NaN,NaN,0,0,0.381561994552612
A024,A,1,NaN,NaN,NaN,0,0,0.47666597366333
A024,A,NaN,1,0,NaN,NaN,0,NaN
A024,A,1,NaN,NaN,NaN,0,0,0.340886831283569
A024,A,1,NaN,NaN,NaN,0,0,0.342115163803101
A024,A,1,NaN,NaN,NaN,0,0,0.324419975280762
A024,A,1,NaN,NaN,NaN,0,0,0.303201913833618
A024,A,1,NaN,NaN,NaN,0,0,0.279530048370361
A024,A,1,NaN,NaN,NaN,0,0,0.301017999649048
A024,A,1,NaN,NaN,NaN,0,0,0.38805103302002
A024,A,NaN,0,1,NaN,NaN,0,NaN
A024,A,1,NaN,NaN,NaN,0,0,0.350749969482422
A024,A,1,NaN,NaN,NaN,0,0,0.267857789993286
A024,A,1,NaN,NaN,NaN,0,0,0.259900093078613
A024,A,1,NaN,NaN,NaN,0,0,0.270072937011719
A024,A,1,NaN,NaN,NaN,0,0,0.316939115524292
A024,A,1,NaN,NaN,NaN,0,0,0.262340068817139
A024,A,NaN,1,0,NaN,NaN,0,NaN
A024,A,1,NaN,NaN,NaN,0,0,0.330162048339844
A024,A,1,NaN,NaN,NaN,0,0,0.320637941360474
A024,A,1,NaN,NaN,NaN,0,0,0.291615009307861
A024,A,1,NaN,NaN,NaN,0,0,0.247131109237671
A024,A,1,NaN,NaN,NaN,0,0,0.33185601234436
A024,A,1,NaN,NaN,NaN,0,0,0.359534025192261
A024,A,1,NaN,NaN,NaN,0,0,0.3768470287323
A024,A,1,NaN,NaN,NaN,0,0,0.380483865737915
A024,A,1,NaN,NaN,NaN,0,0,0.413748025894165
A024,A,1,NaN,NaN,NaN,0,0,0.378344058990479
A024,A,1,NaN,NaN,NaN,0,0,0.351001977920532
A024,A,1,NaN,NaN,NaN,0,0,0.416540861129761
A024,A,NaN,1,0,NaN,NaN,0,NaN
A024,A,1,NaN,NaN,NaN,0,0,0.349617004394531
A024,A,1,NaN,NaN,NaN,0,0,0.354365110397339
A024,A,1,NaN,NaN,NaN,0,0,0.360830068588257
A024,A,1,NaN,NaN,NaN,0,0,0.276961088180542
A024,A,1,NaN,NaN,NaN,0,0,0.397666931152344
A024,A,NaN,1,0,NaN,NaN,0,NaN
A024,A,1,NaN,NaN,NaN,0,0,0.367810964584351
A024,A,1,NaN,NaN,NaN,0,0,0.368432998657227
A024,A,1,NaN,NaN,NaN,0,0,0.566090106964111
A024,A,1,NaN,NaN,NaN,0,0,0.553205013275146
A024,A,1,NaN,NaN,NaN,0,0,0.442473888397217
A024,A,1,NaN,NaN,NaN,0,0,0.499141931533813
A024,A,1,NaN,NaN,NaN,0,0,0.899525165557861
A024,A,1,NaN,NaN,NaN,0,0,0.507891178131104
A024,A,1,NaN,NaN,NaN,0,0,0.508764982223511
A024,A,1,NaN,NaN,NaN,0,0,0.415442943572998
A024,A,1,NaN,NaN,NaN,0,0,0.395445108413696
A024,A,1,NaN,NaN,NaN,0,0,0.400473117828369
A024,A,NaN,1,0,NaN,NaN,0,NaN
A024,A,1,NaN,NaN,NaN,0,0,0.32710599899292
A024,A,1,NaN,NaN,NaN,0,0,0.333789110183716
A024,A,1,NaN,NaN,NaN,0,0,0.395452976226807
A024,A,1,NaN,NaN,NaN,0,0,0.429813146591187
A024,A,1,NaN,NaN,NaN,0,0,0.356783866882324
A024,A,NaN,1,0,NaN,NaN,0,NaN
A024,A,1,NaN,NaN,NaN,0,0,0.348470211029053
A024,A,1,NaN,NaN,NaN,0,0,0.317870140075684
A024,A,1,NaN,NaN,NaN,0,0,0.479995012283325
A024,A,1,NaN,NaN,NaN,0,0,0.472307920455933
A024,A,1,NaN,NaN,NaN,0,0,0.460969924926758
A024,A,1,NaN,NaN,NaN,0,0,0.467751979827881
A024,A,1,NaN,NaN,NaN,0,0,0.600353956222534
A024,A,NaN,1,0,NaN,NaN,0,NaN
A024,A,1,NaN,NaN,NaN,0,0,0.342770099639893
A024,A,1,NaN,NaN,NaN,0,0,0.362967014312744
A024,A,1,NaN,NaN,NaN,0,0,0.497648000717163
A024,A,1,NaN,NaN,NaN,0,0,0.451866149902344
A024,A,1,NaN,NaN,NaN,0,0,0.378438949584961
A024,A,1,NaN,NaN,NaN,0,0,0.371626138687134
A024,A,1,NaN,NaN,NaN,0,0,0.381623983383179
A024,A,NaN,1,0,NaN,NaN,0,NaN
A024,A,1,NaN,NaN,NaN,0,0,0.356523990631104
A024,A,1,NaN,NaN,NaN,0,0,0.30459189414978
A024,A,1,NaN,NaN,NaN,0,0,0.3907470703125
A024,A,1,NaN,NaN,NaN,0,0,0.310349941253662
A024,A,1,NaN,NaN,NaN,0,0,0.382117986679077
A024,A,1,NaN,NaN,NaN,0,0,0.421685934066772
A024,A,1,NaN,NaN,NaN,0,0,0.419862985610962
A024,A,1,NaN,NaN,NaN,0,0,0.371011018753052
A024,A,NaN,1,0,NaN,NaN,0,NaN
A024,A,1,NaN,NaN,NaN,0,0,0.324974060058594
A024,A,1,NaN,NaN,NaN,0,0,0.299536943435669
A024,A,1,NaN,NaN,NaN,0,0,0.313169956207275
A024,A,1,NaN,NaN,NaN,0,0,0.363871812820435
A024,A,1,NaN,NaN,NaN,0,0,0.346013069152832
A024,A,1,NaN,NaN,NaN,0,0,0.471987009048462
A024,A,1,NaN,NaN,NaN,0,0,0.367839097976685
A024,A,1,NaN,NaN,NaN,0,0,0.396317005157471
A024,A,1,NaN,NaN,NaN,0,0,0.25666618347168
A024,A,NaN,0,1,NaN,NaN,0,NaN
A024,A,1,NaN,NaN,NaN,0,0,0.452455997467041
A024,A,1,NaN,NaN,NaN,0,0,0.330493927001953
A024,A,1,NaN,NaN,NaN,0,0,0.270853996276855
A024,A,1,NaN,NaN,NaN,0,0,0.345161914825439
A024,A,1,NaN,NaN,NaN,0,0,0.36247706413269
A024,A,1,NaN,NaN,NaN,0,0,0.371050834655762
A024,A,1,NaN,NaN,NaN,0,0,0.356375932693481
A024,A,NaN,0,1,NaN,NaN,0,NaN
A024,A,1,NaN,NaN,NaN,0,0,0.771231889724731
A024,A,1,NaN,NaN,NaN,0,0,0.299949884414673
A024,A,1,NaN,NaN,NaN,0,0,0.401417970657349
A024,A,1,NaN,NaN,NaN,0,0,0.354336023330688
A024,A,1,NaN,NaN,NaN,0,0,0.375550985336304
A024,A,1,NaN,NaN,NaN,0,0,0.404446125030518
A024,A,1,NaN,NaN,NaN,0,0,0.376398086547852
A024,A,1,NaN,NaN,NaN,0,0,0.489264011383057
A024,A,1,NaN,NaN,NaN,0,0,0.394009828567505
A024,A,1,NaN,NaN,NaN,0,0,0.364748001098633
A024,A,1,NaN,NaN,NaN,0,0,0.369805097579956
A024,A,1,NaN,NaN,NaN,0,0,0.577142000198364
A024,A,NaN,1,0,NaN,NaN,0,NaN
A024,A,1,NaN,NaN,NaN,0,0,0.444002151489258
A024,A,1,NaN,NaN,NaN,0,0,0.319867134094238
A024,A,1,NaN,NaN,NaN,0,0,0.331606149673462
A024,A,1,NaN,NaN,NaN,0,0,0.3333740234375
A024,A,1,NaN,NaN,NaN,0,0,0.310926914215088
A024,A,1,NaN,NaN,NaN,0,0,0.351826906204224
A024,A,NaN,1,0,NaN,NaN,0,NaN
A024,A,1,NaN,NaN,NaN,0,0,0.336822032928467
A024,A,1,NaN,NaN,NaN,0,0,0.317577838897705
A024,A,1,NaN,NaN,NaN,0,0,0.343801021575928
A024,A,1,NaN,NaN,NaN,0,0,0.364841938018799
A024,A,1,NaN,NaN,NaN,0,0,0.410243034362793
A024,A,NaN,0,1,NaN,NaN,0,NaN
A024,A,1,NaN,NaN,NaN,0,0,0.533774137496948
A024,A,1,NaN,NaN,NaN,0,0,0.308226108551025
A024,A,1,NaN,NaN,NaN,0,0,0.329096078872681
A024,A,1,NaN,NaN,NaN,0,0,0.349709987640381
A024,A,1,NaN,NaN,NaN,0,0,0.375325918197632
A024,A,1,NaN,NaN,NaN,0,0,0.344060897827148
A024,A,1,NaN,NaN,NaN,0,0,0.392635107040405
A024,A,1,NaN,NaN,NaN,0,0,0.376994132995605
A024,A,1,NaN,NaN,NaN,0,0,0.367844104766846
A024,A,1,NaN,NaN,NaN,0,0,0.327847957611084
A024,A,1,NaN,NaN,NaN,0,0,0.336889028549194
A024,A,1,NaN,NaN,NaN,0,0,0.349098920822144
A024,A,1,NaN,NaN,NaN,0,0,0.330126047134399
A024,A,NaN,1,0,NaN,NaN,0,NaN
A024,A,1,NaN,NaN,NaN,0,0,0.32368803024292
A024,A,1,NaN,NaN,NaN,0,0,0.305301904678345
A024,A,1,NaN,NaN,NaN,0,0,0.292786836624146
A024,A,1,NaN,NaN,NaN,0,0,0.308155059814453
A024,A,1,NaN,NaN,NaN,0,0,0.370641946792603
A024,A,1,NaN,NaN,NaN,0,0,0.422482013702393
A024,A,1,NaN,NaN,NaN,0,0,0.448785781860352
A024,A,NaN,1,0,NaN,NaN,0,NaN
A024,A,1,NaN,NaN,NaN,0,0,0.355019092559814
A024,A,1,NaN,NaN,NaN,0,0,0.302329063415527
A024,A,1,NaN,NaN,NaN,0,0,0.343730926513672
A024,A,1,NaN,NaN,NaN,0,0,0.308516979217529
A024,A,1,NaN,NaN,NaN,0,0,0.31355094909668
A024,A,1,NaN,NaN,NaN,0,0,0.350543975830078
A024,A,1,NaN,NaN,NaN,0,0,0.544772148132324
A024,A,1,NaN,NaN,NaN,0,0,0.461746215820312
A024,A,1,NaN,NaN,NaN,0,0,0.41483211517334
A024,A,1,NaN,NaN,NaN,0,0,0.352564096450806
A024,A,NaN,0,1,NaN,NaN,0,NaN
A024,A,1,NaN,NaN,NaN,0,0,0.944460868835449
A024,A,1,NaN,NaN,NaN,0,0,0.513468027114868
A024,A,1,NaN,NaN,NaN,0,0,0.354320049285889
A024,A,NaN,1,0,NaN,NaN,0,NaN
A024,A,1,NaN,NaN,NaN,0,0,0.456177949905396
A024,A,1,NaN,NaN,NaN,0,0,0.376847982406616
A024,A,1,NaN,NaN,NaN,0,0,0.413157939910889
A024,A,1,NaN,NaN,NaN,0,0,0.377371072769165
A024,A,1,NaN,NaN,NaN,0,0,0.46785306930542
A024,A,1,NaN,NaN,NaN,0,0,0.422432899475098
A024,A,1,NaN,NaN,NaN,0,0,0.410958051681519
A024,A,1,NaN,NaN,NaN,0,0,0.493506908416748
A024,A,1,NaN,NaN,NaN,0,0,0.341628074645996
A024,A,1,NaN,NaN,NaN,0,0,0.448828935623169
A024,A,1,NaN,NaN,NaN,0,0,0.294990062713623
A024,A,NaN,1,0,NaN,NaN,0,NaN
A024,A,1,NaN,NaN,NaN,0,0,0.363217115402222
A024,A,1,NaN,NaN,NaN,0,0,0.487629175186157
A024,A,1,NaN,NaN,NaN,0,0,0.449954032897949
A024,A,1,NaN,NaN,NaN,0,0,0.626155853271484
A024,A,1,NaN,NaN,NaN,0,0,0.52394700050354
A024,A,1,NaN,NaN,NaN,0,0,0.388202905654907
A024,A,1,NaN,NaN,NaN,0,0,0.36857795715332
A024,A,1,NaN,NaN,NaN,0,0,0.33950400352478
A024,A,NaN,1,0,NaN,NaN,0,NaN
A024,A,1,NaN,NaN,NaN,0,0,0.3661789894104
A024,A,1,NaN,NaN,NaN,0,0,0.296507120132446
A024,A,1,NaN,NaN,NaN,0,0,0.333560943603516
A024,A,1,NaN,NaN,NaN,0,0,0.299036979675293
A024,A,1,NaN,NaN,NaN,0,0,0.354811191558838
A024,A,NaN,1,0,NaN,NaN,0,NaN
A024,A,1,NaN,NaN,NaN,0,0,0.313760042190552
A024,A,1,NaN,NaN,NaN,0,0,0.346195220947266
A024,A,1,NaN,NaN,NaN,0,0,0.327051162719727
A024,A,1,NaN,NaN,NaN,0,0,0.485859155654907
A024,A,1,NaN,NaN,NaN,0,0,0.385229110717773
A024,A,1,NaN,NaN,NaN,0,0,0.346419095993042
A024,A,1,NaN,NaN,NaN,0,0,0.366138935089111
A024,A,1,NaN,NaN,NaN,0,0,0.403522968292236
A024,A,NaN,1,0,NaN,NaN,0,NaN
A024,A,1,NaN,NaN,NaN,0,0,0.414055824279785
A024,A,1,NaN,NaN,NaN,0,0,0.303565979003906
A024,A,1,NaN,NaN,NaN,0,0,0.346390008926392
A024,A,1,NaN,NaN,NaN,0,0,0.183635234832764
A024,A,1,NaN,NaN,NaN,0,0,0.334062099456787
A024,A,1,NaN,NaN,NaN,0,0,0.342344045639038
A024,A,1,NaN,NaN,NaN,0,0,0.295826196670532
A024,A,NaN,0,1,NaN,NaN,0,NaN
A024,A,1,NaN,NaN,NaN,0,0,0.421077966690063
A024,A,1,NaN,NaN,NaN,0,0,0.401196956634521
A024,A,1,NaN,NaN,NaN,0,0,0.380419969558716
A024,A,1,NaN,NaN,NaN,0,0,0.332267045974731
A024,A,1,NaN,NaN,NaN,0,0,0.300611972808838
A024,A,1,NaN,NaN,NaN,0,0,0.264414072036743
A024,A,1,NaN,NaN,NaN,0,0,0.335707902908325
A024,A,1,NaN,NaN,NaN,0,0,0.425206899642944
A024,A,1,NaN,NaN,NaN,0,0,0.493790149688721
A024,A,NaN,1,0,NaN,NaN,0,NaN
A024,A,1,NaN,NaN,NaN,0,0,0.466305017471313
A024,A,1,NaN,NaN,NaN,0,0,0.484441995620728
A024,A,1,NaN,NaN,NaN,0,0,0.500738859176636
A024,A,1,NaN,NaN,NaN,0,0,0.334827184677124
A024,A,1,NaN,NaN,NaN,0,0,0.320536851882935
A024,A,1,NaN,NaN,NaN,0,0,0.302438020706177
A024,A,1,NaN,NaN,NaN,0,0,0.372111082077026
A024,A,NaN,0,1,NaN,NaN,0,NaN
A024,A,1,NaN,NaN,NaN,0,0,0.379157066345215
A024,A,1,NaN,NaN,NaN,0,0,0.376682996749878
A024,A,1,NaN,NaN,NaN,0,0,0.361248016357422
A024,A,1,NaN,NaN,NaN,0,0,0.331043004989624
A024,A,NaN,0,1,NaN,NaN,0,NaN
A024,A,1,NaN,NaN,NaN,0,0,0.474799156188965
A024,A,1,NaN,NaN,NaN,0,0,0.463507890701294
A024,A,1,NaN,NaN,NaN,0,0,0.397172927856445
A024,A,1,NaN,NaN,NaN,0,0,0.40057897567749
A024,A,1,NaN,NaN,NaN,0,0,0.385295152664185
A024,A,1,NaN,NaN,NaN,0,0,0.349421977996826
A024,A,1,NaN,NaN,NaN,0,0,0.405595779418945
A024,A,1,NaN,NaN,NaN,0,0,0.458061933517456
A024,A,1,NaN,NaN,NaN,0,0,0.38720703125
A024,A,1,NaN,NaN,NaN,0,0,0.409842967987061
A024,A,1,NaN,NaN,NaN,0,0,0.360922813415527
A024,A,1,NaN,NaN,NaN,0,0,0.3232421875
A024,A,1,NaN,NaN,NaN,0,0,0.293362140655518
A024,A,NaN,1,0,NaN,NaN,0,NaN
A024,A,1,NaN,NaN,NaN,0,0,0.348594903945923
A024,A,1,NaN,NaN,NaN,0,0,0.285207033157349
A024,A,1,NaN,NaN,NaN,0,0,0.329896926879883
A024,A,1,NaN,NaN,NaN,0,0,0.340419054031372
A024,A,NaN,1,0,NaN,NaN,0,NaN
A024,A,1,NaN,NaN,NaN,0,0,0.318199157714844
A024,A,1,NaN,NaN,NaN,0,0,0.297096014022827
A024,A,1,NaN,NaN,NaN,0,0,0.329522848129272
A024,A,1,NaN,NaN,NaN,0,0,0.302576065063477
A024,A,1,NaN,NaN,NaN,0,0,0.391863822937012
A024,A,1,NaN,NaN,NaN,0,0,0.371654987335205
A024,A,1,NaN,NaN,NaN,0,0,0.530039072036743
A024,A,NaN,1,0,NaN,NaN,0,NaN
A024,A,1,NaN,NaN,NaN,0,0,0.290017127990723
A024,A,1,NaN,NaN,NaN,0,0,0.298892021179199
A024,A,1,NaN,NaN,NaN,0,0,0.357608795166016
A024,A,1,NaN,NaN,NaN,0,0,0.327724933624268
A024,A,1,NaN,NaN,NaN,0,0,0.254021883010864
A024,A,1,NaN,NaN,NaN,0,0,0.345652103424072
A024,A,1,NaN,NaN,NaN,0,0,0.477030038833618
A024,A,1,NaN,NaN,NaN,0,0,0.565777063369751
A024,A,1,NaN,NaN,NaN,0,0,0.41129207611084
A024,A,1,NaN,NaN,NaN,0,0,0.436551809310913
A024,A,1,NaN,NaN,NaN,0,0,0.413310050964355
A024,A,1,NaN,NaN,NaN,0,0,0.348786115646362
A024,A,NaN,1,0,NaN,NaN,0,NaN
A024,A,1,NaN,NaN,NaN,0,0,0.63089394569397
A024,A,1,NaN,NaN,NaN,0,0,0.529609203338623
A024,A,1,NaN,NaN,NaN,0,0,0.375134944915771
A024,A,1,NaN,NaN,NaN,0,0,0.355656862258911
A024,A,1,NaN,NaN,NaN,0,0,0.333001852035522
A024,A,1,NaN,NaN,NaN,0,0,0.382272005081177
A024,A,1,NaN,NaN,NaN,0,0,0.302515983581543
A024,A,NaN,1,0,NaN,NaN,0,NaN
A024,A,1,NaN,NaN,NaN,0,0,0.282567024230957
A024,A,1,NaN,NaN,NaN,0,0,0.407132148742676
A024,A,1,NaN,NaN,NaN,0,0,0.413992166519165
A024,A,1,NaN,NaN,NaN,0,0,0.396316051483154
A024,A,1,NaN,NaN,NaN,0,0,0.337377786636353
A024,A,1,NaN,NaN,NaN,0,0,0.276010990142822
A024,A,1,NaN,NaN,NaN,0,0,0.353096961975098
A024,A,1,NaN,NaN,NaN,0,0,0.371741056442261
A024,A,1,NaN,NaN,NaN,0,0,0.386218070983887
A024,A,1,NaN,NaN,NaN,0,0,0.346096992492676
A024,A,1,NaN,NaN,NaN,0,0,0.313615083694458
A024,A,NaN,1,0,NaN,NaN,0,NaN
A024,A,1,NaN,NaN,NaN,0,0,0.521141767501831
A024,A,1,NaN,NaN,NaN,0,0,0.404319047927856
A024,A,NaN,1,0,NaN,NaN,0,NaN
A024,A,1,NaN,NaN,NaN,0,0,0.445019960403442
A024,A,1,NaN,NaN,NaN,0,0,0.467440128326416
A024,A,1,NaN,NaN,NaN,0,0,0.504302978515625
A024,A,1,NaN,NaN,NaN,0,0,0.453084945678711
A024,A,1,NaN,NaN,NaN,0,0,0.390341997146606
A024,A,1,NaN,NaN,NaN,0,0,0.345257997512817
A024,A,1,NaN,NaN,NaN,0,0,0.342416048049927
A024,A,1,NaN,NaN,NaN,0,0,0.385390043258667
A024,A,1,NaN,NaN,NaN,0,0,0.410528898239136
A024,A,1,NaN,NaN,NaN,0,0,0.355905055999756
A024,A,1,NaN,NaN,NaN,0,0,0.368582010269165
A024,A,1,NaN,NaN,NaN,0,0,0.361476898193359
A024,A,NaN,1,0,NaN,NaN,0,NaN
A024,A,1,NaN,NaN,NaN,0,0,0.272616863250732
A024,A,1,NaN,NaN,NaN,0,0,0.369762897491455
A024,A,1,NaN,NaN,NaN,0,0,0.426301956176758
A024,A,1,NaN,NaN,NaN,0,0,0.394874811172485
A024,A,1,NaN,NaN,NaN,0,0,0.475806951522827
A024,A,1,NaN,NaN,NaN,0,0,0.489651918411255
A024,A,1,NaN,NaN,NaN,0,0,0.755030155181885
A024,A,1,NaN,NaN,NaN,0,0,0.711990833282471
A024,A,1,NaN,NaN,NaN,0,0,0.445008039474487
A024,A,1,NaN,NaN,NaN,0,0,0.405679941177368
A024,A,NaN,1,0,NaN,NaN,0,NaN
A024,A,1,NaN,NaN,NaN,0,0,0.434638977050781
A024,A,1,NaN,NaN,NaN,0,0,0.485820055007935
A024,A,1,NaN,NaN,NaN,0,0,0.476131916046143
A024,A,1,NaN,NaN,NaN,0,0,0.394097089767456
A024,A,1,NaN,NaN,NaN,0,0,0.493216037750244
A024,A,1,NaN,NaN,NaN,0,0,0.399048089981079
A024,A,1,NaN,NaN,NaN,0,0,0.439656972885132
A024,A,NaN,1,0,NaN,NaN,0,NaN
A024,A,1,NaN,NaN,NaN,0,0,0.31200909614563
A024,A,1,NaN,NaN,NaN,0,0,0.397315979003906
A024,A,1,NaN,NaN,NaN,0,0,0.376208066940308
A024,A,1,NaN,NaN,NaN,0,0,0.303035974502563
A024,A,1,NaN,NaN,NaN,0,0,0.327769041061401
A024,A,1,NaN,NaN,NaN,0,0,0.320640802383423
A024,A,1,NaN,NaN,NaN,0,0,0.34109902381897
A024,A,1,NaN,NaN,NaN,0,0,0.371114015579224
A024,A,1,NaN,NaN,NaN,0,0,0.331394910812378
A024,A,NaN,1,0,NaN,NaN,0,NaN
A024,A,1,NaN,NaN,NaN,0,0,0.382611989974976
A024,A,1,NaN,NaN,NaN,0,0,0.326398134231567
A024,A,NaN,1,0,NaN,NaN,0,NaN
A024,A,1,NaN,NaN,NaN,0,0,0.401137828826904
A024,A,1,NaN,NaN,NaN,0,0,0.336668968200684
A024,A,1,NaN,NaN,NaN,0,0,0.355844020843506
A024,A,1,NaN,NaN,NaN,0,0,0.656152963638306
A024,A,1,NaN,NaN,NaN,0,0,0.660780906677246
A024,A,1,NaN,NaN,NaN,0,0,0.413234949111938
A024,A,1,NaN,NaN,NaN,0,0,0.695279836654663
A024,A,1,NaN,NaN,NaN,0,0,0.651101112365723
A024,A,1,NaN,NaN,NaN,0,0,0.376686096191406
A024,A,1,NaN,NaN,NaN,0,0,0.461203098297119
A024,A,1,NaN,NaN,NaN,0,0,0.360874891281128
A024,A,1,NaN,NaN,NaN,0,0,0.374264001846313
A024,A,1,NaN,NaN,NaN,0,0,0.415096998214722
A024,A,1,NaN,NaN,NaN,0,0,0.38764500617981
A024,A,NaN,1,0,NaN,NaN,0,NaN
A024,A,1,NaN,NaN,NaN,0,0,0.315387010574341
A024,A,1,NaN,NaN,NaN,0,0,0.325507879257202
A024,A,1,NaN,NaN,NaN,0,0,0.32194185256958
A024,A,1,NaN,NaN,NaN,0,0,0.265188932418823
A024,A,1,NaN,NaN,NaN,0,0,0.305485010147095
A024,A,1,NaN,NaN,NaN,0,0,0.263467073440552
A024,A,1,NaN,NaN,NaN,0,0,0.305047035217285
A024,A,1,NaN,NaN,NaN,0,0,0.363662958145142
A024,A,NaN,1,0,NaN,NaN,0,NaN
A024,A,1,NaN,NaN,NaN,0,0,0.365262031555176
A024,A,1,NaN,NaN,NaN,0,0,0.329903841018677
A024,A,1,NaN,NaN,NaN,0,0,0.348412990570068
A024,A,1,NaN,NaN,NaN,0,0,0.396344900131226
A024,A,1,NaN,NaN,NaN,0,0,0.339673042297363
A024,A,NaN,1,0,NaN,NaN,0,NaN
A024,A,1,NaN,NaN,NaN,0,0,0.317149877548218
A024,A,1,NaN,NaN,NaN,0,0,0.31000804901123
A024,A,1,NaN,NaN,NaN,0,0,0.303485870361328
A024,A,1,NaN,NaN,NaN,0,0,0.36955714225769
A024,A,1,NaN,NaN,NaN,0,0,0.314097166061401
A024,A,1,NaN,NaN,NaN,0,0,0.330780029296875
A024,A,NaN,1,0,NaN,NaN,0,NaN
A024,A,1,NaN,NaN,NaN,0,0,0.484205961227417
A024,A,1,NaN,NaN,NaN,0,0,0.381036043167114
A024,A,1,NaN,NaN,NaN,0,0,0.29170298576355
A024,A,1,NaN,NaN,NaN,0,0,0.308879137039185
A024,A,1,NaN,NaN,NaN,0,0,0.341876983642578
A024,A,1,NaN,NaN,NaN,0,0,0.38231897354126
A024,A,1,NaN,NaN,NaN,0,0,0.440109968185425
A024,A,1,NaN,NaN,NaN,0,0,0.464945077896118
A024,A,1,NaN,NaN,NaN,0,0,0.403062105178833
A024,A,1,NaN,NaN,NaN,0,0,0.477541923522949
A024,A,1,NaN,NaN,NaN,0,0,0.472904205322266
A024,A,1,NaN,NaN,NaN,0,0,0.330090045928955
A024,A,NaN,1,0,NaN,NaN,0,NaN
A024,A,1,NaN,NaN,NaN,0,0,0.57732105255127
A024,A,1,NaN,NaN,NaN,0,0,0.410458087921143
A024,A,1,NaN,NaN,NaN,0,0,0.354881048202515
A024,A,1,NaN,NaN,NaN,0,0,0.37689208984375
A024,A,1,NaN,NaN,NaN,0,0,0.346193075180054
A024,A,1,NaN,NaN,NaN,0,0,0.423393964767456
A024,A,1,NaN,NaN,NaN,0,0,0.596054077148438
A024,A,NaN,1,0,NaN,NaN,0,NaN
A024,A,1,NaN,NaN,NaN,0,0,0.37244987487793
A024,A,1,NaN,NaN,NaN,0,0,0.324761867523193
A024,A,1,NaN,NaN,NaN,0,0,0.292549133300781
A024,A,1,NaN,NaN,NaN,0,0,0.505892038345337
A024,A,1,NaN,NaN,NaN,0,0,0.402740001678467
A024,A,1,NaN,NaN,NaN,0,0,0.480736017227173
A024,A,1,NaN,NaN,NaN,0,0,0.325361967086792
A024,A,1,NaN,NaN,NaN,0,0,0.346995115280151
A024,A,1,NaN,NaN,NaN,0,0,0.402423143386841
A024,A,NaN,1,0,NaN,NaN,0,NaN
A024,A,1,NaN,NaN,NaN,0,0,0.364132881164551
A024,A,1,NaN,NaN,NaN,0,0,0.310531854629517
A024,A,1,NaN,NaN,NaN,0,0,0.326985120773315
A024,A,1,NaN,NaN,NaN,0,0,0.353332996368408
A024,A,1,NaN,NaN,NaN,0,0,0.410063982009888
A024,A,1,NaN,NaN,NaN,0,0,0.398607015609741
A024,A,1,NaN,NaN,NaN,0,0,0.428529024124146
A024,A,1,NaN,NaN,NaN,0,0,0.425029993057251
A024,A,NaN,1,0,NaN,NaN,0,NaN
A024,A,1,NaN,NaN,NaN,0,0,0.35614013671875
A024,A,1,NaN,NaN,NaN,0,0,0.389715194702148
A024,A,1,NaN,NaN,NaN,0,0,0.324187994003296
A024,A,1,NaN,NaN,NaN,0,0,0.293420076370239
A024,A,1,NaN,NaN,NaN,0,0,0.402991056442261
A024,A,1,NaN,NaN,NaN,0,0,0.425028085708618
A024,A,1,NaN,NaN,NaN,0,0,0.431804180145264
A024,A,NaN,1,0,NaN,NaN,0,NaN
A024,A,1,NaN,NaN,NaN,0,0,0.60172700881958
A024,A,1,NaN,NaN,NaN,0,0,0.545720100402832
A024,A,1,NaN,NaN,NaN,0,0,0.410676002502441
A024,A,1,NaN,NaN,NaN,0,0,0.290865182876587
A024,A,1,NaN,NaN,NaN,0,0,0.155721187591553
A024,A,1,NaN,NaN,NaN,0,0,0.453864097595215
A024,A,1,NaN,NaN,NaN,0,0,0.33178186416626
A024,A,1,NaN,NaN,NaN,0,0,0.289350986480713
A024,A,NaN,1,0,NaN,NaN,0,NaN
A024,A,1,NaN,NaN,NaN,0,0,0.321995973587036
A024,A,1,NaN,NaN,NaN,0,0,0.44705605506897
A024,A,1,NaN,NaN,NaN,0,0,0.323641061782837
A024,A,1,NaN,NaN,NaN,0,0,0.347121953964233
A024,A,1,NaN,NaN,NaN,0,0,0.297876119613647
A024,A,1,NaN,NaN,NaN,0,0,0.325099945068359
A024,A,1,NaN,NaN,NaN,0,0,0.246423959732056
A024,A,1,NaN,NaN,NaN,0,0,0.281114816665649
A024,A,1,NaN,NaN,NaN,0,0,0.290756940841675
A024,A,1,NaN,NaN,NaN,0,0,0.389034032821655
A024,A,NaN,0,1,NaN,NaN,0,NaN
A024,A,1,NaN,NaN,NaN,0,0,0.656092166900635
A024,A,1,NaN,NaN,NaN,0,0,0.398859024047852
A024,A,1,NaN,NaN,NaN,0,0,0.379562854766846
A024,A,NaN,1,0,NaN,NaN,0,NaN
A024,A,1,NaN,NaN,NaN,0,0,0.32535719871521
A024,A,1,NaN,NaN,NaN,0,0,0.330050945281982
A024,A,1,NaN,NaN,NaN,0,0,0.452700138092041
A024,A,1,NaN,NaN,NaN,0,0,0.406248092651367
A024,A,1,NaN,NaN,NaN,0,0,0.393449068069458
A024,A,1,NaN,NaN,NaN,0,0,0.445089817047119
A024,A,1,NaN,NaN,NaN,0,0,0.473621129989624
A024,A,1,NaN,NaN,NaN,0,0,0.382485866546631
A024,A,1,NaN,NaN,NaN,0,0,0.364346981048584
A024,A,1,NaN,NaN,NaN,0,0,0.390444993972778
A024,A,1,NaN,NaN,NaN,0,0,0.398565053939819
A024,A,1,NaN,NaN,NaN,0,0,0.469088077545166
A024,A,1,NaN,NaN,NaN,0,0,0.465429067611694
A024,A,NaN,1,0,NaN,NaN,0,NaN
A024,A,1,NaN,NaN,NaN,0,0,0.460461139678955
A024,A,1,NaN,NaN,NaN,0,0,0.324331998825073
A024,A,1,NaN,NaN,NaN,0,0,0.33627986907959
A024,A,1,NaN,NaN,NaN,0,0,0.308954000473022
A024,A,NaN,1,0,NaN,NaN,0,NaN
A024,A,1,NaN,NaN,NaN,0,0,0.504118919372559
A024,A,1,NaN,NaN,NaN,0,0,0.333839893341064
A024,A,1,NaN,NaN,NaN,0,0,0.415040016174316
A024,A,1,NaN,NaN,NaN,0,0,0.389290809631348
A024,A,1,NaN,NaN,NaN,0,0,0.289058923721313
A024,A,1,NaN,NaN,NaN,0,0,0.359082937240601
A024,A,NaN,1,0,NaN,NaN,0,NaN
A024,A,1,NaN,NaN,NaN,0,0,0.409270048141479
A024,A,1,NaN,NaN,NaN,0,0,0.326059103012085
A024,A,1,NaN,NaN,NaN,0,0,0.403175830841064
A024,A,1,NaN,NaN,NaN,0,0,0.385928869247437
A024,A,1,NaN,NaN,NaN,0,0,0.408645153045654
A024,A,1,NaN,NaN,NaN,0,0,0.589392900466919
A024,A,1,NaN,NaN,NaN,0,0,0.392138957977295
A024,A,1,NaN,NaN,NaN,0,0,0.324247121810913
A024,A,1,NaN,NaN,NaN,0,0,0.36948299407959
A024,A,1,NaN,NaN,NaN,0,0,0.361594915390015
A024,A,NaN,1,0,NaN,NaN,0,NaN
A024,A,1,NaN,NaN,NaN,0,0,0.555356979370117
A024,A,1,NaN,NaN,NaN,0,0,0.369307994842529
A024,A,1,NaN,NaN,NaN,0,0,0.323273897171021
A024,A,1,NaN,NaN,NaN,0,0,0.328086137771606
A024,A,1,NaN,NaN,NaN,0,0,0.293076992034912
A024,A,1,NaN,NaN,NaN,0,0,0.267980098724365
A024,A,NaN,1,0,NaN,NaN,0,NaN
A024,A,1,NaN,NaN,NaN,0,0,0.32411003112793
A024,A,1,NaN,NaN,NaN,0,0,0.258043050765991
A024,A,1,NaN,NaN,NaN,0,0,0.269705057144165
A024,A,1,NaN,NaN,NaN,0,0,0.283190965652466
A024,A,1,NaN,NaN,NaN,0,0,0.389863014221191
A024,A,1,NaN,NaN,NaN,0,0,0.386435985565186
A024,A,1,NaN,NaN,NaN,0,0,0.346343040466309
A024,A,1,NaN,NaN,NaN,0,0,0.336705923080444
A024,A,1,NaN,NaN,NaN,0,0,0.325817823410034
A024,A,1,NaN,NaN,NaN,0,0,0.315782785415649
A024,A,1,NaN,NaN,NaN,0,0,0.382514953613281
A024,A,1,NaN,NaN,NaN,0,0,0.383890151977539
A024,A,1,NaN,NaN,NaN,0,0,0.465246915817261
A024,A,NaN,1,0,NaN,NaN,0,NaN
A024,A,1,NaN,NaN,NaN,0,0,0.32039213180542
A024,A,1,NaN,NaN,NaN,0,0,0.329037189483643
A024,A,1,NaN,NaN,NaN,0,0,0.497112035751343
A024,A,1,NaN,NaN,NaN,0,0,0.523832082748413
A024,A,1,NaN,NaN,NaN,0,0,0.296649932861328
A024,A,1,NaN,NaN,NaN,0,0,0.332800149917603
A024,A,1,NaN,NaN,NaN,0,0,0.288948059082031
A024,A,1,NaN,NaN,NaN,0,0,0.405456781387329
A024,A,NaN,0,1,NaN,NaN,0,NaN
A024,A,1,NaN,NaN,NaN,0,0,0.51150107383728
A024,A,1,NaN,NaN,NaN,0,0,0.279476881027222
A024,A,1,NaN,NaN,NaN,0,0,0.298689842224121
A024,A,1,NaN,NaN,NaN,0,0,0.352681875228882
A024,A,1,NaN,NaN,NaN,0,0,0.341583967208862
A024,A,NaN,0,1,NaN,NaN,0,NaN
A024,A,1,NaN,NaN,NaN,0,0,0.72522497177124
A024,A,1,NaN,NaN,NaN,0,0,0.427800893783569
A024,A,1,NaN,NaN,NaN,0,0,0.291039943695068
A024,A,1,NaN,NaN,NaN,0,0,0.44392991065979
A024,A,1,NaN,NaN,NaN,0,0,0.342984914779663
A024,A,1,NaN,NaN,NaN,0,0,0.340905904769897
A024,A,1,NaN,NaN,NaN,0,0,0.340331792831421
A024,A,1,NaN,NaN,NaN,0,0,0.439918041229248
A024,A,1,NaN,NaN,NaN,0,0,0.353209018707275
A024,A,1,NaN,NaN,NaN,0,0,0.405436038970947
A024,A,1,NaN,NaN,NaN,0,0,0.38680100440979
A024,A,1,NaN,NaN,NaN,0,0,0.573487997055054
A024,A,NaN,1,0,NaN,NaN,0,NaN
A024,A,1,NaN,NaN,NaN,0,0,0.362416982650757
A024,A,1,NaN,NaN,NaN,0,0,0.35827112197876
A024,A,1,NaN,NaN,NaN,0,0,0.322680950164795
A024,A,NaN,0,1,NaN,NaN,0,NaN
A024,A,1,NaN,NaN,NaN,0,0,0.627902984619141
A024,A,0,NaN,NaN,NaN,1,0,NaN
A024,A,1,NaN,NaN,NaN,0,0,NaN
A024,A,1,NaN,NaN,NaN,0,0,0.466379165649414
A024,A,1,NaN,NaN,NaN,0,0,0.652941942214966
A024,A,1,NaN,NaN,NaN,0,0,0.445410966873169
A024,A,1,NaN,NaN,NaN,0,0,0.378297805786133
A024,A,1,NaN,NaN,NaN,0,0,0.335880041122437
A024,A,1,NaN,NaN,NaN,0,0,0.367282867431641
A024,A,1,NaN,NaN,NaN,0,0,0.364835023880005
A024,A,1,NaN,NaN,NaN,0,0,0.408386945724487
A024,A,1,NaN,NaN,NaN,0,0,0.345556020736694
A024,A,1,NaN,NaN,NaN,0,0,0.310545921325684
A024,A,NaN,1,0,NaN,NaN,0,NaN
A024,A,1,NaN,NaN,NaN,0,0,0.357215881347656
A024,A,1,NaN,NaN,NaN,0,0,0.408478975296021
A024,A,1,NaN,NaN,NaN,0,0,0.375389099121094
A024,A,1,NaN,NaN,NaN,0,0,0.371781826019287
A024,A,1,NaN,NaN,NaN,0,0,0.357568025588989
A024,A,NaN,1,0,NaN,NaN,0,NaN
A024,A,1,NaN,NaN,NaN,0,0,0.289986848831177
A024,A,1,NaN,NaN,NaN,0,0,0.597170829772949
A024,A,1,NaN,NaN,NaN,0,0,0.501945972442627
A024,A,1,NaN,NaN,NaN,0,0,0.461261034011841
A024,A,1,NaN,NaN,NaN,0,0,0.360483884811401
A024,A,NaN,1,0,NaN,NaN,0,NaN
A024,A,1,NaN,NaN,NaN,0,0,0.304204940795898
A024,A,1,NaN,NaN,NaN,0,0,0.281430959701538
A024,A,1,NaN,NaN,NaN,0,0,0.294039964675903
A024,A,1,NaN,NaN,NaN,0,0,0.358350038528442
A024,A,1,NaN,NaN,NaN,0,0,0.353438138961792
A024,A,1,NaN,NaN,NaN,0,0,0.381960153579712
A024,A,1,NaN,NaN,NaN,0,0,0.515465974807739
A024,A,1,NaN,NaN,NaN,0,0,0.430137872695923
A024,A,NaN,1,0,NaN,NaN,0,NaN
A024,A,1,NaN,NaN,NaN,0,0,0.286227941513062
A024,A,1,NaN,NaN,NaN,0,0,0.29862117767334
A024,A,1,NaN,NaN,NaN,0,0,0.259360074996948
A024,A,1,NaN,NaN,NaN,0,0,0.314958810806274
A024,A,1,NaN,NaN,NaN,0,0,0.306091070175171
A024,A,1,NaN,NaN,NaN,0,0,0.327593088150024
A024,A,1,NaN,NaN,NaN,0,0,0.342751979827881
A024,A,1,NaN,NaN,NaN,0,0,0.356204986572266
A024,A,1,NaN,NaN,NaN,0,0,0.50558614730835
A024,A,1,NaN,NaN,NaN,0,0,0.378190994262695
A024,A,1,NaN,NaN,NaN,0,0,0.66181206703186
A024,A,1,NaN,NaN,NaN,0,0,0.554704189300537
A024,A,NaN,1,0,NaN,NaN,0,NaN
A024,A,1,NaN,NaN,NaN,0,0,0.550629854202271
A024,A,1,NaN,NaN,NaN,0,0,0.358227014541626
A024,A,1,NaN,NaN,NaN,0,0,0.390437126159668
A024,A,1,NaN,NaN,NaN,0,0,0.327371835708618
A024,A,1,NaN,NaN,NaN,0,0,0.348208904266357
A024,A,1,NaN,NaN,NaN,0,0,0.436701059341431
A024,A,1,NaN,NaN,NaN,0,0,0.395632028579712
A024,A,NaN,0,1,NaN,NaN,0,NaN
A024,A,1,NaN,NaN,NaN,0,0,0.486953020095825
A024,A,1,NaN,NaN,NaN,0,0,0.659976005554199
A024,A,1,NaN,NaN,NaN,0,0,0.481609106063843
A024,A,1,NaN,NaN,NaN,0,0,0.418437004089355
A024,A,1,NaN,NaN,NaN,0,0,0.341549873352051
A024,A,1,NaN,NaN,NaN,0,0,0.345024108886719
A024,A,1,NaN,NaN,NaN,0,0,0.310196876525879
A024,A,1,NaN,NaN,NaN,0,0,0.339637041091919
A024,A,1,NaN,NaN,NaN,0,0,0.389051914215088
A024,A,1,NaN,NaN,NaN,0,0,0.378058910369873
A024,A,1,NaN,NaN,NaN,0,0,0.518938064575195
A024,A,NaN,1,0,NaN,NaN,0,NaN
A024,A,1,NaN,NaN,NaN,0,0,0.255645990371704
A024,A,1,NaN,NaN,NaN,0,0,0.228918075561523
A024,A,1,NaN,NaN,NaN,0,0,0.242739915847778
A024,A,1,NaN,NaN,NaN,0,0,0.293548107147217
A024,A,1,NaN,NaN,NaN,0,0,0.295027017593384
A024,A,1,NaN,NaN,NaN,0,0,0.34028697013855
A024,A,1,NaN,NaN,NaN,0,0,0.301809072494507
A024,A,NaN,1,0,NaN,NaN,0,NaN
A024,A,1,NaN,NaN,NaN,0,0,0.239541053771973
A024,A,1,NaN,NaN,NaN,0,0,0.238272905349731
A024,A,1,NaN,NaN,NaN,0,0,0.273718118667603
A024,A,NaN,1,0,NaN,NaN,0,NaN
A024,A,1,NaN,NaN,NaN,0,0,0.280991792678833
A024,A,1,NaN,NaN,NaN,0,0,0.435791969299316
A024,A,1,NaN,NaN,NaN,0,0,0.388548851013184
A024,A,1,NaN,NaN,NaN,0,0,0.292101860046387
A024,A,1,NaN,NaN,NaN,0,0,0.339952945709229
A024,A,1,NaN,NaN,NaN,0,0,0.310050010681152
A024,A,1,NaN,NaN,NaN,0,0,0.465594053268433
A024,A,1,NaN,NaN,NaN,0,0,0.436372041702271
A024,A,1,NaN,NaN,NaN,0,0,0.422570943832397
A024,A,1,NaN,NaN,NaN,0,0,0.435585021972656
A024,A,1,NaN,NaN,NaN,0,0,0.358506917953491
A024,A,1,NaN,NaN,NaN,0,0,0.313881874084473
A024,A,1,NaN,NaN,NaN,0,0,0.275229215621948
A024,A,NaN,0,1,NaN,NaN,0,NaN
A024,A,1,NaN,NaN,NaN,0,0,0.430757999420166
A024,A,1,NaN,NaN,NaN,0,0,0.381178140640259
A024,A,1,NaN,NaN,NaN,0,0,0.299984931945801
A024,A,1,NaN,NaN,NaN,0,0,0.358114957809448
A024,A,1,NaN,NaN,NaN,0,0,0.293507099151611
A024,A,1,NaN,NaN,NaN,0,0,0.358360052108765
A024,A,1,NaN,NaN,NaN,0,0,0.335593938827515
A024,A,1,NaN,NaN,NaN,0,0,0.371866941452026
A024,A,NaN,1,0,NaN,NaN,0,NaN
A024,A,1,NaN,NaN,NaN,0,0,0.381277084350586
A024,A,1,NaN,NaN,NaN,0,0,0.418785095214844
A024,A,1,NaN,NaN,NaN,0,0,0.32014799118042
A024,A,1,NaN,NaN,NaN,0,0,0.404621124267578
A024,A,1,NaN,NaN,NaN,0,0,0.486985921859741
A024,A,1,NaN,NaN,NaN,0,0,0.448610067367554
A024,A,1,NaN,NaN,NaN,0,0,0.365642070770264
A024,A,NaN,1,0,NaN,NaN,0,NaN
A024,A,1,NaN,NaN,NaN,0,0,0.318981885910034
A024,A,1,NaN,NaN,NaN,0,0,0.311721086502075
A024,A,1,NaN,NaN,NaN,0,0,0.253521919250488
A024,A,1,NaN,NaN,NaN,0,0,0.348392963409424
A024,A,1,NaN,NaN,NaN,0,0,0.469286918640137
A024,A,NaN,0,1,NaN,NaN,0,NaN
A024,A,1,NaN,NaN,NaN,0,0,0.480118989944458
A024,A,1,NaN,NaN,NaN,0,0,0.416845083236694
A024,A,1,NaN,NaN,NaN,0,0,0.51179313659668
A024,A,1,NaN,NaN,NaN,0,0,0.448530197143555
A024,A,1,NaN,NaN,NaN,0,0,0.416096210479736
A024,A,1,NaN,NaN,NaN,0,0,0.394645929336548
A024,A,1,NaN,NaN,NaN,0,0,0.350254058837891
A024,A,1,NaN,NaN,NaN,0,0,0.378576040267944
A024,A,1,NaN,NaN,NaN,0,0,0.502642154693604
A024,A,1,NaN,NaN,NaN,0,0,0.494032144546509
A024,A,1,NaN,NaN,NaN,0,0,0.390734910964966
A024,A,1,NaN,NaN,NaN,0,0,0.335885047912598
A024,A,NaN,1,0,NaN,NaN,0,NaN
A024,A,1,NaN,NaN,NaN,0,0,0.376228094100952
A024,A,1,NaN,NaN,NaN,0,0,0.320634126663208
A024,A,1,NaN,NaN,NaN,0,0,0.372212886810303
A024,A,1,NaN,NaN,NaN,0,0,0.277464151382446
A024,A,1,NaN,NaN,NaN,0,0,0.46285605430603
A024,A,1,NaN,NaN,NaN,0,0,0.674537897109985
A024,A,NaN,1,0,NaN,NaN,0,NaN
A024,A,1,NaN,NaN,NaN,0,0,0.333273887634277
A024,A,1,NaN,NaN,NaN,0,0,0.582506895065308
A024,A,1,NaN,NaN,NaN,0,0,0.491610050201416
A024,A,1,NaN,NaN,NaN,0,0,0.436342000961304
A024,A,1,NaN,NaN,NaN,0,0,0.422168970108032
A024,A,1,NaN,NaN,NaN,0,0,0.364366054534912
A024,A,1,NaN,NaN,NaN,0,0,0.369301080703735
A024,A,NaN,1,0,NaN,NaN,0,NaN
A024,A,1,NaN,NaN,NaN,0,0,0.313066005706787
A024,A,1,NaN,NaN,NaN,0,0,0.346457958221436
A024,A,1,NaN,NaN,NaN,0,0,0.315633058547974
A024,A,1,NaN,NaN,NaN,0,0,0.302221059799194
A024,A,1,NaN,NaN,NaN,0,0,0.346303939819336
A024,A,1,NaN,NaN,NaN,0,0,0.397004842758179
A024,A,1,NaN,NaN,NaN,0,0,0.389822006225586
A024,A,1,NaN,NaN,NaN,0,0,0.514196872711182
A024,A,1,NaN,NaN,NaN,0,0,0.407962083816528
A024,A,1,NaN,NaN,NaN,0,0,0.350078821182251
A024,A,1,NaN,NaN,NaN,0,0,0.381517887115479
A024,A,NaN,1,0,NaN,NaN,0,NaN
A024,A,1,NaN,NaN,NaN,0,0,0.600591897964478
A024,A,1,NaN,NaN,NaN,0,0,0.385596036911011
A024,A,1,NaN,NaN,NaN,0,0,0.41399097442627
A024,A,1,NaN,NaN,NaN,0,0,0.40300989151001
A024,A,1,NaN,NaN,NaN,0,0,0.375583171844482
A024,A,1,NaN,NaN,NaN,0,0,0.315145015716553
A024,A,1,NaN,NaN,NaN,0,0,0.297769069671631
A024,A,NaN,0,1,NaN,NaN,0,NaN
A024,A,1,NaN,NaN,NaN,0,0,0.370949029922485
A024,A,1,NaN,NaN,NaN,0,0,0.444720983505249
A024,A,1,NaN,NaN,NaN,0,0,0.352197885513306
A024,A,1,NaN,NaN,NaN,0,0,0.388907909393311
A024,A,1,NaN,NaN,NaN,0,0,0.588552951812744
A024,A,1,NaN,NaN,NaN,0,0,0.441380977630615
A024,A,1,NaN,NaN,NaN,0,0,0.306269884109497
A024,A,1,NaN,NaN,NaN,0,0,0.492589950561523
A024,A,NaN,1,0,NaN,NaN,0,NaN
A024,A,1,NaN,NaN,NaN,0,0,0.336660861968994
A024,A,1,NaN,NaN,NaN,0,0,0.328768968582153
A024,A,1,NaN,NaN,NaN,0,0,0.305982112884521
A024,A,1,NaN,NaN,NaN,0,0,0.291699886322021
A024,A,1,NaN,NaN,NaN,0,0,0.356051921844482
A024,A,1,NaN,NaN,NaN,0,0,0.41330885887146
A024,A,NaN,1,0,NaN,NaN,0,NaN
A024,A,1,NaN,NaN,NaN,0,0,0.37546181678772
A024,A,1,NaN,NaN,NaN,0,0,0.33430814743042
A024,A,1,NaN,NaN,NaN,0,0,0.339755058288574
A024,A,1,NaN,NaN,NaN,0,0,0.351752042770386
A024,A,1,NaN,NaN,NaN,0,0,0.373885154724121
A024,A,1,NaN,NaN,NaN,0,0,0.377010822296143
A024,A,1,NaN,NaN,NaN,0,0,0.365012168884277
A024,A,1,NaN,NaN,NaN,0,0,0.37518310546875
A024,A,1,NaN,NaN,NaN,0,0,0.338906049728394
A024,A,1,NaN,NaN,NaN,0,0,0.459643125534058
A024,A,1,NaN,NaN,NaN,0,0,0.389266014099121
A024,A,NaN,1,0,NaN,NaN,0,NaN
A024,A,1,NaN,NaN,NaN,0,0,0.361215829849243
A024,A,1,NaN,NaN,NaN,0,0,0.322145938873291
A024,A,1,NaN,NaN,NaN,0,0,0.389258861541748
A024,A,NaN,0,1,NaN,NaN,0,NaN
A024,A,1,NaN,NaN,NaN,0,0,0.377234220504761
A024,A,1,NaN,NaN,NaN,0,0,0.150233030319214
A024,A,1,NaN,NaN,NaN,0,0,0.290768146514893
A024,A,1,NaN,NaN,NaN,0,0,0.452550172805786
A024,A,1,NaN,NaN,NaN,0,0,0.338431835174561
A024,A,1,NaN,NaN,NaN,0,0,0.446115970611572
A024,A,1,NaN,NaN,NaN,0,0,0.372885942459106
A024,A,1,NaN,NaN,NaN,0,0,0.364190816879272
A024,A,1,NaN,NaN,NaN,0,0,0.372460126876831
A024,A,1,NaN,NaN,NaN,0,0,0.415701866149902
A024,A,1,NaN,NaN,NaN,0,0,0.444422960281372
A024,A,1,NaN,NaN,NaN,0,0,0.37417197227478
A024,A,1,NaN,NaN,NaN,0,0,0.347748994827271
A024,A,1,NaN,NaN,NaN,0,0,0.425060033798218
A024,A,NaN,1,0,NaN,NaN,0,NaN
A024,A,1,NaN,NaN,NaN,0,0,0.395423889160156
A024,A,1,NaN,NaN,NaN,0,0,0.503880023956299
A024,A,1,NaN,NaN,NaN,0,0,0.389478921890259
A024,A,1,NaN,NaN,NaN,0,0,0.422479867935181
A024,A,1,NaN,NaN,NaN,0,0,0.381916046142578
A024,A,1,NaN,NaN,NaN,0,0,0.409358024597168
A024,A,1,NaN,NaN,NaN,0,0,0.363234996795654
A024,A,NaN,1,0,NaN,NaN,0,NaN
A024,A,1,NaN,NaN,NaN,0,0,0.329973936080933
A024,A,1,NaN,NaN,NaN,0,0,0.263564109802246
A024,A,1,NaN,NaN,NaN,0,0,0.208111047744751
A024,A,NaN,0,1,NaN,NaN,0,NaN
A024,A,1,NaN,NaN,NaN,0,0,0.359586000442505
A024,A,1,NaN,NaN,NaN,0,0,0.382253885269165
A024,A,1,NaN,NaN,NaN,0,0,0.479079008102417
A024,A,1,NaN,NaN,NaN,0,0,0.451799869537354
A024,A,1,NaN,NaN,NaN,0,0,0.643600940704346
A024,A,1,NaN,NaN,NaN,0,0,0.593066930770874
A024,A,1,NaN,NaN,NaN,0,0,0.642560958862305
A024,A,1,NaN,NaN,NaN,0,0,0.553707838058472
A024,A,1,NaN,NaN,NaN,0,0,0.559092044830322
A024,A,1,NaN,NaN,NaN,0,0,0.540225028991699
A024,A,NaN,1,0,NaN,NaN,0,NaN
A024,A,1,NaN,NaN,NaN,0,0,0.502174139022827
A024,A,1,NaN,NaN,NaN,0,0,0.639182090759277
A024,A,1,NaN,NaN,NaN,0,0,0.751790046691895
A024,A,1,NaN,NaN,NaN,0,0,0.748790979385376
A024,A,1,NaN,NaN,NaN,0,0,1.15863394737244
A024,A,1,NaN,NaN,NaN,0,0,0.566484928131104
A024,A,1,NaN,NaN,NaN,0,0,0.34751296043396
A024,A,1,NaN,NaN,NaN,0,0,0.318234920501709
A024,A,1,NaN,NaN,NaN,0,0,0.376426935195923
A024,A,1,NaN,NaN,NaN,0,0,0.386667013168335
A024,A,1,NaN,NaN,NaN,0,0,0.688222885131836
A024,A,1,NaN,NaN,NaN,0,0,0.74390697479248
A024,A,1,NaN,NaN,NaN,0,0,0.690851926803589
A024,A,1,NaN,NaN,NaN,0,0,0.41585898399353
A024,A,NaN,1,0,NaN,NaN,0,NaN
A024,A,1,NaN,NaN,NaN,0,0,0.381273031234741
A024,A,1,NaN,NaN,NaN,0,0,0.277101993560791
A024,A,1,NaN,NaN,NaN,0,0,0.335254907608032
A024,A,1,NaN,NaN,NaN,0,0,0.333751916885376
A024,A,1,NaN,NaN,NaN,0,0,0.320856094360352
A024,A,1,NaN,NaN,NaN,0,0,0.371181964874268
A024,A,1,NaN,NaN,NaN,0,0,0.351097106933594
A024,A,1,NaN,NaN,NaN,0,0,0.365565061569214
A024,A,1,NaN,NaN,NaN,0,0,0.345283985137939
A024,A,1,NaN,NaN,NaN,0,0,0.288874864578247
A024,A,NaN,1,0,NaN,NaN,0,NaN
A024,A,1,NaN,NaN,NaN,0,0,0.300439834594727
A024,A,1,NaN,NaN,NaN,0,0,0.311691045761108
A024,A,1,NaN,NaN,NaN,0,0,0.348695993423462
A024,A,1,NaN,NaN,NaN,0,0,0.357614994049072
A024,A,1,NaN,NaN,NaN,0,0,0.360307216644287
A024,A,1,NaN,NaN,NaN,0,0,0.357285022735596
A024,A,1,NaN,NaN,NaN,0,0,0.322642087936401
A024,A,1,NaN,NaN,NaN,0,0,0.300065040588379
A024,A,NaN,1,0,NaN,NaN,0,NaN
A024,A,1,NaN,NaN,NaN,0,0,0.296064138412476
A024,A,1,NaN,NaN,NaN,0,0,0.278146982192993
A024,A,1,NaN,NaN,NaN,0,0,0.305485010147095
A024,A,1,NaN,NaN,NaN,0,0,0.281866073608398
A024,A,1,NaN,NaN,NaN,0,0,0.317045927047729
A024,A,1,NaN,NaN,NaN,0,0,0.325785875320435
A024,A,NaN,0,1,NaN,NaN,0,NaN
A024,A,1,NaN,NaN,NaN,0,0,0.335159063339233
A024,A,1,NaN,NaN,NaN,0,0,0.399277210235596
A024,A,1,NaN,NaN,NaN,0,0,0.393061876296997
A024,A,1,NaN,NaN,NaN,0,0,0.396201848983765
A024,A,1,NaN,NaN,NaN,0,0,0.400775909423828
A024,A,1,NaN,NaN,NaN,0,0,0.535734891891479
A024,A,1,NaN,NaN,NaN,0,0,0.329567909240723
A024,A,1,NaN,NaN,NaN,0,0,0.393872022628784
A024,A,1,NaN,NaN,NaN,0,0,0.457755088806152
A024,A,NaN,1,0,NaN,NaN,0,NaN
A024,A,1,NaN,NaN,NaN,0,0,0.353720903396606
A024,A,1,NaN,NaN,NaN,0,0,0.348292827606201
A024,A,1,NaN,NaN,NaN,0,0,0.35325288772583
A024,A,1,NaN,NaN,NaN,0,0,0.342572927474976
A024,A,1,NaN,NaN,NaN,0,0,0.34370493888855
A024,A,1,NaN,NaN,NaN,0,0,0.431107044219971
A024,A,1,NaN,NaN,NaN,0,0,0.316518068313599
A024,A,1,NaN,NaN,NaN,0,0,0.51303505897522
A024,A,1,NaN,NaN,NaN,0,0,0.347239971160889
A024,A,NaN,1,0,NaN,NaN,0,NaN
A024,A,1,NaN,NaN,NaN,0,0,0.329274892807007
A024,A,1,NaN,NaN,NaN,0,0,0.377191066741943
A024,A,1,NaN,NaN,NaN,0,0,0.330158948898315
A024,A,1,NaN,NaN,NaN,0,0,0.438467025756836
A024,A,NaN,1,0,NaN,NaN,0,NaN
A024,A,1,NaN,NaN,NaN,0,0,0.515976905822754
A024,A,1,NaN,NaN,NaN,0,0,0.410256147384644
A024,A,1,NaN,NaN,NaN,0,0,0.461095094680786
A024,A,1,NaN,NaN,NaN,0,0,0.495223045349121
A024,A,1,NaN,NaN,NaN,0,0,0.649048089981079
A024,A,1,NaN,NaN,NaN,0,0,0.5782470703125
A024,A,1,NaN,NaN,NaN,0,0,0.433562994003296
A024,A,1,NaN,NaN,NaN,0,0,0.531276941299438
A024,A,1,NaN,NaN,NaN,0,0,0.41289210319519
A024,A,1,NaN,NaN,NaN,0,0,0.377717018127441
A024,A,NaN,1,0,NaN,NaN,0,NaN
A024,A,1,NaN,NaN,NaN,0,0,0.617668867111206
A024,A,1,NaN,NaN,NaN,0,0,0.58935284614563
A024,A,1,NaN,NaN,NaN,0,0,0.645630121231079
A024,A,1,NaN,NaN,NaN,0,0,0.502109050750732
A024,A,1,NaN,NaN,NaN,0,0,0.647578001022339
A024,A,1,NaN,NaN,NaN,0,0,0.633389949798584
A024,A,NaN,1,0,NaN,NaN,0,NaN
A024,A,1,NaN,NaN,NaN,0,0,0.584041833877563
A024,A,1,NaN,NaN,NaN,0,0,0.602843046188354
A024,A,1,NaN,NaN,NaN,0,0,0.423099994659424
A024,A,1,NaN,NaN,NaN,0,0,0.54336404800415
A024,A,1,NaN,NaN,NaN,0,0,0.375350952148438
A024,A,1,NaN,NaN,NaN,0,0,0.346529960632324
A024,A,1,NaN,NaN,NaN,0,0,0.569340944290161
A024,A,1,NaN,NaN,NaN,0,0,0.411015033721924
A024,A,1,NaN,NaN,NaN,0,0,0.373790979385376
A024,A,1,NaN,NaN,NaN,0,0,0.385762214660645
A024,A,1,NaN,NaN,NaN,0,0,0.274613857269287
A024,A,1,NaN,NaN,NaN,0,0,0.37595009803772
A024,A,1,NaN,NaN,NaN,0,0,0.391807079315186
A024,A,NaN,1,0,NaN,NaN,0,NaN
A024,A,1,NaN,NaN,NaN,0,0,0.270848035812378
A024,A,1,NaN,NaN,NaN,0,0,0.354053974151611
A024,A,1,NaN,NaN,NaN,0,0,0.374901056289673
A024,A,1,NaN,NaN,NaN,0,0,0.30780291557312
A024,A,1,NaN,NaN,NaN,0,0,0.368527889251709
A024,A,1,NaN,NaN,NaN,0,0,0.30663800239563
A024,A,NaN,0,1,NaN,NaN,0,NaN
A024,A,1,NaN,NaN,NaN,0,0,0.300929069519043
A024,A,1,NaN,NaN,NaN,0,0,0.242378950119019
A024,A,1,NaN,NaN,NaN,0,0,0.250410079956055
A024,A,1,NaN,NaN,NaN,0,0,0.578517913818359
A024,A,1,NaN,NaN,NaN,0,0,0.398611068725586
A024,A,NaN,0,1,NaN,NaN,0,NaN
A024,A,0,NaN,NaN,NaN,1,0,NaN
A024,A,1,NaN,NaN,NaN,0,0,0.360057830810547
A024,A,1,NaN,NaN,NaN,0,0,0.274619102478027
A024,A,1,NaN,NaN,NaN,0,0,0.333735942840576
A024,A,1,NaN,NaN,NaN,0,0,0.30621600151062
A024,A,1,NaN,NaN,NaN,0,0,0.33775806427002
A024,A,1,NaN,NaN,NaN,0,0,0.355094909667969
A024,A,1,NaN,NaN,NaN,0,0,0.596914052963257
A024,A,1,NaN,NaN,NaN,0,0,0.375829935073853
A024,A,1,NaN,NaN,NaN,0,0,0.328349113464355
A024,A,NaN,1,0,NaN,NaN,0,NaN
A024,A,1,NaN,NaN,NaN,0,0,0.373206853866577
A024,A,1,NaN,NaN,NaN,0,0,0.359814882278442
A024,A,1,NaN,NaN,NaN,0,0,0.574418067932129
A024,A,1,NaN,NaN,NaN,0,0,0.38779616355896
A024,A,1,NaN,NaN,NaN,0,0,0.378146886825562
A024,A,1,NaN,NaN,NaN,0,0,0.409965991973877
A024,A,1,NaN,NaN,NaN,0,0,0.258879899978638
A024,A,1,NaN,NaN,NaN,0,0,NaN
A024,A,1,NaN,NaN,NaN,0,0,0.387072086334229
A024,A,1,NaN,NaN,NaN,0,0,0.355782985687256
A024,A,NaN,1,0,NaN,NaN,0,NaN
A024,A,1,NaN,NaN,NaN,0,0,0.496419906616211
A024,A,1,NaN,NaN,NaN,0,0,0.347852945327759
A024,A,1,NaN,NaN,NaN,0,0,0.350435972213745
A024,A,1,NaN,NaN,NaN,0,0,0.347834825515747
A024,A,1,NaN,NaN,NaN,0,0,0.346837043762207
A024,A,1,NaN,NaN,NaN,0,0,0.340770959854126
A024,A,1,NaN,NaN,NaN,0,0,0.337707996368408
A024,A,1,NaN,NaN,NaN,0,0,0.297492980957031
A024,A,NaN,1,0,NaN,NaN,0,NaN
A024,A,1,NaN,NaN,NaN,0,0,0.340844869613647
A024,A,1,NaN,NaN,NaN,0,0,0.368064165115356
A024,A,1,NaN,NaN,NaN,0,0,0.356730937957764
A024,A,1,NaN,NaN,NaN,0,0,0.430354833602905
A024,A,1,NaN,NaN,NaN,0,0,0.450028896331787
A024,A,1,NaN,NaN,NaN,0,0,0.489185094833374
A024,A,1,NaN,NaN,NaN,0,0,0.425088882446289
A024,A,1,NaN,NaN,NaN,0,0,0.307867050170898
A024,A,1,NaN,NaN,NaN,0,0,0.337445974349976
A024,A,NaN,0,1,NaN,NaN,0,NaN
A024,A,1,NaN,NaN,NaN,0,0,0.52146315574646
A024,A,1,NaN,NaN,NaN,0,0,0.310600996017456
A024,A,1,NaN,NaN,NaN,0,0,0.34771203994751
A024,A,1,NaN,NaN,NaN,0,0,0.329493999481201
A024,A,1,NaN,NaN,NaN,0,0,0.3732750415802
A024,A,1,NaN,NaN,NaN,0,0,0.318111896514893
A024,A,NaN,1,0,NaN,NaN,0,NaN
A024,A,1,NaN,NaN,NaN,0,0,0.288624048233032
A024,A,1,NaN,NaN,NaN,0,0,0.288118839263916
A024,A,1,NaN,NaN,NaN,0,0,0.270890235900879
A024,A,1,NaN,NaN,NaN,0,0,0.32768988609314
A024,A,1,NaN,NaN,NaN,0,0,0.3450608253479
A024,A,1,NaN,NaN,NaN,0,0,0.385174989700317
A024,A,1,NaN,NaN,NaN,0,0,0.439255952835083
A024,A,1,NaN,NaN,NaN,0,0,0.447906970977783
A024,A,1,NaN,NaN,NaN,0,0,0.511385917663574
A024,A,1,NaN,NaN,NaN,0,0,0.477286100387573
A024,A,NaN,1,0,NaN,NaN,0,NaN
A024,A,1,NaN,NaN,NaN,0,0,0.320271968841553
A024,A,1,NaN,NaN,NaN,0,0,0.219980955123901
A024,A,1,NaN,NaN,NaN,0,0,0.302053928375244
A024,A,1,NaN,NaN,NaN,0,0,0.300546884536743
A024,A,NaN,0,1,NaN,NaN,0,NaN
A024,A,0,NaN,NaN,NaN,1,0,NaN
A024,A,1,NaN,NaN,NaN,0,0,0.460499048233032
A024,A,1,NaN,NaN,NaN,0,0,0.349843978881836
A024,A,1,NaN,NaN,NaN,0,0,0.330081939697266
A024,A,1,NaN,NaN,NaN,0,0,0.320984125137329
A024,A,1,NaN,NaN,NaN,0,0,0.291193962097168
A024,A,1,NaN,NaN,NaN,0,0,0.321117162704468
A024,A,1,NaN,NaN,NaN,0,0,0.358902931213379
A024,A,1,NaN,NaN,NaN,0,0,0.319227933883667
A024,A,1,NaN,NaN,NaN,0,0,0.359117984771729
A024,A,1,NaN,NaN,NaN,0,0,0.364758968353271
A024,A,NaN,1,0,NaN,NaN,0,NaN
A024,A,1,NaN,NaN,NaN,0,0,0.296565055847168
A024,A,1,NaN,NaN,NaN,0,0,0.299893140792847
A024,A,1,NaN,NaN,NaN,0,0,0.3542799949646
A024,A,1,NaN,NaN,NaN,0,0,0.348944902420044
A024,A,1,NaN,NaN,NaN,0,0,0.328065872192383
A024,A,NaN,1,0,NaN,NaN,0,NaN
A024,A,1,NaN,NaN,NaN,0,0,0.353715896606445
A024,A,1,NaN,NaN,NaN,0,0,0.397258043289185
A024,A,1,NaN,NaN,NaN,0,0,0.406024932861328
A024,A,1,NaN,NaN,NaN,0,0,0.321327924728394
A024,A,1,NaN,NaN,NaN,0,0,0.345904111862183
A024,A,1,NaN,NaN,NaN,0,0,0.288301944732666
A024,A,NaN,0,1,NaN,NaN,0,NaN
A024,A,1,NaN,NaN,NaN,0,0,0.499791145324707
A024,A,1,NaN,NaN,NaN,0,0,0.366421937942505
A024,A,1,NaN,NaN,NaN,0,0,0.375344038009644
A024,A,1,NaN,NaN,NaN,0,0,0.362545967102051
A024,A,1,NaN,NaN,NaN,0,0,0.403643846511841
A024,A,1,NaN,NaN,NaN,0,0,0.400262832641602
A024,A,1,NaN,NaN,NaN,0,0,0.348900079727173
A024,A,1,NaN,NaN,NaN,0,0,0.305930137634277
A024,A,1,NaN,NaN,NaN,0,0,0.297255039215088
A024,A,1,NaN,NaN,NaN,0,0,0.263683080673218
A024,A,NaN,0,1,NaN,NaN,0,NaN
A024,A,1,NaN,NaN,NaN,0,0,0.789385080337524
A024,A,1,NaN,NaN,NaN,0,0,0.302685976028442
A024,A,1,NaN,NaN,NaN,0,0,0.419867992401123
A024,A,1,NaN,NaN,NaN,0,0,0.321816921234131
A024,A,1,NaN,NaN,NaN,0,0,0.29170298576355
A024,A,1,NaN,NaN,NaN,0,0,0.357313871383667
A024,A,1,NaN,NaN,NaN,0,0,0.243693828582764
A024,A,1,NaN,NaN,NaN,0,0,0.309267997741699
A024,A,1,NaN,NaN,NaN,0,0,0.363739967346191
A024,A,1,NaN,NaN,NaN,0,0,0.432429790496826
A024,A,1,NaN,NaN,NaN,0,0,0.359255075454712
A024,A,NaN,1,0,NaN,NaN,0,NaN
A024,A,1,NaN,NaN,NaN,0,0,0.323140144348145
A024,A,1,NaN,NaN,NaN,0,0,0.300907850265503
A024,A,1,NaN,NaN,NaN,0,0,0.695390939712524
A024,A,1,NaN,NaN,NaN,0,0,0.375797986984253
A024,A,1,NaN,NaN,NaN,0,0,0.444408893585205
A024,A,NaN,1,0,NaN,NaN,0,NaN
A024,A,1,NaN,NaN,NaN,0,0,0.327928066253662
A024,A,1,NaN,NaN,NaN,0,0,0.291577100753784
A024,A,1,NaN,NaN,NaN,0,0,0.316318988800049
A024,A,1,NaN,NaN,NaN,0,0,0.369713068008423
A024,A,1,NaN,NaN,NaN,0,0,0.515004873275757
A024,A,1,NaN,NaN,NaN,0,0,0.467785120010376
A024,A,1,NaN,NaN,NaN,0,0,0.379161834716797
A024,A,NaN,1,0,NaN,NaN,0,NaN
A024,A,1,NaN,NaN,NaN,0,0,0.30827784538269
A024,A,1,NaN,NaN,NaN,0,0,0.278451919555664
A024,A,1,NaN,NaN,NaN,0,0,0.300436019897461
A024,A,1,NaN,NaN,NaN,0,0,0.323390007019043
A024,A,1,NaN,NaN,NaN,0,0,0.324788808822632
A024,A,1,NaN,NaN,NaN,0,0,0.348448038101196
A024,A,1,NaN,NaN,NaN,0,0,0.293301105499268
A024,A,1,NaN,NaN,NaN,0,0,0.380135059356689
A024,A,NaN,0,1,NaN,NaN,0,NaN
A024,A,1,NaN,NaN,NaN,0,0,0.677089929580688
A024,A,1,NaN,NaN,NaN,0,0,0.337525129318237
A024,A,1,NaN,NaN,NaN,0,0,0.408301115036011
A024,A,1,NaN,NaN,NaN,0,0,0.349193096160889
A024,A,1,NaN,NaN,NaN,0,0,NaN
A024,A,1,NaN,NaN,NaN,0,0,0.282298803329468
A024,A,1,NaN,NaN,NaN,0,0,0.301506996154785
A024,A,1,NaN,NaN,NaN,0,0,0.313606977462769
A024,A,1,NaN,NaN,NaN,0,0,0.354329109191895
A024,A,1,NaN,NaN,NaN,0,0,0.389719009399414
A024,A,1,NaN,NaN,NaN,0,0,0.377958059310913
A024,A,1,NaN,NaN,NaN,0,0,0.39029598236084
A024,A,NaN,1,0,NaN,NaN,0,NaN
A024,A,1,NaN,NaN,NaN,0,0,0.388813018798828
A024,A,1,NaN,NaN,NaN,0,0,0.305846214294434
A024,A,1,NaN,NaN,NaN,0,0,0.363101959228516
A024,A,1,NaN,NaN,NaN,0,0,0.300792932510376
A024,A,1,NaN,NaN,NaN,0,0,0.317758083343506
A024,A,0,NaN,NaN,NaN,1,0,NaN
A024,A,1,NaN,NaN,NaN,0,0,0.15691614151001
A024,A,1,NaN,NaN,NaN,0,0,0.260608911514282
A024,A,NaN,1,0,NaN,NaN,0,NaN
A024,A,1,NaN,NaN,NaN,0,0,0.291074991226196
A024,A,1,NaN,NaN,NaN,0,0,0.384088039398193
A024,A,1,NaN,NaN,NaN,0,0,0.321329116821289
A024,A,NaN,0,1,NaN,NaN,0,NaN
A024,A,1,NaN,NaN,NaN,0,0,0.620789051055908
A024,A,1,NaN,NaN,NaN,0,0,0.329675912857056
A024,A,1,NaN,NaN,NaN,0,0,0.438378810882568
A024,A,1,NaN,NaN,NaN,0,0,0.331065893173218
A024,A,1,NaN,NaN,NaN,0,0,0.343601942062378
A024,A,1,NaN,NaN,NaN,0,0,0.354188919067383
A024,A,1,NaN,NaN,NaN,0,0,0.413800001144409
A024,A,1,NaN,NaN,NaN,0,0,0.346493005752563
A024,A,1,NaN,NaN,NaN,0,0,0.419432878494263
A024,A,1,NaN,NaN,NaN,0,0,0.338767051696777
A024,A,1,NaN,NaN,NaN,0,0,0.302225112915039
A024,A,1,NaN,NaN,NaN,0,0,0.288753986358643
A024,A,1,NaN,NaN,NaN,0,0,0.293385982513428
A024,A,NaN,0,1,NaN,NaN,0,NaN
A024,A,1,NaN,NaN,NaN,0,0,0.424201011657715
A024,A,1,NaN,NaN,NaN,0,0,0.579374074935913
A024,A,1,NaN,NaN,NaN,0,0,0.403239011764526
A024,A,1,NaN,NaN,NaN,0,0,0.416785001754761
A024,A,1,NaN,NaN,NaN,0,0,0.353102922439575
A024,A,NaN,1,0,NaN,NaN,0,NaN
A024,A,1,NaN,NaN,NaN,0,0,0.443615913391113
A024,A,1,NaN,NaN,NaN,0,0,0.326307058334351
A024,A,1,NaN,NaN,NaN,0,0,0.35585618019104
A024,A,1,NaN,NaN,NaN,0,0,0.486994028091431
A024,A,1,NaN,NaN,NaN,0,0,0.350791931152344
A024,A,1,NaN,NaN,NaN,0,0,0.295182943344116
A024,A,1,NaN,NaN,NaN,0,0,0.358121871948242
A024,A,1,NaN,NaN,NaN,0,0,0.337062120437622
A024,A,NaN,1,0,NaN,NaN,0,NaN
A024,A,1,NaN,NaN,NaN,0,0,0.231956958770752
A024,A,1,NaN,NaN,NaN,0,0,0.280970096588135
A024,A,1,NaN,NaN,NaN,0,0,0.328155040740967
A024,A,1,NaN,NaN,NaN,0,0,0.307893037796021
A024,A,1,NaN,NaN,NaN,0,0,0.321357011795044
A024,A,1,NaN,NaN,NaN,0,0,0.32794189453125
A024,A,1,NaN,NaN,NaN,0,0,0.264587879180908
A024,A,1,NaN,NaN,NaN,0,0,0.313929080963135
A024,A,1,NaN,NaN,NaN,0,0,0.384039878845215
A024,A,1,NaN,NaN,NaN,0,0,0.44108510017395
A024,A,1,NaN,NaN,NaN,0,0,0.356285810470581
A024,A,1,NaN,NaN,NaN,0,0,0.24379301071167
A024,A,NaN,0,1,NaN,NaN,0,NaN
A024,A,1,NaN,NaN,NaN,0,0,0.522558927536011
A024,A,1,NaN,NaN,NaN,0,0,0.507189989089966
A024,A,1,NaN,NaN,NaN,0,0,0.437835931777954
A024,A,1,NaN,NaN,NaN,0,0,0.246728897094727
A024,A,1,NaN,NaN,NaN,0,0,0.364293813705444
A024,A,NaN,1,0,NaN,NaN,0,NaN
A024,A,1,NaN,NaN,NaN,0,0,0.340238094329834
A024,A,1,NaN,NaN,NaN,0,0,0.409509181976318
A024,A,1,NaN,NaN,NaN,0,0,0.302405118942261
A024,A,1,NaN,NaN,NaN,0,0,0.33713698387146
A024,A,1,NaN,NaN,NaN,0,0,0.434444904327393
A024,A,1,NaN,NaN,NaN,0,0,0.312836885452271
A024,A,1,NaN,NaN,NaN,0,0,0.461719989776611
A024,A,1,NaN,NaN,NaN,0,0,0.403350114822388
A024,A,1,NaN,NaN,NaN,0,0,0.374038934707642
A024,A,1,NaN,NaN,NaN,0,0,0.419941902160645
A024,A,NaN,0,1,NaN,NaN,0,NaN
A024,A,1,NaN,NaN,NaN,0,0,0.479345083236694
A024,A,1,NaN,NaN,NaN,0,0,0.357414960861206
A024,A,1,NaN,NaN,NaN,0,0,0.424109935760498
A024,A,1,NaN,NaN,NaN,0,0,0.393676042556763
A024,A,NaN,0,1,NaN,NaN,0,NaN
A024,A,1,NaN,NaN,NaN,0,0,0.892689943313599
A024,A,1,NaN,NaN,NaN,0,0,0.448291063308716
A024,A,1,NaN,NaN,NaN,0,0,0.3836669921875
A024,A,1,NaN,NaN,NaN,0,0,0.484063863754272
A024,A,1,NaN,NaN,NaN,0,0,0.516692876815796
A024,A,1,NaN,NaN,NaN,0,0,0.412446975708008
A024,A,1,NaN,NaN,NaN,0,0,0.324939966201782
A024,A,NaN,1,0,NaN,NaN,0,NaN
A024,A,1,NaN,NaN,NaN,0,0,0.324806928634644
A024,A,1,NaN,NaN,NaN,0,0,0.333831071853638
A024,A,1,NaN,NaN,NaN,0,0,0.347393035888672
A024,A,1,NaN,NaN,NaN,0,0,0.348658084869385
A024,A,1,NaN,NaN,NaN,0,0,0.365360975265503
A024,A,1,NaN,NaN,NaN,0,0,0.306710958480835
A024,A,1,NaN,NaN,NaN,0,0,0.391947031021118
A024,A,1,NaN,NaN,NaN,0,0,0.459090948104858
A024,A,1,NaN,NaN,NaN,0,0,0.397685050964355
A024,A,1,NaN,NaN,NaN,0,0,0.476821899414062
A024,A,1,NaN,NaN,NaN,0,0,0.355063915252686
A024,A,1,NaN,NaN,NaN,0,0,0.347465038299561
A024,A,NaN,1,0,NaN,NaN,0,NaN
A024,A,1,NaN,NaN,NaN,0,0,0.26275897026062
A024,A,1,NaN,NaN,NaN,0,0,0.260061979293823
A024,A,1,NaN,NaN,NaN,0,0,0.309653997421265
A024,A,1,NaN,NaN,NaN,0,0,0.273236989974976
A024,A,1,NaN,NaN,NaN,0,0,0.363737821578979
A024,A,1,NaN,NaN,NaN,0,0,0.36389422416687
A024,A,1,NaN,NaN,NaN,0,0,0.416393995285034
A024,A,1,NaN,NaN,NaN,0,0,0.393635988235474
A024,A,NaN,1,0,NaN,NaN,0,NaN
A024,A,1,NaN,NaN,NaN,0,0,0.294962882995605
A024,A,1,NaN,NaN,NaN,0,0,0.301952838897705
A024,A,1,NaN,NaN,NaN,0,0,0.326758861541748
A024,A,1,NaN,NaN,NaN,0,0,0.376024961471558
A024,A,1,NaN,NaN,NaN,0,0,0.356116056442261
A024,A,1,NaN,NaN,NaN,0,0,0.357676982879639
A024,A,1,NaN,NaN,NaN,0,0,0.390888214111328
A024,A,1,NaN,NaN,NaN,0,0,0.369580030441284
A024,A,1,NaN,NaN,NaN,0,0,0.358738899230957
A024,A,1,NaN,NaN,NaN,0,0,0.351657152175903
A024,A,NaN,1,0,NaN,NaN,0,NaN
A024,A,1,NaN,NaN,NaN,0,0,0.315975904464722
A024,A,1,NaN,NaN,NaN,0,0,0.392016887664795
A024,A,1,NaN,NaN,NaN,0,0,0.370061874389648
A024,A,1,NaN,NaN,NaN,0,0,0.308411121368408
A024,A,1,NaN,NaN,NaN,0,0,0.337434053421021
A024,A,1,NaN,NaN,NaN,0,0,0.346754789352417
A024,A,1,NaN,NaN,NaN,0,0,0.324473142623901
A024,A,NaN,0,1,NaN,NaN,0,NaN
A024,A,1,NaN,NaN,NaN,0,0,0.542473077774048
A024,A,1,NaN,NaN,NaN,0,0,0.342920064926147
A024,A,1,NaN,NaN,NaN,0,0,0.43428111076355
A024,A,1,NaN,NaN,NaN,0,0,0.456218957901001
A024,A,1,NaN,NaN,NaN,0,0,0.468322992324829
A024,A,NaN,0,1,NaN,NaN,0,NaN
A024,A,1,NaN,NaN,NaN,0,0,0.494189023971558
A024,A,1,NaN,NaN,NaN,0,0,0.390008211135864
A024,A,1,NaN,NaN,NaN,0,0,0.529372930526733
A024,A,1,NaN,NaN,NaN,0,0,0.325949907302856
A024,A,1,NaN,NaN,NaN,0,0,0.377774953842163
A024,A,1,NaN,NaN,NaN,0,0,0.3194260597229
A024,A,1,NaN,NaN,NaN,0,0,0.36228609085083
A024,A,1,NaN,NaN,NaN,0,0,0.366355895996094
A024,A,1,NaN,NaN,NaN,0,0,0.368519067764282
A024,A,1,NaN,NaN,NaN,0,0,0.345227003097534
A024,A,1,NaN,NaN,NaN,0,0,0.36579704284668
A024,A,NaN,1,0,NaN,NaN,0,NaN
A024,A,1,NaN,NaN,NaN,0,0,0.276698112487793
A024,A,1,NaN,NaN,NaN,0,0,0.38617992401123
A024,A,1,NaN,NaN,NaN,0,0,0.319789886474609
A024,A,1,NaN,NaN,NaN,0,0,0.379679918289185
A024,A,1,NaN,NaN,NaN,0,0,0.400834083557129
A024,A,1,NaN,NaN,NaN,0,0,0.422559976577759
A024,A,NaN,1,0,NaN,NaN,0,NaN
A024,A,1,NaN,NaN,NaN,0,0,0.309214115142822
A024,A,1,NaN,NaN,NaN,0,0,0.276576042175293
A024,A,1,NaN,NaN,NaN,0,0,0.341659784317017
A024,A,1,NaN,NaN,NaN,0,0,0.458868980407715
A024,A,1,NaN,NaN,NaN,0,0,0.429144859313965
A024,A,1,NaN,NaN,NaN,0,0,0.348781824111938
A024,A,1,NaN,NaN,NaN,0,0,0.329236030578613
A024,A,NaN,1,0,NaN,NaN,0,NaN
A024,A,1,NaN,NaN,NaN,0,0,0.306931018829346
A024,A,1,NaN,NaN,NaN,0,0,0.328124046325684
A024,A,1,NaN,NaN,NaN,0,0,0.390072822570801
A024,A,1,NaN,NaN,NaN,0,0,0.338520050048828
A024,A,1,NaN,NaN,NaN,0,0,0.351725101470947
A024,A,1,NaN,NaN,NaN,0,0,0.392910957336426
A024,A,1,NaN,NaN,NaN,0,0,0.327911853790283
A024,A,1,NaN,NaN,NaN,0,0,0.34312105178833
A024,A,1,NaN,NaN,NaN,0,0,0.402481079101562
A024,A,1,NaN,NaN,NaN,0,0,0.353760004043579
A024,A,1,NaN,NaN,NaN,0,0,0.382184982299805
A024,A,1,NaN,NaN,NaN,0,0,0.375769853591919
A024,A,NaN,1,0,NaN,NaN,0,NaN
A024,A,1,NaN,NaN,NaN,0,0,0.373914003372192
A024,A,1,NaN,NaN,NaN,0,0,0.266181945800781
A024,A,1,NaN,NaN,NaN,0,0,0.259768009185791
A024,A,1,NaN,NaN,NaN,0,0,0.312572002410889
A024,A,NaN,0,1,NaN,NaN,0,NaN
A024,A,1,NaN,NaN,NaN,0,0,0.347275972366333
A024,A,1,NaN,NaN,NaN,0,0,0.296163082122803
A024,A,1,NaN,NaN,NaN,0,0,0.316848993301392
A024,A,1,NaN,NaN,NaN,0,0,0.391108989715576
A024,A,1,NaN,NaN,NaN,0,0,0.340109825134277
A024,A,1,NaN,NaN,NaN,0,0,0.344237089157104
A024,A,1,NaN,NaN,NaN,0,0,0.332288026809692
A024,A,1,NaN,NaN,NaN,0,0,0.335069179534912
A024,A,1,NaN,NaN,NaN,0,0,0.291757106781006
A024,A,1,NaN,NaN,NaN,0,0,0.35270094871521
A024,A,1,NaN,NaN,NaN,0,0,0.245674848556519
A024,A,1,NaN,NaN,NaN,0,0,0.188162803649902
A024,A,NaN,1,0,NaN,NaN,0,NaN
A024,A,1,NaN,NaN,NaN,0,0,0.332420110702515
A024,A,1,NaN,NaN,NaN,0,0,0.331723213195801
A024,A,NaN,1,0,NaN,NaN,0,NaN
A024,A,1,NaN,NaN,NaN,0,0,0.344000101089478
A024,A,1,NaN,NaN,NaN,0,0,0.341682910919189
A024,A,1,NaN,NaN,NaN,0,0,0.393132925033569
A024,A,1,NaN,NaN,NaN,0,0,0.41048002243042
A024,A,1,NaN,NaN,NaN,0,0,0.367806911468506
A024,A,1,NaN,NaN,NaN,0,0,0.301170825958252
A024,A,1,NaN,NaN,NaN,0,0,0.353693008422852
A024,A,1,NaN,NaN,NaN,0,0,0.367023944854736
A024,A,NaN,1,0,NaN,NaN,0,NaN
A024,A,1,NaN,NaN,NaN,0,0,0.293352127075195
A024,A,1,NaN,NaN,NaN,0,0,0.331660985946655
A024,A,1,NaN,NaN,NaN,0,0,0.481028079986572
A024,A,1,NaN,NaN,NaN,0,0,0.547201871871948
A024,A,1,NaN,NaN,NaN,0,0,0.612795114517212
A024,A,1,NaN,NaN,NaN,0,0,0.439059019088745
A024,A,1,NaN,NaN,NaN,0,0,0.376286029815674
A024,A,1,NaN,NaN,NaN,0,0,0.405761003494263
A024,A,1,NaN,NaN,NaN,0,0,0.414427042007446
A024,A,NaN,1,0,NaN,NaN,0,NaN
A024,A,1,NaN,NaN,NaN,0,0,0.289063930511475
A024,A,1,NaN,NaN,NaN,0,0,0.249690055847168
A024,A,1,NaN,NaN,NaN,0,0,0.305866956710815
A024,A,1,NaN,NaN,NaN,0,0,0.385609865188599
A024,A,1,NaN,NaN,NaN,0,0,0.484119892120361
A024,A,1,NaN,NaN,NaN,0,0,0.377443075180054
A024,A,1,NaN,NaN,NaN,0,0,0.399933815002441
A024,A,1,NaN,NaN,NaN,0,0,0.340322971343994
A024,A,1,NaN,NaN,NaN,0,0,0.32992696762085
A024,A,NaN,1,0,NaN,NaN,0,NaN
A024,A,1,NaN,NaN,NaN,0,0,0.304641008377075
A024,A,1,NaN,NaN,NaN,0,0,0.353338956832886
A024,A,1,NaN,NaN,NaN,0,0,0.286051988601685
A024,A,1,NaN,NaN,NaN,0,0,0.356950998306274
A024,A,1,NaN,NaN,NaN,0,0,0.387243032455444
A024,A,1,NaN,NaN,NaN,0,0,0.352698087692261
A024,A,1,NaN,NaN,NaN,0,0,0.361087083816528
A024,A,NaN,1,0,NaN,NaN,0,NaN
A024,A,1,NaN,NaN,NaN,0,0,0.284571886062622
A024,A,1,NaN,NaN,NaN,0,0,0.358467102050781
A024,A,1,NaN,NaN,NaN,0,0,0.371913194656372
A024,A,1,NaN,NaN,NaN,0,0,0.373609066009521
A024,A,1,NaN,NaN,NaN,0,0,0.326759099960327
A024,A,1,NaN,NaN,NaN,0,0,0.35054087638855
A024,A,1,NaN,NaN,NaN,0,0,0.369757890701294
A024,A,1,NaN,NaN,NaN,0,0,0.312729835510254
A024,A,1,NaN,NaN,NaN,0,0,0.390793085098267
A024,A,1,NaN,NaN,NaN,0,0,0.388558149337769
A024,A,1,NaN,NaN,NaN,0,0,0.36768102645874
A024,A,1,NaN,NaN,NaN,0,0,0.370123147964478
A024,A,1,NaN,NaN,NaN,0,0,0.365609884262085
A024,A,NaN,1,0,NaN,NaN,0,NaN
A024,A,1,NaN,NaN,NaN,0,0,0.342082023620605
A024,A,1,NaN,NaN,NaN,0,0,0.351492881774902
A024,A,1,NaN,NaN,NaN,0,0,0.315914154052734
A024,A,1,NaN,NaN,NaN,0,0,NaN
A024,A,1,NaN,NaN,NaN,0,0,0.276941061019897
A024,A,1,NaN,NaN,NaN,0,0,0.356812000274658
A024,A,1,NaN,NaN,NaN,0,0,0.388108015060425
A024,A,NaN,1,0,NaN,NaN,0,NaN
A024,A,1,NaN,NaN,NaN,0,0,0.247612953186035
A024,A,1,NaN,NaN,NaN,0,0,0.273804903030396
A024,A,1,NaN,NaN,NaN,0,0,0.220078945159912
A024,A,1,NaN,NaN,NaN,0,0,NaN
A024,A,1,NaN,NaN,NaN,0,0,NaN
A024,A,1,NaN,NaN,NaN,0,0,NaN
A024,A,1,NaN,NaN,NaN,0,0,0.309888124465942
