SubID,Group,BlockN,nTrial,GoTrials,NoGoTrials,FA,Misses,RT
C004,C,1,1,1,NaN,NaN,0,0.602960824966431
C004,C,1,2,1,NaN,NaN,0,0.349201917648315
C004,C,1,3,1,NaN,NaN,0,0.329617023468018
C004,C,1,4,1,NaN,NaN,0,0.278806209564209
C004,C,1,5,1,NaN,NaN,0,0.382972955703735
C004,C,1,6,1,NaN,NaN,0,0.288364887237549
C004,C,1,7,NaN,1,0,NaN,NaN
C004,C,1,8,1,NaN,NaN,0,0.270215034484863
C004,C,1,9,1,NaN,NaN,0,0.338670015335083
C004,C,1,10,1,NaN,NaN,0,0.26354718208313
C004,C,1,11,1,NaN,NaN,0,0.288109064102173
C004,C,1,12,1,NaN,NaN,0,0.36748194694519
C004,C,1,13,NaN,1,0,NaN,NaN
C004,C,1,14,1,NaN,NaN,0,0.273418188095093
C004,C,1,15,1,NaN,NaN,0,0.259467840194702
C004,C,1,16,1,NaN,NaN,0,0.24872612953186
C004,C,1,17,1,NaN,NaN,0,0.300359010696411
C004,C,1,18,1,NaN,NaN,0,0.31685209274292
C004,C,1,19,1,NaN,NaN,0,0.325629949569702
C004,C,1,20,1,NaN,NaN,0,0.382987022399902
C004,C,1,21,1,NaN,NaN,0,0.484299182891846
C004,C,1,22,1,NaN,NaN,0,0.532876968383789
C004,C,1,23,1,NaN,NaN,0,0.372531175613403
C004,C,1,24,1,NaN,NaN,0,0.369349956512451
C004,C,1,25,1,NaN,NaN,0,0.33459210395813
C004,C,1,26,NaN,1,0,NaN,NaN
C004,C,1,27,1,NaN,NaN,0,0.294709920883179
C004,C,1,28,1,NaN,NaN,0,0.248111009597778
C004,C,1,29,1,NaN,NaN,0,0.277363061904907
C004,C,1,30,NaN,0,1,NaN,NaN
C004,C,1,31,1,NaN,NaN,0,0.411062955856323
C004,C,1,32,1,NaN,NaN,0,0.451602935791016
C004,C,1,33,1,NaN,NaN,0,0.321496963500977
C004,C,1,34,1,NaN,NaN,0,0.289396047592163
C004,C,1,35,1,NaN,NaN,0,0.486768960952759
C004,C,1,36,1,NaN,NaN,0,0.3312828540802
C004,C,1,37,1,NaN,NaN,0,0.329522132873535
C004,C,1,38,1,NaN,NaN,0,0.317189931869507
C004,C,1,39,NaN,1,0,NaN,NaN
C004,C,1,40,1,NaN,NaN,0,0.238587856292725
C004,C,1,41,1,NaN,NaN,0,0.299651861190796
C004,C,1,42,1,NaN,NaN,0,0.28467583656311
C004,C,1,43,1,NaN,NaN,0,0.301882982254028
C004,C,1,44,1,NaN,NaN,0,0.371045112609863
C004,C,1,45,1,NaN,NaN,0,0.340356826782227
C004,C,1,46,1,NaN,NaN,0,0.333561897277832
C004,C,1,47,1,NaN,NaN,0,0.280771017074585
C004,C,1,48,1,NaN,NaN,0,0.280084133148193
C004,C,1,49,1,NaN,NaN,0,0.271451950073242
C004,C,1,50,NaN,1,0,NaN,NaN
C004,C,1,51,1,NaN,NaN,0,0.265138864517212
C004,C,1,52,1,NaN,NaN,0,0.29229211807251
C004,C,1,53,1,NaN,NaN,0,0.977825880050659
C004,C,1,54,1,NaN,NaN,0,0.77483081817627
C004,C,1,55,1,NaN,NaN,0,0.467333078384399
C004,C,1,56,1,NaN,NaN,0,0.444119215011597
C004,C,1,57,1,NaN,NaN,0,0.501720905303955
C004,C,1,58,1,NaN,NaN,0,0.387758016586304
C004,C,1,59,1,NaN,NaN,0,0.396414041519165
C004,C,1,60,1,NaN,NaN,0,0.39339804649353
C004,C,1,61,1,NaN,NaN,0,0.309573888778687
C004,C,1,62,NaN,1,0,NaN,NaN
C004,C,1,63,1,NaN,NaN,0,0.268891096115112
C004,C,1,64,1,NaN,NaN,0,0.28057599067688
C004,C,1,65,1,NaN,NaN,0,0.267482995986938
C004,C,1,66,1,NaN,NaN,0,0.291489839553833
C004,C,1,67,1,NaN,NaN,0,0.38775110244751
C004,C,1,68,1,NaN,NaN,0,0.314819812774658
C004,C,1,69,NaN,1,0,NaN,NaN
C004,C,1,70,1,NaN,NaN,0,0.322028875350952
C004,C,1,71,1,NaN,NaN,0,0.287535905838013
C004,C,1,72,1,NaN,NaN,0,0.231790065765381
C004,C,1,73,1,NaN,NaN,0,0.284250020980835
C004,C,1,74,1,NaN,NaN,0,0.314739942550659
C004,C,1,75,NaN,1,0,NaN,NaN
C004,C,1,76,1,NaN,NaN,0,0.325719118118286
C004,C,1,77,1,NaN,NaN,0,0.332895040512085
C004,C,1,78,1,NaN,NaN,0,0.35227108001709
C004,C,1,79,1,NaN,NaN,0,0.3488929271698
C004,C,1,80,1,NaN,NaN,0,0.484498977661133
C004,C,1,81,1,NaN,NaN,0,0.481419086456299
C004,C,1,82,1,NaN,NaN,0,0.409404039382935
C004,C,1,83,1,NaN,NaN,0,0.270281076431274
C004,C,1,84,1,NaN,NaN,0,0.437475919723511
C004,C,1,85,1,NaN,NaN,0,0.425001859664917
C004,C,1,86,1,NaN,NaN,0,0.340404033660889
C004,C,1,87,NaN,1,0,NaN,NaN
C004,C,1,88,1,NaN,NaN,0,0.238908052444458
C004,C,1,89,1,NaN,NaN,0,NaN
C004,C,1,90,1,NaN,NaN,0,0.239068984985352
C004,C,1,91,1,NaN,NaN,0,0.221956014633179
C004,C,1,92,1,NaN,NaN,0,0.243036031723022
C004,C,1,93,1,NaN,NaN,0,0.271951913833618
C004,C,1,94,1,NaN,NaN,0,0.403791904449463
C004,C,1,95,1,NaN,NaN,0,0.380146980285645
C004,C,1,96,NaN,1,0,NaN,NaN
C004,C,1,97,1,NaN,NaN,0,0.245575904846191
C004,C,1,98,1,NaN,NaN,0,0.219413995742798
C004,C,1,99,1,NaN,NaN,0,0.244332075119019
C004,C,1,100,1,NaN,NaN,0,0.224322080612183
C004,C,1,101,1,NaN,NaN,0,0.234699964523315
C004,C,1,102,1,NaN,NaN,0,0.311676025390625
C004,C,1,103,1,NaN,NaN,0,0.475621223449707
C004,C,1,104,1,NaN,NaN,0,0.464693069458008
C004,C,1,105,NaN,1,0,NaN,NaN
C004,C,1,106,1,NaN,NaN,0,0.323194980621338
C004,C,1,107,1,NaN,NaN,0,0.792304992675781
C004,C,1,108,1,NaN,NaN,0,0.48213005065918
C004,C,1,109,1,NaN,NaN,0,0.297627925872803
C004,C,1,110,1,NaN,NaN,0,0.346127033233643
C004,C,1,111,1,NaN,NaN,0,0.349812984466553
C004,C,1,112,1,NaN,NaN,0,0.333272933959961
C004,C,1,113,1,NaN,NaN,0,0.294011116027832
C004,C,1,114,1,NaN,NaN,0,0.318319082260132
C004,C,1,115,1,NaN,NaN,0,0.348886013031006
C004,C,1,116,NaN,1,0,NaN,NaN
C004,C,1,117,1,NaN,NaN,0,0.329705953598022
C004,C,1,118,1,NaN,NaN,0,0.236956834793091
C004,C,1,119,1,NaN,NaN,0,0.209776878356934
C004,C,1,120,1,NaN,NaN,0,0.251043081283569
C004,C,1,121,1,NaN,NaN,0,0.284767150878906
C004,C,1,122,NaN,0,1,NaN,NaN
C004,C,1,123,1,NaN,NaN,0,0.313475847244263
C004,C,1,124,1,NaN,NaN,0,0.229619979858398
C004,C,1,125,1,NaN,NaN,0,0.225703001022339
C004,C,1,126,1,NaN,NaN,0,0.238720893859863
C004,C,1,127,1,NaN,NaN,0,0.333650827407837
C004,C,1,128,1,NaN,NaN,0,0.28085994720459
C004,C,1,129,1,NaN,NaN,0,0.299139976501465
C004,C,1,130,NaN,1,0,NaN,NaN
C004,C,1,131,1,NaN,NaN,0,0.219944953918457
C004,C,1,132,1,NaN,NaN,0,0.202707052230835
C004,C,1,133,0,NaN,NaN,1,NaN
C004,C,1,134,1,NaN,NaN,0,0.275745153427124
C004,C,1,135,1,NaN,NaN,0,0.23741602897644
C004,C,1,136,1,NaN,NaN,0,0.241791009902954
C004,C,1,137,1,NaN,NaN,0,0.294059991836548
C004,C,1,138,1,NaN,NaN,0,0.253902912139893
C004,C,1,139,1,NaN,NaN,0,0.190392971038818
C004,C,1,140,1,NaN,NaN,0,0.236387014389038
C004,C,1,141,1,NaN,NaN,0,0.377377033233643
C004,C,1,142,NaN,1,0,NaN,NaN
C004,C,1,143,1,NaN,NaN,0,0.245529174804688
C004,C,1,144,1,NaN,NaN,0,0.180884122848511
C004,C,1,145,1,NaN,NaN,0,NaN
C004,C,1,146,1,NaN,NaN,0,NaN
C004,C,1,147,NaN,0,1,NaN,NaN
C004,C,1,148,1,NaN,NaN,0,0.282882928848267
C004,C,1,149,1,NaN,NaN,0,0.239510059356689
C004,C,1,150,1,NaN,NaN,0,0.176305770874023
C004,C,1,151,1,NaN,NaN,0,0.305099964141846
C004,C,1,152,1,NaN,NaN,0,0.430028915405273
C004,C,1,153,1,NaN,NaN,0,0.287386894226074
C004,C,1,154,1,NaN,NaN,0,0.301340103149414
C004,C,1,155,1,NaN,NaN,0,0.302219152450562
C004,C,1,156,1,NaN,NaN,0,0.441753149032593
C004,C,1,157,1,NaN,NaN,0,0.314958095550537
C004,C,1,158,1,NaN,NaN,0,0.352906942367554
C004,C,1,159,1,NaN,NaN,0,0.600641965866089
C004,C,1,160,NaN,1,0,NaN,NaN
C004,C,1,161,1,NaN,NaN,0,0.347388029098511
C004,C,1,162,1,NaN,NaN,0,0.388106822967529
C004,C,1,163,1,NaN,NaN,0,0.32010817527771
C004,C,1,164,1,NaN,NaN,0,0.306452989578247
C004,C,1,165,1,NaN,NaN,0,0.248658895492554
C004,C,1,166,1,NaN,NaN,0,0.229809999465942
C004,C,1,167,1,NaN,NaN,0,0.330508947372437
C004,C,1,168,NaN,0,1,NaN,NaN
C004,C,1,169,1,NaN,NaN,0,0.267561912536621
C004,C,1,170,1,NaN,NaN,0,0.240567922592163
C004,C,1,171,1,NaN,NaN,0,0.231520891189575
C004,C,1,172,1,NaN,NaN,0,0.217042922973633
C004,C,1,173,1,NaN,NaN,0,0.299619197845459
C004,C,1,174,1,NaN,NaN,0,0.363126993179321
C004,C,1,175,1,NaN,NaN,0,0.30912709236145
C004,C,1,176,1,NaN,NaN,0,0.306092023849487
C004,C,1,177,1,NaN,NaN,0,0.391403913497925
C004,C,1,178,NaN,1,0,NaN,NaN
C004,C,1,179,1,NaN,NaN,0,0.281147003173828
C004,C,1,180,1,NaN,NaN,0,0.241909980773926
C004,C,1,181,1,NaN,NaN,0,0.237282991409302
C004,C,1,182,1,NaN,NaN,0,0.240314960479736
C004,C,1,183,1,NaN,NaN,0,0.221421003341675
C004,C,1,184,1,NaN,NaN,0,0.265573978424072
C004,C,1,185,NaN,1,0,NaN,NaN
C004,C,1,186,1,NaN,NaN,0,0.281553030014038
C004,C,1,187,1,NaN,NaN,0,0.315858125686646
C004,C,1,188,1,NaN,NaN,0,0.259390830993652
C004,C,1,189,1,NaN,NaN,0,0.222299098968506
C004,C,1,190,1,NaN,NaN,0,0.291376113891602
C004,C,1,191,NaN,0,1,NaN,NaN
C004,C,1,192,1,NaN,NaN,0,0.320297002792358
C004,C,1,193,1,NaN,NaN,0,0.212668895721436
C004,C,1,194,1,NaN,NaN,0,0.223059892654419
C004,C,1,195,1,NaN,NaN,0,0.206019163131714
C004,C,1,196,1,NaN,NaN,0,0.260309934616089
C004,C,1,197,1,NaN,NaN,0,0.267026901245117
C004,C,1,198,1,NaN,NaN,0,0.290453910827637
C004,C,1,199,1,NaN,NaN,0,0.360552072525024
C004,C,1,200,1,NaN,NaN,0,0.601149797439575
C004,C,1,201,1,NaN,NaN,0,0.406074047088623
C004,C,1,202,1,NaN,NaN,0,0.309539079666138
C004,C,1,203,1,NaN,NaN,0,0.30703592300415
C004,C,1,204,1,NaN,NaN,0,0.379876852035522
C004,C,1,205,NaN,1,0,NaN,NaN
C004,C,1,206,1,NaN,NaN,0,0.295918941497803
C004,C,1,207,1,NaN,NaN,0,0.232652902603149
C004,C,1,208,1,NaN,NaN,0,0.257364988327026
C004,C,1,209,1,NaN,NaN,0,0.226912975311279
C004,C,1,210,1,NaN,NaN,0,0.27559494972229
C004,C,1,211,1,NaN,NaN,0,0.334670066833496
C004,C,1,212,1,NaN,NaN,0,0.297744989395142
C004,C,1,213,1,NaN,NaN,0,0.431729793548584
C004,C,1,214,NaN,1,0,NaN,NaN
C004,C,1,215,1,NaN,NaN,0,0.289229154586792
C004,C,1,216,1,NaN,NaN,0,0.203966856002808
C004,C,1,217,1,NaN,NaN,0,0.236309051513672
C004,C,1,218,NaN,0,1,NaN,NaN
C004,C,1,219,1,NaN,NaN,0,0.407757043838501
C004,C,1,220,1,NaN,NaN,0,0.34800386428833
C004,C,1,221,1,NaN,NaN,0,0.281774997711182
C004,C,1,222,1,NaN,NaN,0,0.424654006958008
C004,C,1,223,1,NaN,NaN,0,0.418290138244629
C004,C,1,224,1,NaN,NaN,0,0.348582983016968
C004,C,1,225,1,NaN,NaN,0,0.324102163314819
C004,C,1,226,1,NaN,NaN,0,0.325150966644287
C004,C,1,227,NaN,1,0,NaN,NaN
C004,C,1,228,1,NaN,NaN,0,0.262078046798706
C004,C,1,229,1,NaN,NaN,0,0.239067077636719
C004,C,1,230,1,NaN,NaN,0,0.297172069549561
C004,C,1,231,1,NaN,NaN,0,0.286826848983765
C004,C,1,232,1,NaN,NaN,0,0.311686992645264
C004,C,1,233,1,NaN,NaN,0,0.348943948745728
C004,C,1,234,1,NaN,NaN,0,0.286134004592896
C004,C,1,235,1,NaN,NaN,0,0.378443956375122
C004,C,1,236,NaN,1,0,NaN,NaN
C004,C,1,237,1,NaN,NaN,0,0.245417833328247
C004,C,1,238,1,NaN,NaN,0,0.221379041671753
C004,C,1,239,1,NaN,NaN,0,0.22245979309082
C004,C,1,240,1,NaN,NaN,0,0.233503103256226
C004,C,1,241,1,NaN,NaN,0,0.246617078781128
C004,C,1,242,1,NaN,NaN,0,0.280837059020996
C004,C,1,243,1,NaN,NaN,0,0.373369932174683
C004,C,1,244,1,NaN,NaN,0,0.385792016983032
C004,C,1,245,1,NaN,NaN,0,0.347846984863281
C004,C,1,246,1,NaN,NaN,0,0.322104930877686
C004,C,1,247,NaN,1,0,NaN,NaN
C004,C,1,248,1,NaN,NaN,0,0.254362106323242
C004,C,1,249,1,NaN,NaN,0,0.31507682800293
C004,C,1,250,1,NaN,NaN,0,0.250091791152954
C004,C,1,251,1,NaN,NaN,0,0.33179783821106
C004,C,1,252,1,NaN,NaN,0,0.327570915222168
C004,C,1,253,1,NaN,NaN,0,0.404968023300171
C004,C,1,254,NaN,1,0,NaN,NaN
C004,C,1,255,1,NaN,NaN,0,0.250443935394287
C004,C,1,256,1,NaN,NaN,0,0.279047966003418
C004,C,1,257,1,NaN,NaN,0,0.270925045013428
C004,C,1,258,1,NaN,NaN,0,0.340893983840942
C004,C,1,259,1,NaN,NaN,0,0.327589988708496
C004,C,1,260,1,NaN,NaN,0,0.29874587059021
C004,C,1,261,1,NaN,NaN,0,0.285475015640259
C004,C,1,262,1,NaN,NaN,0,0.735784769058228
C004,C,1,263,1,NaN,NaN,0,0.435543060302734
C004,C,1,264,1,NaN,NaN,0,0.307699918746948
C004,C,1,265,NaN,1,0,NaN,NaN
C004,C,1,266,1,NaN,NaN,0,0.267135858535767
C004,C,1,267,1,NaN,NaN,0,0.264009952545166
C004,C,1,268,1,NaN,NaN,0,0.271015167236328
C004,C,1,269,1,NaN,NaN,0,0.314893960952759
C004,C,1,270,1,NaN,NaN,0,0.299821853637695
C004,C,1,271,1,NaN,NaN,0,0.304484128952026
C004,C,1,272,1,NaN,NaN,0,0.292043924331665
C004,C,1,273,1,NaN,NaN,0,0.314023017883301
C004,C,1,274,1,NaN,NaN,0,0.373223066329956
C004,C,1,275,1,NaN,NaN,0,0.31452488899231
C004,C,1,276,1,NaN,NaN,0,0.315553903579712
C004,C,1,277,NaN,0,1,NaN,NaN
C004,C,1,278,1,NaN,NaN,0,0.344559907913208
C004,C,1,279,1,NaN,NaN,0,0.299887180328369
C004,C,1,280,1,NaN,NaN,0,0.329370975494385
C004,C,1,281,1,NaN,NaN,0,0.32915997505188
C004,C,1,282,1,NaN,NaN,0,0.35265588760376
C004,C,1,283,1,NaN,NaN,0,0.358297109603882
C004,C,1,284,1,NaN,NaN,0,0.346724033355713
C004,C,1,285,NaN,1,0,NaN,NaN
C004,C,1,286,1,NaN,NaN,0,0.260168075561523
C004,C,1,287,1,NaN,NaN,0,0.266883850097656
C004,C,1,288,1,NaN,NaN,0,0.254768848419189
C004,C,1,289,1,NaN,NaN,0,0.374603033065796
C004,C,1,290,1,NaN,NaN,0,0.419222116470337
C004,C,1,291,NaN,1,0,NaN,NaN
C004,C,1,292,1,NaN,NaN,0,0.314372062683105
C004,C,1,293,1,NaN,NaN,0,0.253984928131104
C004,C,1,294,1,NaN,NaN,0,0.338618040084839
C004,C,1,295,1,NaN,NaN,0,0.359327077865601
C004,C,1,296,1,NaN,NaN,0,0.292500019073486
C004,C,1,297,1,NaN,NaN,0,0.318671941757202
C004,C,1,298,1,NaN,NaN,0,0.263866901397705
C004,C,1,299,NaN,1,0,NaN,NaN
C004,C,1,300,1,NaN,NaN,0,0.298054933547974
C004,C,1,301,1,NaN,NaN,0,0.29433798789978
C004,C,1,302,1,NaN,NaN,0,0.2833571434021
C004,C,1,303,1,NaN,NaN,0,0.252182960510254
C004,C,1,304,1,NaN,NaN,0,0.247915983200073
C004,C,1,305,1,NaN,NaN,0,0.324672937393188
C004,C,1,306,1,NaN,NaN,0,0.34868311882019
C004,C,1,307,1,NaN,NaN,0,0.325417995452881
C004,C,1,308,1,NaN,NaN,0,0.286170959472656
C004,C,1,309,1,NaN,NaN,0,0.298054933547974
C004,C,1,310,1,NaN,NaN,0,0.300189018249512
C004,C,1,311,NaN,1,0,NaN,NaN
C004,C,1,312,1,NaN,NaN,0,0.339964151382446
C004,C,1,313,1,NaN,NaN,0,0.27724814414978
C004,C,1,314,1,NaN,NaN,0,0.227352142333984
C004,C,1,315,1,NaN,NaN,0,0.288756847381592
C004,C,1,316,1,NaN,NaN,0,0.265485048294067
C004,C,1,317,1,NaN,NaN,0,0.298789024353027
C004,C,1,318,1,NaN,NaN,0,0.293055057525635
C004,C,1,319,1,NaN,NaN,0,0.297948837280273
C004,C,1,320,1,NaN,NaN,0,0.279971122741699
C004,C,1,321,1,NaN,NaN,0,0.276087999343872
C004,C,1,322,NaN,0,1,NaN,NaN
C004,C,1,323,1,NaN,NaN,0,0.370424032211304
C004,C,1,324,1,NaN,NaN,0,0.261914014816284
C004,C,1,325,1,NaN,NaN,0,0.250611066818237
C004,C,1,326,1,NaN,NaN,0,0.29249095916748
C004,C,1,327,1,NaN,NaN,0,0.40154504776001
C004,C,1,328,1,NaN,NaN,0,0.344112873077393
C004,C,1,329,1,NaN,NaN,0,0.365189075469971
C004,C,1,330,1,NaN,NaN,0,0.260037183761597
C004,C,1,331,NaN,1,0,NaN,NaN
C004,C,1,332,1,NaN,NaN,0,0.271692037582397
C004,C,1,333,1,NaN,NaN,0,0.275967836380005
C004,C,1,334,1,NaN,NaN,0,0.263334989547729
C004,C,1,335,1,NaN,NaN,0,0.319381952285767
C004,C,1,336,NaN,0,1,NaN,NaN
C004,C,1,337,1,NaN,NaN,0,0.352780818939209
C004,C,1,338,1,NaN,NaN,0,0.3128821849823
C004,C,1,339,1,NaN,NaN,0,0.38963794708252
C004,C,1,340,1,NaN,NaN,0,0.305850028991699
C004,C,1,341,1,NaN,NaN,0,0.335961103439331
C004,C,1,342,1,NaN,NaN,0,0.32049298286438
C004,C,1,343,1,NaN,NaN,0,0.288363933563232
C004,C,1,344,1,NaN,NaN,0,0.409197092056274
C004,C,1,345,NaN,1,0,NaN,NaN
C004,C,1,346,1,NaN,NaN,0,0.266386032104492
C004,C,1,347,1,NaN,NaN,0,0.278817892074585
C004,C,1,348,1,NaN,NaN,0,0.271975994110107
C004,C,1,349,1,NaN,NaN,0,0.284010171890259
C004,C,1,350,1,NaN,NaN,0,0.308880090713501
C004,C,1,351,1,NaN,NaN,0,0.249809980392456
C004,C,1,352,1,NaN,NaN,0,0.233843088150024
C004,C,1,353,1,NaN,NaN,0,0.282786846160889
C004,C,1,354,1,NaN,NaN,0,0.458127975463867
C004,C,1,355,NaN,1,0,NaN,NaN
C004,C,1,356,1,NaN,NaN,0,0.323753118515015
C004,C,1,357,1,NaN,NaN,0,0.281900882720947
C004,C,1,358,1,NaN,NaN,0,0.273856163024902
C004,C,1,359,1,NaN,NaN,0,0.285417795181274
C004,C,1,360,1,NaN,NaN,0,0.288316011428833
C004,C,1,361,1,NaN,NaN,0,0.287411212921143
C004,C,1,362,1,NaN,NaN,0,0.374330997467041
C004,C,1,363,1,NaN,NaN,0,0.34846305847168
C004,C,1,364,NaN,1,0,NaN,NaN
C004,C,1,365,1,NaN,NaN,0,0.233338117599487
C004,C,1,366,1,NaN,NaN,0,0.324059009552002
C004,C,1,367,1,NaN,NaN,0,0.318182945251465
C004,C,1,368,1,NaN,NaN,0,0.242991924285889
C004,C,1,369,1,NaN,NaN,0,0.281020879745483
C004,C,1,370,1,NaN,NaN,0,0.222702980041504
C004,C,1,371,1,NaN,NaN,0,0.189507007598877
C004,C,1,372,1,NaN,NaN,0,0.234055042266846
C004,C,1,373,1,NaN,NaN,0,0.282799005508423
C004,C,1,374,1,NaN,NaN,0,0.305295944213867
C004,C,1,375,NaN,0,1,NaN,NaN
C004,C,1,376,1,NaN,NaN,0,0.363276958465576
C004,C,1,377,1,NaN,NaN,0,0.337342023849487
C004,C,1,378,1,NaN,NaN,0,0.246665000915527
C004,C,1,379,1,NaN,NaN,0,0.267896890640259
C004,C,1,380,1,NaN,NaN,0,0.264523029327393
C004,C,1,381,1,NaN,NaN,0,0.309822082519531
C004,C,1,382,1,NaN,NaN,0,0.328675985336304
C004,C,1,383,1,NaN,NaN,0,0.317071199417114
C004,C,1,384,1,NaN,NaN,0,0.298213005065918
C004,C,1,385,NaN,1,0,NaN,NaN
C004,C,1,386,1,NaN,NaN,0,0.235676050186157
C004,C,1,387,1,NaN,NaN,0,0.198391199111938
C004,C,1,388,1,NaN,NaN,0,NaN
C004,C,1,389,1,NaN,NaN,0,0.184584140777588
C004,C,1,390,1,NaN,NaN,0,0.224735975265503
C004,C,1,391,1,NaN,NaN,0,0.353734970092773
C004,C,1,392,1,NaN,NaN,0,0.305413007736206
C004,C,1,393,1,NaN,NaN,0,0.304011821746826
C004,C,1,394,1,NaN,NaN,0,0.27319598197937
C004,C,1,395,NaN,1,0,NaN,NaN
C004,C,1,396,1,NaN,NaN,0,0.23775315284729
C004,C,1,397,1,NaN,NaN,0,NaN
C004,C,1,398,1,NaN,NaN,0,0.203715085983276
C004,C,1,399,1,NaN,NaN,0,0.212855100631714
C004,C,1,400,1,NaN,NaN,0,0.245965003967285
C004,C,1,401,1,NaN,NaN,0,0.262396097183228
C004,C,1,402,NaN,1,0,NaN,NaN
C004,C,1,403,1,NaN,NaN,0,0.607188940048218
C004,C,1,404,1,NaN,NaN,0,0.336015939712524
C004,C,1,405,1,NaN,NaN,0,0.281650066375732
C004,C,1,406,1,NaN,NaN,0,0.376070022583008
C004,C,1,407,1,NaN,NaN,0,0.351140022277832
C004,C,1,408,1,NaN,NaN,0,0.368277072906494
C004,C,1,409,NaN,1,0,NaN,NaN
C004,C,1,410,1,NaN,NaN,0,0.279128074645996
C004,C,1,411,1,NaN,NaN,0,0.226755857467651
C004,C,1,412,1,NaN,NaN,0,0.225758075714111
C004,C,1,413,1,NaN,NaN,0,0.246638059616089
C004,C,1,414,1,NaN,NaN,0,0.181961059570312
C004,C,1,415,1,NaN,NaN,0,0.259124040603638
C004,C,1,416,1,NaN,NaN,0,0.428261995315552
C004,C,1,417,1,NaN,NaN,0,0.261572122573853
C004,C,1,418,NaN,0,1,NaN,NaN
C004,C,1,419,1,NaN,NaN,0,0.257686138153076
C004,C,1,420,1,NaN,NaN,0,0.271108150482178
C004,C,1,421,1,NaN,NaN,0,0.265122890472412
C004,C,1,422,1,NaN,NaN,0,0.157857894897461
C004,C,1,423,1,NaN,NaN,0,0.183059930801392
C004,C,1,424,1,NaN,NaN,0,0.212772846221924
C004,C,1,425,1,NaN,NaN,0,0.253745079040527
C004,C,1,426,1,NaN,NaN,0,0.250746011734009
C004,C,1,427,1,NaN,NaN,0,0.267411947250366
C004,C,1,428,1,NaN,NaN,0,0.404198884963989
C004,C,1,429,1,NaN,NaN,0,0.337920188903809
C004,C,1,430,NaN,1,0,NaN,NaN
C004,C,1,431,1,NaN,NaN,0,0.483830213546753
C004,C,1,432,1,NaN,NaN,0,0.216933012008667
C004,C,1,433,1,NaN,NaN,0,0.222860097885132
C004,C,1,434,1,NaN,NaN,0,0.22654390335083
C004,C,1,435,NaN,1,0,NaN,NaN
C004,C,1,436,1,NaN,NaN,0,0.244496822357178
C004,C,1,437,1,NaN,NaN,0,0.209482192993164
C004,C,1,438,1,NaN,NaN,0,0.167649984359741
C004,C,1,439,1,NaN,NaN,0,0.218833923339844
C004,C,1,440,1,NaN,NaN,0,0.216202974319458
C004,C,1,441,1,NaN,NaN,0,0.227936029434204
C004,C,1,442,1,NaN,NaN,0,0.169312000274658
C004,C,1,443,1,NaN,NaN,0,0.286480903625488
C004,C,1,444,1,NaN,NaN,0,0.243894100189209
C004,C,1,445,NaN,0,1,NaN,NaN
C004,C,1,446,1,NaN,NaN,0,0.237915992736816
C004,C,1,447,1,NaN,NaN,0,0.153343200683594
C004,C,1,448,1,NaN,NaN,0,0.22288703918457
C004,C,1,449,1,NaN,NaN,0,0.220839023590088
C004,C,1,450,1,NaN,NaN,0,0.794341087341309
C004,C,1,451,1,NaN,NaN,0,0.488502979278564
C004,C,1,452,1,NaN,NaN,0,0.389088869094849
C004,C,1,453,NaN,1,0,NaN,NaN
C004,C,1,454,1,NaN,NaN,0,0.224918842315674
C004,C,1,455,1,NaN,NaN,0,0.219063997268677
C004,C,1,456,1,NaN,NaN,0,NaN
C004,C,1,457,1,NaN,NaN,0,0.228847026824951
C004,C,1,458,1,NaN,NaN,0,0.217895984649658
C004,C,1,459,1,NaN,NaN,0,0.255885124206543
C004,C,1,460,1,NaN,NaN,0,0.211029052734375
C004,C,1,461,1,NaN,NaN,0,0.315215110778809
C004,C,1,462,1,NaN,NaN,0,0.303807973861694
C004,C,1,463,1,NaN,NaN,0,0.229182958602905
C004,C,1,464,NaN,0,1,NaN,NaN
C004,C,1,465,1,NaN,NaN,0,0.282783985137939
C004,C,1,466,1,NaN,NaN,0,0.323486089706421
C004,C,1,467,1,NaN,NaN,0,0.242971897125244
C004,C,1,468,1,NaN,NaN,0,0.231811046600342
C004,C,1,469,1,NaN,NaN,0,0.155400037765503
C004,C,1,470,NaN,0,1,NaN,NaN
C004,C,1,471,1,NaN,NaN,0,0.263519048690796
C004,C,1,472,1,NaN,NaN,0,0.27652907371521
C004,C,1,473,1,NaN,NaN,0,0.16707181930542
C004,C,1,474,0,NaN,NaN,1,NaN
C004,C,1,475,1,NaN,NaN,0,0.343507051467896
C004,C,1,476,1,NaN,NaN,0,0.20819091796875
C004,C,1,477,1,NaN,NaN,0,0.261261940002441
C004,C,1,478,1,NaN,NaN,0,NaN
C004,C,1,479,1,NaN,NaN,0,0.305183172225952
C004,C,1,480,1,NaN,NaN,0,0.422114133834839
C004,C,1,481,1,NaN,NaN,0,0.383286952972412
C004,C,1,482,1,NaN,NaN,0,0.380353927612305
C004,C,1,483,NaN,1,0,NaN,NaN
C004,C,1,484,1,NaN,NaN,0,0.21638298034668
C004,C,1,485,1,NaN,NaN,0,0.211803913116455
C004,C,1,486,1,NaN,NaN,0,0.213840961456299
C004,C,1,487,1,NaN,NaN,0,0.229130029678345
C004,C,1,488,1,NaN,NaN,0,0.24531102180481
C004,C,1,489,1,NaN,NaN,0,0.27499794960022
C004,C,1,490,1,NaN,NaN,0,0.304010152816772
C004,C,1,491,1,NaN,NaN,0,0.240272998809814
C004,C,1,492,1,NaN,NaN,0,0.242900848388672
C004,C,1,493,NaN,1,0,NaN,NaN
C004,C,1,494,1,NaN,NaN,0,NaN
C004,C,1,495,1,NaN,NaN,0,0.162276029586792
C004,C,1,496,1,NaN,NaN,0,0.153550148010254
C004,C,2,1,1,NaN,NaN,0,0.640684843063354
C004,C,2,2,1,NaN,NaN,0,0.316003084182739
C004,C,2,3,NaN,0,1,NaN,NaN
C004,C,2,4,1,NaN,NaN,0,0.261187076568604
C004,C,2,5,1,NaN,NaN,0,0.248372793197632
C004,C,2,6,1,NaN,NaN,0,0.211424112319946
C004,C,2,7,1,NaN,NaN,0,0.223541975021362
C004,C,2,8,1,NaN,NaN,0,0.210157155990601
C004,C,2,9,1,NaN,NaN,0,0.225131988525391
C004,C,2,10,1,NaN,NaN,0,0.317961931228638
C004,C,2,11,1,NaN,NaN,0,0.316433906555176
C004,C,2,12,1,NaN,NaN,0,0.292557001113892
C004,C,2,13,1,NaN,NaN,0,0.279662132263184
C004,C,2,14,1,NaN,NaN,0,0.288876056671143
C004,C,2,15,1,NaN,NaN,0,0.313400983810425
C004,C,2,16,NaN,1,0,NaN,NaN
C004,C,2,17,1,NaN,NaN,0,0.255285024642944
C004,C,2,18,1,NaN,NaN,0,0.204903125762939
C004,C,2,19,1,NaN,NaN,0,NaN
C004,C,2,20,NaN,0,1,NaN,NaN
C004,C,2,21,1,NaN,NaN,0,0.237420082092285
C004,C,2,22,1,NaN,NaN,0,0.209100961685181
C004,C,2,23,1,NaN,NaN,0,0.24893593788147
C004,C,2,24,1,NaN,NaN,0,0.294746875762939
C004,C,2,25,1,NaN,NaN,0,0.304129123687744
C004,C,2,26,1,NaN,NaN,0,0.321769952774048
C004,C,2,27,1,NaN,NaN,0,0.32345986366272
C004,C,2,28,1,NaN,NaN,0,0.3036949634552
C004,C,2,29,1,NaN,NaN,0,0.347386121749878
C004,C,2,30,1,NaN,NaN,0,0.358849048614502
C004,C,2,31,NaN,1,0,NaN,NaN
C004,C,2,32,1,NaN,NaN,0,0.326987028121948
C004,C,2,33,1,NaN,NaN,0,0.170671939849854
C004,C,2,34,1,NaN,NaN,0,0.202951192855835
C004,C,2,35,1,NaN,NaN,0,0.230057001113892
C004,C,2,36,1,NaN,NaN,0,0.218369960784912
C004,C,2,37,1,NaN,NaN,0,0.30307412147522
C004,C,2,38,1,NaN,NaN,0,0.312043905258179
C004,C,2,39,NaN,0,1,NaN,NaN
C004,C,2,40,1,NaN,NaN,0,0.238513946533203
C004,C,2,41,1,NaN,NaN,0,0.169515132904053
C004,C,2,42,1,NaN,NaN,0,0.234264135360718
C004,C,2,43,1,NaN,NaN,0,0.246493101119995
C004,C,2,44,1,NaN,NaN,0,0.271950960159302
C004,C,2,45,1,NaN,NaN,0,0.297365188598633
C004,C,2,46,1,NaN,NaN,0,0.358434915542603
C004,C,2,47,1,NaN,NaN,0,0.372730016708374
C004,C,2,48,1,NaN,NaN,0,0.385947942733765
C004,C,2,49,1,NaN,NaN,0,0.370858907699585
C004,C,2,50,1,NaN,NaN,0,0.338600873947144
C004,C,2,51,1,NaN,NaN,0,0.391695022583008
C004,C,2,52,1,NaN,NaN,0,0.888618946075439
C004,C,2,53,NaN,1,0,NaN,NaN
C004,C,2,54,1,NaN,NaN,0,0.281126022338867
C004,C,2,55,1,NaN,NaN,0,0.249520778656006
C004,C,2,56,NaN,0,1,NaN,NaN
C004,C,2,57,1,NaN,NaN,0,0.302450895309448
C004,C,2,58,1,NaN,NaN,0,0.257048845291138
C004,C,2,59,1,NaN,NaN,0,0.377930879592896
C004,C,2,60,1,NaN,NaN,0,0.299034118652344
C004,C,2,61,1,NaN,NaN,0,0.285502910614014
C004,C,2,62,1,NaN,NaN,0,0.264502048492432
C004,C,2,63,1,NaN,NaN,0,0.362212896347046
C004,C,2,64,1,NaN,NaN,0,0.306652069091797
C004,C,2,65,1,NaN,NaN,0,0.291588068008423
C004,C,2,66,1,NaN,NaN,0,0.274600982666016
C004,C,2,67,NaN,0,1,NaN,NaN
C004,C,2,68,1,NaN,NaN,0,0.29410195350647
C004,C,2,69,1,NaN,NaN,0,NaN
C004,C,2,70,1,NaN,NaN,0,0.151504993438721
C004,C,2,71,1,NaN,NaN,0,0.288506031036377
C004,C,2,72,1,NaN,NaN,0,0.317407131195068
C004,C,2,73,1,NaN,NaN,0,0.386648893356323
C004,C,2,74,1,NaN,NaN,0,0.317330121994019
C004,C,2,75,1,NaN,NaN,0,0.269132852554321
C004,C,2,76,1,NaN,NaN,0,0.311188936233521
C004,C,2,77,NaN,1,0,NaN,NaN
C004,C,2,78,1,NaN,NaN,0,0.285128116607666
C004,C,2,79,1,NaN,NaN,0,0.275207996368408
C004,C,2,80,1,NaN,NaN,0,0.232192993164062
C004,C,2,81,1,NaN,NaN,0,0.245317935943604
C004,C,2,82,1,NaN,NaN,0,0.307169198989868
C004,C,2,83,1,NaN,NaN,0,0.333659887313843
C004,C,2,84,1,NaN,NaN,0,0.306064128875732
C004,C,2,85,1,NaN,NaN,0,0.279045104980469
C004,C,2,86,NaN,0,1,NaN,NaN
C004,C,2,87,1,NaN,NaN,0,0.244474172592163
C004,C,2,88,1,NaN,NaN,0,0.21242880821228
C004,C,2,89,1,NaN,NaN,0,0.90346097946167
C004,C,2,90,1,NaN,NaN,0,0.383859872817993
C004,C,2,91,1,NaN,NaN,0,0.324295043945312
C004,C,2,92,1,NaN,NaN,0,0.354223012924194
C004,C,2,93,1,NaN,NaN,0,0.352619886398315
C004,C,2,94,NaN,1,0,NaN,NaN
C004,C,2,95,1,NaN,NaN,0,0.378190994262695
C004,C,2,96,1,NaN,NaN,0,0.213892936706543
C004,C,2,97,1,NaN,NaN,0,0.284034013748169
C004,C,2,98,1,NaN,NaN,0,0.424018144607544
C004,C,2,99,1,NaN,NaN,0,0.324518918991089
C004,C,2,100,1,NaN,NaN,0,0.362524032592773
C004,C,2,101,1,NaN,NaN,0,0.319533109664917
C004,C,2,102,1,NaN,NaN,0,0.322607040405273
C004,C,2,103,1,NaN,NaN,0,0.328098058700562
C004,C,2,104,1,NaN,NaN,0,0.371479988098145
C004,C,2,105,NaN,1,0,NaN,NaN
C004,C,2,106,1,NaN,NaN,0,0.357919216156006
C004,C,2,107,1,NaN,NaN,0,0.281095027923584
C004,C,2,108,1,NaN,NaN,0,0.228704929351807
C004,C,2,109,1,NaN,NaN,0,0.297992944717407
C004,C,2,110,NaN,1,0,NaN,NaN
C004,C,2,111,1,NaN,NaN,0,0.263427019119263
C004,C,2,112,1,NaN,NaN,0,0.212460041046143
C004,C,2,113,1,NaN,NaN,0,0.21164083480835
C004,C,2,114,1,NaN,NaN,0,0.228805065155029
C004,C,2,115,1,NaN,NaN,0,0.264913082122803
C004,C,2,116,1,NaN,NaN,0,0.260910034179688
C004,C,2,117,1,NaN,NaN,0,0.378383874893188
C004,C,2,118,1,NaN,NaN,0,0.315291881561279
C004,C,2,119,NaN,0,1,NaN,NaN
C004,C,2,120,1,NaN,NaN,0,0.288161993026733
C004,C,2,121,1,NaN,NaN,0,0.30573296546936
C004,C,2,122,1,NaN,NaN,0,0.290617942810059
C004,C,2,123,1,NaN,NaN,0,0.393491983413696
C004,C,2,124,1,NaN,NaN,0,0.353767156600952
C004,C,2,125,1,NaN,NaN,0,0.310982942581177
C004,C,2,126,1,NaN,NaN,0,0.434823036193848
C004,C,2,127,1,NaN,NaN,0,0.32103705406189
C004,C,2,128,1,NaN,NaN,0,0.324122905731201
C004,C,2,129,1,NaN,NaN,0,0.302632808685303
C004,C,2,130,1,NaN,NaN,0,0.294011116027832
C004,C,2,131,1,NaN,NaN,0,0.294764995574951
C004,C,2,132,NaN,0,1,NaN,NaN
C004,C,2,133,1,NaN,NaN,0,0.52775502204895
C004,C,2,134,1,NaN,NaN,0,0.297528982162476
C004,C,2,135,1,NaN,NaN,0,0.292327165603638
C004,C,2,136,1,NaN,NaN,0,0.351724863052368
C004,C,2,137,1,NaN,NaN,0,0.325721979141235
C004,C,2,138,1,NaN,NaN,0,0.442779064178467
C004,C,2,139,1,NaN,NaN,0,0.294530868530273
C004,C,2,140,NaN,1,0,NaN,NaN
C004,C,2,141,1,NaN,NaN,0,0.276514053344727
C004,C,2,142,1,NaN,NaN,0,0.265733003616333
C004,C,2,143,1,NaN,NaN,0,0.266216993331909
C004,C,2,144,1,NaN,NaN,0,0.303203105926514
C004,C,2,145,1,NaN,NaN,0,0.328428030014038
C004,C,2,146,1,NaN,NaN,0,0.333525896072388
C004,C,2,147,1,NaN,NaN,0,0.281945943832397
C004,C,2,148,1,NaN,NaN,0,0.351511001586914
C004,C,2,149,1,NaN,NaN,0,0.320697069168091
C004,C,2,150,1,NaN,NaN,0,0.28349494934082
C004,C,2,151,1,NaN,NaN,0,0.31662392616272
C004,C,2,152,NaN,1,0,NaN,NaN
C004,C,2,153,1,NaN,NaN,0,0.266954898834229
C004,C,2,154,1,NaN,NaN,0,0.220727920532227
C004,C,2,155,1,NaN,NaN,0,0.277887105941772
C004,C,2,156,1,NaN,NaN,0,0.291364908218384
C004,C,2,157,1,NaN,NaN,0,0.24655294418335
C004,C,2,158,NaN,0,1,NaN,NaN
C004,C,2,159,1,NaN,NaN,0,0.223618030548096
C004,C,2,160,1,NaN,NaN,0,0.221594095230103
C004,C,2,161,1,NaN,NaN,0,0.254338026046753
C004,C,2,162,1,NaN,NaN,0,0.258898019790649
C004,C,2,163,1,NaN,NaN,0,0.387728929519653
C004,C,2,164,1,NaN,NaN,0,0.284681081771851
C004,C,2,165,1,NaN,NaN,0,0.246806144714355
C004,C,2,166,1,NaN,NaN,0,0.298276901245117
C004,C,2,167,NaN,0,1,NaN,NaN
C004,C,2,168,1,NaN,NaN,0,0.287347078323364
C004,C,2,169,1,NaN,NaN,0,0.240105152130127
C004,C,2,170,1,NaN,NaN,0,0.328228950500488
C004,C,2,171,1,NaN,NaN,0,0.21355414390564
C004,C,2,172,1,NaN,NaN,0,0.282533884048462
C004,C,2,173,1,NaN,NaN,0,0.332622051239014
C004,C,2,174,1,NaN,NaN,0,0.71895694732666
C004,C,2,175,NaN,1,0,NaN,NaN
C004,C,2,176,1,NaN,NaN,0,0.306378126144409
C004,C,2,177,1,NaN,NaN,0,0.265448093414307
C004,C,2,178,1,NaN,NaN,0,0.297338962554932
C004,C,2,179,1,NaN,NaN,0,0.305143117904663
C004,C,2,180,1,NaN,NaN,0,0.375594139099121
C004,C,2,181,1,NaN,NaN,0,0.328691005706787
C004,C,2,182,1,NaN,NaN,0,0.27397894859314
C004,C,2,183,1,NaN,NaN,0,0.308681964874268
C004,C,2,184,1,NaN,NaN,0,0.333631992340088
C004,C,2,185,1,NaN,NaN,0,0.299026012420654
C004,C,2,186,1,NaN,NaN,0,0.275859832763672
C004,C,2,187,NaN,1,0,NaN,NaN
C004,C,2,188,1,NaN,NaN,0,0.524596929550171
C004,C,2,189,1,NaN,NaN,0,0.225471019744873
C004,C,2,190,1,NaN,NaN,0,0.267882108688354
C004,C,2,191,1,NaN,NaN,0,0.299130916595459
C004,C,2,192,1,NaN,NaN,0,0.260078907012939
C004,C,2,193,1,NaN,NaN,0,0.268832206726074
C004,C,2,194,1,NaN,NaN,0,0.310208082199097
C004,C,2,195,1,NaN,NaN,0,0.29782509803772
C004,C,2,196,NaN,0,1,NaN,NaN
C004,C,2,197,1,NaN,NaN,0,0.213258028030396
C004,C,2,198,1,NaN,NaN,0,0.167304992675781
C004,C,2,199,1,NaN,NaN,0,0.174343824386597
C004,C,2,200,1,NaN,NaN,0,0.160473823547363
C004,C,2,201,1,NaN,NaN,0,0.18768310546875
C004,C,2,202,NaN,1,0,NaN,NaN
C004,C,2,203,1,NaN,NaN,0,0.220641136169434
C004,C,2,204,1,NaN,NaN,0,0.21402907371521
C004,C,2,205,1,NaN,NaN,0,NaN
C004,C,2,206,1,NaN,NaN,0,0.236357927322388
C004,C,2,207,1,NaN,NaN,0,0.276495933532715
C004,C,2,208,1,NaN,NaN,0,0.229444026947021
C004,C,2,209,NaN,0,1,NaN,NaN
C004,C,2,210,1,NaN,NaN,0,0.252541065216064
C004,C,2,211,1,NaN,NaN,0,0.210325956344604
C004,C,2,212,1,NaN,NaN,0,0.192477941513062
C004,C,2,213,1,NaN,NaN,0,NaN
C004,C,2,214,1,NaN,NaN,0,0.231989145278931
C004,C,2,215,1,NaN,NaN,0,0.251949071884155
C004,C,2,216,1,NaN,NaN,0,0.250014066696167
C004,C,2,217,1,NaN,NaN,0,0.252161026000977
C004,C,2,218,1,NaN,NaN,0,0.276956081390381
C004,C,2,219,1,NaN,NaN,0,0.342572212219238
C004,C,2,220,1,NaN,NaN,0,0.262048006057739
C004,C,2,221,1,NaN,NaN,0,0.265466928482056
C004,C,2,222,1,NaN,NaN,0,0.256905078887939
C004,C,2,223,NaN,0,1,NaN,NaN
C004,C,2,224,1,NaN,NaN,0,0.279672861099243
C004,C,2,225,1,NaN,NaN,0,0.191473960876465
C004,C,2,226,1,NaN,NaN,0,0.244644165039062
C004,C,2,227,NaN,0,1,NaN,NaN
C004,C,2,228,1,NaN,NaN,0,0.278528213500977
C004,C,2,229,1,NaN,NaN,0,0.214759111404419
C004,C,2,230,1,NaN,NaN,0,0.265125036239624
C004,C,2,231,1,NaN,NaN,0,0.288125991821289
C004,C,2,232,1,NaN,NaN,0,0.277951002120972
C004,C,2,233,1,NaN,NaN,0,0.289576053619385
C004,C,2,234,1,NaN,NaN,0,0.278152942657471
C004,C,2,235,1,NaN,NaN,0,0.302925109863281
C004,C,2,236,1,NaN,NaN,0,0.196306943893433
C004,C,2,237,1,NaN,NaN,0,0.219784021377563
C004,C,2,238,1,NaN,NaN,0,0.264830827713013
C004,C,2,239,1,NaN,NaN,0,NaN
C004,C,2,240,1,NaN,NaN,0,0.249156951904297
C004,C,2,241,1,NaN,NaN,0,0.199795961380005
C004,C,2,242,NaN,0,1,NaN,NaN
C004,C,2,243,1,NaN,NaN,0,0.241440057754517
C004,C,2,244,1,NaN,NaN,0,NaN
C004,C,2,245,1,NaN,NaN,0,NaN
C004,C,2,246,1,NaN,NaN,0,NaN
C004,C,2,247,0,NaN,NaN,1,NaN
C004,C,2,248,1,NaN,NaN,0,0.264681100845337
C004,C,2,249,1,NaN,NaN,0,0.269038200378418
C004,C,2,250,1,NaN,NaN,0,0.224068880081177
C004,C,2,251,NaN,0,1,NaN,NaN
C004,C,2,252,1,NaN,NaN,0,0.23600697517395
C004,C,2,253,1,NaN,NaN,0,0.249030828475952
C004,C,2,254,1,NaN,NaN,0,0.184717178344727
C004,C,2,255,1,NaN,NaN,0,0.237277984619141
C004,C,2,256,1,NaN,NaN,0,0.221593856811523
C004,C,2,257,1,NaN,NaN,0,0.258193016052246
C004,C,2,258,NaN,0,1,NaN,NaN
C004,C,2,259,1,NaN,NaN,0,0.597960948944092
C004,C,2,260,1,NaN,NaN,0,0.30231785774231
C004,C,2,261,1,NaN,NaN,0,0.259042978286743
C004,C,2,262,1,NaN,NaN,0,0.323816061019897
C004,C,2,263,1,NaN,NaN,0,0.336810827255249
C004,C,2,264,1,NaN,NaN,0,0.319785118103027
C004,C,2,265,1,NaN,NaN,0,0.264704942703247
C004,C,2,266,1,NaN,NaN,0,0.338106870651245
C004,C,2,267,NaN,1,0,NaN,NaN
C004,C,2,268,1,NaN,NaN,0,0.287950038909912
C004,C,2,269,1,NaN,NaN,0,0.156677961349487
C004,C,2,270,1,NaN,NaN,0,NaN
C004,C,2,271,1,NaN,NaN,0,0.27526593208313
C004,C,2,272,1,NaN,NaN,0,0.327924966812134
C004,C,2,273,NaN,1,0,NaN,NaN
C004,C,2,274,1,NaN,NaN,0,0.250208854675293
C004,C,2,275,1,NaN,NaN,0,0.201242923736572
C004,C,2,276,1,NaN,NaN,0,0.230788946151733
C004,C,2,277,1,NaN,NaN,0,0.225425004959106
C004,C,2,278,1,NaN,NaN,0,NaN
C004,C,2,279,1,NaN,NaN,0,0.232345104217529
C004,C,2,280,1,NaN,NaN,0,0.329205989837646
C004,C,2,281,1,NaN,NaN,0,0.397787094116211
C004,C,2,282,1,NaN,NaN,0,0.287693023681641
C004,C,2,283,1,NaN,NaN,0,0.315405130386353
C004,C,2,284,1,NaN,NaN,0,0.328119993209839
C004,C,2,285,NaN,1,0,NaN,NaN
C004,C,2,286,1,NaN,NaN,0,0.191893100738525
C004,C,2,287,1,NaN,NaN,0,0.228286027908325
C004,C,2,288,1,NaN,NaN,0,0.26305890083313
C004,C,2,289,1,NaN,NaN,0,0.246102094650269
C004,C,2,290,1,NaN,NaN,0,0.287748098373413
C004,C,2,291,NaN,0,1,NaN,NaN
C004,C,2,292,1,NaN,NaN,0,0.228353977203369
C004,C,2,293,1,NaN,NaN,0,0.277194023132324
C004,C,2,294,1,NaN,NaN,0,0.289899110794067
C004,C,2,295,1,NaN,NaN,0,0.306527853012085
C004,C,2,296,1,NaN,NaN,0,0.443137884140015
C004,C,2,297,1,NaN,NaN,0,0.31685996055603
C004,C,2,298,1,NaN,NaN,0,0.24561619758606
C004,C,2,299,NaN,1,0,NaN,NaN
C004,C,2,300,1,NaN,NaN,0,0.229778051376343
C004,C,2,301,1,NaN,NaN,0,0.181058883666992
C004,C,2,302,1,NaN,NaN,0,0.200238943099976
C004,C,2,303,1,NaN,NaN,0,0.265438079833984
C004,C,2,304,1,NaN,NaN,0,0.290190935134888
C004,C,2,305,1,NaN,NaN,0,0.255805015563965
C004,C,2,306,1,NaN,NaN,0,0.264959096908569
C004,C,2,307,1,NaN,NaN,0,0.265402793884277
C004,C,2,308,1,NaN,NaN,0,0.295827865600586
C004,C,2,309,1,NaN,NaN,0,0.318660020828247
C004,C,2,310,1,NaN,NaN,0,0.40188193321228
C004,C,2,311,1,NaN,NaN,0,0.29050087928772
C004,C,2,312,1,NaN,NaN,0,0.265424013137817
C004,C,2,313,NaN,0,1,NaN,NaN
C004,C,2,314,1,NaN,NaN,0,0.202621936798096
C004,C,2,315,1,NaN,NaN,0,NaN
C004,C,2,316,1,NaN,NaN,0,1.11494398117065
C004,C,2,317,0,NaN,NaN,1,NaN
C004,C,2,318,1,NaN,NaN,0,NaN
C004,C,2,319,1,NaN,NaN,0,NaN
C004,C,2,320,1,NaN,NaN,0,0.24108099937439
C004,C,2,321,NaN,1,0,NaN,NaN
C004,C,2,322,1,NaN,NaN,0,0.220273971557617
C004,C,2,323,1,NaN,NaN,0,0.245491027832031
C004,C,2,324,1,NaN,NaN,0,0.152117013931274
C004,C,2,325,1,NaN,NaN,0,NaN
C004,C,2,326,1,NaN,NaN,0,0.160864114761353
C004,C,2,327,1,NaN,NaN,0,0.219497203826904
C004,C,2,328,1,NaN,NaN,0,0.302575826644897
C004,C,2,329,1,NaN,NaN,0,0.293004989624023
C004,C,2,330,1,NaN,NaN,0,0.205332040786743
C004,C,2,331,1,NaN,NaN,0,0.256978988647461
C004,C,2,332,NaN,1,0,NaN,NaN
C004,C,2,333,1,NaN,NaN,0,0.20765495300293
C004,C,2,334,1,NaN,NaN,0,0.212862968444824
C004,C,2,335,1,NaN,NaN,0,0.19507908821106
C004,C,2,336,1,NaN,NaN,0,NaN
C004,C,2,337,1,NaN,NaN,0,0.260754108428955
C004,C,2,338,1,NaN,NaN,0,0.1944260597229
C004,C,2,339,NaN,1,0,NaN,NaN
C004,C,2,340,1,NaN,NaN,0,0.231935024261475
C004,C,2,341,1,NaN,NaN,0,0.23906397819519
C004,C,2,342,1,NaN,NaN,0,0.205735921859741
C004,C,2,343,1,NaN,NaN,0,0.239702939987183
C004,C,2,344,1,NaN,NaN,0,0.285120964050293
C004,C,2,345,1,NaN,NaN,0,0.261510133743286
C004,C,2,346,1,NaN,NaN,0,0.345468997955322
C004,C,2,347,1,NaN,NaN,0,0.335021018981934
C004,C,2,348,1,NaN,NaN,0,0.336745023727417
C004,C,2,349,NaN,1,0,NaN,NaN
C004,C,2,350,1,NaN,NaN,0,0.320093870162964
C004,C,2,351,1,NaN,NaN,0,0.293174982070923
C004,C,2,352,1,NaN,NaN,0,0.272244930267334
C004,C,2,353,1,NaN,NaN,0,0.27889609336853
C004,C,2,354,1,NaN,NaN,0,0.52134108543396
C004,C,2,355,NaN,1,0,NaN,NaN
C004,C,2,356,1,NaN,NaN,0,0.267788887023926
C004,C,2,357,1,NaN,NaN,0,0.232781887054443
C004,C,2,358,1,NaN,NaN,0,0.234177112579346
C004,C,2,359,1,NaN,NaN,0,0.185564994812012
C004,C,2,360,1,NaN,NaN,0,0.210275888442993
C004,C,2,361,1,NaN,NaN,0,0.226814985275269
C004,C,2,362,1,NaN,NaN,0,0.183328151702881
C004,C,2,363,1,NaN,NaN,0,0.265285015106201
C004,C,2,364,1,NaN,NaN,0,0.247176885604858
C004,C,2,365,1,NaN,NaN,0,0.240541934967041
C004,C,2,366,1,NaN,NaN,0,0.209022998809814
C004,C,2,367,NaN,1,0,NaN,NaN
C004,C,2,368,1,NaN,NaN,0,0.204836130142212
C004,C,2,369,1,NaN,NaN,0,0.222949981689453
C004,C,2,370,1,NaN,NaN,0,0.244518995285034
C004,C,2,371,1,NaN,NaN,0,NaN
C004,C,2,372,1,NaN,NaN,0,0.253442049026489
C004,C,2,373,NaN,0,1,NaN,NaN
C004,C,2,374,1,NaN,NaN,0,0.209394931793213
C004,C,2,375,1,NaN,NaN,0,NaN
C004,C,2,376,1,NaN,NaN,0,NaN
C004,C,2,377,1,NaN,NaN,0,0.288388967514038
C004,C,2,378,1,NaN,NaN,0,0.339873075485229
C004,C,2,379,1,NaN,NaN,0,0.268201112747192
C004,C,2,380,1,NaN,NaN,0,NaN
C004,C,2,381,1,NaN,NaN,0,0.291885852813721
C004,C,2,382,1,NaN,NaN,0,0.352336168289185
C004,C,2,383,1,NaN,NaN,0,0.329771041870117
C004,C,2,384,1,NaN,NaN,0,0.351548194885254
C004,C,2,385,1,NaN,NaN,0,0.331958055496216
C004,C,2,386,NaN,1,0,NaN,NaN
C004,C,2,387,1,NaN,NaN,0,NaN
C004,C,2,388,1,NaN,NaN,0,0.256192922592163
C004,C,2,389,1,NaN,NaN,0,0.323093891143799
C004,C,2,390,1,NaN,NaN,0,NaN
C004,C,2,391,1,NaN,NaN,0,0.297353982925415
C004,C,2,392,1,NaN,NaN,0,0.292473077774048
C004,C,2,393,NaN,0,1,NaN,NaN
C004,C,2,394,1,NaN,NaN,0,0.289823055267334
C004,C,2,395,1,NaN,NaN,0,0.243405103683472
C004,C,2,396,1,NaN,NaN,0,0.234334945678711
C004,C,2,397,1,NaN,NaN,0,0.277992963790894
C004,C,2,398,1,NaN,NaN,0,0.269835948944092
C004,C,2,399,1,NaN,NaN,0,0.339503049850464
C004,C,2,400,1,NaN,NaN,0,0.333112955093384
C004,C,2,401,1,NaN,NaN,0,0.269410133361816
C004,C,2,402,1,NaN,NaN,0,0.323269128799438
C004,C,2,403,NaN,0,1,NaN,NaN
C004,C,2,404,1,NaN,NaN,0,0.26161003112793
C004,C,2,405,1,NaN,NaN,0,0.289999961853027
C004,C,2,406,1,NaN,NaN,0,NaN
C004,C,2,407,1,NaN,NaN,0,0.494356155395508
C004,C,2,408,NaN,0,1,NaN,NaN
C004,C,2,409,1,NaN,NaN,0,0.28774619102478
C004,C,2,410,1,NaN,NaN,0,0.269731998443604
C004,C,2,411,1,NaN,NaN,0,0.246386051177979
C004,C,2,412,1,NaN,NaN,0,0.267486810684204
C004,C,2,413,1,NaN,NaN,0,0.249361038208008
C004,C,2,414,1,NaN,NaN,0,NaN
C004,C,2,415,1,NaN,NaN,0,0.250984191894531
C004,C,2,416,1,NaN,NaN,0,0.226917028427124
C004,C,2,417,1,NaN,NaN,0,0.272029876708984
C004,C,2,418,1,NaN,NaN,0,0.278337001800537
C004,C,2,419,NaN,0,1,NaN,NaN
C004,C,2,420,1,NaN,NaN,0,0.153357028961182
C004,C,2,421,1,NaN,NaN,0,0.182395935058594
C004,C,2,422,1,NaN,NaN,0,0.208619832992554
C004,C,2,423,1,NaN,NaN,0,0.83778715133667
C004,C,2,424,1,NaN,NaN,0,0.372220993041992
C004,C,2,425,1,NaN,NaN,0,0.280111074447632
C004,C,2,426,NaN,1,0,NaN,NaN
C004,C,2,427,1,NaN,NaN,0,0.186248064041138
C004,C,2,428,1,NaN,NaN,0,0.154868125915527
C004,C,2,429,1,NaN,NaN,0,1.01563501358032
C004,C,2,430,1,NaN,NaN,0,0.599377870559692
C004,C,2,431,1,NaN,NaN,0,0.284489870071411
C004,C,2,432,1,NaN,NaN,0,0.308465003967285
C004,C,2,433,1,NaN,NaN,0,0.304491996765137
C004,C,2,434,1,NaN,NaN,0,0.297601938247681
C004,C,2,435,1,NaN,NaN,0,0.330646991729736
C004,C,2,436,1,NaN,NaN,0,0.317299127578735
C004,C,2,437,NaN,1,0,NaN,NaN
C004,C,2,438,1,NaN,NaN,0,0.234802007675171
C004,C,2,439,1,NaN,NaN,0,NaN
C004,C,2,440,1,NaN,NaN,0,0.224532842636108
C004,C,2,441,1,NaN,NaN,0,0.289209127426147
C004,C,2,442,1,NaN,NaN,0,0.267658948898315
C004,C,2,443,1,NaN,NaN,0,0.229549169540405
C004,C,2,444,1,NaN,NaN,0,0.243581056594849
C004,C,2,445,1,NaN,NaN,0,0.258007049560547
C004,C,2,446,NaN,0,1,NaN,NaN
C004,C,2,447,1,NaN,NaN,0,0.212072849273682
C004,C,2,448,1,NaN,NaN,0,0.969244003295898
C004,C,2,449,0,NaN,NaN,1,NaN
C004,C,2,450,1,NaN,NaN,0,NaN
C004,C,2,451,1,NaN,NaN,0,NaN
C004,C,2,452,1,NaN,NaN,0,0.163222074508667
C004,C,2,453,NaN,0,1,NaN,NaN
C004,C,2,454,1,NaN,NaN,0,0.29558801651001
C004,C,2,455,1,NaN,NaN,0,0.191858053207397
C004,C,2,456,1,NaN,NaN,0,NaN
C004,C,2,457,0,NaN,NaN,1,NaN
C004,C,2,458,1,NaN,NaN,0,0.257856845855713
C004,C,2,459,1,NaN,NaN,0,0.324962854385376
C004,C,2,460,1,NaN,NaN,0,0.340749979019165
C004,C,2,461,1,NaN,NaN,0,0.290606021881104
C004,C,2,462,1,NaN,NaN,0,0.340344190597534
C004,C,2,463,1,NaN,NaN,0,0.318027973175049
C004,C,2,464,1,NaN,NaN,0,0.370116949081421
C004,C,2,465,1,NaN,NaN,0,0.337939977645874
C004,C,2,466,NaN,1,0,NaN,NaN
C004,C,2,467,1,NaN,NaN,0,0.513322114944458
C004,C,2,468,1,NaN,NaN,0,0.35618782043457
C004,C,2,469,1,NaN,NaN,0,0.412651062011719
C004,C,2,470,1,NaN,NaN,0,0.373594045639038
C004,C,2,471,1,NaN,NaN,0,0.22434401512146
C004,C,2,472,1,NaN,NaN,0,0.263597965240479
C004,C,2,473,NaN,1,0,NaN,NaN
C004,C,2,474,1,NaN,NaN,0,0.262529134750366
C004,C,2,475,1,NaN,NaN,0,NaN
C004,C,2,476,0,NaN,NaN,1,NaN
C004,C,2,477,1,NaN,NaN,0,NaN
C004,C,2,478,1,NaN,NaN,0,NaN
C004,C,2,479,1,NaN,NaN,0,NaN
C004,C,2,480,1,NaN,NaN,0,0.193681001663208
C004,C,2,481,1,NaN,NaN,0,NaN
C004,C,2,482,1,NaN,NaN,0,NaN
C004,C,2,483,1,NaN,NaN,0,NaN
C004,C,2,484,1,NaN,NaN,0,NaN
C004,C,2,485,NaN,1,0,NaN,NaN
C004,C,2,486,1,NaN,NaN,0,0.362818002700806
C004,C,2,487,1,NaN,NaN,0,0.252996206283569
C004,C,2,488,1,NaN,NaN,0,0.205853939056396
C004,C,2,489,1,NaN,NaN,0,0.306218862533569
C004,C,2,490,1,NaN,NaN,0,0.304866075515747
C004,C,2,491,NaN,1,0,NaN,NaN
C004,C,2,492,1,NaN,NaN,0,0.246648073196411
C004,C,2,493,1,NaN,NaN,0,0.207626104354858
C004,C,2,494,1,NaN,NaN,0,0.236649990081787
C004,C,2,495,1,NaN,NaN,0,0.277878999710083
C004,C,2,496,1,NaN,NaN,0,0.303386926651001
C004,C,2,497,1,NaN,NaN,0,0.322521924972534
C004,C,2,498,1,NaN,NaN,0,0.290833950042725
C004,C,2,499,1,NaN,NaN,0,0.197394847869873
C004,C,2,500,1,NaN,NaN,0,0.237237215042114
C004,C,2,501,1,NaN,NaN,0,0.339328050613403
C004,C,2,502,NaN,0,1,NaN,NaN
C004,C,2,503,1,NaN,NaN,0,NaN
C004,C,2,504,0,NaN,NaN,1,NaN
C004,C,2,505,1,NaN,NaN,0,NaN
C004,C,3,1,1,NaN,NaN,0,0.356411933898926
C004,C,3,2,1,NaN,NaN,0,0.276304006576538
C004,C,3,3,1,NaN,NaN,0,0.285650014877319
C004,C,3,4,NaN,0,1,NaN,NaN
C004,C,3,5,1,NaN,NaN,0,0.331964015960693
C004,C,3,6,1,NaN,NaN,0,0.287883996963501
C004,C,3,7,1,NaN,NaN,0,0.321177959442139
C004,C,3,8,1,NaN,NaN,0,0.274341821670532
C004,C,3,9,1,NaN,NaN,0,0.423879861831665
C004,C,3,10,1,NaN,NaN,0,0.385409116744995
C004,C,3,11,1,NaN,NaN,0,0.404855966567993
C004,C,3,12,NaN,1,0,NaN,NaN
C004,C,3,13,1,NaN,NaN,0,0.221717119216919
C004,C,3,14,1,NaN,NaN,0,0.245537042617798
C004,C,3,15,1,NaN,NaN,0,0.376605987548828
C004,C,3,16,1,NaN,NaN,0,0.316874027252197
C004,C,3,17,1,NaN,NaN,0,0.220279932022095
C004,C,3,18,1,NaN,NaN,0,0.341238975524902
C004,C,3,19,1,NaN,NaN,0,0.253637075424194
C004,C,3,20,1,NaN,NaN,0,0.302798986434937
C004,C,3,21,1,NaN,NaN,0,0.235973119735718
C004,C,3,22,1,NaN,NaN,0,0.305289030075073
C004,C,3,23,1,NaN,NaN,0,0.263609170913696
C004,C,3,24,1,NaN,NaN,0,0.234035015106201
C004,C,3,25,NaN,1,0,NaN,NaN
C004,C,3,26,1,NaN,NaN,0,0.191342115402222
C004,C,3,27,1,NaN,NaN,0,0.199692010879517
C004,C,3,28,1,NaN,NaN,0,0.284565925598145
C004,C,3,29,1,NaN,NaN,0,0.24254298210144
C004,C,3,30,1,NaN,NaN,0,0.267512083053589
C004,C,3,31,1,NaN,NaN,0,0.258445978164673
C004,C,3,32,1,NaN,NaN,0,0.277050018310547
C004,C,3,33,1,NaN,NaN,0,0.2740159034729
C004,C,3,34,1,NaN,NaN,0,0.310573101043701
C004,C,3,35,NaN,0,1,NaN,NaN
C004,C,3,36,1,NaN,NaN,0,0.22008204460144
C004,C,3,37,1,NaN,NaN,0,NaN
C004,C,3,38,1,NaN,NaN,0,NaN
C004,C,3,39,1,NaN,NaN,0,0.259422063827515
C004,C,3,40,NaN,0,1,NaN,NaN
C004,C,3,41,1,NaN,NaN,0,0.24232006072998
C004,C,3,42,1,NaN,NaN,0,0.154171943664551
C004,C,3,43,1,NaN,NaN,0,0.283064126968384
C004,C,3,44,1,NaN,NaN,0,0.316305160522461
C004,C,3,45,1,NaN,NaN,0,0.276636123657227
C004,C,3,46,1,NaN,NaN,0,0.255697011947632
C004,C,3,47,1,NaN,NaN,0,0.283222198486328
C004,C,3,48,1,NaN,NaN,0,0.157589912414551
C004,C,3,49,1,NaN,NaN,0,0.354197025299072
C004,C,3,50,NaN,0,1,NaN,NaN
C004,C,3,51,1,NaN,NaN,0,0.20522403717041
C004,C,3,52,1,NaN,NaN,0,0.925950050354004
C004,C,3,53,1,NaN,NaN,0,0.464472055435181
C004,C,3,54,1,NaN,NaN,0,0.262651920318604
C004,C,3,55,1,NaN,NaN,0,0.306659936904907
C004,C,3,56,1,NaN,NaN,0,0.37218189239502
C004,C,3,57,1,NaN,NaN,0,0.316720008850098
C004,C,3,58,1,NaN,NaN,0,0.374738931655884
C004,C,3,59,1,NaN,NaN,0,0.293955087661743
C004,C,3,60,NaN,1,0,NaN,NaN
C004,C,3,61,1,NaN,NaN,0,0.268637895584106
C004,C,3,62,1,NaN,NaN,0,0.214346170425415
C004,C,3,63,1,NaN,NaN,0,NaN
C004,C,3,64,1,NaN,NaN,0,0.312494993209839
C004,C,3,65,1,NaN,NaN,0,0.310104846954346
C004,C,3,66,NaN,0,1,NaN,NaN
C004,C,3,67,1,NaN,NaN,0,0.204493999481201
C004,C,3,68,1,NaN,NaN,0,0.301192045211792
C004,C,3,69,1,NaN,NaN,0,0.254734992980957
C004,C,3,70,1,NaN,NaN,0,0.275548934936523
C004,C,3,71,1,NaN,NaN,0,0.282330989837646
C004,C,3,72,1,NaN,NaN,0,0.290333032608032
C004,C,3,73,1,NaN,NaN,0,0.321799993515015
C004,C,3,74,1,NaN,NaN,0,0.341540098190308
C004,C,3,75,NaN,1,0,NaN,NaN
C004,C,3,76,1,NaN,NaN,0,0.241868019104004
C004,C,3,77,1,NaN,NaN,0,0.246012926101685
C004,C,3,78,1,NaN,NaN,0,0.317917108535767
C004,C,3,79,1,NaN,NaN,0,0.327222108840942
C004,C,3,80,1,NaN,NaN,0,0.369646787643433
C004,C,3,81,1,NaN,NaN,0,0.396574974060059
C004,C,3,82,1,NaN,NaN,0,0.381855964660645
C004,C,3,83,1,NaN,NaN,0,0.349183082580566
C004,C,3,84,1,NaN,NaN,0,0.349802017211914
C004,C,3,85,NaN,0,1,NaN,NaN
C004,C,3,86,1,NaN,NaN,0,NaN
C004,C,3,87,1,NaN,NaN,0,0.304347038269043
C004,C,3,88,1,NaN,NaN,0,0.372518062591553
C004,C,3,89,1,NaN,NaN,0,0.33726692199707
C004,C,3,90,1,NaN,NaN,0,0.442757129669189
C004,C,3,91,1,NaN,NaN,0,0.355556964874268
C004,C,3,92,1,NaN,NaN,0,0.320518970489502
C004,C,3,93,1,NaN,NaN,0,0.348803043365479
C004,C,3,94,NaN,1,0,NaN,NaN
C004,C,3,95,1,NaN,NaN,0,0.359117031097412
C004,C,3,96,1,NaN,NaN,0,0.29826807975769
C004,C,3,97,1,NaN,NaN,0,0.246847867965698
C004,C,3,98,1,NaN,NaN,0,0.33270788192749
C004,C,3,99,1,NaN,NaN,0,0.292275905609131
C004,C,3,100,1,NaN,NaN,0,0.280826091766357
C004,C,3,101,1,NaN,NaN,0,0.314352035522461
C004,C,3,102,1,NaN,NaN,0,0.307506084442139
C004,C,3,103,1,NaN,NaN,0,0.276578903198242
C004,C,3,104,1,NaN,NaN,0,0.278082132339478
C004,C,3,105,1,NaN,NaN,0,0.31130313873291
C004,C,3,106,NaN,0,1,NaN,NaN
C004,C,3,107,1,NaN,NaN,0,0.277812004089355
C004,C,3,108,1,NaN,NaN,0,0.199665069580078
C004,C,3,109,1,NaN,NaN,0,0.155450105667114
C004,C,3,110,1,NaN,NaN,0,0.269023895263672
C004,C,3,111,1,NaN,NaN,0,0.252134084701538
C004,C,3,112,NaN,0,1,NaN,NaN
C004,C,3,113,1,NaN,NaN,0,0.323237180709839
C004,C,3,114,1,NaN,NaN,0,0.295024871826172
C004,C,3,115,1,NaN,NaN,0,0.223932027816772
C004,C,3,116,1,NaN,NaN,0,0.371893882751465
C004,C,3,117,1,NaN,NaN,0,0.313084840774536
C004,C,3,118,1,NaN,NaN,0,0.313782930374146
C004,C,3,119,1,NaN,NaN,0,0.290091991424561
C004,C,3,120,1,NaN,NaN,0,0.3751220703125
C004,C,3,121,NaN,1,0,NaN,NaN
C004,C,3,122,1,NaN,NaN,0,0.24952507019043
C004,C,3,123,1,NaN,NaN,0,0.268627882003784
C004,C,3,124,1,NaN,NaN,0,0.3052978515625
C004,C,3,125,1,NaN,NaN,0,0.321619033813477
C004,C,3,126,1,NaN,NaN,0,0.389271974563599
C004,C,3,127,1,NaN,NaN,0,0.403659105300903
C004,C,3,128,1,NaN,NaN,0,0.418220996856689
C004,C,3,129,1,NaN,NaN,0,0.401199102401733
C004,C,3,130,NaN,1,0,NaN,NaN
C004,C,3,131,1,NaN,NaN,0,0.234090089797974
C004,C,3,132,1,NaN,NaN,0,0.15065598487854
C004,C,3,133,1,NaN,NaN,0,0.291916131973267
C004,C,3,134,1,NaN,NaN,0,0.304872989654541
C004,C,3,135,1,NaN,NaN,0,0.297960042953491
C004,C,3,136,1,NaN,NaN,0,0.318154096603394
C004,C,3,137,1,NaN,NaN,0,0.327628135681152
C004,C,3,138,1,NaN,NaN,0,0.287189960479736
C004,C,3,139,1,NaN,NaN,0,0.270653963088989
C004,C,3,140,1,NaN,NaN,0,0.273864984512329
C004,C,3,141,1,NaN,NaN,0,0.205618143081665
C004,C,3,142,NaN,0,1,NaN,NaN
C004,C,3,143,1,NaN,NaN,0,0.308287143707275
C004,C,3,144,1,NaN,NaN,0,0.262557029724121
C004,C,3,145,1,NaN,NaN,0,0.2170729637146
C004,C,3,146,1,NaN,NaN,0,0.276716947555542
C004,C,3,147,1,NaN,NaN,0,0.365413904190063
C004,C,3,148,1,NaN,NaN,0,0.308731079101562
C004,C,3,149,1,NaN,NaN,0,0.361695051193237
C004,C,3,150,1,NaN,NaN,0,0.487684965133667
C004,C,3,151,1,NaN,NaN,0,0.42743992805481
C004,C,3,152,NaN,0,1,NaN,NaN
C004,C,3,153,1,NaN,NaN,0,0.23184609413147
C004,C,3,154,1,NaN,NaN,0,0.223993062973022
C004,C,3,155,1,NaN,NaN,0,0.274446964263916
C004,C,3,156,1,NaN,NaN,0,0.293209075927734
C004,C,3,157,1,NaN,NaN,0,0.283637046813965
C004,C,3,158,1,NaN,NaN,0,0.258508920669556
C004,C,3,159,1,NaN,NaN,0,0.248311996459961
C004,C,3,160,1,NaN,NaN,0,0.257280111312866
C004,C,3,161,NaN,1,0,NaN,NaN
C004,C,3,162,1,NaN,NaN,0,0.211542129516602
C004,C,3,163,1,NaN,NaN,0,0.260329961776733
C004,C,3,164,NaN,0,1,NaN,NaN
C004,C,3,165,1,NaN,NaN,0,0.174864053726196
C004,C,3,166,1,NaN,NaN,0,NaN
C004,C,3,167,1,NaN,NaN,0,NaN
C004,C,3,168,1,NaN,NaN,0,0.232646942138672
C004,C,3,169,1,NaN,NaN,0,0.273523092269897
C004,C,3,170,1,NaN,NaN,0,0.277307987213135
C004,C,3,171,1,NaN,NaN,0,0.322211027145386
C004,C,3,172,1,NaN,NaN,0,0.270958185195923
C004,C,3,173,NaN,0,1,NaN,NaN
C004,C,3,174,1,NaN,NaN,0,0.306777954101562
C004,C,3,175,1,NaN,NaN,0,0.228086948394775
C004,C,3,176,1,NaN,NaN,0,NaN
C004,C,3,177,1,NaN,NaN,0,0.327603816986084
C004,C,3,178,1,NaN,NaN,0,0.291438102722168
C004,C,3,179,1,NaN,NaN,0,0.26972484588623
C004,C,3,180,1,NaN,NaN,0,0.249931812286377
C004,C,3,181,1,NaN,NaN,0,0.275067090988159
C004,C,3,182,1,NaN,NaN,0,0.301455974578857
C004,C,3,183,NaN,0,1,NaN,NaN
C004,C,3,184,1,NaN,NaN,0,0.395741939544678
C004,C,3,185,1,NaN,NaN,0,0.286550998687744
C004,C,3,186,1,NaN,NaN,0,NaN
C004,C,3,187,1,NaN,NaN,0,NaN
C004,C,3,188,1,NaN,NaN,0,0.258822917938232
C004,C,3,189,1,NaN,NaN,0,0.267262935638428
C004,C,3,190,1,NaN,NaN,0,0.361192941665649
C004,C,3,191,1,NaN,NaN,0,0.301192998886108
C004,C,3,192,1,NaN,NaN,0,0.285355091094971
C004,C,3,193,1,NaN,NaN,0,0.268882989883423
C004,C,3,194,1,NaN,NaN,0,0.353501081466675
C004,C,3,195,1,NaN,NaN,0,0.330178022384644
C004,C,3,196,NaN,1,0,NaN,NaN
C004,C,3,197,1,NaN,NaN,0,0.284286975860596
C004,C,3,198,1,NaN,NaN,0,0.210000991821289
C004,C,3,199,1,NaN,NaN,0,0.222814083099365
C004,C,3,200,1,NaN,NaN,0,0.171325922012329
C004,C,3,201,1,NaN,NaN,0,0.336230039596558
C004,C,3,202,1,NaN,NaN,0,0.284473896026611
C004,C,3,203,1,NaN,NaN,0,0.399806022644043
C004,C,3,204,1,NaN,NaN,0,0.348966121673584
C004,C,3,205,NaN,1,0,NaN,NaN
C004,C,3,206,1,NaN,NaN,0,0.244310855865479
C004,C,3,207,1,NaN,NaN,0,0.20930004119873
C004,C,3,208,1,NaN,NaN,0,0.229285001754761
C004,C,3,209,1,NaN,NaN,0,0.315122127532959
C004,C,3,210,1,NaN,NaN,0,0.434567213058472
C004,C,3,211,1,NaN,NaN,0,0.330009937286377
C004,C,3,212,1,NaN,NaN,0,0.355509042739868
C004,C,3,213,1,NaN,NaN,0,0.302585124969482
C004,C,3,214,1,NaN,NaN,0,0.347638130187988
C004,C,3,215,NaN,1,0,NaN,NaN
C004,C,3,216,1,NaN,NaN,0,0.190418004989624
C004,C,3,217,1,NaN,NaN,0,0.235786914825439
C004,C,3,218,1,NaN,NaN,0,0.356113195419312
C004,C,3,219,1,NaN,NaN,0,0.365527153015137
C004,C,3,220,1,NaN,NaN,0,0.271126985549927
C004,C,3,221,1,NaN,NaN,0,0.245203971862793
C004,C,3,222,1,NaN,NaN,0,0.262383937835693
C004,C,3,223,NaN,1,0,NaN,NaN
C004,C,3,224,1,NaN,NaN,0,0.261162042617798
C004,C,3,225,1,NaN,NaN,0,NaN
C004,C,3,226,1,NaN,NaN,0,0.23683500289917
C004,C,3,227,1,NaN,NaN,0,0.281254053115845
C004,C,3,228,1,NaN,NaN,0,0.312241077423096
C004,C,3,229,1,NaN,NaN,0,0.340386867523193
C004,C,3,230,1,NaN,NaN,0,0.448859930038452
C004,C,3,231,NaN,1,0,NaN,NaN
C004,C,3,232,1,NaN,NaN,0,0.399650812149048
C004,C,3,233,1,NaN,NaN,0,0.22065806388855
C004,C,3,234,1,NaN,NaN,0,NaN
C004,C,3,235,1,NaN,NaN,0,0.28917407989502
C004,C,3,236,1,NaN,NaN,0,0.254796028137207
C004,C,3,237,1,NaN,NaN,0,0.262058019638062
C004,C,3,238,1,NaN,NaN,0,0.284610986709595
C004,C,3,239,1,NaN,NaN,0,0.211822986602783
C004,C,3,240,NaN,1,0,NaN,NaN
C004,C,3,241,1,NaN,NaN,0,0.175318002700806
C004,C,3,242,1,NaN,NaN,0,0.240675926208496
C004,C,3,243,1,NaN,NaN,0,0.289708137512207
C004,C,3,244,1,NaN,NaN,0,0.250787973403931
C004,C,3,245,1,NaN,NaN,0,0.237879991531372
C004,C,3,246,NaN,0,1,NaN,NaN
C004,C,3,247,1,NaN,NaN,0,0.171480178833008
C004,C,3,248,1,NaN,NaN,0,0.246750116348267
C004,C,3,249,1,NaN,NaN,0,0.258415937423706
C004,C,3,250,1,NaN,NaN,0,0.292597055435181
C004,C,3,251,1,NaN,NaN,0,0.33208179473877
C004,C,3,252,1,NaN,NaN,0,0.345556020736694
C004,C,3,253,1,NaN,NaN,0,0.332020998001099
C004,C,3,254,1,NaN,NaN,0,0.304208040237427
C004,C,3,255,1,NaN,NaN,0,0.523957967758179
C004,C,3,256,1,NaN,NaN,0,0.402421951293945
C004,C,3,257,NaN,1,0,NaN,NaN
C004,C,3,258,1,NaN,NaN,0,0.158489942550659
C004,C,3,259,1,NaN,NaN,0,0.199831962585449
C004,C,3,260,1,NaN,NaN,0,0.300773859024048
C004,C,3,261,1,NaN,NaN,0,0.298130035400391
C004,C,3,262,1,NaN,NaN,0,0.304943084716797
C004,C,3,263,1,NaN,NaN,0,0.322151899337769
C004,C,3,264,1,NaN,NaN,0,0.383589029312134
C004,C,3,265,NaN,0,1,NaN,NaN
C004,C,3,266,1,NaN,NaN,0,0.2203209400177
C004,C,3,267,1,NaN,NaN,0,0.234012842178345
C004,C,3,268,1,NaN,NaN,0,0.443076133728027
C004,C,3,269,1,NaN,NaN,0,0.306046009063721
C004,C,3,270,1,NaN,NaN,0,0.34284520149231
C004,C,3,271,1,NaN,NaN,0,0.3473961353302
C004,C,3,272,NaN,1,0,NaN,NaN
C004,C,3,273,1,NaN,NaN,0,0.305964946746826
C004,C,3,274,1,NaN,NaN,0,0.258548021316528
C004,C,3,275,1,NaN,NaN,0,0.272044897079468
C004,C,3,276,1,NaN,NaN,0,0.275694847106934
C004,C,3,277,1,NaN,NaN,0,0.304364919662476
C004,C,3,278,1,NaN,NaN,0,0.369189023971558
C004,C,3,279,1,NaN,NaN,0,0.346209049224854
C004,C,3,280,1,NaN,NaN,0,0.325272798538208
C004,C,3,281,1,NaN,NaN,0,0.304018974304199
C004,C,3,282,1,NaN,NaN,0,0.285615921020508
C004,C,3,283,1,NaN,NaN,0,0.271230936050415
C004,C,3,284,1,NaN,NaN,0,0.457681894302368
C004,C,3,285,1,NaN,NaN,0,0.309141874313354
C004,C,3,286,1,NaN,NaN,0,0.311979055404663
C004,C,3,287,NaN,1,0,NaN,NaN
C004,C,3,288,1,NaN,NaN,0,0.235689163208008
C004,C,3,289,1,NaN,NaN,0,0.244891881942749
C004,C,3,290,1,NaN,NaN,0,0.244377136230469
C004,C,3,291,1,NaN,NaN,0,0.269595146179199
C004,C,3,292,1,NaN,NaN,0,0.274230003356934
C004,C,3,293,NaN,0,1,NaN,NaN
C004,C,3,294,1,NaN,NaN,0,0.221090793609619
C004,C,3,295,1,NaN,NaN,0,NaN
C004,C,3,296,1,NaN,NaN,0,0.230762958526611
C004,C,3,297,1,NaN,NaN,0,0.252470970153809
C004,C,3,298,1,NaN,NaN,0,0.237566947937012
C004,C,3,299,1,NaN,NaN,0,0.282116889953613
C004,C,3,300,1,NaN,NaN,0,0.405550003051758
C004,C,3,301,NaN,0,1,NaN,NaN
C004,C,3,302,1,NaN,NaN,0,0.334011793136597
C004,C,3,303,1,NaN,NaN,0,0.268402099609375
C004,C,3,304,1,NaN,NaN,0,0.261778116226196
C004,C,3,305,1,NaN,NaN,0,NaN
C004,C,3,306,1,NaN,NaN,0,0.255198001861572
C004,C,3,307,1,NaN,NaN,0,0.288570165634155
C004,C,3,308,NaN,0,1,NaN,NaN
C004,C,3,309,1,NaN,NaN,0,NaN
C004,C,3,310,1,NaN,NaN,0,NaN
C004,C,3,311,1,NaN,NaN,0,0.397093057632446
C004,C,3,312,1,NaN,NaN,0,0.273725986480713
C004,C,3,313,1,NaN,NaN,0,0.274450063705444
C004,C,3,314,1,NaN,NaN,0,0.270631074905396
C004,C,3,315,1,NaN,NaN,0,0.263379096984863
C004,C,3,316,1,NaN,NaN,0,0.312376976013184
C004,C,3,317,1,NaN,NaN,0,0.280960083007812
C004,C,3,318,1,NaN,NaN,0,0.392814874649048
C004,C,3,319,1,NaN,NaN,0,0.312172174453735
C004,C,3,320,NaN,1,0,NaN,NaN
C004,C,3,321,1,NaN,NaN,0,0.188551902770996
C004,C,3,322,1,NaN,NaN,0,1.16222286224365
C004,C,3,323,1,NaN,NaN,0,1.2256600856781
C004,C,3,324,0,NaN,NaN,1,NaN
C004,C,3,325,1,NaN,NaN,0,0.325088977813721
C004,C,3,326,1,NaN,NaN,0,NaN
C004,C,3,327,1,NaN,NaN,0,0.294739961624146
C004,C,3,328,1,NaN,NaN,0,0.383677959442139
C004,C,3,329,1,NaN,NaN,0,0.349725008010864
C004,C,3,330,1,NaN,NaN,0,0.330241203308105
C004,C,3,331,1,NaN,NaN,0,0.288607120513916
C004,C,3,332,NaN,1,0,NaN,NaN
C004,C,3,333,1,NaN,NaN,0,0.348237037658691
C004,C,3,334,1,NaN,NaN,0,0.245612859725952
C004,C,3,335,1,NaN,NaN,0,NaN
C004,C,3,336,1,NaN,NaN,0,0.316822052001953
C004,C,3,337,NaN,0,1,NaN,NaN
C004,C,3,338,1,NaN,NaN,0,0.222791910171509
C004,C,3,339,1,NaN,NaN,0,NaN
C004,C,3,340,1,NaN,NaN,0,0.275477170944214
C004,C,3,341,1,NaN,NaN,0,0.317178010940552
C004,C,3,342,1,NaN,NaN,0,0.224647998809814
C004,C,3,343,1,NaN,NaN,0,0.309199094772339
C004,C,3,344,1,NaN,NaN,0,0.289602994918823
C004,C,3,345,1,NaN,NaN,0,0.304959058761597
C004,C,3,346,1,NaN,NaN,0,0.336900949478149
C004,C,3,347,1,NaN,NaN,0,0.390112161636353
C004,C,3,348,NaN,0,1,NaN,NaN
C004,C,3,349,1,NaN,NaN,0,0.220293998718262
C004,C,3,350,1,NaN,NaN,0,NaN
C004,C,3,351,1,NaN,NaN,0,NaN
C004,C,3,352,1,NaN,NaN,0,0.214713096618652
C004,C,3,353,0,NaN,NaN,1,NaN
C004,C,3,354,NaN,0,1,NaN,NaN
C004,C,3,355,1,NaN,NaN,0,0.233545064926147
C004,C,3,356,1,NaN,NaN,0,0.312795877456665
C004,C,3,357,1,NaN,NaN,0,0.483971834182739
C004,C,3,358,1,NaN,NaN,0,0.463321208953857
C004,C,3,359,1,NaN,NaN,0,0.396492004394531
C004,C,3,360,1,NaN,NaN,0,0.274161100387573
C004,C,3,361,1,NaN,NaN,0,0.273650884628296
C004,C,3,362,1,NaN,NaN,0,0.278182029724121
C004,C,3,363,1,NaN,NaN,0,0.277961015701294
C004,C,3,364,NaN,1,0,NaN,NaN
C004,C,3,365,1,NaN,NaN,0,0.207757949829102
C004,C,3,366,1,NaN,NaN,0,0.208861112594604
C004,C,3,367,1,NaN,NaN,0,NaN
C004,C,3,368,1,NaN,NaN,0,0.253173112869263
C004,C,3,369,1,NaN,NaN,0,0.322180032730103
C004,C,3,370,1,NaN,NaN,0,0.322741031646729
C004,C,3,371,1,NaN,NaN,0,0.230158090591431
C004,C,3,372,1,NaN,NaN,0,0.320201873779297
C004,C,3,373,1,NaN,NaN,0,0.302483081817627
C004,C,3,374,1,NaN,NaN,0,0.268033981323242
C004,C,3,375,1,NaN,NaN,0,0.387482881546021
C004,C,3,376,NaN,0,1,NaN,NaN
C004,C,3,377,1,NaN,NaN,0,0.338402032852173
C004,C,3,378,1,NaN,NaN,0,0.276631832122803
C004,C,3,379,1,NaN,NaN,0,0.221283912658691
C004,C,3,380,NaN,1,0,NaN,NaN
C004,C,3,381,1,NaN,NaN,0,NaN
C004,C,3,382,1,NaN,NaN,0,NaN
C004,C,3,383,1,NaN,NaN,0,NaN
C004,C,3,384,1,NaN,NaN,0,0.250636100769043
C004,C,3,385,1,NaN,NaN,0,0.26682710647583
C004,C,3,386,1,NaN,NaN,0,0.273766994476318
C004,C,3,387,1,NaN,NaN,0,0.306624889373779
C004,C,3,388,1,NaN,NaN,0,0.378789901733398
C004,C,3,389,1,NaN,NaN,0,0.46825098991394
C004,C,3,390,1,NaN,NaN,0,0.524548053741455
C004,C,3,391,1,NaN,NaN,0,0.346709966659546
C004,C,3,392,1,NaN,NaN,0,0.367670059204102
C004,C,3,393,NaN,1,0,NaN,NaN
C004,C,3,394,1,NaN,NaN,0,0.217335224151611
C004,C,3,395,1,NaN,NaN,0,0.208458185195923
C004,C,3,396,1,NaN,NaN,0,NaN
C004,C,3,397,1,NaN,NaN,0,0.308511018753052
C004,C,3,398,1,NaN,NaN,0,0.288139820098877
C004,C,3,399,NaN,1,0,NaN,NaN
C004,C,3,400,1,NaN,NaN,0,0.253396034240723
C004,C,3,401,1,NaN,NaN,0,NaN
C004,C,3,402,1,NaN,NaN,0,0.185214996337891
C004,C,3,403,1,NaN,NaN,0,0.246358871459961
C004,C,3,404,1,NaN,NaN,0,0.508677005767822
C004,C,3,405,1,NaN,NaN,0,0.350328922271729
C004,C,3,406,1,NaN,NaN,0,0.250883102416992
C004,C,3,407,1,NaN,NaN,0,0.30587911605835
C004,C,3,408,1,NaN,NaN,0,0.295341968536377
C004,C,3,409,1,NaN,NaN,0,0.304646968841553
C004,C,3,410,1,NaN,NaN,0,0.27217698097229
C004,C,3,411,1,NaN,NaN,0,0.288949966430664
C004,C,3,412,NaN,1,0,NaN,NaN
C004,C,3,413,1,NaN,NaN,0,0.350782155990601
C004,C,3,414,1,NaN,NaN,0,0.240933179855347
C004,C,3,415,1,NaN,NaN,0,NaN
C004,C,3,416,1,NaN,NaN,0,0.273367881774902
C004,C,3,417,1,NaN,NaN,0,0.380007028579712
C004,C,3,418,1,NaN,NaN,0,0.282164096832275
C004,C,3,419,1,NaN,NaN,0,0.391265153884888
C004,C,3,420,1,NaN,NaN,0,0.437259197235107
C004,C,3,421,1,NaN,NaN,0,0.25794506072998
C004,C,3,422,NaN,0,1,NaN,NaN
C004,C,3,423,1,NaN,NaN,0,0.276934146881104
C004,C,3,424,1,NaN,NaN,0,0.226135969161987
C004,C,3,425,1,NaN,NaN,0,0.227972984313965
C004,C,3,426,1,NaN,NaN,0,NaN
C004,C,3,427,1,NaN,NaN,0,NaN
C004,C,3,428,1,NaN,NaN,0,NaN
C004,C,3,429,1,NaN,NaN,0,NaN
C004,C,3,430,NaN,0,1,NaN,NaN
C004,C,3,431,1,NaN,NaN,0,0.253952026367188
C004,C,3,432,1,NaN,NaN,0,0.231040954589844
C004,C,3,433,1,NaN,NaN,0,1.02319502830505
C004,C,3,434,NaN,1,0,NaN,NaN
C004,C,3,435,1,NaN,NaN,0,0.40435004234314
C004,C,3,436,1,NaN,NaN,0,0.243487119674683
C004,C,3,437,1,NaN,NaN,0,NaN
C004,C,3,438,1,NaN,NaN,0,0.312611818313599
C004,C,3,439,1,NaN,NaN,0,0.423988819122314
C004,C,3,440,1,NaN,NaN,0,0.317827939987183
C004,C,3,441,1,NaN,NaN,0,0.697639942169189
C004,C,3,442,1,NaN,NaN,0,0.374637126922607
C004,C,3,443,1,NaN,NaN,0,0.304425001144409
C004,C,3,444,1,NaN,NaN,0,0.397829055786133
C004,C,3,445,1,NaN,NaN,0,0.393998146057129
C004,C,3,446,1,NaN,NaN,0,0.346900939941406
C004,C,3,447,NaN,1,0,NaN,NaN
C004,C,3,448,1,NaN,NaN,0,0.30171799659729
C004,C,3,449,1,NaN,NaN,0,NaN
C004,C,3,450,1,NaN,NaN,0,NaN
C004,C,3,451,1,NaN,NaN,0,0.230226993560791
C004,C,3,452,1,NaN,NaN,0,NaN
C004,C,3,453,1,NaN,NaN,0,0.282196044921875
C004,C,3,454,1,NaN,NaN,0,0.282519817352295
C004,C,3,455,1,NaN,NaN,0,0.29603099822998
C004,C,3,456,1,NaN,NaN,0,0.483087062835693
C004,C,3,457,NaN,1,0,NaN,NaN
C004,C,3,458,1,NaN,NaN,0,0.247971057891846
C004,C,3,459,1,NaN,NaN,0,0.294934034347534
C004,C,3,460,1,NaN,NaN,0,0.156852960586548
C004,C,3,461,1,NaN,NaN,0,0.684864044189453
C004,C,3,462,1,NaN,NaN,0,0.329805135726929
C004,C,3,463,1,NaN,NaN,0,0.310853958129883
C004,C,3,464,1,NaN,NaN,0,0.339486837387085
C004,C,3,465,1,NaN,NaN,0,0.292123794555664
C004,C,3,466,NaN,0,1,NaN,NaN
C004,C,3,467,1,NaN,NaN,0,NaN
C004,C,3,468,1,NaN,NaN,0,0.248694896697998
C004,C,3,469,1,NaN,NaN,0,0.333078145980835
C004,C,3,470,1,NaN,NaN,0,0.306189060211182
C004,C,3,471,1,NaN,NaN,0,0.327156782150269
C004,C,3,472,1,NaN,NaN,0,0.337177038192749
C004,C,3,473,1,NaN,NaN,0,0.378395795822144
C004,C,3,474,NaN,1,0,NaN,NaN
C004,C,3,475,1,NaN,NaN,0,0.289746046066284
C004,C,3,476,1,NaN,NaN,0,NaN
C004,C,3,477,1,NaN,NaN,0,0.18454384803772
C004,C,3,478,1,NaN,NaN,0,0.156052112579346
C004,C,3,479,1,NaN,NaN,0,0.267839908599854
C004,C,3,480,1,NaN,NaN,0,0.318102836608887
C004,C,3,481,1,NaN,NaN,0,0.260818958282471
C004,C,3,482,NaN,0,1,NaN,NaN
C004,C,3,483,1,NaN,NaN,0,0.605736017227173
C004,C,3,484,1,NaN,NaN,0,0.391414165496826
C004,C,3,485,1,NaN,NaN,0,0.308840036392212
C004,C,3,486,1,NaN,NaN,0,0.345767021179199
C004,C,3,487,1,NaN,NaN,0,0.301882982254028
C004,C,3,488,1,NaN,NaN,0,0.359488964080811
C004,C,3,489,1,NaN,NaN,0,0.328249931335449
C004,C,3,490,1,NaN,NaN,0,0.309957981109619
C004,C,3,491,1,NaN,NaN,0,0.282394886016846
C004,C,3,492,NaN,1,0,NaN,NaN
C004,C,3,493,1,NaN,NaN,0,0.28072190284729
C004,C,3,494,1,NaN,NaN,0,0.229867935180664
C004,C,3,495,1,NaN,NaN,0,0.335543870925903
C004,C,3,496,1,NaN,NaN,0,0.304367780685425
C004,C,3,497,1,NaN,NaN,0,0.330559968948364
C004,C,3,498,NaN,1,0,NaN,NaN
C004,C,3,499,1,NaN,NaN,0,0.242317199707031
C004,C,3,500,1,NaN,NaN,0,0.159049987792969
C004,C,3,501,1,NaN,NaN,0,0.236173868179321
C004,C,3,502,1,NaN,NaN,0,0.383762121200562
C004,C,3,503,1,NaN,NaN,0,0.337012052536011
C004,C,3,504,1,NaN,NaN,0,0.397756099700928
C004,C,3,505,1,NaN,NaN,0,0.382104873657227
C004,C,3,506,1,NaN,NaN,0,0.423125028610229
C004,C,3,507,NaN,1,0,NaN,NaN
C004,C,3,508,1,NaN,NaN,0,0.315237045288086
C004,C,3,509,1,NaN,NaN,0,0.266407012939453
C004,C,3,510,1,NaN,NaN,0,0.311113834381104
C004,C,3,511,1,NaN,NaN,0,0.28223180770874
C004,C,3,512,1,NaN,NaN,0,0.351176977157593
C004,C,3,513,1,NaN,NaN,0,0.384198904037476
C004,C,3,514,1,NaN,NaN,0,0.292672872543335
C004,C,3,515,1,NaN,NaN,0,0.277516841888428
C004,C,3,516,1,NaN,NaN,0,0.274127006530762
C004,C,3,517,1,NaN,NaN,0,0.281561851501465
C004,C,3,518,NaN,0,1,NaN,NaN
C004,C,3,519,1,NaN,NaN,0,0.493199825286865
C004,C,3,520,1,NaN,NaN,0,0.397505044937134
C004,C,3,521,1,NaN,NaN,0,0.298995018005371
C004,C,3,522,1,NaN,NaN,0,0.393070936203003
C004,C,3,523,1,NaN,NaN,0,0.365921974182129
C004,C,3,524,1,NaN,NaN,0,0.537935972213745
C004,C,3,525,1,NaN,NaN,0,0.439283132553101
C004,C,3,526,1,NaN,NaN,0,0.3680100440979
C004,C,3,527,1,NaN,NaN,0,0.373953819274902
C004,C,3,528,1,NaN,NaN,0,0.342123031616211
C004,C,3,529,NaN,1,0,NaN,NaN
C004,C,3,530,1,NaN,NaN,0,0.320064067840576
C004,C,4,1,1,NaN,NaN,0,0.394438028335571
C004,C,4,2,1,NaN,NaN,0,0.332964897155762
C004,C,4,3,1,NaN,NaN,0,0.243821859359741
C004,C,4,4,NaN,0,1,NaN,NaN
C004,C,4,5,1,NaN,NaN,0,0.25882887840271
C004,C,4,6,1,NaN,NaN,0,0.163550138473511
C004,C,4,7,1,NaN,NaN,0,0.307351112365723
C004,C,4,8,1,NaN,NaN,0,0.387119054794312
C004,C,4,9,1,NaN,NaN,0,0.321165084838867
C004,C,4,10,1,NaN,NaN,0,0.304152011871338
C004,C,4,11,1,NaN,NaN,0,0.364319086074829
C004,C,4,12,NaN,1,0,NaN,NaN
C004,C,4,13,1,NaN,NaN,0,0.220528125762939
C004,C,4,14,0,NaN,NaN,1,NaN
C004,C,4,15,1,NaN,NaN,0,NaN
C004,C,4,16,1,NaN,NaN,0,0.278295993804932
C004,C,4,17,1,NaN,NaN,0,0.299302816390991
C004,C,4,18,1,NaN,NaN,0,0.284502983093262
C004,C,4,19,1,NaN,NaN,0,0.32806396484375
C004,C,4,20,1,NaN,NaN,0,0.428931951522827
C004,C,4,21,1,NaN,NaN,0,0.455740928649902
C004,C,4,22,NaN,1,0,NaN,NaN
C004,C,4,23,1,NaN,NaN,0,0.235342979431152
C004,C,4,24,1,NaN,NaN,0,0.216995000839233
C004,C,4,25,1,NaN,NaN,0,0.297569036483765
C004,C,4,26,1,NaN,NaN,0,0.26058292388916
C004,C,4,27,1,NaN,NaN,0,0.275348901748657
C004,C,4,28,1,NaN,NaN,0,0.278275966644287
C004,C,4,29,1,NaN,NaN,0,0.293591022491455
C004,C,4,30,1,NaN,NaN,0,0.343647956848145
C004,C,4,31,NaN,1,0,NaN,NaN
C004,C,4,32,1,NaN,NaN,0,0.269040107727051
C004,C,4,33,1,NaN,NaN,0,0.221513032913208
C004,C,4,34,0,NaN,NaN,1,NaN
C004,C,4,35,1,NaN,NaN,0,0.27789306640625
C004,C,4,36,1,NaN,NaN,0,0.247253894805908
C004,C,4,37,1,NaN,NaN,0,0.256623983383179
C004,C,4,38,NaN,0,1,NaN,NaN
C004,C,4,39,1,NaN,NaN,0,0.23643684387207
C004,C,4,40,1,NaN,NaN,0,0.226317167282104
C004,C,4,41,1,NaN,NaN,0,0.291048049926758
C004,C,4,42,1,NaN,NaN,0,0.206782102584839
C004,C,4,43,1,NaN,NaN,0,0.279783010482788
C004,C,4,44,1,NaN,NaN,0,0.310987949371338
C004,C,4,45,1,NaN,NaN,0,0.361546039581299
C004,C,4,46,1,NaN,NaN,0,0.312726020812988
C004,C,4,47,1,NaN,NaN,0,0.462579011917114
C004,C,4,48,1,NaN,NaN,0,0.399492025375366
C004,C,4,49,1,NaN,NaN,0,0.435407876968384
C004,C,4,50,1,NaN,NaN,0,0.417383909225464
C004,C,4,51,1,NaN,NaN,0,0.321697950363159
C004,C,4,52,1,NaN,NaN,0,0.31964111328125
C004,C,4,53,NaN,1,0,NaN,NaN
C004,C,4,54,1,NaN,NaN,0,0.227628946304321
C004,C,4,55,1,NaN,NaN,0,NaN
C004,C,4,56,1,NaN,NaN,0,0.212319135665894
C004,C,4,57,1,NaN,NaN,0,0.321347951889038
C004,C,4,58,1,NaN,NaN,0,0.289135932922363
C004,C,4,59,1,NaN,NaN,0,0.570720911026001
C004,C,4,60,NaN,1,0,NaN,NaN
C004,C,4,61,1,NaN,NaN,0,NaN
C004,C,4,62,1,NaN,NaN,0,0.212797880172729
C004,C,4,63,1,NaN,NaN,0,NaN
C004,C,4,64,1,NaN,NaN,0,0.307086944580078
C004,C,4,65,1,NaN,NaN,0,0.27065110206604
C004,C,4,66,1,NaN,NaN,0,0.320781946182251
C004,C,4,67,1,NaN,NaN,0,0.393954038619995
C004,C,4,68,NaN,1,0,NaN,NaN
C004,C,4,69,1,NaN,NaN,0,0.409905910491943
C004,C,4,70,1,NaN,NaN,0,0.234641075134277
C004,C,4,71,1,NaN,NaN,0,0.152453899383545
C004,C,4,72,1,NaN,NaN,0,0.286572933197021
C004,C,4,73,1,NaN,NaN,0,0.366911888122559
C004,C,4,74,1,NaN,NaN,0,0.376649856567383
C004,C,4,75,1,NaN,NaN,0,0.285611867904663
C004,C,4,76,1,NaN,NaN,0,0.246819972991943
C004,C,4,77,1,NaN,NaN,0,0.291401147842407
C004,C,4,78,1,NaN,NaN,0,0.328409910202026
C004,C,4,79,NaN,0,1,NaN,NaN
C004,C,4,80,0,NaN,NaN,1,NaN
C004,C,4,81,1,NaN,NaN,0,0.234328985214233
C004,C,4,82,1,NaN,NaN,0,0.271327972412109
C004,C,4,83,NaN,0,1,NaN,NaN
C004,C,4,84,1,NaN,NaN,0,0.255687952041626
C004,C,4,85,1,NaN,NaN,0,0.271749019622803
C004,C,4,86,1,NaN,NaN,0,0.297143936157227
C004,C,4,87,1,NaN,NaN,0,0.312988042831421
C004,C,4,88,1,NaN,NaN,0,0.334136962890625
C004,C,4,89,1,NaN,NaN,0,0.285480976104736
C004,C,4,90,1,NaN,NaN,0,0.296139001846313
C004,C,4,91,1,NaN,NaN,0,0.287662982940674
C004,C,4,92,1,NaN,NaN,0,0.26252007484436
C004,C,4,93,1,NaN,NaN,0,0.360108852386475
C004,C,4,94,1,NaN,NaN,0,0.325294971466064
C004,C,4,95,NaN,1,0,NaN,NaN
C004,C,4,96,1,NaN,NaN,0,0.231446027755737
C004,C,4,97,1,NaN,NaN,0,0.234674215316772
C004,C,4,98,1,NaN,NaN,0,0.354507923126221
C004,C,4,99,1,NaN,NaN,0,0.340056180953979
C004,C,4,100,1,NaN,NaN,0,0.329557180404663
C004,C,4,101,1,NaN,NaN,0,0.338331937789917
C004,C,4,102,1,NaN,NaN,0,0.290147066116333
C004,C,4,103,1,NaN,NaN,0,0.32172703742981
C004,C,4,104,1,NaN,NaN,0,0.405035972595215
C004,C,4,105,NaN,0,1,NaN,NaN
C004,C,4,106,1,NaN,NaN,0,0.22608494758606
C004,C,4,107,1,NaN,NaN,0,0.175545930862427
C004,C,4,108,1,NaN,NaN,0,0.221987009048462
C004,C,4,109,1,NaN,NaN,0,0.196336030960083
C004,C,4,110,NaN,1,0,NaN,NaN
C004,C,4,111,1,NaN,NaN,0,0.364587068557739
C004,C,4,112,1,NaN,NaN,0,0.313431024551392
C004,C,4,113,1,NaN,NaN,0,0.276197195053101
C004,C,4,114,1,NaN,NaN,0,NaN
C004,C,4,115,1,NaN,NaN,0,0.284008979797363
C004,C,4,116,1,NaN,NaN,0,0.219696998596191
C004,C,4,117,1,NaN,NaN,0,0.261545896530151
C004,C,4,118,1,NaN,NaN,0,0.299026012420654
C004,C,4,119,1,NaN,NaN,0,0.296985149383545
C004,C,4,120,1,NaN,NaN,0,0.3265540599823
C004,C,4,121,1,NaN,NaN,0,0.563781976699829
C004,C,4,122,1,NaN,NaN,0,0.321822881698608
C004,C,4,123,1,NaN,NaN,0,0.318898916244507
C004,C,4,124,NaN,1,0,NaN,NaN
C004,C,4,125,1,NaN,NaN,0,0.215193033218384
C004,C,4,126,1,NaN,NaN,0,NaN
C004,C,4,127,1,NaN,NaN,0,0.225735902786255
C004,C,4,128,1,NaN,NaN,0,0.287789821624756
C004,C,4,129,NaN,0,1,NaN,NaN
C004,C,4,130,1,NaN,NaN,0,0.279359817504883
C004,C,4,131,1,NaN,NaN,0,0.272432088851929
C004,C,4,132,1,NaN,NaN,0,0.239759922027588
C004,C,4,133,1,NaN,NaN,0,0.284801959991455
C004,C,4,134,1,NaN,NaN,0,NaN
C004,C,4,135,1,NaN,NaN,0,NaN
C004,C,4,136,1,NaN,NaN,0,0.282413959503174
C004,C,4,137,NaN,0,1,NaN,NaN
C004,C,4,138,1,NaN,NaN,0,NaN
C004,C,4,139,1,NaN,NaN,0,NaN
C004,C,4,140,1,NaN,NaN,0,0.968478918075562
C004,C,4,141,1,NaN,NaN,0,0.505227088928223
C004,C,4,142,1,NaN,NaN,0,0.282238006591797
C004,C,4,143,1,NaN,NaN,0,0.276898860931396
C004,C,4,144,1,NaN,NaN,0,0.307873010635376
C004,C,4,145,1,NaN,NaN,0,0.288448810577393
C004,C,4,146,NaN,1,0,NaN,NaN
C004,C,4,147,1,NaN,NaN,0,0.324504852294922
C004,C,4,148,1,NaN,NaN,0,0.255558967590332
C004,C,4,149,1,NaN,NaN,0,NaN
C004,C,4,150,1,NaN,NaN,0,0.269827127456665
C004,C,4,151,1,NaN,NaN,0,0.302258968353271
C004,C,4,152,1,NaN,NaN,0,0.291205167770386
C004,C,4,153,1,NaN,NaN,0,0.205960035324097
C004,C,4,154,1,NaN,NaN,0,0.268321990966797
C004,C,4,155,NaN,0,1,NaN,NaN
C004,C,4,156,1,NaN,NaN,0,0.292971849441528
C004,C,4,157,1,NaN,NaN,0,0.22984504699707
C004,C,4,158,1,NaN,NaN,0,NaN
C004,C,4,159,1,NaN,NaN,0,0.326524972915649
C004,C,4,160,1,NaN,NaN,0,0.302763938903809
C004,C,4,161,1,NaN,NaN,0,0.3903968334198
C004,C,4,162,1,NaN,NaN,0,0.270373821258545
C004,C,4,163,1,NaN,NaN,0,0.340584993362427
C004,C,4,164,1,NaN,NaN,0,0.400437116622925
C004,C,4,165,1,NaN,NaN,0,0.39135217666626
C004,C,4,166,1,NaN,NaN,0,0.391401052474976
C004,C,4,167,1,NaN,NaN,0,0.299818992614746
C004,C,4,168,1,NaN,NaN,0,0.812560081481934
C004,C,4,169,NaN,1,0,NaN,NaN
C004,C,4,170,1,NaN,NaN,0,0.317071914672852
C004,C,4,171,1,NaN,NaN,0,0.247486114501953
C004,C,4,172,1,NaN,NaN,0,0.248692989349365
C004,C,4,173,NaN,0,1,NaN,NaN
C004,C,4,174,1,NaN,NaN,0,0.988255023956299
C004,C,4,175,1,NaN,NaN,0,0.647393226623535
C004,C,4,176,1,NaN,NaN,0,0.322054147720337
C004,C,4,177,1,NaN,NaN,0,0.30881404876709
C004,C,4,178,1,NaN,NaN,0,0.31931209564209
C004,C,4,179,1,NaN,NaN,0,0.30656909942627
C004,C,4,180,1,NaN,NaN,0,0.348506927490234
C004,C,4,181,1,NaN,NaN,0,0.358753204345703
C004,C,4,182,NaN,0,1,NaN,NaN
C004,C,4,183,1,NaN,NaN,0,0.234553098678589
C004,C,4,184,1,NaN,NaN,0,0.810596942901611
C004,C,4,185,1,NaN,NaN,0,0.356867074966431
C004,C,4,186,1,NaN,NaN,0,NaN
C004,C,4,187,1,NaN,NaN,0,0.293056964874268
C004,C,4,188,1,NaN,NaN,0,0.22674298286438
C004,C,4,189,1,NaN,NaN,0,0.271064043045044
C004,C,4,190,1,NaN,NaN,0,0.268028974533081
C004,C,4,191,1,NaN,NaN,0,0.260446071624756
C004,C,4,192,NaN,0,1,NaN,NaN
C004,C,4,193,1,NaN,NaN,0,NaN
C004,C,4,194,1,NaN,NaN,0,1.06939101219177
C004,C,4,195,1,NaN,NaN,0,0.997797012329102
C004,C,4,196,0,NaN,NaN,1,NaN
C004,C,4,197,1,NaN,NaN,0,NaN
C004,C,4,198,1,NaN,NaN,0,NaN
C004,C,4,199,1,NaN,NaN,0,0.296597957611084
C004,C,4,200,1,NaN,NaN,0,0.367535829544067
C004,C,4,201,1,NaN,NaN,0,0.292158842086792
C004,C,4,202,1,NaN,NaN,0,0.349193811416626
C004,C,4,203,1,NaN,NaN,0,0.346560955047607
C004,C,4,204,1,NaN,NaN,0,0.35132098197937
C004,C,4,205,1,NaN,NaN,0,0.393811941146851
C004,C,4,206,NaN,1,0,NaN,NaN
C004,C,4,207,1,NaN,NaN,0,0.273349046707153
C004,C,4,208,1,NaN,NaN,0,NaN
C004,C,4,209,1,NaN,NaN,0,NaN
C004,C,4,210,1,NaN,NaN,0,0.339679002761841
C004,C,4,211,NaN,1,0,NaN,NaN
C004,C,4,212,1,NaN,NaN,0,0.200251817703247
C004,C,4,213,1,NaN,NaN,0,0.185677051544189
C004,C,4,214,1,NaN,NaN,0,0.258913993835449
C004,C,4,215,1,NaN,NaN,0,NaN
C004,C,4,216,0,NaN,NaN,1,NaN
C004,C,4,217,1,NaN,NaN,0,NaN
C004,C,4,218,1,NaN,NaN,0,NaN
C004,C,4,219,NaN,1,0,NaN,NaN
C004,C,4,220,1,NaN,NaN,0,0.293375968933105
C004,C,4,221,1,NaN,NaN,0,0.257933855056763
C004,C,4,222,1,NaN,NaN,0,0.430484056472778
C004,C,4,223,1,NaN,NaN,0,0.312466859817505
C004,C,4,224,1,NaN,NaN,0,0.268215894699097
C004,C,4,225,1,NaN,NaN,0,0.273566961288452
C004,C,4,226,1,NaN,NaN,0,0.277756929397583
C004,C,4,227,1,NaN,NaN,0,0.335932016372681
C004,C,4,228,1,NaN,NaN,0,0.278998136520386
C004,C,4,229,1,NaN,NaN,0,0.330268859863281
C004,C,4,230,NaN,1,0,NaN,NaN
C004,C,4,231,1,NaN,NaN,0,0.260538101196289
C004,C,4,232,1,NaN,NaN,0,0.20719313621521
C004,C,4,233,1,NaN,NaN,0,0.290873050689697
C004,C,4,234,1,NaN,NaN,0,0.339313983917236
C004,C,4,235,1,NaN,NaN,0,NaN
C004,C,4,236,1,NaN,NaN,0,0.251585960388184
C004,C,4,237,1,NaN,NaN,0,0.258360147476196
C004,C,4,238,1,NaN,NaN,0,0.260989189147949
C004,C,4,239,1,NaN,NaN,0,0.31003999710083
C004,C,4,240,NaN,0,1,NaN,NaN
C004,C,4,241,1,NaN,NaN,0,0.240983963012695
C004,C,4,242,1,NaN,NaN,0,NaN
C004,C,4,243,1,NaN,NaN,0,NaN
C004,C,4,244,1,NaN,NaN,0,0.301224946975708
C004,C,4,245,1,NaN,NaN,0,0.357953071594238
C004,C,4,246,1,NaN,NaN,0,0.334759950637817
C004,C,4,247,1,NaN,NaN,0,0.308372020721436
C004,C,4,248,1,NaN,NaN,0,0.303266048431396
C004,C,4,249,NaN,0,1,NaN,NaN
C004,C,4,250,1,NaN,NaN,0,0.168166875839233
C004,C,4,251,1,NaN,NaN,0,0.621479034423828
C004,C,4,252,1,NaN,NaN,0,0.286828994750977
C004,C,4,253,1,NaN,NaN,0,0.229056119918823
C004,C,4,254,1,NaN,NaN,0,0.289270877838135
C004,C,4,255,1,NaN,NaN,0,0.330467224121094
C004,C,4,256,1,NaN,NaN,0,0.331874847412109
C004,C,4,257,1,NaN,NaN,0,0.392336845397949
C004,C,4,258,1,NaN,NaN,0,0.317198038101196
C004,C,4,259,NaN,0,1,NaN,NaN
C004,C,4,260,1,NaN,NaN,0,0.156728982925415
C004,C,4,261,1,NaN,NaN,0,0.340967893600464
C004,C,4,262,1,NaN,NaN,0,0.504223108291626
C004,C,4,263,1,NaN,NaN,0,0.317766904830933
C004,C,4,264,1,NaN,NaN,0,0.211315155029297
C004,C,4,265,1,NaN,NaN,0,0.316257953643799
C004,C,4,266,NaN,0,1,NaN,NaN
C004,C,4,267,1,NaN,NaN,0,0.183722972869873
C004,C,4,268,1,NaN,NaN,0,NaN
C004,C,4,269,1,NaN,NaN,0,NaN
C004,C,4,270,1,NaN,NaN,0,0.249664068222046
C004,C,4,271,1,NaN,NaN,0,0.253652811050415
C004,C,4,272,1,NaN,NaN,0,0.318727016448975
C004,C,4,273,1,NaN,NaN,0,0.289509057998657
C004,C,4,274,1,NaN,NaN,0,0.173162937164307
C004,C,4,275,1,NaN,NaN,0,0.239996910095215
C004,C,4,276,NaN,1,0,NaN,NaN
C004,C,4,277,1,NaN,NaN,0,NaN
C004,C,4,278,1,NaN,NaN,0,NaN
C004,C,4,279,1,NaN,NaN,0,0.190959930419922
C004,C,4,280,1,NaN,NaN,0,0.277400016784668
C004,C,4,281,NaN,0,1,NaN,NaN
C004,C,4,282,1,NaN,NaN,0,0.238922834396362
C004,C,4,283,1,NaN,NaN,0,NaN
C004,C,4,284,1,NaN,NaN,0,0.159518957138062
C004,C,4,285,1,NaN,NaN,0,NaN
C004,C,4,286,1,NaN,NaN,0,NaN
C004,C,4,287,1,NaN,NaN,0,0.217494964599609
C004,C,4,288,1,NaN,NaN,0,0.300678014755249
C004,C,4,289,1,NaN,NaN,0,0.361886978149414
C004,C,4,290,1,NaN,NaN,0,0.237077951431274
C004,C,4,291,1,NaN,NaN,0,0.198353052139282
C004,C,4,292,1,NaN,NaN,0,0.244601011276245
C004,C,4,293,1,NaN,NaN,0,0.192579030990601
C004,C,4,294,1,NaN,NaN,0,0.285076141357422
C004,C,4,295,1,NaN,NaN,0,0.308401823043823
C004,C,4,296,NaN,0,1,NaN,NaN
C004,C,4,297,1,NaN,NaN,0,0.331150054931641
C004,C,4,298,1,NaN,NaN,0,0.312669992446899
C004,C,4,299,1,NaN,NaN,0,0.294119834899902
C004,C,4,300,1,NaN,NaN,0,0.231489896774292
C004,C,4,301,1,NaN,NaN,0,0.290231943130493
C004,C,4,302,1,NaN,NaN,0,0.258097887039185
C004,C,4,303,1,NaN,NaN,0,0.290552139282227
C004,C,4,304,1,NaN,NaN,0,0.38534688949585
C004,C,4,305,NaN,1,0,NaN,NaN
C004,C,4,306,1,NaN,NaN,0,0.233093976974487
C004,C,4,307,1,NaN,NaN,0,NaN
C004,C,4,308,1,NaN,NaN,0,NaN
C004,C,4,309,1,NaN,NaN,0,NaN
C004,C,4,310,NaN,1,0,NaN,NaN
C004,C,4,311,1,NaN,NaN,0,0.313273906707764
C004,C,4,312,1,NaN,NaN,0,0.245738983154297
C004,C,4,313,1,NaN,NaN,0,0.265867948532104
C004,C,4,314,1,NaN,NaN,0,0.26618504524231
C004,C,4,315,1,NaN,NaN,0,0.297379016876221
C004,C,4,316,1,NaN,NaN,0,0.30838680267334
C004,C,4,317,1,NaN,NaN,0,0.159852981567383
C004,C,4,318,1,NaN,NaN,0,0.271549940109253
C004,C,4,319,0,NaN,NaN,1,NaN
C004,C,4,320,1,NaN,NaN,0,NaN
C004,C,4,321,NaN,1,0,NaN,NaN
C004,C,4,322,1,NaN,NaN,0,0.258658170700073
C004,C,4,323,1,NaN,NaN,0,0.234908103942871
C004,C,4,324,1,NaN,NaN,0,0.276850938796997
C004,C,4,325,1,NaN,NaN,0,0.25721001625061
C004,C,4,326,1,NaN,NaN,0,0.272341012954712
C004,C,4,327,1,NaN,NaN,0,0.255779027938843
C004,C,4,328,1,NaN,NaN,0,0.294573068618774
C004,C,4,329,1,NaN,NaN,0,0.271536111831665
C004,C,4,330,1,NaN,NaN,0,0.308539867401123
C004,C,4,331,1,NaN,NaN,0,0.310001850128174
C004,C,4,332,NaN,1,0,NaN,NaN
C004,C,4,333,1,NaN,NaN,0,0.239497900009155
C004,C,4,334,1,NaN,NaN,0,0.755553960800171
C004,C,4,335,1,NaN,NaN,0,0.300060033798218
C004,C,4,336,1,NaN,NaN,0,0.265547037124634
C004,C,4,337,1,NaN,NaN,0,0.371673107147217
C004,C,4,338,NaN,0,1,NaN,NaN
C004,C,4,339,1,NaN,NaN,0,0.215130090713501
C004,C,4,340,1,NaN,NaN,0,NaN
C004,C,4,341,1,NaN,NaN,0,0.270044803619385
C004,C,4,342,1,NaN,NaN,0,0.347943067550659
C004,C,4,343,1,NaN,NaN,0,0.31719708442688
C004,C,4,344,1,NaN,NaN,0,0.440364837646484
C004,C,4,345,1,NaN,NaN,0,0.292846918106079
C004,C,4,346,1,NaN,NaN,0,0.345647096633911
C004,C,4,347,1,NaN,NaN,0,0.334626197814941
C004,C,4,348,1,NaN,NaN,0,0.306638956069946
C004,C,4,349,NaN,1,0,NaN,NaN
C004,C,4,350,1,NaN,NaN,0,0.259400844573975
C004,C,4,351,1,NaN,NaN,0,0.243781089782715
C004,C,4,352,1,NaN,NaN,0,0.281604051589966
C004,C,4,353,1,NaN,NaN,0,0.30656886100769
C004,C,4,354,1,NaN,NaN,0,0.28052806854248
C004,C,4,355,1,NaN,NaN,0,0.271566867828369
C004,C,4,356,1,NaN,NaN,0,0.317468166351318
C004,C,4,357,1,NaN,NaN,0,0.644618034362793
C004,C,4,358,NaN,1,0,NaN,NaN
C004,C,4,359,1,NaN,NaN,0,0.258675098419189
C004,C,4,360,1,NaN,NaN,0,0.203708171844482
C004,C,4,361,1,NaN,NaN,0,0.213600873947144
C004,C,4,362,1,NaN,NaN,0,0.248881101608276
C004,C,4,363,1,NaN,NaN,0,0.260819911956787
C004,C,4,364,1,NaN,NaN,0,0.216447114944458
C004,C,4,365,1,NaN,NaN,0,0.304319143295288
C004,C,4,366,1,NaN,NaN,0,0.306540966033936
C004,C,4,367,NaN,1,0,NaN,NaN
C004,C,4,368,1,NaN,NaN,0,0.354821920394897
C004,C,4,369,1,NaN,NaN,0,0.250761985778809
C004,C,4,370,1,NaN,NaN,0,0.253818035125732
C004,C,4,371,1,NaN,NaN,0,0.272485017776489
C004,C,4,372,NaN,0,1,NaN,NaN
C004,C,4,373,1,NaN,NaN,0,0.310738086700439
C004,C,4,374,1,NaN,NaN,0,0.347856044769287
C004,C,4,375,1,NaN,NaN,0,0.293114900588989
C004,C,4,376,1,NaN,NaN,0,0.268389940261841
C004,C,4,377,1,NaN,NaN,0,0.29597282409668
C004,C,4,378,1,NaN,NaN,0,0.255157947540283
C004,C,4,379,1,NaN,NaN,0,0.258025169372559
C004,C,4,380,1,NaN,NaN,0,0.282372951507568
C004,C,4,381,1,NaN,NaN,0,0.32750391960144
C004,C,4,382,1,NaN,NaN,0,0.449618816375732
C004,C,4,383,1,NaN,NaN,0,0.350497007369995
C004,C,4,384,1,NaN,NaN,0,0.326972961425781
C004,C,4,385,NaN,1,0,NaN,NaN
C004,C,4,386,1,NaN,NaN,0,0.278424978256226
C004,C,4,387,1,NaN,NaN,0,0.42867112159729
C004,C,4,388,1,NaN,NaN,0,0.295716047286987
C004,C,4,389,1,NaN,NaN,0,0.324134111404419
C004,C,4,390,1,NaN,NaN,0,0.452682018280029
C004,C,4,391,1,NaN,NaN,0,0.393325090408325
C004,C,4,392,NaN,0,1,NaN,NaN
C004,C,4,393,1,NaN,NaN,0,0.283903121948242
C004,C,4,394,1,NaN,NaN,0,0.252974033355713
C004,C,4,395,1,NaN,NaN,0,0.281914949417114
C004,C,4,396,1,NaN,NaN,0,0.321034908294678
C004,C,4,397,1,NaN,NaN,0,0.338505983352661
C004,C,4,398,1,NaN,NaN,0,0.331990003585815
C004,C,4,399,NaN,1,0,NaN,NaN
C004,C,4,400,1,NaN,NaN,0,0.461607933044434
C004,C,4,401,1,NaN,NaN,0,0.346406221389771
C004,C,4,402,1,NaN,NaN,0,0.319436073303223
C004,C,4,403,1,NaN,NaN,0,0.308624029159546
C004,C,4,404,1,NaN,NaN,0,0.312847852706909
C004,C,4,405,1,NaN,NaN,0,0.305861949920654
C004,C,4,406,1,NaN,NaN,0,0.311933040618896
C004,C,4,407,1,NaN,NaN,0,0.331485986709595
C004,C,4,408,1,NaN,NaN,0,0.314298868179321
C004,C,4,409,1,NaN,NaN,0,0.350650072097778
C004,C,4,410,NaN,1,0,NaN,NaN
C004,C,4,411,1,NaN,NaN,0,0.257174968719482
C004,C,4,412,1,NaN,NaN,0,0.210715055465698
C004,C,4,413,1,NaN,NaN,0,0.258815050125122
C004,C,4,414,1,NaN,NaN,0,0.306764125823975
C004,C,4,415,1,NaN,NaN,0,0.275469064712524
C004,C,4,416,1,NaN,NaN,0,0.235329866409302
C004,C,4,417,NaN,0,1,NaN,NaN
C004,C,4,418,1,NaN,NaN,0,0.239986896514893
C004,C,4,419,1,NaN,NaN,0,0.271496057510376
C004,C,4,420,1,NaN,NaN,0,0.286694049835205
C004,C,4,421,1,NaN,NaN,0,0.296637058258057
C004,C,4,422,1,NaN,NaN,0,0.227205991744995
C004,C,4,423,1,NaN,NaN,0,0.25304102897644
C004,C,4,424,1,NaN,NaN,0,0.286798000335693
C004,C,4,425,1,NaN,NaN,0,0.261895179748535
C004,C,4,426,1,NaN,NaN,0,0.362344980239868
C004,C,4,427,1,NaN,NaN,0,0.299129962921143
C004,C,4,428,1,NaN,NaN,0,0.284387826919556
C004,C,4,429,1,NaN,NaN,0,0.349355936050415
C004,C,4,430,NaN,1,0,NaN,NaN
C004,C,4,431,1,NaN,NaN,0,0.322411775588989
C004,C,4,432,1,NaN,NaN,0,0.164581060409546
C004,C,4,433,1,NaN,NaN,0,0.187450885772705
C004,C,4,434,1,NaN,NaN,0,NaN
C004,C,4,435,1,NaN,NaN,0,0.237709999084473
C004,C,4,436,1,NaN,NaN,0,0.254475116729736
C004,C,4,437,1,NaN,NaN,0,0.31176495552063
C004,C,4,438,1,NaN,NaN,0,0.332736968994141
C004,C,4,439,NaN,1,0,NaN,NaN
C004,C,4,440,1,NaN,NaN,0,0.451774835586548
C004,C,4,441,1,NaN,NaN,0,0.22893500328064
C004,C,4,442,1,NaN,NaN,0,NaN
C004,C,4,443,0,NaN,NaN,1,NaN
C004,C,4,444,1,NaN,NaN,0,0.348140954971313
C004,C,4,445,NaN,0,1,NaN,NaN
C004,C,4,446,1,NaN,NaN,0,0.265859127044678
C004,C,4,447,1,NaN,NaN,0,0.605226039886475
C004,C,4,448,1,NaN,NaN,0,0.318737030029297
C004,C,4,449,1,NaN,NaN,0,0.270591974258423
C004,C,4,450,1,NaN,NaN,0,0.299159049987793
C004,C,4,451,1,NaN,NaN,0,0.362017154693604
C004,C,4,452,NaN,1,0,NaN,NaN
C004,C,4,453,1,NaN,NaN,0,0.252243041992188
C004,C,4,454,1,NaN,NaN,0,0.223182916641235
C004,C,4,455,1,NaN,NaN,0,0.287134885787964
C004,C,4,456,1,NaN,NaN,0,0.30729079246521
C004,C,4,457,1,NaN,NaN,0,0.320389986038208
C004,C,4,458,1,NaN,NaN,0,0.3090980052948
C004,C,4,459,1,NaN,NaN,0,0.254595041275024
C004,C,4,460,1,NaN,NaN,0,0.271969079971313
C004,C,4,461,1,NaN,NaN,0,0.332653999328613
C004,C,4,462,1,NaN,NaN,0,0.322941064834595
C004,C,4,463,1,NaN,NaN,0,0.307451963424683
C004,C,4,464,1,NaN,NaN,0,0.493949174880981
C004,C,4,465,1,NaN,NaN,0,0.416439056396484
C004,C,4,466,NaN,1,0,NaN,NaN
C004,C,4,467,1,NaN,NaN,0,0.233314990997314
C004,C,4,468,1,NaN,NaN,0,NaN
C004,C,4,469,1,NaN,NaN,0,0.253289937973022
C004,C,4,470,1,NaN,NaN,0,0.306228160858154
C004,C,4,471,1,NaN,NaN,0,0.339322090148926
C004,C,4,472,1,NaN,NaN,0,0.316675901412964
C004,C,4,473,1,NaN,NaN,0,0.297525882720947
C004,C,4,474,NaN,1,0,NaN,NaN
C004,C,4,475,1,NaN,NaN,0,0.31050705909729
C004,C,4,476,1,NaN,NaN,0,0.224110841751099
C004,C,4,477,1,NaN,NaN,0,0.269150018692017
C004,C,4,478,1,NaN,NaN,0,0.206532001495361
C004,C,4,479,1,NaN,NaN,0,0.455734014511108
C004,C,4,480,1,NaN,NaN,0,0.474974870681763
C004,C,4,481,1,NaN,NaN,0,0.324182987213135
C004,C,4,482,1,NaN,NaN,0,0.317509889602661
C004,C,4,483,1,NaN,NaN,0,0.266477108001709
C004,C,4,484,1,NaN,NaN,0,0.331115961074829
C004,C,4,485,NaN,1,0,NaN,NaN
C004,C,4,486,1,NaN,NaN,0,0.210829973220825
C004,C,4,487,1,NaN,NaN,0,0.19379997253418
C004,C,4,488,1,NaN,NaN,0,NaN
C004,C,4,489,1,NaN,NaN,0,0.250448942184448
C004,C,4,490,1,NaN,NaN,0,0.335410833358765
C004,C,4,491,NaN,1,0,NaN,NaN
C004,C,4,492,1,NaN,NaN,0,0.334843158721924
C004,C,4,493,1,NaN,NaN,0,NaN
C004,C,4,494,1,NaN,NaN,0,1.16816806793213
C004,C,4,495,0,NaN,NaN,1,NaN
C004,C,4,496,1,NaN,NaN,0,0.199442148208618
C004,C,4,497,1,NaN,NaN,0,0.507941007614136
C004,C,4,498,1,NaN,NaN,0,0.347077131271362
C004,C,4,499,1,NaN,NaN,0,0.300917148590088
C004,C,4,500,1,NaN,NaN,0,0.314358949661255
C004,C,4,501,1,NaN,NaN,0,0.317950963973999
C004,C,4,502,1,NaN,NaN,0,0.342595815658569
C004,C,4,503,NaN,1,0,NaN,NaN
C004,C,4,504,1,NaN,NaN,0,0.353677034378052
C004,C,4,505,1,NaN,NaN,0,0.308508157730103
C004,C,4,506,1,NaN,NaN,0,0.228380918502808
C004,C,4,507,1,NaN,NaN,0,0.237595081329346
C004,C,4,508,1,NaN,NaN,0,0.245090007781982
C004,C,4,509,1,NaN,NaN,0,0.312005996704102
C004,C,4,510,NaN,1,0,NaN,NaN
C004,C,4,511,1,NaN,NaN,0,0.326359987258911
C004,C,4,512,1,NaN,NaN,0,0.26855993270874
C004,C,4,513,1,NaN,NaN,0,0.263433933258057
C004,C,4,514,1,NaN,NaN,0,0.422700881958008
C004,C,4,515,1,NaN,NaN,0,0.310513019561768
C004,C,4,516,1,NaN,NaN,0,0.263473033905029
C004,C,4,517,NaN,0,1,NaN,NaN
C004,C,4,518,1,NaN,NaN,0,0.225929021835327
C004,C,4,519,1,NaN,NaN,0,0.214538097381592
C004,C,4,520,1,NaN,NaN,0,0.322896957397461
C004,C,4,521,1,NaN,NaN,0,0.179857969284058
C004,C,4,522,1,NaN,NaN,0,0.248821020126343
C004,C,4,523,1,NaN,NaN,0,0.252146005630493
C004,C,4,524,NaN,0,1,NaN,NaN
C004,C,4,525,1,NaN,NaN,0,0.291324138641357
C004,C,4,526,1,NaN,NaN,0,0.216345071792603
C004,C,4,527,1,NaN,NaN,0,0.299867868423462
C004,C,4,528,1,NaN,NaN,0,0.289911031723022
C004,C,4,529,1,NaN,NaN,0,0.299506902694702
C004,C,4,530,1,NaN,NaN,0,0.271155834197998
C004,C,4,531,1,NaN,NaN,0,0.282902002334595
C004,C,4,532,1,NaN,NaN,0,NaN
C004,C,4,533,1,NaN,NaN,0,0.198206901550293
C004,C,4,534,1,NaN,NaN,0,0.242378950119019
C004,C,4,535,1,NaN,NaN,0,0.227096080780029
C004,C,4,536,NaN,0,1,NaN,NaN
C004,C,4,537,1,NaN,NaN,0,0.236126899719238
C004,C,4,538,1,NaN,NaN,0,0.860738039016724
C004,C,4,539,1,NaN,NaN,0,0.400676965713501
C004,C,4,540,1,NaN,NaN,0,0.301138877868652
