SubID,Group,BlockN,nTrial,GoTrials,NoGoTrials,FA,Misses,RT
C010,C,1,1,1,NaN,NaN,0,0.235292196273804
C010,C,1,2,1,NaN,NaN,0,0.390988111495972
C010,C,1,3,1,NaN,NaN,0,0.356029033660889
C010,C,1,4,NaN,1,0,NaN,NaN
C010,C,1,5,1,NaN,NaN,0,0.306071996688843
C010,C,1,6,1,NaN,NaN,0,0.303428888320923
C010,C,1,7,1,NaN,NaN,0,0.296008110046387
C010,C,1,8,1,NaN,NaN,0,0.290957927703857
C010,C,1,9,1,NaN,NaN,0,0.297061920166016
C010,C,1,10,1,NaN,NaN,0,0.318822145462036
C010,C,1,11,1,NaN,NaN,0,0.342788934707642
C010,C,1,12,1,NaN,NaN,0,0.314336061477661
C010,C,1,13,1,NaN,NaN,0,0.369343996047974
C010,C,1,14,1,NaN,NaN,0,0.363937854766846
C010,C,1,15,1,NaN,NaN,0,0.39778208732605
C010,C,1,16,1,NaN,NaN,0,0.317464828491211
C010,C,1,17,NaN,1,0,NaN,NaN
C010,C,1,18,1,NaN,NaN,0,0.255731105804443
C010,C,1,19,1,NaN,NaN,0,0.25967812538147
C010,C,1,20,1,NaN,NaN,0,0.256711006164551
C010,C,1,21,1,NaN,NaN,0,0.298659086227417
C010,C,1,22,1,NaN,NaN,0,0.370274066925049
C010,C,1,23,1,NaN,NaN,0,0.351359844207764
C010,C,1,24,1,NaN,NaN,0,0.319307088851929
C010,C,1,25,1,NaN,NaN,0,0.343006134033203
C010,C,1,26,NaN,1,0,NaN,NaN
C010,C,1,27,1,NaN,NaN,0,0.269384860992432
C010,C,1,28,1,NaN,NaN,0,0.282086133956909
C010,C,1,29,1,NaN,NaN,0,0.245684146881104
C010,C,1,30,1,NaN,NaN,0,0.265526056289673
C010,C,1,31,1,NaN,NaN,0,0.300195932388306
C010,C,1,32,NaN,0,1,NaN,0.257745027542114
C010,C,1,33,1,NaN,NaN,0,0.394696950912476
C010,C,1,34,1,NaN,NaN,0,0.375679016113281
C010,C,1,35,1,NaN,NaN,0,0.317604064941406
C010,C,1,36,1,NaN,NaN,0,0.299049139022827
C010,C,1,37,1,NaN,NaN,0,0.33686900138855
C010,C,1,38,1,NaN,NaN,0,0.405853986740112
C010,C,1,39,NaN,1,0,NaN,NaN
C010,C,1,40,1,NaN,NaN,0,0.30951714515686
C010,C,1,41,1,NaN,NaN,0,0.347352027893066
C010,C,1,42,1,NaN,NaN,0,0.339843034744263
C010,C,1,43,1,NaN,NaN,0,0.321536064147949
C010,C,1,44,1,NaN,NaN,0,0.290917158126831
C010,C,1,45,1,NaN,NaN,0,0.347506046295166
C010,C,1,46,1,NaN,NaN,0,0.342941999435425
C010,C,1,47,1,NaN,NaN,0,0.513384103775024
C010,C,1,48,1,NaN,NaN,0,0.415049076080322
C010,C,1,49,1,NaN,NaN,0,0.391010046005249
C010,C,1,50,1,NaN,NaN,0,0.426620006561279
C010,C,1,51,NaN,1,0,NaN,NaN
C010,C,1,52,1,NaN,NaN,0,0.378546953201294
C010,C,1,53,1,NaN,NaN,0,0.319348812103271
C010,C,1,54,0,NaN,NaN,1,NaN
C010,C,1,55,0,NaN,NaN,1,NaN
C010,C,1,56,0,NaN,NaN,1,NaN
C010,C,1,57,1,NaN,NaN,0,0.236920118331909
C010,C,1,58,1,NaN,NaN,0,0.256349802017212
C010,C,1,59,1,NaN,NaN,0,0.311455011367798
C010,C,1,60,1,NaN,NaN,0,0.300214052200317
C010,C,1,61,NaN,1,0,NaN,NaN
C010,C,1,62,1,NaN,NaN,0,0.289062976837158
C010,C,1,63,1,NaN,NaN,0,0.245473146438599
C010,C,1,64,1,NaN,NaN,0,0.293513059616089
C010,C,1,65,1,NaN,NaN,0,0.339290142059326
C010,C,1,66,1,NaN,NaN,0,0.294961214065552
C010,C,1,67,NaN,0,1,NaN,0.295650959014893
C010,C,1,68,1,NaN,NaN,0,0.488663911819458
C010,C,1,69,1,NaN,NaN,0,0.367743015289307
C010,C,1,70,1,NaN,NaN,0,0.439368963241577
C010,C,1,71,1,NaN,NaN,0,0.393954992294312
C010,C,1,72,1,NaN,NaN,0,0.37565016746521
C010,C,1,73,1,NaN,NaN,0,0.399363994598389
C010,C,1,74,1,NaN,NaN,0,0.424679040908813
C010,C,1,75,NaN,1,0,NaN,NaN
C010,C,1,76,1,NaN,NaN,0,0.263429164886475
C010,C,1,77,1,NaN,NaN,0,0.350802898406982
C010,C,1,78,1,NaN,NaN,0,0.327874898910522
C010,C,1,79,1,NaN,NaN,0,0.356089115142822
C010,C,1,80,1,NaN,NaN,0,0.396022081375122
C010,C,1,81,1,NaN,NaN,0,0.518148183822632
C010,C,1,82,1,NaN,NaN,0,0.447405099868774
C010,C,1,83,1,NaN,NaN,0,0.419850826263428
C010,C,1,84,NaN,1,0,NaN,NaN
C010,C,1,85,1,NaN,NaN,0,0.360240936279297
C010,C,1,86,1,NaN,NaN,0,0.318129062652588
C010,C,1,87,1,NaN,NaN,0,0.306057929992676
C010,C,1,88,1,NaN,NaN,0,0.31623911857605
C010,C,1,89,1,NaN,NaN,0,0.476984977722168
C010,C,1,90,1,NaN,NaN,0,0.351947069168091
C010,C,1,91,1,NaN,NaN,0,0.452774047851562
C010,C,1,92,1,NaN,NaN,0,0.358291149139404
C010,C,1,93,1,NaN,NaN,0,0.308166980743408
C010,C,1,94,NaN,1,0,NaN,NaN
C010,C,1,95,1,NaN,NaN,0,0.248860836029053
C010,C,1,96,1,NaN,NaN,0,0.26653003692627
C010,C,1,97,1,NaN,NaN,0,0.295706987380981
C010,C,1,98,1,NaN,NaN,0,0.326467990875244
C010,C,1,99,1,NaN,NaN,0,0.355568170547485
C010,C,1,100,1,NaN,NaN,0,0.332910060882568
C010,C,1,101,NaN,1,0,NaN,NaN
C010,C,1,102,1,NaN,NaN,0,0.2395339012146
C010,C,1,103,1,NaN,NaN,0,0.223333120346069
C010,C,1,104,1,NaN,NaN,0,0.432528018951416
C010,C,1,105,1,NaN,NaN,0,0.32672905921936
C010,C,1,106,1,NaN,NaN,0,0.291565895080566
C010,C,1,107,1,NaN,NaN,0,0.291343212127686
C010,C,1,108,1,NaN,NaN,0,0.307545900344849
C010,C,1,109,1,NaN,NaN,0,0.366513013839722
C010,C,1,110,1,NaN,NaN,0,0.310214996337891
C010,C,1,111,1,NaN,NaN,0,0.337914943695068
C010,C,1,112,NaN,1,0,NaN,NaN
C010,C,1,113,1,NaN,NaN,0,0.22968602180481
C010,C,1,114,1,NaN,NaN,0,0.279479026794434
C010,C,1,115,1,NaN,NaN,0,0.286770820617676
C010,C,1,116,1,NaN,NaN,0,0.336855888366699
C010,C,1,117,1,NaN,NaN,0,0.341578960418701
C010,C,1,118,1,NaN,NaN,0,0.34668493270874
C010,C,1,119,1,NaN,NaN,0,0.3472740650177
C010,C,1,120,NaN,1,0,NaN,NaN
C010,C,1,121,1,NaN,NaN,0,0.287166833877563
C010,C,1,122,1,NaN,NaN,0,0.31497597694397
C010,C,1,123,1,NaN,NaN,0,0.296241998672485
C010,C,1,124,1,NaN,NaN,0,0.244977951049805
C010,C,1,125,1,NaN,NaN,0,0.279749155044556
C010,C,1,126,1,NaN,NaN,0,0.331432819366455
C010,C,1,127,1,NaN,NaN,0,0.368734121322632
C010,C,1,128,1,NaN,NaN,0,0.336540937423706
C010,C,1,129,1,NaN,NaN,0,0.330466985702515
C010,C,1,130,1,NaN,NaN,0,0.290323972702026
C010,C,1,131,NaN,1,0,NaN,NaN
C010,C,1,132,1,NaN,NaN,0,0.271069049835205
C010,C,1,133,1,NaN,NaN,0,0.252782821655273
C010,C,1,134,1,NaN,NaN,0,0.121394872665405
C010,C,1,135,1,NaN,NaN,0,0.226722002029419
C010,C,1,136,1,NaN,NaN,0,0.267285108566284
C010,C,1,137,1,NaN,NaN,0,0.31187105178833
C010,C,1,138,1,NaN,NaN,0,0.300802230834961
C010,C,1,139,1,NaN,NaN,0,0.333959817886353
C010,C,1,140,1,NaN,NaN,0,0.32703685760498
C010,C,1,141,NaN,0,1,NaN,0.312909126281738
C010,C,1,142,1,NaN,NaN,0,0.371363162994385
C010,C,1,143,1,NaN,NaN,0,0.30240797996521
C010,C,1,144,1,NaN,NaN,0,0.251657009124756
C010,C,1,145,1,NaN,NaN,0,0.351747035980225
C010,C,1,146,1,NaN,NaN,0,0.353927850723267
C010,C,1,147,1,NaN,NaN,0,0.285865068435669
C010,C,1,148,1,NaN,NaN,0,0.368086099624634
C010,C,1,149,1,NaN,NaN,0,0.340758085250854
C010,C,1,150,1,NaN,NaN,0,0.359462976455688
C010,C,1,151,NaN,1,0,NaN,NaN
C010,C,1,152,1,NaN,NaN,0,0.249417066574097
C010,C,1,153,1,NaN,NaN,0,0.271038055419922
C010,C,1,154,1,NaN,NaN,0,0.321928024291992
C010,C,1,155,1,NaN,NaN,0,0.353940010070801
C010,C,1,156,1,NaN,NaN,0,0.45172381401062
C010,C,1,157,1,NaN,NaN,0,0.34630012512207
C010,C,1,158,1,NaN,NaN,0,0.355983972549438
C010,C,1,159,NaN,1,0,NaN,NaN
C010,C,1,160,1,NaN,NaN,0,0.273739099502563
C010,C,1,161,1,NaN,NaN,0,0.303299903869629
C010,C,1,162,1,NaN,NaN,0,0.318266868591309
C010,C,1,163,1,NaN,NaN,0,0.375684022903442
C010,C,1,164,1,NaN,NaN,0,0.408807039260864
C010,C,1,165,NaN,0,1,NaN,0.309070110321045
C010,C,1,166,1,NaN,NaN,0,0.335623025894165
C010,C,1,167,1,NaN,NaN,0,0.317955017089844
C010,C,1,168,1,NaN,NaN,0,0.346587181091309
C010,C,1,169,1,NaN,NaN,0,0.327944993972778
C010,C,1,170,1,NaN,NaN,0,0.533983945846558
C010,C,1,171,1,NaN,NaN,0,0.553698062896729
C010,C,1,172,1,NaN,NaN,0,0.409082174301147
C010,C,1,173,NaN,1,0,NaN,NaN
C010,C,1,174,1,NaN,NaN,0,0.26424503326416
C010,C,1,175,1,NaN,NaN,0,0.285640001296997
C010,C,1,176,1,NaN,NaN,0,0.276715040206909
C010,C,1,177,1,NaN,NaN,0,0.368278980255127
C010,C,1,178,1,NaN,NaN,0,0.395362138748169
C010,C,1,179,1,NaN,NaN,0,0.414764165878296
C010,C,1,180,1,NaN,NaN,0,0.403974056243896
C010,C,1,181,1,NaN,NaN,0,0.408934116363525
C010,C,1,182,NaN,1,0,NaN,NaN
C010,C,1,183,1,NaN,NaN,0,0.27567982673645
C010,C,1,184,1,NaN,NaN,0,0.396898984909058
C010,C,1,185,1,NaN,NaN,0,0.284534931182861
C010,C,1,186,1,NaN,NaN,0,0.370191097259521
C010,C,1,187,1,NaN,NaN,0,0.290956974029541
C010,C,1,188,1,NaN,NaN,0,0.344711065292358
C010,C,1,189,1,NaN,NaN,0,0.564573049545288
C010,C,1,190,1,NaN,NaN,0,0.51070499420166
C010,C,1,191,1,NaN,NaN,0,0.373495817184448
C010,C,1,192,1,NaN,NaN,0,0.394342184066772
C010,C,1,193,1,NaN,NaN,0,0.352586984634399
C010,C,1,194,1,NaN,NaN,0,0.365509033203125
C010,C,1,195,NaN,1,0,NaN,NaN
C010,C,1,196,1,NaN,NaN,0,0.256443977355957
C010,C,1,197,1,NaN,NaN,0,0.295186042785645
C010,C,1,198,1,NaN,NaN,0,0.397597074508667
C010,C,1,199,1,NaN,NaN,0,0.285448789596558
C010,C,1,200,1,NaN,NaN,0,0.405755043029785
C010,C,1,201,1,NaN,NaN,0,0.406505823135376
C010,C,1,202,1,NaN,NaN,0,0.309877872467041
C010,C,1,203,1,NaN,NaN,0,0.292294025421143
C010,C,1,204,NaN,1,0,NaN,NaN
C010,C,1,205,1,NaN,NaN,0,0.479714155197144
C010,C,1,206,1,NaN,NaN,0,0.299894094467163
C010,C,1,207,1,NaN,NaN,0,0.286731004714966
C010,C,1,208,1,NaN,NaN,0,0.295853853225708
C010,C,1,209,1,NaN,NaN,0,0.247153043746948
C010,C,1,210,1,NaN,NaN,0,0.280802965164185
C010,C,1,211,NaN,0,1,NaN,0.251934051513672
C010,C,1,212,1,NaN,NaN,0,0.27287483215332
C010,C,1,213,1,NaN,NaN,0,0.266289949417114
C010,C,1,214,1,NaN,NaN,0,0.275645971298218
C010,C,1,215,1,NaN,NaN,0,0.295613050460815
C010,C,1,216,1,NaN,NaN,0,0.338762044906616
C010,C,1,217,1,NaN,NaN,0,0.259087800979614
C010,C,1,218,1,NaN,NaN,0,0.268196105957031
C010,C,1,219,1,NaN,NaN,0,0.23650598526001
C010,C,1,220,1,NaN,NaN,0,0.220070123672485
C010,C,1,221,NaN,0,1,NaN,0.261559963226318
C010,C,1,222,1,NaN,NaN,0,0.322849035263062
C010,C,1,223,1,NaN,NaN,0,0.34814190864563
C010,C,1,224,1,NaN,NaN,0,0.280725955963135
C010,C,1,225,1,NaN,NaN,0,0.301737070083618
C010,C,1,226,1,NaN,NaN,0,0.294111967086792
C010,C,1,227,NaN,1,0,NaN,NaN
C010,C,1,228,1,NaN,NaN,0,0.208148002624512
C010,C,1,229,1,NaN,NaN,0,0.292428970336914
C010,C,1,230,1,NaN,NaN,0,0.423372030258179
C010,C,1,231,1,NaN,NaN,0,0.420868873596191
C010,C,1,232,1,NaN,NaN,0,0.358699083328247
C010,C,1,233,1,NaN,NaN,0,0.336812019348145
C010,C,1,234,1,NaN,NaN,0,0.368628978729248
C010,C,1,235,1,NaN,NaN,0,0.414362907409668
C010,C,1,236,1,NaN,NaN,0,0.409762144088745
C010,C,1,237,1,NaN,NaN,0,0.28062891960144
C010,C,1,238,NaN,0,1,NaN,0.136389017105103
C010,C,1,239,1,NaN,NaN,0,0.331269025802612
C010,C,1,240,1,NaN,NaN,0,0.358736991882324
C010,C,1,241,1,NaN,NaN,0,0.639755964279175
C010,C,1,242,1,NaN,NaN,0,0.65625
C010,C,1,243,1,NaN,NaN,0,0.308033227920532
C010,C,1,244,1,NaN,NaN,0,0.40895414352417
C010,C,1,245,1,NaN,NaN,0,0.292157888412476
C010,C,1,246,1,NaN,NaN,0,0.390960931777954
C010,C,1,247,1,NaN,NaN,0,0.272416114807129
C010,C,1,248,NaN,1,0,NaN,NaN
C010,C,1,249,1,NaN,NaN,0,0.292112827301025
C010,C,1,250,1,NaN,NaN,0,0.313087940216064
C010,C,1,251,1,NaN,NaN,0,0.307061910629272
C010,C,1,252,1,NaN,NaN,0,0.312649965286255
C010,C,1,253,1,NaN,NaN,0,0.299308061599731
C010,C,1,254,1,NaN,NaN,0,0.329724073410034
C010,C,1,255,1,NaN,NaN,0,0.352276086807251
C010,C,1,256,1,NaN,NaN,0,0.321560859680176
C010,C,1,257,1,NaN,NaN,0,0.306457996368408
C010,C,1,258,1,NaN,NaN,0,0.298920869827271
C010,C,1,259,NaN,0,1,NaN,0.327903032302856
C010,C,1,260,1,NaN,NaN,0,0.397140026092529
C010,C,1,261,1,NaN,NaN,0,0.362815141677856
C010,C,1,262,1,NaN,NaN,0,0.39109992980957
C010,C,1,263,NaN,1,0,NaN,NaN
C010,C,1,264,1,NaN,NaN,0,0.245569944381714
C010,C,1,265,1,NaN,NaN,0,0.355382204055786
C010,C,1,266,1,NaN,NaN,0,0.366779088973999
C010,C,1,267,1,NaN,NaN,0,0.446112871170044
C010,C,1,268,1,NaN,NaN,0,0.415420055389404
C010,C,1,269,1,NaN,NaN,0,0.518190860748291
C010,C,1,270,1,NaN,NaN,0,0.43474006652832
C010,C,1,271,1,NaN,NaN,0,0.424031019210815
C010,C,1,272,NaN,1,0,NaN,NaN
C010,C,1,273,1,NaN,NaN,0,0.307709932327271
C010,C,1,274,1,NaN,NaN,0,0.298796892166138
C010,C,1,275,1,NaN,NaN,0,0.314580917358398
C010,C,1,276,1,NaN,NaN,0,0.338590145111084
C010,C,1,277,1,NaN,NaN,0,0.299166917800903
C010,C,1,278,1,NaN,NaN,0,0.438530206680298
C010,C,1,279,1,NaN,NaN,0,0.386476039886475
C010,C,1,280,1,NaN,NaN,0,0.419085025787354
C010,C,1,281,1,NaN,NaN,0,0.575923919677734
C010,C,1,282,1,NaN,NaN,0,0.339661121368408
C010,C,1,283,1,NaN,NaN,0,0.336272954940796
C010,C,1,284,1,NaN,NaN,0,0.436841011047363
C010,C,1,285,NaN,1,0,NaN,NaN
C010,C,1,286,1,NaN,NaN,0,0.292354106903076
C010,C,1,287,1,NaN,NaN,0,0.331868886947632
C010,C,1,288,1,NaN,NaN,0,0.321093082427979
C010,C,1,289,1,NaN,NaN,0,0.29353404045105
C010,C,1,290,1,NaN,NaN,0,0.318177938461304
C010,C,1,291,1,NaN,NaN,0,0.324615955352783
C010,C,1,292,1,NaN,NaN,0,0.287431955337524
C010,C,1,293,NaN,1,0,NaN,NaN
C010,C,1,294,1,NaN,NaN,0,0.205312967300415
C010,C,1,295,1,NaN,NaN,0,0.312525033950806
C010,C,1,296,1,NaN,NaN,0,0.372932195663452
C010,C,1,297,1,NaN,NaN,0,0.314780950546265
C010,C,1,298,1,NaN,NaN,0,0.328773021697998
C010,C,1,299,1,NaN,NaN,0,0.353172063827515
C010,C,1,300,1,NaN,NaN,0,0.326573848724365
C010,C,1,301,NaN,1,0,NaN,NaN
C010,C,1,302,1,NaN,NaN,0,0.222707033157349
C010,C,1,303,1,NaN,NaN,0,0.305334091186523
C010,C,1,304,1,NaN,NaN,0,0.30088210105896
C010,C,1,305,1,NaN,NaN,0,0.358314990997314
C010,C,1,306,1,NaN,NaN,0,0.37503719329834
C010,C,1,307,1,NaN,NaN,0,0.37219500541687
C010,C,1,308,1,NaN,NaN,0,0.397257089614868
C010,C,1,309,NaN,1,0,NaN,NaN
C010,C,1,310,1,NaN,NaN,0,0.225419044494629
C010,C,1,311,1,NaN,NaN,0,0.301852941513062
C010,C,1,312,1,NaN,NaN,0,0.325767993927002
C010,C,1,313,1,NaN,NaN,0,0.437077045440674
C010,C,1,314,1,NaN,NaN,0,0.351701974868774
C010,C,1,315,1,NaN,NaN,0,0.318165063858032
C010,C,1,316,1,NaN,NaN,0,0.440000057220459
C010,C,1,317,1,NaN,NaN,0,0.484966993331909
C010,C,1,318,1,NaN,NaN,0,0.569509983062744
C010,C,1,319,1,NaN,NaN,0,0.285743236541748
C010,C,1,320,1,NaN,NaN,0,0.287106990814209
C010,C,1,321,1,NaN,NaN,0,0.319459915161133
C010,C,1,322,1,NaN,NaN,0,0.368669986724854
C010,C,1,323,NaN,0,1,NaN,0.349520921707153
C010,C,1,324,1,NaN,NaN,0,0.488726854324341
C010,C,1,325,1,NaN,NaN,0,0.36189603805542
C010,C,1,326,1,NaN,NaN,0,0.318848133087158
C010,C,1,327,1,NaN,NaN,0,0.299401044845581
C010,C,1,328,1,NaN,NaN,0,0.320507049560547
C010,C,1,329,1,NaN,NaN,0,0.275634050369263
C010,C,1,330,NaN,1,0,NaN,NaN
C010,C,1,331,1,NaN,NaN,0,0.244638919830322
C010,C,1,332,1,NaN,NaN,0,0.33773398399353
C010,C,1,333,1,NaN,NaN,0,0.287960052490234
C010,C,1,334,1,NaN,NaN,0,0.316358089447021
C010,C,1,335,1,NaN,NaN,0,0.377320051193237
C010,C,1,336,NaN,1,0,NaN,NaN
C010,C,1,337,1,NaN,NaN,0,0.239463090896606
C010,C,1,338,1,NaN,NaN,0,0.260205984115601
C010,C,1,339,1,NaN,NaN,0,0.301788091659546
C010,C,1,340,1,NaN,NaN,0,0.306941032409668
C010,C,1,341,1,NaN,NaN,0,0.282810211181641
C010,C,1,342,1,NaN,NaN,0,0.293965101242065
C010,C,1,343,1,NaN,NaN,0,0.33287501335144
C010,C,1,344,1,NaN,NaN,0,0.291179180145264
C010,C,1,345,NaN,0,1,NaN,0.286935091018677
C010,C,1,346,1,NaN,NaN,0,0.323884963989258
C010,C,1,347,1,NaN,NaN,0,0.279884815216064
C010,C,1,348,1,NaN,NaN,0,0.408711910247803
C010,C,1,349,1,NaN,NaN,0,0.292972087860107
C010,C,1,350,1,NaN,NaN,0,0.349188089370728
C010,C,1,351,1,NaN,NaN,0,0.34121298789978
C010,C,1,352,1,NaN,NaN,0,0.481628179550171
C010,C,1,353,1,NaN,NaN,0,0.309828996658325
C010,C,1,354,1,NaN,NaN,0,0.341058015823364
C010,C,1,355,1,NaN,NaN,0,0.41806697845459
C010,C,1,356,1,NaN,NaN,0,0.350672006607056
C010,C,1,357,1,NaN,NaN,0,0.347250938415527
C010,C,1,358,1,NaN,NaN,0,0.627199172973633
C010,C,1,359,NaN,1,0,NaN,NaN
C010,C,1,360,1,NaN,NaN,0,0.344283819198608
C010,C,1,361,1,NaN,NaN,0,0.481270790100098
C010,C,1,362,NaN,1,0,NaN,NaN
C010,C,1,363,1,NaN,NaN,0,0.279375791549683
C010,C,1,364,1,NaN,NaN,0,0.256741046905518
C010,C,1,365,1,NaN,NaN,0,0.301076889038086
C010,C,1,366,1,NaN,NaN,0,0.28557014465332
C010,C,1,367,1,NaN,NaN,0,0.275099992752075
C010,C,1,368,1,NaN,NaN,0,0.38503098487854
C010,C,1,369,1,NaN,NaN,0,0.377733945846558
C010,C,1,370,1,NaN,NaN,0,0.390198945999146
C010,C,1,371,1,NaN,NaN,0,0.338297128677368
C010,C,1,372,1,NaN,NaN,0,0.32236909866333
C010,C,1,373,1,NaN,NaN,0,0.324038982391357
C010,C,1,374,1,NaN,NaN,0,0.346448183059692
C010,C,1,375,1,NaN,NaN,0,0.371156930923462
C010,C,1,376,1,NaN,NaN,0,0.361196994781494
C010,C,1,377,NaN,1,0,NaN,NaN
C010,C,1,378,1,NaN,NaN,0,0.1976637840271
C010,C,1,379,1,NaN,NaN,0,0.276464939117432
C010,C,1,380,1,NaN,NaN,0,0.324453115463257
C010,C,1,381,NaN,1,0,NaN,NaN
C010,C,1,382,1,NaN,NaN,0,0.290321111679077
C010,C,1,383,1,NaN,NaN,0,0.311661958694458
C010,C,1,384,1,NaN,NaN,0,0.386667966842651
C010,C,1,385,1,NaN,NaN,0,0.412239074707031
C010,C,1,386,1,NaN,NaN,0,0.391806840896606
C010,C,1,387,1,NaN,NaN,0,0.355548858642578
C010,C,1,388,1,NaN,NaN,0,0.377247095108032
C010,C,1,389,1,NaN,NaN,0,0.384896039962769
C010,C,1,390,1,NaN,NaN,0,0.37277889251709
C010,C,1,391,1,NaN,NaN,0,0.395267009735107
C010,C,1,392,NaN,1,0,NaN,NaN
C010,C,1,393,1,NaN,NaN,0,0.298644065856934
C010,C,1,394,1,NaN,NaN,0,0.342967987060547
C010,C,1,395,1,NaN,NaN,0,0.498575925827026
C010,C,1,396,1,NaN,NaN,0,0.376853942871094
C010,C,1,397,1,NaN,NaN,0,0.354072093963623
C010,C,1,398,1,NaN,NaN,0,0.321233034133911
C010,C,1,399,1,NaN,NaN,0,0.38660192489624
C010,C,1,400,1,NaN,NaN,0,0.303077936172485
C010,C,1,401,1,NaN,NaN,0,0.473529100418091
C010,C,1,402,1,NaN,NaN,0,0.301414012908936
C010,C,1,403,1,NaN,NaN,0,0.282858848571777
C010,C,1,404,NaN,1,0,NaN,NaN
C010,C,1,405,1,NaN,NaN,0,0.290729999542236
C010,C,1,406,1,NaN,NaN,0,0.505392074584961
C010,C,1,407,1,NaN,NaN,0,0.355638027191162
C010,C,1,408,1,NaN,NaN,0,0.342382192611694
C010,C,1,409,1,NaN,NaN,0,0.33578896522522
C010,C,1,410,1,NaN,NaN,0,0.373430013656616
C010,C,1,411,1,NaN,NaN,0,0.331885099411011
C010,C,1,412,1,NaN,NaN,0,0.351923942565918
C010,C,1,413,NaN,1,0,NaN,NaN
C010,C,1,414,1,NaN,NaN,0,0.226754903793335
C010,C,1,415,1,NaN,NaN,0,0.272197008132935
C010,C,1,416,1,NaN,NaN,0,0.256675958633423
C010,C,1,417,1,NaN,NaN,0,0.279607057571411
C010,C,1,418,1,NaN,NaN,0,0.270552158355713
C010,C,1,419,1,NaN,NaN,0,0.303551912307739
C010,C,1,420,NaN,1,0,NaN,NaN
C010,C,1,421,1,NaN,NaN,0,0.247934818267822
C010,C,1,422,1,NaN,NaN,0,0.298679113388062
C010,C,1,423,1,NaN,NaN,0,0.317177057266235
C010,C,1,424,1,NaN,NaN,0,0.293275117874146
C010,C,1,425,NaN,1,0,NaN,NaN
C010,C,1,426,1,NaN,NaN,0,0.254142999649048
C010,C,1,427,1,NaN,NaN,0,0.299268960952759
C010,C,1,428,1,NaN,NaN,0,0.277782917022705
C010,C,1,429,1,NaN,NaN,0,0.295295000076294
C010,C,1,430,1,NaN,NaN,0,0.504564046859741
C010,C,1,431,1,NaN,NaN,0,0.317371129989624
C010,C,1,432,1,NaN,NaN,0,0.387072086334229
C010,C,1,433,1,NaN,NaN,0,0.379379034042358
C010,C,1,434,1,NaN,NaN,0,0.352560997009277
C010,C,1,435,1,NaN,NaN,0,0.367668867111206
C010,C,1,436,1,NaN,NaN,0,0.312067031860352
C010,C,1,437,NaN,1,0,NaN,NaN
C010,C,1,438,1,NaN,NaN,0,0.224807977676392
C010,C,1,439,1,NaN,NaN,0,0.231430768966675
C010,C,1,440,1,NaN,NaN,0,0.275629997253418
C010,C,1,441,1,NaN,NaN,0,0.268322944641113
C010,C,1,442,1,NaN,NaN,0,0.30389404296875
C010,C,1,443,1,NaN,NaN,0,0.302165031433105
C010,C,1,444,1,NaN,NaN,0,0.371747970581055
C010,C,1,445,1,NaN,NaN,0,0.361265182495117
C010,C,1,446,1,NaN,NaN,0,0.304193019866943
C010,C,1,447,1,NaN,NaN,0,0.288879871368408
C010,C,1,448,NaN,0,1,NaN,0.318907022476196
C010,C,1,449,1,NaN,NaN,0,0.298557996749878
C010,C,1,450,1,NaN,NaN,0,0.314367771148682
C010,C,1,451,1,NaN,NaN,0,0.28704309463501
C010,C,1,452,1,NaN,NaN,0,0.282985210418701
C010,C,1,453,1,NaN,NaN,0,0.280735015869141
C010,C,1,454,1,NaN,NaN,0,0.295104026794434
C010,C,1,455,1,NaN,NaN,0,0.29215407371521
C010,C,1,456,1,NaN,NaN,0,0.300313949584961
C010,C,1,457,1,NaN,NaN,0,0.264877080917358
C010,C,1,458,NaN,1,0,NaN,NaN
C010,C,1,459,1,NaN,NaN,0,0.209968090057373
C010,C,1,460,1,NaN,NaN,0,0.239320039749146
C010,C,1,461,1,NaN,NaN,0,0.246767997741699
C010,C,1,462,1,NaN,NaN,0,0.246141910552979
C010,C,1,463,1,NaN,NaN,0,0.243165969848633
C010,C,1,464,NaN,1,0,NaN,NaN
C010,C,1,465,1,NaN,NaN,0,0.196383953094482
C010,C,1,466,1,NaN,NaN,0,0.286926984786987
C010,C,1,467,1,NaN,NaN,0,0.268090009689331
C010,C,1,468,1,NaN,NaN,0,0.289633989334106
C010,C,1,469,1,NaN,NaN,0,0.290977001190186
C010,C,1,470,1,NaN,NaN,0,0.301594018936157
C010,C,1,471,1,NaN,NaN,0,0.313292026519775
C010,C,1,472,1,NaN,NaN,0,0.28049898147583
C010,C,1,473,1,NaN,NaN,0,0.265880823135376
C010,C,1,474,1,NaN,NaN,0,0.270324945449829
C010,C,1,475,1,NaN,NaN,0,0.300989151000977
C010,C,1,476,NaN,1,0,NaN,NaN
C010,C,1,477,1,NaN,NaN,0,0.232253074645996
C010,C,1,478,1,NaN,NaN,0,0.314409017562866
C010,C,1,479,1,NaN,NaN,0,0.427680969238281
C010,C,1,480,1,NaN,NaN,0,0.314620018005371
C010,C,1,481,1,NaN,NaN,0,0.299762010574341
C010,C,1,482,1,NaN,NaN,0,0.30865216255188
C010,C,1,483,1,NaN,NaN,0,0.333431959152222
C010,C,1,484,NaN,0,1,NaN,0.336436033248901
C010,C,1,485,1,NaN,NaN,0,0.292650938034058
C010,C,1,486,1,NaN,NaN,0,0.261181831359863
C010,C,1,487,1,NaN,NaN,0,0.268409967422485
C010,C,1,488,1,NaN,NaN,0,0.269665002822876
C010,C,1,489,1,NaN,NaN,0,0.347109079360962
C010,C,1,490,NaN,1,0,NaN,NaN
C010,C,1,491,1,NaN,NaN,0,0.221685886383057
C010,C,1,492,1,NaN,NaN,0,0.286908864974976
C010,C,1,493,1,NaN,NaN,0,0.247842073440552
C010,C,1,494,1,NaN,NaN,0,0.472995042800903
C010,C,1,495,1,NaN,NaN,0,0.463670969009399
C010,C,1,496,1,NaN,NaN,0,0.324657201766968
C010,C,1,497,1,NaN,NaN,0,0.310566186904907
C010,C,1,498,1,NaN,NaN,0,0.281619071960449
C010,C,1,499,1,NaN,NaN,0,0.29445481300354
C010,C,1,500,1,NaN,NaN,0,0.351531028747559
C010,C,1,501,1,NaN,NaN,0,0.325410842895508
C010,C,1,502,1,NaN,NaN,0,0.353592157363892
C010,C,1,503,NaN,0,1,NaN,0.309006929397583
C010,C,1,504,1,NaN,NaN,0,0.421064853668213
C010,C,1,505,1,NaN,NaN,0,0.313140869140625
C010,C,1,506,1,NaN,NaN,0,0.354292154312134
C010,C,1,507,1,NaN,NaN,0,0.378887891769409
C010,C,1,508,1,NaN,NaN,0,0.359907865524292
C010,C,1,509,NaN,1,0,NaN,NaN
C010,C,1,510,1,NaN,NaN,0,0.244438171386719
C010,C,1,511,1,NaN,NaN,0,0.266710996627808
C010,C,1,512,1,NaN,NaN,0,0.313169002532959
C010,C,1,513,1,NaN,NaN,0,0.310623168945312
C010,C,1,514,1,NaN,NaN,0,0.324193000793457
C010,C,1,515,1,NaN,NaN,0,0.293768882751465
C010,C,1,516,1,NaN,NaN,0,0.353089809417725
C010,C,2,1,1,NaN,NaN,0,0.440227031707764
C010,C,2,2,1,NaN,NaN,0,0.348741769790649
C010,C,2,3,1,NaN,NaN,0,0.368311882019043
C010,C,2,4,NaN,1,0,NaN,NaN
C010,C,2,5,1,NaN,NaN,0,0.294989109039307
C010,C,2,6,1,NaN,NaN,0,0.284281015396118
C010,C,2,7,1,NaN,NaN,0,0.326127052307129
C010,C,2,8,1,NaN,NaN,0,0.313000917434692
C010,C,2,9,1,NaN,NaN,0,0.315728187561035
C010,C,2,10,1,NaN,NaN,0,0.344610929489136
C010,C,2,11,1,NaN,NaN,0,0.348191976547241
C010,C,2,12,1,NaN,NaN,0,0.438820838928223
C010,C,2,13,1,NaN,NaN,0,0.480261087417603
C010,C,2,14,1,NaN,NaN,0,0.397837162017822
C010,C,2,15,1,NaN,NaN,0,0.322890996932983
C010,C,2,16,1,NaN,NaN,0,0.292920112609863
C010,C,2,17,NaN,1,0,NaN,NaN
C010,C,2,18,1,NaN,NaN,0,0.108892917633057
C010,C,2,19,1,NaN,NaN,0,0.292688131332397
C010,C,2,20,1,NaN,NaN,0,0.431049823760986
C010,C,2,21,1,NaN,NaN,0,0.356055021286011
C010,C,2,22,1,NaN,NaN,0,0.346794843673706
C010,C,2,23,1,NaN,NaN,0,0.333117008209229
C010,C,2,24,NaN,1,0,NaN,NaN
C010,C,2,25,1,NaN,NaN,0,0.33417010307312
C010,C,2,26,1,NaN,NaN,0,0.334942102432251
C010,C,2,27,1,NaN,NaN,0,0.44807505607605
C010,C,2,28,1,NaN,NaN,0,0.372071981430054
C010,C,2,29,NaN,1,0,NaN,NaN
C010,C,2,30,1,NaN,NaN,0,0.261922121047974
C010,C,2,31,1,NaN,NaN,0,0.418545961380005
C010,C,2,32,1,NaN,NaN,0,0.380481004714966
C010,C,2,33,1,NaN,NaN,0,0.393796920776367
C010,C,2,34,1,NaN,NaN,0,0.471342086791992
C010,C,2,35,1,NaN,NaN,0,0.324229001998901
C010,C,2,36,1,NaN,NaN,0,0.336962938308716
C010,C,2,37,1,NaN,NaN,0,0.42561411857605
C010,C,2,38,1,NaN,NaN,0,0.372766971588135
C010,C,2,39,1,NaN,NaN,0,0.374537944793701
C010,C,2,40,1,NaN,NaN,0,0.348180055618286
C010,C,2,41,1,NaN,NaN,0,0.304008960723877
C010,C,2,42,1,NaN,NaN,0,0.346713066101074
C010,C,2,43,1,NaN,NaN,0,0.326887130737305
C010,C,2,44,NaN,1,0,NaN,NaN
C010,C,2,45,1,NaN,NaN,0,0.257390022277832
C010,C,2,46,1,NaN,NaN,0,0.294365167617798
C010,C,2,47,1,NaN,NaN,0,0.313941955566406
C010,C,2,48,NaN,0,1,NaN,0.290265083312988
C010,C,2,49,1,NaN,NaN,0,0.430912017822266
C010,C,2,50,1,NaN,NaN,0,0.268368005752563
C010,C,2,51,1,NaN,NaN,0,0.41071891784668
C010,C,2,52,1,NaN,NaN,0,0.300426006317139
C010,C,2,53,1,NaN,NaN,0,0.400201082229614
C010,C,2,54,1,NaN,NaN,0,0.380053997039795
C010,C,2,55,1,NaN,NaN,0,0.375627040863037
C010,C,2,56,1,NaN,NaN,0,0.340805053710938
C010,C,2,57,1,NaN,NaN,0,0.362626075744629
C010,C,2,58,1,NaN,NaN,0,1.05901408195496
C010,C,2,59,NaN,1,0,NaN,NaN
C010,C,2,60,1,NaN,NaN,0,0.385195016860962
C010,C,2,61,1,NaN,NaN,0,0.325521945953369
C010,C,2,62,1,NaN,NaN,0,0.363590002059937
C010,C,2,63,1,NaN,NaN,0,0.385844945907593
C010,C,2,64,1,NaN,NaN,0,0.375465869903564
C010,C,2,65,1,NaN,NaN,0,0.404323816299438
C010,C,2,66,1,NaN,NaN,0,0.333163976669312
C010,C,2,67,1,NaN,NaN,0,0.280518054962158
C010,C,2,68,NaN,0,1,NaN,0.325149059295654
C010,C,2,69,1,NaN,NaN,0,0.332843065261841
C010,C,2,70,1,NaN,NaN,0,0.284085035324097
C010,C,2,71,1,NaN,NaN,0,0.382439851760864
C010,C,2,72,1,NaN,NaN,0,0.323736190795898
C010,C,2,73,1,NaN,NaN,0,0.302407026290894
C010,C,2,74,1,NaN,NaN,0,0.293376922607422
C010,C,2,75,1,NaN,NaN,0,0.288553953170776
C010,C,2,76,1,NaN,NaN,0,0.324038028717041
C010,C,2,77,1,NaN,NaN,0,0.482451200485229
C010,C,2,78,1,NaN,NaN,0,0.344156980514526
C010,C,2,79,NaN,0,1,NaN,0.354394912719727
C010,C,2,80,1,NaN,NaN,0,0.375672817230225
C010,C,2,81,1,NaN,NaN,0,0.30850887298584
C010,C,2,82,1,NaN,NaN,0,0.300282001495361
C010,C,2,83,1,NaN,NaN,0,0.402697801589966
C010,C,2,84,1,NaN,NaN,0,0.43505597114563
C010,C,2,85,1,NaN,NaN,0,0.346903085708618
C010,C,2,86,1,NaN,NaN,0,0.336160182952881
C010,C,2,87,1,NaN,NaN,0,0.348560094833374
C010,C,2,88,1,NaN,NaN,0,0.337460041046143
C010,C,2,89,NaN,1,0,NaN,NaN
C010,C,2,90,1,NaN,NaN,0,0.0543060302734375
C010,C,2,91,1,NaN,NaN,0,0.282737016677856
C010,C,2,92,1,NaN,NaN,0,0.270048141479492
C010,C,2,93,1,NaN,NaN,0,0.300328969955444
C010,C,2,94,1,NaN,NaN,0,0.329547882080078
C010,C,2,95,NaN,1,0,NaN,NaN
C010,C,2,96,1,NaN,NaN,0,0.288926839828491
C010,C,2,97,1,NaN,NaN,0,0.333836078643799
C010,C,2,98,1,NaN,NaN,0,0.310843944549561
C010,C,2,99,1,NaN,NaN,0,0.574282884597778
C010,C,2,100,1,NaN,NaN,0,0.434769153594971
C010,C,2,101,NaN,1,0,NaN,NaN
C010,C,2,102,1,NaN,NaN,0,0.271589040756226
C010,C,2,103,1,NaN,NaN,0,0.164767026901245
C010,C,2,104,1,NaN,NaN,0,0.408931970596313
C010,C,2,105,1,NaN,NaN,0,0.439364910125732
C010,C,2,106,1,NaN,NaN,0,0.322419166564941
C010,C,2,107,1,NaN,NaN,0,0.422693967819214
C010,C,2,108,1,NaN,NaN,0,0.384509086608887
C010,C,2,109,1,NaN,NaN,0,0.449938058853149
C010,C,2,110,1,NaN,NaN,0,0.389339923858643
C010,C,2,111,1,NaN,NaN,0,0.381187915802002
C010,C,2,112,1,NaN,NaN,0,0.439296960830688
C010,C,2,113,1,NaN,NaN,0,0.347257852554321
C010,C,2,114,1,NaN,NaN,0,0.471283912658691
C010,C,2,115,1,NaN,NaN,0,0.372990131378174
C010,C,2,116,NaN,1,0,NaN,NaN
C010,C,2,117,1,NaN,NaN,0,0.334288835525513
C010,C,2,118,1,NaN,NaN,0,0.365812063217163
C010,C,2,119,1,NaN,NaN,0,0.3609619140625
C010,C,2,120,1,NaN,NaN,0,0.385309934616089
C010,C,2,121,1,NaN,NaN,0,0.402426958084106
C010,C,2,122,1,NaN,NaN,0,0.454668045043945
C010,C,2,123,1,NaN,NaN,0,0.383877038955688
C010,C,2,124,1,NaN,NaN,0,0.357007026672363
C010,C,2,125,NaN,1,0,NaN,NaN
C010,C,2,126,1,NaN,NaN,0,0.438906908035278
C010,C,2,127,1,NaN,NaN,0,0.444095134735107
C010,C,2,128,1,NaN,NaN,0,0.387151002883911
C010,C,2,129,1,NaN,NaN,0,0.291056156158447
C010,C,2,130,NaN,1,0,NaN,NaN
C010,C,2,131,1,NaN,NaN,0,0.365638971328735
C010,C,2,132,1,NaN,NaN,0,0.369836091995239
C010,C,2,133,1,NaN,NaN,0,0.334852933883667
C010,C,2,134,1,NaN,NaN,0,0.390845060348511
C010,C,2,135,1,NaN,NaN,0,0.282999038696289
C010,C,2,136,1,NaN,NaN,0,0.386363983154297
C010,C,2,137,1,NaN,NaN,0,0.341593980789185
C010,C,2,138,1,NaN,NaN,0,0.428812026977539
C010,C,2,139,1,NaN,NaN,0,0.356243133544922
C010,C,2,140,NaN,1,0,NaN,NaN
C010,C,2,141,1,NaN,NaN,0,0.299408912658691
C010,C,2,142,1,NaN,NaN,0,0.324450969696045
C010,C,2,143,1,NaN,NaN,0,0.324237108230591
C010,C,2,144,1,NaN,NaN,0,0.337685108184814
C010,C,2,145,1,NaN,NaN,0,0.334392070770264
C010,C,2,146,NaN,1,0,NaN,NaN
C010,C,2,147,1,NaN,NaN,0,0.415223836898804
C010,C,2,148,1,NaN,NaN,0,0.378009080886841
C010,C,2,149,1,NaN,NaN,0,0.330721855163574
C010,C,2,150,1,NaN,NaN,0,0.298827886581421
C010,C,2,151,1,NaN,NaN,0,0.502996921539307
C010,C,2,152,1,NaN,NaN,0,0.368438959121704
C010,C,2,153,1,NaN,NaN,0,0.487849950790405
C010,C,2,154,1,NaN,NaN,0,0.404966831207275
C010,C,2,155,NaN,1,0,NaN,NaN
C010,C,2,156,1,NaN,NaN,0,0.281581163406372
C010,C,2,157,1,NaN,NaN,0,0.418984889984131
C010,C,2,158,1,NaN,NaN,0,0.420068025588989
C010,C,2,159,1,NaN,NaN,0,0.340572118759155
C010,C,2,160,1,NaN,NaN,0,0.362592935562134
C010,C,2,161,1,NaN,NaN,0,0.331905126571655
C010,C,2,162,1,NaN,NaN,0,0.361762046813965
C010,C,2,163,1,NaN,NaN,0,0.406840085983276
C010,C,2,164,NaN,1,0,NaN,NaN
C010,C,2,165,1,NaN,NaN,0,0.295038938522339
C010,C,2,166,1,NaN,NaN,0,0.289700031280518
C010,C,2,167,1,NaN,NaN,0,0.365755081176758
C010,C,2,168,1,NaN,NaN,0,0.340960025787354
C010,C,2,169,1,NaN,NaN,0,0.444485902786255
C010,C,2,170,1,NaN,NaN,0,0.513139963150024
C010,C,2,171,1,NaN,NaN,0,0.523711919784546
C010,C,2,172,1,NaN,NaN,0,0.425158023834229
C010,C,2,173,NaN,0,1,NaN,0.354054927825928
C010,C,2,174,1,NaN,NaN,0,0.430464029312134
C010,C,2,175,1,NaN,NaN,0,0.31888222694397
C010,C,2,176,1,NaN,NaN,0,0.396950960159302
C010,C,2,177,1,NaN,NaN,0,0.369807004928589
C010,C,2,178,1,NaN,NaN,0,0.387019157409668
C010,C,2,179,1,NaN,NaN,0,0.395815134048462
C010,C,2,180,1,NaN,NaN,0,0.323710203170776
C010,C,2,181,1,NaN,NaN,0,0.365430116653442
C010,C,2,182,1,NaN,NaN,0,0.41568398475647
C010,C,2,183,1,NaN,NaN,0,0.401024103164673
C010,C,2,184,NaN,1,0,NaN,NaN
C010,C,2,185,1,NaN,NaN,0,0.260361909866333
C010,C,2,186,1,NaN,NaN,0,0.333836793899536
C010,C,2,187,1,NaN,NaN,0,0.373213052749634
C010,C,2,188,1,NaN,NaN,0,0.30620002746582
C010,C,2,189,1,NaN,NaN,0,0.536419868469238
C010,C,2,190,1,NaN,NaN,0,0.341078996658325
C010,C,2,191,NaN,1,0,NaN,NaN
C010,C,2,192,1,NaN,NaN,0,0.295751094818115
C010,C,2,193,1,NaN,NaN,0,0.337120056152344
C010,C,2,194,1,NaN,NaN,0,0.381633996963501
C010,C,2,195,1,NaN,NaN,0,0.394525051116943
C010,C,2,196,1,NaN,NaN,0,0.322978973388672
C010,C,2,197,1,NaN,NaN,0,0.349119186401367
C010,C,2,198,1,NaN,NaN,0,0.397477865219116
C010,C,2,199,1,NaN,NaN,0,0.435003995895386
C010,C,2,200,1,NaN,NaN,0,0.394577980041504
C010,C,2,201,NaN,1,0,NaN,NaN
C010,C,2,202,1,NaN,NaN,0,0.293313980102539
C010,C,2,203,1,NaN,NaN,0,0.275871992111206
C010,C,2,204,1,NaN,NaN,0,0.293017148971558
C010,C,2,205,1,NaN,NaN,0,0.346530914306641
C010,C,2,206,1,NaN,NaN,0,0.36949610710144
C010,C,2,207,1,NaN,NaN,0,0.309930086135864
C010,C,2,208,1,NaN,NaN,0,0.355039119720459
C010,C,2,209,1,NaN,NaN,0,0.420274019241333
C010,C,2,210,1,NaN,NaN,0,0.442296028137207
C010,C,2,211,1,NaN,NaN,0,0.349950075149536
C010,C,2,212,1,NaN,NaN,0,0.33238410949707
C010,C,2,213,NaN,1,0,NaN,NaN
C010,C,2,214,1,NaN,NaN,0,0.331434011459351
C010,C,2,215,1,NaN,NaN,0,0.345984935760498
C010,C,2,216,1,NaN,NaN,0,0.39493203163147
C010,C,2,217,1,NaN,NaN,0,0.39634895324707
C010,C,2,218,NaN,1,0,NaN,NaN
C010,C,2,219,1,NaN,NaN,0,0.478013038635254
C010,C,2,220,1,NaN,NaN,0,0.376703977584839
C010,C,2,221,1,NaN,NaN,0,0.380366086959839
C010,C,2,222,1,NaN,NaN,0,0.412160158157349
C010,C,2,223,1,NaN,NaN,0,0.36871600151062
C010,C,2,224,1,NaN,NaN,0,0.400048971176147
C010,C,2,225,1,NaN,NaN,0,0.383503913879395
C010,C,2,226,1,NaN,NaN,0,0.394743919372559
C010,C,2,227,1,NaN,NaN,0,0.727128982543945
C010,C,2,228,NaN,1,0,NaN,NaN
C010,C,2,229,1,NaN,NaN,0,0.287743091583252
C010,C,2,230,1,NaN,NaN,0,0.34492015838623
C010,C,2,231,1,NaN,NaN,0,0.370095014572144
C010,C,2,232,1,NaN,NaN,0,0.339082002639771
C010,C,2,233,1,NaN,NaN,0,0.337850093841553
C010,C,2,234,1,NaN,NaN,0,0.336739063262939
C010,C,2,235,1,NaN,NaN,0,0.31455397605896
C010,C,2,236,1,NaN,NaN,0,0.33989405632019
C010,C,2,237,1,NaN,NaN,0,0.319065093994141
C010,C,2,238,NaN,1,0,NaN,NaN
C010,C,2,239,1,NaN,NaN,0,0.254850149154663
C010,C,2,240,1,NaN,NaN,0,0.262591123580933
C010,C,2,241,1,NaN,NaN,0,0.254487037658691
C010,C,2,242,1,NaN,NaN,0,0.248107194900513
C010,C,2,243,1,NaN,NaN,0,0.274553060531616
C010,C,2,244,1,NaN,NaN,0,0.360771894454956
C010,C,2,245,NaN,1,0,NaN,NaN
C010,C,2,246,1,NaN,NaN,0,0.243843078613281
C010,C,2,247,1,NaN,NaN,0,0.400945901870728
C010,C,2,248,1,NaN,NaN,0,0.350750923156738
C010,C,2,249,1,NaN,NaN,0,0.37612509727478
C010,C,2,250,1,NaN,NaN,0,0.34060001373291
C010,C,2,251,1,NaN,NaN,0,0.349950075149536
C010,C,2,252,1,NaN,NaN,0,0.308845996856689
C010,C,2,253,1,NaN,NaN,0,0.440625905990601
C010,C,2,254,1,NaN,NaN,0,0.310315847396851
C010,C,2,255,1,NaN,NaN,0,0.308433055877686
C010,C,2,256,1,NaN,NaN,0,0.39253306388855
C010,C,2,257,1,NaN,NaN,0,0.289750099182129
C010,C,2,258,1,NaN,NaN,0,0.295634984970093
C010,C,2,259,NaN,1,0,NaN,NaN
C010,C,2,260,1,NaN,NaN,0,0.291357040405273
C010,C,2,261,1,NaN,NaN,0,0.286179065704346
C010,C,2,262,1,NaN,NaN,0,0.287168025970459
C010,C,2,263,1,NaN,NaN,0,0.268155097961426
C010,C,2,264,1,NaN,NaN,0,0.314663887023926
C010,C,2,265,1,NaN,NaN,0,0.339450836181641
C010,C,2,266,1,NaN,NaN,0,0.31020712852478
C010,C,2,267,NaN,1,0,NaN,NaN
C010,C,2,268,1,NaN,NaN,0,0.409012079238892
C010,C,2,269,1,NaN,NaN,0,0.32392692565918
C010,C,2,270,1,NaN,NaN,0,0.287070035934448
C010,C,2,271,1,NaN,NaN,0,0.279218912124634
C010,C,2,272,NaN,1,0,NaN,NaN
C010,C,2,273,1,NaN,NaN,0,0.338656902313232
C010,C,2,274,1,NaN,NaN,0,0.307510852813721
C010,C,2,275,1,NaN,NaN,0,0.444641828536987
C010,C,2,276,1,NaN,NaN,0,0.432480096817017
C010,C,2,277,1,NaN,NaN,0,0.338596820831299
C010,C,2,278,1,NaN,NaN,0,0.355876207351685
C010,C,2,279,1,NaN,NaN,0,0.280874967575073
C010,C,2,280,1,NaN,NaN,0,0.360735893249512
C010,C,2,281,1,NaN,NaN,0,0.376789093017578
C010,C,2,282,1,NaN,NaN,0,0.401885986328125
C010,C,2,283,NaN,1,0,NaN,NaN
C010,C,2,284,1,NaN,NaN,0,0.317818880081177
C010,C,2,285,1,NaN,NaN,0,0.531198978424072
C010,C,2,286,1,NaN,NaN,0,0.337917804718018
C010,C,2,287,1,NaN,NaN,0,0.342522859573364
C010,C,2,288,1,NaN,NaN,0,0.329756021499634
C010,C,2,289,1,NaN,NaN,0,0.395956039428711
C010,C,2,290,1,NaN,NaN,0,0.408034086227417
C010,C,2,291,1,NaN,NaN,0,0.391360998153687
C010,C,2,292,NaN,1,0,NaN,NaN
C010,C,2,293,1,NaN,NaN,0,0.264534950256348
C010,C,2,294,1,NaN,NaN,0,0.324437856674194
C010,C,2,295,1,NaN,NaN,0,0.388422012329102
C010,C,2,296,1,NaN,NaN,0,0.489901065826416
C010,C,2,297,1,NaN,NaN,0,0.417104005813599
C010,C,2,298,1,NaN,NaN,0,0.341266870498657
C010,C,2,299,1,NaN,NaN,0,0.361824035644531
C010,C,2,300,1,NaN,NaN,0,0.366833209991455
C010,C,2,301,1,NaN,NaN,0,0.352421998977661
C010,C,2,302,NaN,1,0,NaN,NaN
C010,C,2,303,1,NaN,NaN,0,0.349708080291748
C010,C,2,304,1,NaN,NaN,0,0.246681928634644
C010,C,2,305,1,NaN,NaN,0,0.288691997528076
C010,C,2,306,1,NaN,NaN,0,0.238444089889526
C010,C,2,307,1,NaN,NaN,0,0.031749963760376
C010,C,2,308,NaN,0,1,NaN,0.0997939109802246
C010,C,2,309,1,NaN,NaN,0,0.400851964950562
C010,C,2,310,1,NaN,NaN,0,0.302277088165283
C010,C,2,311,1,NaN,NaN,0,0.266829967498779
C010,C,2,312,1,NaN,NaN,0,0.354416131973267
C010,C,2,313,1,NaN,NaN,0,0.395743131637573
C010,C,2,314,1,NaN,NaN,0,0.360566139221191
C010,C,2,315,1,NaN,NaN,0,0.460375070571899
C010,C,2,316,1,NaN,NaN,0,0.403784036636353
C010,C,2,317,1,NaN,NaN,0,0.34747576713562
C010,C,2,318,NaN,1,0,NaN,NaN
C010,C,2,319,1,NaN,NaN,0,0.299359083175659
C010,C,2,320,1,NaN,NaN,0,0.338608026504517
C010,C,2,321,1,NaN,NaN,0,0.286675930023193
C010,C,2,322,1,NaN,NaN,0,0.355652093887329
C010,C,2,323,1,NaN,NaN,0,0.413246154785156
C010,C,2,324,1,NaN,NaN,0,0.449147939682007
C010,C,2,325,1,NaN,NaN,0,0.430930137634277
C010,C,2,326,1,NaN,NaN,0,0.420209884643555
C010,C,2,327,1,NaN,NaN,0,0.3769690990448
C010,C,2,328,1,NaN,NaN,0,0.412083148956299
C010,C,2,329,1,NaN,NaN,0,0.395062923431396
C010,C,2,330,NaN,1,0,NaN,NaN
C010,C,2,331,1,NaN,NaN,0,0.332704782485962
C010,C,2,332,1,NaN,NaN,0,0.283421993255615
C010,C,2,333,1,NaN,NaN,0,0.595201969146729
C010,C,2,334,1,NaN,NaN,0,0.358155012130737
C010,C,2,335,1,NaN,NaN,0,0.420614957809448
C010,C,2,336,NaN,1,0,NaN,NaN
C010,C,2,337,1,NaN,NaN,0,0.339970111846924
C010,C,2,338,1,NaN,NaN,0,0.342132091522217
C010,C,2,339,1,NaN,NaN,0,0.391235113143921
C010,C,2,340,1,NaN,NaN,0,0.392104864120483
C010,C,2,341,1,NaN,NaN,0,0.376805067062378
C010,C,2,342,1,NaN,NaN,0,0.38374400138855
C010,C,2,343,1,NaN,NaN,0,0.360318899154663
C010,C,2,344,1,NaN,NaN,0,0.331516981124878
C010,C,2,345,1,NaN,NaN,0,0.346410989761353
C010,C,2,346,1,NaN,NaN,0,0.370350122451782
C010,C,2,347,1,NaN,NaN,0,0.378167867660522
C010,C,2,348,1,NaN,NaN,0,0.607647180557251
C010,C,2,349,NaN,1,0,NaN,NaN
C010,C,2,350,1,NaN,NaN,0,0.288348913192749
C010,C,2,351,1,NaN,NaN,0,0.42713189125061
C010,C,2,352,1,NaN,NaN,0,0.34046483039856
C010,C,2,353,1,NaN,NaN,0,0.333821058273315
C010,C,2,354,1,NaN,NaN,0,0.333563804626465
C010,C,2,355,1,NaN,NaN,0,0.362583160400391
C010,C,2,356,1,NaN,NaN,0,0.335595846176147
C010,C,2,357,NaN,0,1,NaN,0.303708076477051
C010,C,2,358,1,NaN,NaN,0,0.320482015609741
C010,C,2,359,1,NaN,NaN,0,0.301723957061768
C010,C,2,360,1,NaN,NaN,0,0.284584999084473
C010,C,2,361,1,NaN,NaN,0,0.322020053863525
C010,C,2,362,1,NaN,NaN,0,0.353492021560669
C010,C,2,363,1,NaN,NaN,0,0.284449100494385
C010,C,2,364,1,NaN,NaN,0,0.287061929702759
C010,C,2,365,1,NaN,NaN,0,0.396633148193359
C010,C,2,366,NaN,0,1,NaN,0.314746141433716
C010,C,2,367,1,NaN,NaN,0,0.271627902984619
C010,C,2,368,1,NaN,NaN,0,0.260913848876953
C010,C,2,369,1,NaN,NaN,0,0.370658874511719
C010,C,2,370,1,NaN,NaN,0,0.339048147201538
C010,C,2,371,1,NaN,NaN,0,0.347975969314575
C010,C,2,372,1,NaN,NaN,0,0.380724191665649
C010,C,2,373,NaN,1,0,NaN,NaN
C010,C,2,374,1,NaN,NaN,0,0.300287008285522
C010,C,2,375,1,NaN,NaN,0,0.381599187850952
C010,C,2,376,1,NaN,NaN,0,0.443082809448242
C010,C,2,377,1,NaN,NaN,0,0.396836042404175
C010,C,2,378,1,NaN,NaN,0,0.394400835037231
C010,C,2,379,1,NaN,NaN,0,0.407397985458374
C010,C,2,380,1,NaN,NaN,0,0.571416854858398
C010,C,2,381,1,NaN,NaN,0,0.366843938827515
C010,C,2,382,1,NaN,NaN,0,0.359670877456665
C010,C,2,383,1,NaN,NaN,0,0.487737894058228
C010,C,2,384,1,NaN,NaN,0,0.37813401222229
C010,C,2,385,1,NaN,NaN,0,0.418195962905884
C010,C,2,386,NaN,1,0,NaN,NaN
C010,C,2,387,1,NaN,NaN,0,0.324894905090332
C010,C,2,388,1,NaN,NaN,0,0.462675094604492
C010,C,2,389,1,NaN,NaN,0,0.423939943313599
C010,C,2,390,1,NaN,NaN,0,0.338750123977661
C010,C,2,391,NaN,1,0,NaN,NaN
C010,C,2,392,1,NaN,NaN,0,0.294326066970825
C010,C,2,393,1,NaN,NaN,0,0.37689208984375
C010,C,2,394,1,NaN,NaN,0,0.533464908599854
C010,C,2,395,1,NaN,NaN,0,0.378158092498779
C010,C,2,396,1,NaN,NaN,0,0.396553993225098
C010,C,2,397,1,NaN,NaN,0,0.41985297203064
C010,C,2,398,1,NaN,NaN,0,0.502281188964844
C010,C,2,399,1,NaN,NaN,0,0.384206056594849
C010,C,2,400,1,NaN,NaN,0,0.324348926544189
C010,C,2,401,1,NaN,NaN,0,0.320276975631714
C010,C,2,402,NaN,1,0,NaN,NaN
C010,C,2,403,1,NaN,NaN,0,0.337524890899658
C010,C,2,404,1,NaN,NaN,0,0.297821044921875
C010,C,2,405,1,NaN,NaN,0,0.320297956466675
C010,C,2,406,1,NaN,NaN,0,0.380939960479736
C010,C,2,407,1,NaN,NaN,0,0.393910884857178
C010,C,2,408,1,NaN,NaN,0,0.325443983078003
C010,C,2,409,1,NaN,NaN,0,0.281682014465332
C010,C,2,410,1,NaN,NaN,0,0.314862966537476
C010,C,2,411,NaN,1,0,NaN,NaN
C010,C,2,412,1,NaN,NaN,0,0.260467052459717
C010,C,2,413,1,NaN,NaN,0,0.344949960708618
C010,C,2,414,1,NaN,NaN,0,0.273025035858154
C010,C,2,415,1,NaN,NaN,0,0.322067022323608
C010,C,2,416,1,NaN,NaN,0,0.344992876052856
C010,C,2,417,1,NaN,NaN,0,0.322473049163818
C010,C,2,418,1,NaN,NaN,0,0.36698317527771
C010,C,2,419,NaN,1,0,NaN,NaN
C010,C,2,420,1,NaN,NaN,0,0.217555999755859
C010,C,2,421,1,NaN,NaN,0,0.274878978729248
C010,C,2,422,1,NaN,NaN,0,0.492087841033936
C010,C,2,423,1,NaN,NaN,0,0.414108037948608
C010,C,2,424,1,NaN,NaN,0,0.371793031692505
C010,C,2,425,1,NaN,NaN,0,0.285132884979248
C010,C,2,426,1,NaN,NaN,0,0.361138105392456
C010,C,2,427,1,NaN,NaN,0,0.39472484588623
C010,C,2,428,NaN,1,0,NaN,NaN
C010,C,2,429,1,NaN,NaN,0,0.372586965560913
C010,C,2,430,1,NaN,NaN,0,0.277820110321045
C010,C,2,431,1,NaN,NaN,0,0.359658002853394
C010,C,2,432,1,NaN,NaN,0,0.379595994949341
C010,C,2,433,1,NaN,NaN,0,0.309900999069214
C010,C,2,434,1,NaN,NaN,0,0.545569896697998
C010,C,2,435,1,NaN,NaN,0,0.366558074951172
C010,C,2,436,1,NaN,NaN,0,0.419996023178101
C010,C,2,437,1,NaN,NaN,0,0.371707916259766
C010,C,2,438,NaN,1,0,NaN,NaN
C010,C,2,439,1,NaN,NaN,0,0.232553958892822
C010,C,2,440,1,NaN,NaN,0,0.311991930007935
C010,C,2,441,1,NaN,NaN,0,0.335431098937988
C010,C,2,442,1,NaN,NaN,0,0.315582036972046
C010,C,2,443,1,NaN,NaN,0,0.337946176528931
C010,C,2,444,1,NaN,NaN,0,0.282156944274902
C010,C,2,445,1,NaN,NaN,0,0.364502906799316
C010,C,2,446,1,NaN,NaN,0,0.374444961547852
C010,C,2,447,1,NaN,NaN,0,0.373569011688232
C010,C,2,448,NaN,1,0,NaN,NaN
C010,C,2,449,1,NaN,NaN,0,0.323816061019897
C010,C,2,450,1,NaN,NaN,0,0.328870058059692
C010,C,2,451,1,NaN,NaN,0,0.353894948959351
C010,C,2,452,1,NaN,NaN,0,0.404199123382568
C010,C,2,453,1,NaN,NaN,0,0.457661151885986
C010,C,2,454,1,NaN,NaN,0,0.394805908203125
C010,C,2,455,1,NaN,NaN,0,0.328933000564575
C010,C,2,456,NaN,1,0,NaN,NaN
C010,C,2,457,1,NaN,NaN,0,0.289137125015259
C010,C,2,458,1,NaN,NaN,0,0.350515842437744
C010,C,2,459,1,NaN,NaN,0,0.325145959854126
C010,C,2,460,1,NaN,NaN,0,0.472626924514771
C010,C,2,461,NaN,1,0,NaN,NaN
C010,C,2,462,1,NaN,NaN,0,0.299055099487305
C010,C,2,463,1,NaN,NaN,0,0.290934085845947
C010,C,2,464,1,NaN,NaN,0,0.384513139724731
C010,C,2,465,1,NaN,NaN,0,0.392750978469849
C010,C,2,466,1,NaN,NaN,0,0.408489942550659
C010,C,2,467,1,NaN,NaN,0,0.385511875152588
C010,C,2,468,1,NaN,NaN,0,0.438598871231079
C010,C,2,469,1,NaN,NaN,0,0.433183908462524
C010,C,2,470,1,NaN,NaN,0,0.437187910079956
C010,C,2,471,1,NaN,NaN,0,0.390449047088623
C010,C,2,472,1,NaN,NaN,0,0.431377172470093
C010,C,2,473,1,NaN,NaN,0,0.412297964096069
C010,C,2,474,NaN,1,0,NaN,NaN
C010,C,2,475,1,NaN,NaN,0,0.324108839035034
C010,C,2,476,1,NaN,NaN,0,0.414836883544922
C010,C,2,477,1,NaN,NaN,0,0.42226505279541
C010,C,2,478,1,NaN,NaN,0,0.361951112747192
C010,C,2,479,1,NaN,NaN,0,0.311367034912109
C010,C,2,480,1,NaN,NaN,0,0.381493091583252
C010,C,2,481,1,NaN,NaN,0,0.42682409286499
C010,C,2,482,NaN,1,0,NaN,NaN
C010,C,2,483,1,NaN,NaN,0,0.345736026763916
C010,C,2,484,1,NaN,NaN,0,0.298730850219727
C010,C,2,485,1,NaN,NaN,0,0.366810083389282
C010,C,2,486,1,NaN,NaN,0,0.459038972854614
C010,C,2,487,1,NaN,NaN,0,0.437047004699707
C010,C,2,488,1,NaN,NaN,0,0.393294095993042
C010,C,2,489,NaN,1,0,NaN,NaN
C010,C,2,490,1,NaN,NaN,0,0.333290815353394
C010,C,2,491,1,NaN,NaN,0,0.340037822723389
C010,C,2,492,1,NaN,NaN,0,0.349364995956421
C010,C,2,493,1,NaN,NaN,0,0.373265027999878
C010,C,2,494,1,NaN,NaN,0,0.430145025253296
C010,C,2,495,1,NaN,NaN,0,0.445592164993286
C010,C,2,496,1,NaN,NaN,0,0.428331136703491
C010,C,2,497,1,NaN,NaN,0,0.438445806503296
C010,C,2,498,1,NaN,NaN,0,0.508388042449951
C010,C,2,499,1,NaN,NaN,0,0.439666986465454
C010,C,2,500,NaN,1,0,NaN,NaN
C010,C,2,501,1,NaN,NaN,0,0.323163032531738
C010,C,2,502,1,NaN,NaN,0,0.327249050140381
C010,C,2,503,1,NaN,NaN,0,0.396533012390137
C010,C,2,504,1,NaN,NaN,0,0.433751106262207
C010,C,2,505,1,NaN,NaN,0,0.382289886474609
C010,C,2,506,1,NaN,NaN,0,0.399392127990723
C010,C,2,507,NaN,1,0,NaN,NaN
C010,C,2,508,1,NaN,NaN,0,0.236773014068604
C010,C,2,509,1,NaN,NaN,0,0.408157110214233
C010,C,2,510,1,NaN,NaN,0,0.392806053161621
C010,C,2,511,1,NaN,NaN,0,0.382379055023193
C010,C,2,512,1,NaN,NaN,0,0.37714409828186
C010,C,2,513,1,NaN,NaN,0,0.366921901702881
C010,C,2,514,1,NaN,NaN,0,0.36031699180603
C010,C,2,515,NaN,1,0,NaN,NaN
C010,C,2,516,1,NaN,NaN,0,0.218997001647949
C010,C,2,517,1,NaN,NaN,0,0.276262044906616
C010,C,2,518,1,NaN,NaN,0,0.404249906539917
C010,C,2,519,1,NaN,NaN,0,0.416723966598511
C010,C,2,520,1,NaN,NaN,0,0.44415807723999
C010,C,2,521,1,NaN,NaN,0,0.449126958847046
C010,C,2,522,1,NaN,NaN,0,0.546772956848145
C010,C,2,523,1,NaN,NaN,0,0.512067079544067
C010,C,2,524,1,NaN,NaN,0,0.446907043457031
C010,C,2,525,1,NaN,NaN,0,0.459501028060913
C010,C,2,526,1,NaN,NaN,0,0.432154893875122
C010,C,2,527,1,NaN,NaN,0,0.499740123748779
C010,C,2,528,1,NaN,NaN,0,0.545624971389771
C010,C,2,529,NaN,1,0,NaN,NaN
C010,C,2,530,1,NaN,NaN,0,0.440061092376709
C010,C,2,531,1,NaN,NaN,0,0.359347820281982
C010,C,3,1,1,NaN,NaN,0,0.408011913299561
C010,C,3,2,1,NaN,NaN,0,0.332985877990723
C010,C,3,3,1,NaN,NaN,0,0.328306198120117
C010,C,3,4,1,NaN,NaN,0,0.392966985702515
C010,C,3,5,1,NaN,NaN,0,0.36679482460022
C010,C,3,6,1,NaN,NaN,0,0.403621196746826
C010,C,3,7,1,NaN,NaN,0,0.35849404335022
C010,C,3,8,NaN,1,0,NaN,NaN
C010,C,3,9,1,NaN,NaN,0,0.260581016540527
C010,C,3,10,1,NaN,NaN,0,0.321568012237549
C010,C,3,11,1,NaN,NaN,0,0.370270967483521
C010,C,3,12,1,NaN,NaN,0,0.299575090408325
C010,C,3,13,1,NaN,NaN,0,0.310286998748779
C010,C,3,14,1,NaN,NaN,0,0.314210891723633
C010,C,3,15,1,NaN,NaN,0,0.372040033340454
C010,C,3,16,NaN,1,0,NaN,NaN
C010,C,3,17,1,NaN,NaN,0,0.386480093002319
C010,C,3,18,1,NaN,NaN,0,0.315046072006226
C010,C,3,19,1,NaN,NaN,0,0.238355875015259
C010,C,3,20,1,NaN,NaN,0,0.365339040756226
C010,C,3,21,1,NaN,NaN,0,0.477147817611694
C010,C,3,22,1,NaN,NaN,0,0.326499938964844
C010,C,3,23,NaN,1,0,NaN,NaN
C010,C,3,24,1,NaN,NaN,0,0.406148910522461
C010,C,3,25,1,NaN,NaN,0,0.327522993087769
C010,C,3,26,1,NaN,NaN,0,0.329148054122925
C010,C,3,27,1,NaN,NaN,0,0.366374015808105
C010,C,3,28,1,NaN,NaN,0,0.452337026596069
C010,C,3,29,1,NaN,NaN,0,0.341028928756714
C010,C,3,30,1,NaN,NaN,0,0.314937114715576
C010,C,3,31,1,NaN,NaN,0,0.340119123458862
C010,C,3,32,NaN,1,0,NaN,NaN
C010,C,3,33,1,NaN,NaN,0,0.364415168762207
C010,C,3,34,1,NaN,NaN,0,0.304494857788086
C010,C,3,35,1,NaN,NaN,0,0.319377899169922
C010,C,3,36,1,NaN,NaN,0,0.295798063278198
C010,C,3,37,1,NaN,NaN,0,0.4167799949646
C010,C,3,38,1,NaN,NaN,0,0.374376058578491
C010,C,3,39,NaN,1,0,NaN,NaN
C010,C,3,40,1,NaN,NaN,0,0.366847991943359
C010,C,3,41,1,NaN,NaN,0,0.270457983016968
C010,C,3,42,1,NaN,NaN,0,0.335239887237549
C010,C,3,43,1,NaN,NaN,0,0.358093023300171
C010,C,3,44,1,NaN,NaN,0,0.344300985336304
C010,C,3,45,1,NaN,NaN,0,0.315783977508545
C010,C,3,46,1,NaN,NaN,0,0.332787990570068
C010,C,3,47,1,NaN,NaN,0,0.33581805229187
C010,C,3,48,NaN,1,0,NaN,NaN
C010,C,3,49,1,NaN,NaN,0,0.377665996551514
C010,C,3,50,1,NaN,NaN,0,0.247022867202759
C010,C,3,51,1,NaN,NaN,0,0.321094036102295
C010,C,3,52,1,NaN,NaN,0,0.381694078445435
C010,C,3,53,1,NaN,NaN,0,0.318548202514648
C010,C,3,54,1,NaN,NaN,0,0.347466230392456
C010,C,3,55,1,NaN,NaN,0,0.320271015167236
C010,C,3,56,1,NaN,NaN,0,0.310445070266724
C010,C,3,57,1,NaN,NaN,0,0.351794958114624
C010,C,3,58,1,NaN,NaN,0,0.289198160171509
C010,C,3,59,1,NaN,NaN,0,0.38637900352478
C010,C,3,60,NaN,1,0,NaN,NaN
C010,C,3,61,1,NaN,NaN,0,0.222699880599976
C010,C,3,62,1,NaN,NaN,0,0.248482942581177
C010,C,3,63,1,NaN,NaN,0,0.34119701385498
C010,C,3,64,1,NaN,NaN,0,0.381881952285767
C010,C,3,65,1,NaN,NaN,0,0.277585983276367
C010,C,3,66,1,NaN,NaN,0,0.326940059661865
C010,C,3,67,1,NaN,NaN,0,0.342266082763672
C010,C,3,68,1,NaN,NaN,0,0.331918954849243
C010,C,3,69,1,NaN,NaN,0,0.300600051879883
C010,C,3,70,NaN,1,0,NaN,NaN
C010,C,3,71,1,NaN,NaN,0,0.311837911605835
C010,C,3,72,1,NaN,NaN,0,0.29150390625
C010,C,3,73,1,NaN,NaN,0,0.279459953308105
C010,C,3,74,1,NaN,NaN,0,0.2933509349823
C010,C,3,75,NaN,0,1,NaN,0.221706867218018
C010,C,3,76,1,NaN,NaN,0,0.688606977462769
C010,C,3,77,1,NaN,NaN,0,0.377516984939575
C010,C,3,78,1,NaN,NaN,0,0.387708902359009
C010,C,3,79,1,NaN,NaN,0,0.367757081985474
C010,C,3,80,1,NaN,NaN,0,0.384503126144409
C010,C,3,81,1,NaN,NaN,0,0.381606817245483
C010,C,3,82,1,NaN,NaN,0,0.434998989105225
C010,C,3,83,1,NaN,NaN,0,0.333772897720337
C010,C,3,84,1,NaN,NaN,0,0.366803884506226
C010,C,3,85,NaN,1,0,NaN,NaN
C010,C,3,86,1,NaN,NaN,0,0.289044141769409
C010,C,3,87,1,NaN,NaN,0,0.338680028915405
C010,C,3,88,1,NaN,NaN,0,0.36357593536377
C010,C,3,89,1,NaN,NaN,0,0.404781103134155
C010,C,3,90,1,NaN,NaN,0,0.313148975372314
C010,C,3,91,1,NaN,NaN,0,0.347852945327759
C010,C,3,92,1,NaN,NaN,0,0.332306146621704
C010,C,3,93,1,NaN,NaN,0,0.325599908828735
C010,C,3,94,1,NaN,NaN,0,0.352647066116333
C010,C,3,95,NaN,1,0,NaN,NaN
C010,C,3,96,1,NaN,NaN,0,0.295778036117554
C010,C,3,97,1,NaN,NaN,0,0.368561983108521
C010,C,3,98,1,NaN,NaN,0,0.340911149978638
C010,C,3,99,1,NaN,NaN,0,0.283982992172241
C010,C,3,100,1,NaN,NaN,0,0.293401956558228
C010,C,3,101,1,NaN,NaN,0,0.349184036254883
C010,C,3,102,1,NaN,NaN,0,0.328798055648804
C010,C,3,103,1,NaN,NaN,0,0.333709001541138
C010,C,3,104,1,NaN,NaN,0,0.322633028030396
C010,C,3,105,NaN,0,1,NaN,0.267000913619995
C010,C,3,106,1,NaN,NaN,0,0.279691934585571
C010,C,3,107,1,NaN,NaN,0,0.294397830963135
C010,C,3,108,1,NaN,NaN,0,0.327301979064941
C010,C,3,109,1,NaN,NaN,0,0.363471031188965
C010,C,3,110,1,NaN,NaN,0,0.336984872817993
C010,C,3,111,1,NaN,NaN,0,0.337518930435181
C010,C,3,112,1,NaN,NaN,0,0.302939176559448
C010,C,3,113,1,NaN,NaN,0,0.368404865264893
C010,C,3,114,1,NaN,NaN,0,0.327208042144775
C010,C,3,115,NaN,1,0,NaN,NaN
C010,C,3,116,1,NaN,NaN,0,0.133524179458618
C010,C,3,117,1,NaN,NaN,0,0.298881053924561
C010,C,3,118,1,NaN,NaN,0,0.284327983856201
C010,C,3,119,1,NaN,NaN,0,0.213047981262207
C010,C,3,120,1,NaN,NaN,0,0.326231002807617
C010,C,3,121,1,NaN,NaN,0,0.375996828079224
C010,C,3,122,1,NaN,NaN,0,0.412201881408691
C010,C,3,123,NaN,1,0,NaN,NaN
C010,C,3,124,1,NaN,NaN,0,0.349485874176025
C010,C,3,125,1,NaN,NaN,0,0.302510023117065
C010,C,3,126,1,NaN,NaN,0,0.357527017593384
C010,C,3,127,1,NaN,NaN,0,0.439799070358276
C010,C,3,128,1,NaN,NaN,0,0.330179929733276
C010,C,3,129,1,NaN,NaN,0,0.333638906478882
C010,C,3,130,NaN,1,0,NaN,NaN
C010,C,3,131,1,NaN,NaN,0,0.262233018875122
C010,C,3,132,1,NaN,NaN,0,0.367956876754761
C010,C,3,133,1,NaN,NaN,0,0.354178905487061
C010,C,3,134,1,NaN,NaN,0,0.447266101837158
C010,C,3,135,1,NaN,NaN,0,0.380424022674561
C010,C,3,136,1,NaN,NaN,0,0.347131967544556
C010,C,3,137,1,NaN,NaN,0,0.371952056884766
C010,C,3,138,1,NaN,NaN,0,0.341516971588135
C010,C,3,139,1,NaN,NaN,0,0.390898942947388
C010,C,3,140,1,NaN,NaN,0,0.411727905273438
C010,C,3,141,1,NaN,NaN,0,0.366466999053955
C010,C,3,142,NaN,1,0,NaN,NaN
C010,C,3,143,1,NaN,NaN,0,0.187443017959595
C010,C,3,144,1,NaN,NaN,0,0.236126899719238
C010,C,3,145,1,NaN,NaN,0,0.268827199935913
C010,C,3,146,1,NaN,NaN,0,0.338587045669556
C010,C,3,147,1,NaN,NaN,0,0.359946012496948
C010,C,3,148,NaN,1,0,NaN,NaN
C010,C,3,149,1,NaN,NaN,0,0.220725059509277
C010,C,3,150,1,NaN,NaN,0,0.257885932922363
C010,C,3,151,1,NaN,NaN,0,0.269866943359375
C010,C,3,152,1,NaN,NaN,0,0.377684116363525
C010,C,3,153,1,NaN,NaN,0,0.3558189868927
C010,C,3,154,1,NaN,NaN,0,0.342218160629272
C010,C,3,155,1,NaN,NaN,0,0.319405078887939
C010,C,3,156,1,NaN,NaN,0,0.360778093338013
C010,C,3,157,NaN,1,0,NaN,NaN
C010,C,3,158,1,NaN,NaN,0,0.425178050994873
C010,C,3,159,1,NaN,NaN,0,0.316035985946655
C010,C,3,160,1,NaN,NaN,0,0.321579933166504
C010,C,3,161,1,NaN,NaN,0,0.265388011932373
C010,C,3,162,1,NaN,NaN,0,0.252929925918579
C010,C,3,163,1,NaN,NaN,0,0.264734029769897
C010,C,3,164,1,NaN,NaN,0,0.32519006729126
C010,C,3,165,1,NaN,NaN,0,0.280965089797974
C010,C,3,166,1,NaN,NaN,0,0.317308902740479
C010,C,3,167,1,NaN,NaN,0,0.277141094207764
C010,C,3,168,1,NaN,NaN,0,0.324268102645874
C010,C,3,169,NaN,0,1,NaN,0.29390287399292
C010,C,3,170,1,NaN,NaN,0,0.308675050735474
C010,C,3,171,1,NaN,NaN,0,0.291283130645752
C010,C,3,172,1,NaN,NaN,0,0.340454816818237
C010,C,3,173,1,NaN,NaN,0,0.293718814849854
C010,C,3,174,1,NaN,NaN,0,0.27466893196106
C010,C,3,175,1,NaN,NaN,0,0.247533082962036
C010,C,3,176,NaN,1,0,NaN,NaN
C010,C,3,177,1,NaN,NaN,0,0.26070499420166
C010,C,3,178,1,NaN,NaN,0,0.296146154403687
C010,C,3,179,1,NaN,NaN,0,0.255707979202271
C010,C,3,180,1,NaN,NaN,0,0.319010972976685
C010,C,3,181,1,NaN,NaN,0,0.329174041748047
C010,C,3,182,NaN,0,1,NaN,0.294270992279053
C010,C,3,183,1,NaN,NaN,0,0.306357860565186
C010,C,3,184,1,NaN,NaN,0,0.580071926116943
C010,C,3,185,1,NaN,NaN,0,0.311023950576782
C010,C,3,186,1,NaN,NaN,0,0.353960037231445
C010,C,3,187,1,NaN,NaN,0,0.342734813690186
C010,C,3,188,1,NaN,NaN,0,0.331540107727051
C010,C,3,189,1,NaN,NaN,0,0.34689998626709
C010,C,3,190,1,NaN,NaN,0,0.346801042556763
C010,C,3,191,1,NaN,NaN,0,0.370014905929565
C010,C,3,192,NaN,1,0,NaN,NaN
C010,C,3,193,1,NaN,NaN,0,0.327207088470459
C010,C,3,194,1,NaN,NaN,0,0.303339958190918
C010,C,3,195,1,NaN,NaN,0,0.35355806350708
C010,C,3,196,1,NaN,NaN,0,0.305361986160278
C010,C,3,197,1,NaN,NaN,0,0.363548040390015
C010,C,3,198,1,NaN,NaN,0,0.329620122909546
C010,C,3,199,1,NaN,NaN,0,0.283651113510132
C010,C,3,200,NaN,1,0,NaN,NaN
C010,C,3,201,1,NaN,NaN,0,0.213582992553711
C010,C,3,202,1,NaN,NaN,0,0.331533908843994
C010,C,3,203,1,NaN,NaN,0,0.289865016937256
C010,C,3,204,1,NaN,NaN,0,0.370725154876709
C010,C,3,205,1,NaN,NaN,0,0.356001853942871
C010,C,3,206,1,NaN,NaN,0,0.398499011993408
C010,C,3,207,1,NaN,NaN,0,0.482098817825317
C010,C,3,208,1,NaN,NaN,0,0.419137954711914
C010,C,3,209,NaN,1,0,NaN,NaN
C010,C,3,210,1,NaN,NaN,0,0.340043067932129
C010,C,3,211,1,NaN,NaN,0,0.310469150543213
C010,C,3,212,1,NaN,NaN,0,0.340698003768921
C010,C,3,213,1,NaN,NaN,0,0.304896116256714
C010,C,3,214,1,NaN,NaN,0,0.418117046356201
C010,C,3,215,1,NaN,NaN,0,0.37780499458313
C010,C,3,216,1,NaN,NaN,0,0.336826086044312
C010,C,3,217,1,NaN,NaN,0,0.357519865036011
C010,C,3,218,1,NaN,NaN,0,0.305023908615112
C010,C,3,219,NaN,0,1,NaN,0.314292907714844
C010,C,3,220,1,NaN,NaN,0,0.263715028762817
C010,C,3,221,1,NaN,NaN,0,0.302638053894043
C010,C,3,222,1,NaN,NaN,0,0.278930902481079
C010,C,3,223,1,NaN,NaN,0,0.308470010757446
C010,C,3,224,1,NaN,NaN,0,0.377341985702515
C010,C,3,225,1,NaN,NaN,0,0.35403299331665
C010,C,3,226,1,NaN,NaN,0,0.408018112182617
C010,C,3,227,1,NaN,NaN,0,0.435473918914795
C010,C,3,228,1,NaN,NaN,0,0.355300903320312
C010,C,3,229,1,NaN,NaN,0,0.348733901977539
C010,C,3,230,NaN,1,0,NaN,NaN
C010,C,3,231,1,NaN,NaN,0,0.249184131622314
C010,C,3,232,1,NaN,NaN,0,0.320979833602905
C010,C,3,233,1,NaN,NaN,0,0.293226003646851
C010,C,3,234,1,NaN,NaN,0,0.431204080581665
C010,C,3,235,1,NaN,NaN,0,0.339970111846924
C010,C,3,236,1,NaN,NaN,0,0.662657022476196
C010,C,3,237,1,NaN,NaN,0,0.334758043289185
C010,C,3,238,1,NaN,NaN,0,0.356686115264893
C010,C,3,239,1,NaN,NaN,0,0.373831987380981
C010,C,3,240,NaN,1,0,NaN,NaN
C010,C,3,241,1,NaN,NaN,0,0.245726108551025
C010,C,3,242,1,NaN,NaN,0,0.246021032333374
C010,C,3,243,1,NaN,NaN,0,0.328245878219604
C010,C,3,244,1,NaN,NaN,0,0.377018928527832
C010,C,3,245,NaN,0,1,NaN,0.289793014526367
C010,C,3,246,1,NaN,NaN,0,0.452114820480347
C010,C,3,247,1,NaN,NaN,0,0.351464033126831
C010,C,3,248,1,NaN,NaN,0,0.323348045349121
C010,C,3,249,1,NaN,NaN,0,0.456107139587402
C010,C,3,250,1,NaN,NaN,0,0.36853289604187
C010,C,3,251,1,NaN,NaN,0,0.341259956359863
C010,C,3,252,1,NaN,NaN,0,0.357085943222046
C010,C,3,253,1,NaN,NaN,0,0.414116859436035
C010,C,3,254,1,NaN,NaN,0,0.361514091491699
C010,C,3,255,1,NaN,NaN,0,0.398796081542969
C010,C,3,256,NaN,1,0,NaN,NaN
C010,C,3,257,1,NaN,NaN,0,0.293111801147461
C010,C,3,258,1,NaN,NaN,0,0.347051858901978
C010,C,3,259,1,NaN,NaN,0,0.392409086227417
C010,C,3,260,1,NaN,NaN,0,0.359931945800781
C010,C,3,261,1,NaN,NaN,0,0.312761068344116
C010,C,3,262,1,NaN,NaN,0,0.344847917556763
C010,C,3,263,NaN,1,0,NaN,NaN
C010,C,3,264,1,NaN,NaN,0,0.282409906387329
C010,C,3,265,1,NaN,NaN,0,0.305414915084839
C010,C,3,266,1,NaN,NaN,0,0.383384943008423
C010,C,3,267,1,NaN,NaN,0,0.383323907852173
C010,C,3,268,1,NaN,NaN,0,0.566397905349731
C010,C,3,269,1,NaN,NaN,0,0.298588991165161
C010,C,3,270,1,NaN,NaN,0,0.360796928405762
C010,C,3,271,1,NaN,NaN,0,0.331815958023071
C010,C,3,272,NaN,1,0,NaN,NaN
C010,C,3,273,1,NaN,NaN,0,0.298532962799072
C010,C,3,274,1,NaN,NaN,0,0.312806129455566
C010,C,3,275,1,NaN,NaN,0,0.272719144821167
C010,C,3,276,1,NaN,NaN,0,0.315965890884399
C010,C,3,277,1,NaN,NaN,0,0.326504945755005
C010,C,3,278,1,NaN,NaN,0,0.513874053955078
C010,C,3,279,1,NaN,NaN,0,0.291884899139404
C010,C,3,280,1,NaN,NaN,0,0.293085098266602
C010,C,3,281,1,NaN,NaN,0,0.317925930023193
C010,C,3,282,1,NaN,NaN,0,0.282450914382935
C010,C,3,283,NaN,0,1,NaN,0.318722009658813
C010,C,3,284,1,NaN,NaN,0,0.563980102539062
C010,C,3,285,1,NaN,NaN,0,0.280240058898926
C010,C,3,286,1,NaN,NaN,0,0.277547121047974
C010,C,3,287,1,NaN,NaN,0,0.361680030822754
C010,C,3,288,1,NaN,NaN,0,0.422256946563721
C010,C,3,289,1,NaN,NaN,0,0.287860870361328
C010,C,3,290,NaN,0,1,NaN,0.292633056640625
C010,C,3,291,1,NaN,NaN,0,0.403488874435425
C010,C,3,292,1,NaN,NaN,0,0.260833024978638
C010,C,3,293,1,NaN,NaN,0,0.333472967147827
C010,C,3,294,1,NaN,NaN,0,0.302724838256836
C010,C,3,295,1,NaN,NaN,0,0.282054901123047
C010,C,3,296,1,NaN,NaN,0,0.297405004501343
C010,C,3,297,1,NaN,NaN,0,0.322860956192017
C010,C,3,298,1,NaN,NaN,0,0.345663785934448
C010,C,3,299,1,NaN,NaN,0,0.292028903961182
C010,C,3,300,1,NaN,NaN,0,0.321209907531738
C010,C,3,301,1,NaN,NaN,0,0.306401014328003
C010,C,3,302,1,NaN,NaN,0,0.308311939239502
C010,C,3,303,1,NaN,NaN,0,0.280327081680298
C010,C,3,304,NaN,1,0,NaN,NaN
C010,C,3,305,1,NaN,NaN,0,0.319484949111938
C010,C,3,306,1,NaN,NaN,0,0.278841972351074
C010,C,3,307,1,NaN,NaN,0,0.317523002624512
C010,C,3,308,NaN,1,0,NaN,NaN
C010,C,3,309,1,NaN,NaN,0,0.246904134750366
C010,C,3,310,1,NaN,NaN,0,0.333372116088867
C010,C,3,311,1,NaN,NaN,0,0.326230049133301
C010,C,3,312,1,NaN,NaN,0,0.349701881408691
C010,C,3,313,1,NaN,NaN,0,0.372079849243164
C010,C,3,314,1,NaN,NaN,0,0.32755708694458
C010,C,3,315,1,NaN,NaN,0,0.495926141738892
C010,C,3,316,1,NaN,NaN,0,0.367335081100464
C010,C,3,317,1,NaN,NaN,0,0.443681955337524
C010,C,3,318,NaN,1,0,NaN,NaN
C010,C,3,319,1,NaN,NaN,0,0.322153091430664
C010,C,3,320,1,NaN,NaN,0,0.214234113693237
C010,C,3,321,1,NaN,NaN,0,0.308280944824219
C010,C,3,322,1,NaN,NaN,0,0.306586027145386
C010,C,3,323,1,NaN,NaN,0,0.378538846969604
C010,C,3,324,1,NaN,NaN,0,0.366020917892456
C010,C,3,325,1,NaN,NaN,0,0.361465930938721
C010,C,3,326,1,NaN,NaN,0,0.422361135482788
C010,C,3,327,1,NaN,NaN,0,0.381178140640259
C010,C,3,328,1,NaN,NaN,0,0.366680860519409
C010,C,3,329,NaN,1,0,NaN,NaN
C010,C,3,330,1,NaN,NaN,0,0.347870111465454
C010,C,3,331,1,NaN,NaN,0,0.365231990814209
C010,C,3,332,1,NaN,NaN,0,0.441832065582275
C010,C,3,333,1,NaN,NaN,0,0.399879932403564
C010,C,3,334,1,NaN,NaN,0,0.416743993759155
C010,C,3,335,NaN,1,0,NaN,NaN
C010,C,3,336,1,NaN,NaN,0,0.330125093460083
C010,C,3,337,1,NaN,NaN,0,0.33123517036438
C010,C,3,338,1,NaN,NaN,0,0.33531379699707
C010,C,3,339,1,NaN,NaN,0,0.355796813964844
C010,C,3,340,1,NaN,NaN,0,0.267451047897339
C010,C,3,341,1,NaN,NaN,0,0.281646013259888
C010,C,3,342,1,NaN,NaN,0,0.330374002456665
C010,C,3,343,1,NaN,NaN,0,0.326977968215942
C010,C,3,344,NaN,1,0,NaN,NaN
C010,C,3,345,1,NaN,NaN,0,0.281976938247681
C010,C,3,346,1,NaN,NaN,0,0.298696041107178
C010,C,3,347,1,NaN,NaN,0,0.313189029693604
C010,C,3,348,1,NaN,NaN,0,0.295682191848755
C010,C,3,349,1,NaN,NaN,0,0.354387044906616
C010,C,3,350,1,NaN,NaN,0,0.352653026580811
C010,C,3,351,1,NaN,NaN,0,0.321846008300781
C010,C,3,352,1,NaN,NaN,0,0.363348007202148
C010,C,3,353,1,NaN,NaN,0,0.35657787322998
C010,C,3,354,1,NaN,NaN,0,0.327372074127197
C010,C,3,355,1,NaN,NaN,0,0.331244945526123
C010,C,3,356,1,NaN,NaN,0,0.314313173294067
C010,C,3,357,NaN,1,0,NaN,NaN
C010,C,3,358,1,NaN,NaN,0,0.288558959960938
C010,C,3,359,1,NaN,NaN,0,0.259078025817871
C010,C,3,360,1,NaN,NaN,0,0.311107873916626
C010,C,3,361,1,NaN,NaN,0,0.35393500328064
C010,C,3,362,1,NaN,NaN,0,0.363489866256714
C010,C,3,363,1,NaN,NaN,0,0.375305891036987
C010,C,3,364,NaN,1,0,NaN,NaN
C010,C,3,365,1,NaN,NaN,0,0.345684051513672
C010,C,3,366,1,NaN,NaN,0,0.323341131210327
C010,C,3,367,1,NaN,NaN,0,0.348151922225952
C010,C,3,368,1,NaN,NaN,0,0.360992908477783
C010,C,3,369,1,NaN,NaN,0,0.302699089050293
C010,C,3,370,1,NaN,NaN,0,0.348670959472656
C010,C,3,371,1,NaN,NaN,0,0.377173900604248
C010,C,3,372,1,NaN,NaN,0,0.43255090713501
C010,C,3,373,1,NaN,NaN,0,0.357739925384521
C010,C,3,374,1,NaN,NaN,0,0.294934034347534
C010,C,3,375,NaN,1,0,NaN,NaN
C010,C,3,376,1,NaN,NaN,0,0.188800811767578
C010,C,3,377,1,NaN,NaN,0,0.287591934204102
C010,C,3,378,1,NaN,NaN,0,0.313644170761108
C010,C,3,379,1,NaN,NaN,0,0.318653106689453
C010,C,3,380,1,NaN,NaN,0,0.380007982254028
C010,C,3,381,1,NaN,NaN,0,0.308233022689819
C010,C,3,382,1,NaN,NaN,0,0.321527004241943
C010,C,3,383,1,NaN,NaN,0,0.32511305809021
C010,C,3,384,1,NaN,NaN,0,0.326184034347534
C010,C,3,385,1,NaN,NaN,0,0.331255912780762
C010,C,3,386,NaN,1,0,NaN,NaN
C010,C,3,387,1,NaN,NaN,0,0.221653938293457
C010,C,3,388,1,NaN,NaN,0,0.28430700302124
C010,C,3,389,1,NaN,NaN,0,0.349531888961792
C010,C,3,390,1,NaN,NaN,0,0.2779860496521
C010,C,3,391,1,NaN,NaN,0,0.318697929382324
C010,C,3,392,1,NaN,NaN,0,0.290717124938965
C010,C,3,393,1,NaN,NaN,0,0.325854063034058
C010,C,3,394,1,NaN,NaN,0,0.56864595413208
C010,C,3,395,NaN,1,0,NaN,NaN
C010,C,3,396,1,NaN,NaN,0,0.30066990852356
C010,C,3,397,1,NaN,NaN,0,0.33216404914856
C010,C,3,398,1,NaN,NaN,0,0.373078107833862
C010,C,3,399,1,NaN,NaN,0,0.327301025390625
C010,C,3,400,NaN,1,0,NaN,NaN
C010,C,3,401,1,NaN,NaN,0,0.365291118621826
C010,C,3,402,1,NaN,NaN,0,0.320304870605469
C010,C,3,403,1,NaN,NaN,0,0.333037853240967
C010,C,3,404,1,NaN,NaN,0,0.336360931396484
C010,C,3,405,1,NaN,NaN,0,0.346366167068481
C010,C,3,406,1,NaN,NaN,0,0.360062122344971
C010,C,3,407,1,NaN,NaN,0,0.365221977233887
C010,C,3,408,1,NaN,NaN,0,0.469450950622559
C010,C,3,409,1,NaN,NaN,0,0.322412014007568
C010,C,3,410,1,NaN,NaN,0,0.315168142318726
C010,C,3,411,NaN,1,0,NaN,NaN
C010,C,3,412,1,NaN,NaN,0,0.268839836120605
C010,C,3,413,1,NaN,NaN,0,0.291285991668701
C010,C,3,414,1,NaN,NaN,0,0.311993837356567
C010,C,3,415,1,NaN,NaN,0,0.345129013061523
C010,C,3,416,NaN,1,0,NaN,NaN
C010,C,3,417,1,NaN,NaN,0,0.183856964111328
C010,C,3,418,1,NaN,NaN,0,0.23556113243103
C010,C,3,419,1,NaN,NaN,0,0.29040002822876
C010,C,3,420,1,NaN,NaN,0,0.291162967681885
C010,C,3,421,1,NaN,NaN,0,0.379226922988892
C010,C,3,422,1,NaN,NaN,0,0.393550157546997
C010,C,3,423,1,NaN,NaN,0,0.354274034500122
C010,C,3,424,1,NaN,NaN,0,0.307132959365845
C010,C,3,425,1,NaN,NaN,0,0.288074970245361
C010,C,3,426,NaN,0,1,NaN,0.307973146438599
C010,C,3,427,1,NaN,NaN,0,0.327475070953369
C010,C,3,428,1,NaN,NaN,0,0.276314973831177
C010,C,3,429,1,NaN,NaN,0,0.326097965240479
C010,C,3,430,1,NaN,NaN,0,0.34708309173584
C010,C,3,431,1,NaN,NaN,0,0.324825048446655
C010,C,3,432,1,NaN,NaN,0,0.470504999160767
C010,C,3,433,1,NaN,NaN,0,0.323514938354492
C010,C,3,434,1,NaN,NaN,0,0.3926100730896
C010,C,3,435,1,NaN,NaN,0,0.370005130767822
C010,C,3,436,1,NaN,NaN,0,0.408736944198608
C010,C,3,437,1,NaN,NaN,0,0.378465175628662
C010,C,3,438,NaN,1,0,NaN,NaN
C010,C,3,439,1,NaN,NaN,0,0.264307022094727
C010,C,3,440,1,NaN,NaN,0,0.236042022705078
C010,C,3,441,1,NaN,NaN,0,0.279616117477417
C010,C,3,442,1,NaN,NaN,0,0.32044506072998
C010,C,3,443,1,NaN,NaN,0,0.401518106460571
C010,C,3,444,1,NaN,NaN,0,0.359647035598755
C010,C,3,445,1,NaN,NaN,0,0.363185882568359
C010,C,3,446,1,NaN,NaN,0,0.331078052520752
C010,C,3,447,1,NaN,NaN,0,0.665296077728271
C010,C,3,448,1,NaN,NaN,0,0.126793146133423
C010,C,3,449,NaN,1,0,NaN,NaN
C010,C,3,450,1,NaN,NaN,0,0.370664834976196
C010,C,3,451,1,NaN,NaN,0,0.329262971878052
C010,C,3,452,1,NaN,NaN,0,0.342108964920044
C010,C,3,453,1,NaN,NaN,0,0.311190843582153
C010,C,3,454,NaN,1,0,NaN,NaN
C010,C,3,455,1,NaN,NaN,0,0.310286045074463
C010,C,3,456,1,NaN,NaN,0,0.283751010894775
C010,C,3,457,1,NaN,NaN,0,0.248347043991089
C010,C,3,458,1,NaN,NaN,0,0.31063985824585
C010,C,3,459,1,NaN,NaN,0,0.347506999969482
C010,C,3,460,1,NaN,NaN,0,0.300607919692993
C010,C,3,461,1,NaN,NaN,0,0.274749994277954
C010,C,3,462,1,NaN,NaN,0,0.262983083724976
C010,C,3,463,NaN,0,1,NaN,0.318589925765991
C010,C,3,464,1,NaN,NaN,0,0.27541708946228
C010,C,3,465,1,NaN,NaN,0,0.302244901657104
C010,C,3,466,1,NaN,NaN,0,0.281980991363525
C010,C,3,467,1,NaN,NaN,0,0.265367031097412
C010,C,3,468,1,NaN,NaN,0,0.334838151931763
C010,C,3,469,1,NaN,NaN,0,0.502699136734009
C010,C,3,470,1,NaN,NaN,0,0.417732954025269
C010,C,3,471,NaN,1,0,NaN,NaN
C010,C,3,472,1,NaN,NaN,0,0.293628931045532
C010,C,3,473,1,NaN,NaN,0,0.420675992965698
C010,C,3,474,1,NaN,NaN,0,0.361542940139771
C010,C,3,475,1,NaN,NaN,0,0.415051937103271
C010,C,3,476,1,NaN,NaN,0,0.347353935241699
C010,C,3,477,1,NaN,NaN,0,0.376290082931519
C010,C,3,478,1,NaN,NaN,0,0.385511159896851
C010,C,3,479,1,NaN,NaN,0,0.36475682258606
C010,C,3,480,1,NaN,NaN,0,0.374959945678711
C010,C,3,481,1,NaN,NaN,0,0.367837905883789
C010,C,3,482,NaN,1,0,NaN,NaN
C010,C,3,483,1,NaN,NaN,0,0.419039011001587
C010,C,3,484,1,NaN,NaN,0,0.341302156448364
C010,C,3,485,1,NaN,NaN,0,0.354984998703003
C010,C,3,486,1,NaN,NaN,0,0.334239959716797
C010,C,3,487,1,NaN,NaN,0,0.386937141418457
C010,C,3,488,1,NaN,NaN,0,0.367794990539551
C010,C,3,489,1,NaN,NaN,0,0.377228975296021
C010,C,3,490,1,NaN,NaN,0,0.359798908233643
C010,C,3,491,1,NaN,NaN,0,0.36591100692749
C010,C,3,492,1,NaN,NaN,0,0.347115993499756
C010,C,3,493,NaN,1,0,NaN,NaN
C010,C,3,494,1,NaN,NaN,0,0.29243016242981
C010,C,3,495,1,NaN,NaN,0,0.309668064117432
C010,C,3,496,1,NaN,NaN,0,0.454795122146606
C010,C,3,497,NaN,0,1,NaN,0.307132005691528
C010,C,3,498,1,NaN,NaN,0,0.304448127746582
C010,C,3,499,1,NaN,NaN,0,0.285220861434937
C010,C,3,500,1,NaN,NaN,0,0.3143150806427
C010,C,3,501,1,NaN,NaN,0,0.308629989624023
C010,C,3,502,1,NaN,NaN,0,0.324867963790894
C010,C,3,503,1,NaN,NaN,0,0.375105857849121
C010,C,3,504,1,NaN,NaN,0,0.34223484992981
C010,C,3,505,1,NaN,NaN,0,0.3295738697052
C010,C,3,506,1,NaN,NaN,0,0.301635980606079
C010,C,3,507,1,NaN,NaN,0,0.308878898620605
C010,C,3,508,1,NaN,NaN,0,0.397255182266235
C010,C,3,509,1,NaN,NaN,0,0.34621787071228
C010,C,3,510,1,NaN,NaN,0,0.278920888900757
C010,C,3,511,NaN,0,1,NaN,0.359913110733032
C010,C,3,512,1,NaN,NaN,0,0.591506958007812
C010,C,3,513,1,NaN,NaN,0,0.438323974609375
C010,C,3,514,1,NaN,NaN,0,0.359085083007812
C010,C,3,515,1,NaN,NaN,0,0.318490028381348
C010,C,3,516,NaN,0,1,NaN,0.319024085998535
C010,C,3,517,1,NaN,NaN,0,0.28392505645752
C010,C,3,518,1,NaN,NaN,0,0.350528001785278
C010,C,3,519,1,NaN,NaN,0,0.290856838226318
C010,C,3,520,1,NaN,NaN,0,0.332050085067749
C010,C,3,521,1,NaN,NaN,0,0.327007055282593
C010,C,3,522,1,NaN,NaN,0,0.370587825775146
C010,C,3,523,1,NaN,NaN,0,0.44448184967041
C010,C,3,524,1,NaN,NaN,0,0.425471782684326
C010,C,3,525,1,NaN,NaN,0,0.343046903610229
C010,C,3,526,1,NaN,NaN,0,0.360168218612671
C010,C,3,527,NaN,1,0,NaN,NaN
C010,C,3,528,1,NaN,NaN,0,0.388686895370483
C010,C,3,529,1,NaN,NaN,0,0.314231157302856
C010,C,3,530,1,NaN,NaN,0,0.311918020248413
C010,C,3,531,1,NaN,NaN,0,0.289541006088257
C010,C,4,1,1,NaN,NaN,0,0.422597885131836
C010,C,4,2,1,NaN,NaN,0,0.320513010025024
C010,C,4,3,1,NaN,NaN,0,0.321704864501953
C010,C,4,4,NaN,1,0,NaN,NaN
C010,C,4,5,1,NaN,NaN,0,0.470627069473267
C010,C,4,6,1,NaN,NaN,0,0.280314922332764
C010,C,4,7,1,NaN,NaN,0,0.270336151123047
C010,C,4,8,1,NaN,NaN,0,0.25492000579834
C010,C,4,9,1,NaN,NaN,0,0.326424121856689
C010,C,4,10,1,NaN,NaN,0,0.283339023590088
C010,C,4,11,1,NaN,NaN,0,0.303956985473633
C010,C,4,12,1,NaN,NaN,0,0.345265865325928
C010,C,4,13,NaN,1,0,NaN,NaN
C010,C,4,14,1,NaN,NaN,0,0.292234897613525
C010,C,4,15,1,NaN,NaN,0,0.310045003890991
C010,C,4,16,1,NaN,NaN,0,0.285048007965088
C010,C,4,17,1,NaN,NaN,0,0.308817148208618
C010,C,4,18,1,NaN,NaN,0,0.31099796295166
C010,C,4,19,1,NaN,NaN,0,0.303828001022339
C010,C,4,20,1,NaN,NaN,0,0.314947843551636
C010,C,4,21,1,NaN,NaN,0,0.301769971847534
C010,C,4,22,1,NaN,NaN,0,0.324177026748657
C010,C,4,23,NaN,0,1,NaN,0.287798166275024
C010,C,4,24,1,NaN,NaN,0,0.195794105529785
C010,C,4,25,1,NaN,NaN,0,0.308605909347534
C010,C,4,26,1,NaN,NaN,0,0.315989017486572
C010,C,4,27,1,NaN,NaN,0,0.306458234786987
C010,C,4,28,1,NaN,NaN,0,0.377770900726318
C010,C,4,29,1,NaN,NaN,0,0.362176179885864
C010,C,4,30,1,NaN,NaN,0,0.375431060791016
C010,C,4,31,NaN,1,0,NaN,NaN
C010,C,4,32,1,NaN,NaN,0,0.232969045639038
C010,C,4,33,1,NaN,NaN,0,0.24974799156189
C010,C,4,34,1,NaN,NaN,0,0.797894954681396
C010,C,4,35,1,NaN,NaN,0,0.512054920196533
C010,C,4,36,1,NaN,NaN,0,0.43268895149231
C010,C,4,37,1,NaN,NaN,0,0.322017908096313
C010,C,4,38,1,NaN,NaN,0,0.473646879196167
C010,C,4,39,1,NaN,NaN,0,0.360295057296753
C010,C,4,40,1,NaN,NaN,0,0.344452857971191
C010,C,4,41,1,NaN,NaN,0,0.305891990661621
C010,C,4,42,NaN,1,0,NaN,NaN
C010,C,4,43,1,NaN,NaN,0,0.234724998474121
C010,C,4,44,1,NaN,NaN,0,0.336946964263916
C010,C,4,45,1,NaN,NaN,0,0.317981004714966
C010,C,4,46,1,NaN,NaN,0,0.364672183990479
C010,C,4,47,1,NaN,NaN,0,0.288812875747681
C010,C,4,48,1,NaN,NaN,0,0.334349155426025
C010,C,4,49,1,NaN,NaN,0,0.349702119827271
C010,C,4,50,1,NaN,NaN,0,0.342504024505615
C010,C,4,51,1,NaN,NaN,0,0.341536998748779
C010,C,4,52,1,NaN,NaN,0,0.312129974365234
C010,C,4,53,NaN,1,0,NaN,NaN
C010,C,4,54,1,NaN,NaN,0,0.415244102478027
C010,C,4,55,1,NaN,NaN,0,0.334583044052124
C010,C,4,56,1,NaN,NaN,0,0.299214839935303
C010,C,4,57,1,NaN,NaN,0,0.330460786819458
C010,C,4,58,1,NaN,NaN,0,0.315802097320557
C010,C,4,59,1,NaN,NaN,0,0.268918037414551
C010,C,4,60,NaN,1,0,NaN,NaN
C010,C,4,61,1,NaN,NaN,0,0.193994045257568
C010,C,4,62,1,NaN,NaN,0,0.284281969070435
C010,C,4,63,1,NaN,NaN,0,0.257323026657104
C010,C,4,64,1,NaN,NaN,0,0.364784002304077
C010,C,4,65,1,NaN,NaN,0,0.43833589553833
C010,C,4,66,1,NaN,NaN,0,0.416593074798584
C010,C,4,67,1,NaN,NaN,0,0.351373195648193
C010,C,4,68,1,NaN,NaN,0,0.342729091644287
C010,C,4,69,1,NaN,NaN,0,0.420130014419556
C010,C,4,70,1,NaN,NaN,0,0.34857177734375
C010,C,4,71,NaN,1,0,NaN,NaN
C010,C,4,72,1,NaN,NaN,0,0.27634596824646
C010,C,4,73,1,NaN,NaN,0,0.305800914764404
C010,C,4,74,1,NaN,NaN,0,0.335724830627441
C010,C,4,75,1,NaN,NaN,0,0.337563037872314
C010,C,4,76,1,NaN,NaN,0,0.346825838088989
C010,C,4,77,1,NaN,NaN,0,0.429856061935425
C010,C,4,78,1,NaN,NaN,0,0.426488161087036
C010,C,4,79,NaN,1,0,NaN,NaN
C010,C,4,80,1,NaN,NaN,0,0.327768087387085
C010,C,4,81,1,NaN,NaN,0,0.28910493850708
C010,C,4,82,1,NaN,NaN,0,0.214095115661621
C010,C,4,83,1,NaN,NaN,0,0.265146017074585
C010,C,4,84,1,NaN,NaN,0,0.314541101455688
C010,C,4,85,1,NaN,NaN,0,0.279617071151733
C010,C,4,86,1,NaN,NaN,0,0.345135927200317
C010,C,4,87,1,NaN,NaN,0,0.355061054229736
C010,C,4,88,1,NaN,NaN,0,0.297371864318848
C010,C,4,89,NaN,0,1,NaN,0.325115919113159
C010,C,4,90,1,NaN,NaN,0,0.373623847961426
C010,C,4,91,1,NaN,NaN,0,0.34661078453064
C010,C,4,92,1,NaN,NaN,0,0.391401052474976
C010,C,4,93,1,NaN,NaN,0,0.366847038269043
C010,C,4,94,1,NaN,NaN,0,0.400158882141113
C010,C,4,95,1,NaN,NaN,0,0.432973146438599
C010,C,4,96,1,NaN,NaN,0,0.337559938430786
C010,C,4,97,NaN,1,0,NaN,NaN
C010,C,4,98,1,NaN,NaN,0,0.296034097671509
C010,C,4,99,1,NaN,NaN,0,0.350311994552612
C010,C,4,100,1,NaN,NaN,0,0.40736985206604
C010,C,4,101,NaN,1,0,NaN,NaN
C010,C,4,102,1,NaN,NaN,0,0.265843152999878
C010,C,4,103,1,NaN,NaN,0,0.242649078369141
C010,C,4,104,1,NaN,NaN,0,0.411426067352295
C010,C,4,105,1,NaN,NaN,0,0.385504961013794
C010,C,4,106,1,NaN,NaN,0,0.379590034484863
C010,C,4,107,1,NaN,NaN,0,0.369725942611694
C010,C,4,108,1,NaN,NaN,0,0.485719919204712
C010,C,4,109,1,NaN,NaN,0,0.343945026397705
C010,C,4,110,1,NaN,NaN,0,0.308448076248169
C010,C,4,111,1,NaN,NaN,0,0.349412202835083
C010,C,4,112,1,NaN,NaN,0,0.437518835067749
C010,C,4,113,1,NaN,NaN,0,0.406306028366089
C010,C,4,114,1,NaN,NaN,0,0.368207931518555
C010,C,4,115,1,NaN,NaN,0,0.412353038787842
C010,C,4,116,NaN,1,0,NaN,NaN
C010,C,4,117,1,NaN,NaN,0,0.272850036621094
C010,C,4,118,1,NaN,NaN,0,0.2934410572052
C010,C,4,119,1,NaN,NaN,0,0.405800104141235
C010,C,4,120,1,NaN,NaN,0,0.407883882522583
C010,C,4,121,1,NaN,NaN,0,0.356062173843384
C010,C,4,122,1,NaN,NaN,0,0.368412971496582
C010,C,4,123,NaN,1,0,NaN,NaN
C010,C,4,124,1,NaN,NaN,0,0.261932134628296
C010,C,4,125,1,NaN,NaN,0,0.356323003768921
C010,C,4,126,1,NaN,NaN,0,0.385336875915527
C010,C,4,127,1,NaN,NaN,0,0.322540998458862
C010,C,4,128,1,NaN,NaN,0,0.348666906356812
C010,C,4,129,1,NaN,NaN,0,0.31623387336731
C010,C,4,130,1,NaN,NaN,0,0.312225818634033
C010,C,4,131,1,NaN,NaN,0,0.27935004234314
C010,C,4,132,1,NaN,NaN,0,0.424468994140625
C010,C,4,133,1,NaN,NaN,0,0.366300821304321
C010,C,4,134,NaN,1,0,NaN,NaN
C010,C,4,135,1,NaN,NaN,0,0.256760835647583
C010,C,4,136,1,NaN,NaN,0,0.324692964553833
C010,C,4,137,1,NaN,NaN,0,0.353130102157593
C010,C,4,138,1,NaN,NaN,0,0.33073091506958
C010,C,4,139,NaN,1,0,NaN,NaN
C010,C,4,140,1,NaN,NaN,0,0.407428026199341
C010,C,4,141,1,NaN,NaN,0,0.308116912841797
C010,C,4,142,1,NaN,NaN,0,0.350718975067139
C010,C,4,143,1,NaN,NaN,0,0.298086881637573
C010,C,4,144,1,NaN,NaN,0,0.379802942276001
C010,C,4,145,1,NaN,NaN,0,0.388236045837402
C010,C,4,146,NaN,1,0,NaN,NaN
C010,C,4,147,1,NaN,NaN,0,0.242871046066284
C010,C,4,148,1,NaN,NaN,0,0.295387983322144
C010,C,4,149,1,NaN,NaN,0,0.351246118545532
C010,C,4,150,1,NaN,NaN,0,0.298407077789307
C010,C,4,151,1,NaN,NaN,0,0.489720106124878
C010,C,4,152,1,NaN,NaN,0,0.327394962310791
C010,C,4,153,1,NaN,NaN,0,0.419118881225586
C010,C,4,154,1,NaN,NaN,0,0.410110950469971
C010,C,4,155,1,NaN,NaN,0,0.40841007232666
C010,C,4,156,1,NaN,NaN,0,0.361254930496216
C010,C,4,157,1,NaN,NaN,0,0.360662937164307
C010,C,4,158,NaN,1,0,NaN,NaN
C010,C,4,159,1,NaN,NaN,0,0.245515108108521
C010,C,4,160,1,NaN,NaN,0,0.250010013580322
C010,C,4,161,1,NaN,NaN,0,0.289916038513184
C010,C,4,162,1,NaN,NaN,0,0.361433982849121
C010,C,4,163,1,NaN,NaN,0,0.356400966644287
C010,C,4,164,NaN,1,0,NaN,NaN
C010,C,4,165,1,NaN,NaN,0,0.261651039123535
C010,C,4,166,1,NaN,NaN,0,0.249157190322876
C010,C,4,167,1,NaN,NaN,0,0.320677995681763
C010,C,4,168,1,NaN,NaN,0,0.386784076690674
C010,C,4,169,1,NaN,NaN,0,0.302715063095093
C010,C,4,170,1,NaN,NaN,0,0.346428871154785
C010,C,4,171,1,NaN,NaN,0,0.314458847045898
C010,C,4,172,1,NaN,NaN,0,0.403532028198242
C010,C,4,173,1,NaN,NaN,0,0.440110921859741
C010,C,4,174,1,NaN,NaN,0,0.417397022247314
C010,C,4,175,1,NaN,NaN,0,0.373908996582031
C010,C,4,176,NaN,1,0,NaN,NaN
C010,C,4,177,1,NaN,NaN,0,0.362945079803467
C010,C,4,178,1,NaN,NaN,0,0.340898036956787
C010,C,4,179,1,NaN,NaN,0,0.339430809020996
C010,C,4,180,1,NaN,NaN,0,0.433247089385986
C010,C,4,181,1,NaN,NaN,0,0.332073926925659
C010,C,4,182,1,NaN,NaN,0,0.324965953826904
C010,C,4,183,1,NaN,NaN,0,0.394970178604126
C010,C,4,184,1,NaN,NaN,0,0.364655017852783
C010,C,4,185,1,NaN,NaN,0,0.378108978271484
C010,C,4,186,NaN,0,1,NaN,0.335481882095337
C010,C,4,187,1,NaN,NaN,0,0.369275093078613
C010,C,4,188,1,NaN,NaN,0,0.469879865646362
C010,C,4,189,1,NaN,NaN,0,0.3331618309021
C010,C,4,190,1,NaN,NaN,0,0.369877099990845
C010,C,4,191,1,NaN,NaN,0,0.432979106903076
C010,C,4,192,1,NaN,NaN,0,0.398989915847778
C010,C,4,193,1,NaN,NaN,0,0.349724054336548
C010,C,4,194,1,NaN,NaN,0,0.399754047393799
C010,C,4,195,1,NaN,NaN,0,0.427473068237305
C010,C,4,196,NaN,1,0,NaN,NaN
C010,C,4,197,1,NaN,NaN,0,0.287322998046875
C010,C,4,198,1,NaN,NaN,0,0.35359001159668
C010,C,4,199,1,NaN,NaN,0,0.386632919311523
C010,C,4,200,NaN,1,0,NaN,NaN
C010,C,4,201,1,NaN,NaN,0,0.359832048416138
C010,C,4,202,1,NaN,NaN,0,0.393108129501343
C010,C,4,203,1,NaN,NaN,0,0.389790058135986
C010,C,4,204,1,NaN,NaN,0,0.384137868881226
C010,C,4,205,1,NaN,NaN,0,0.404758930206299
C010,C,4,206,1,NaN,NaN,0,0.353837013244629
C010,C,4,207,1,NaN,NaN,0,0.367340087890625
C010,C,4,208,1,NaN,NaN,0,0.380553007125854
C010,C,4,209,1,NaN,NaN,0,0.363626956939697
C010,C,4,210,NaN,1,0,NaN,NaN
C010,C,4,211,1,NaN,NaN,0,0.610014915466309
C010,C,4,212,1,NaN,NaN,0,0.404622077941895
C010,C,4,213,1,NaN,NaN,0,0.379548072814941
C010,C,4,214,1,NaN,NaN,0,0.351471900939941
C010,C,4,215,1,NaN,NaN,0,0.326220989227295
C010,C,4,216,1,NaN,NaN,0,0.458817005157471
C010,C,4,217,1,NaN,NaN,0,0.36009407043457
C010,C,4,218,1,NaN,NaN,0,0.392879009246826
C010,C,4,219,1,NaN,NaN,0,0.358346939086914
C010,C,4,220,NaN,0,1,NaN,0.384515047073364
C010,C,4,221,1,NaN,NaN,0,0.338552951812744
C010,C,4,222,1,NaN,NaN,0,0.301386117935181
C010,C,4,223,1,NaN,NaN,0,0.270087003707886
C010,C,4,224,1,NaN,NaN,0,0.286505937576294
C010,C,4,225,1,NaN,NaN,0,0.389832019805908
C010,C,4,226,1,NaN,NaN,0,0.306570053100586
C010,C,4,227,1,NaN,NaN,0,0.316583871841431
C010,C,4,228,1,NaN,NaN,0,0.258597135543823
C010,C,4,229,1,NaN,NaN,0,0.278617143630981
C010,C,4,230,NaN,1,0,NaN,NaN
C010,C,4,231,1,NaN,NaN,0,0.2430739402771
C010,C,4,232,1,NaN,NaN,0,0.234014987945557
C010,C,4,233,1,NaN,NaN,0,0.3090980052948
C010,C,4,234,1,NaN,NaN,0,0.31977105140686
C010,C,4,235,1,NaN,NaN,0,0.156460046768188
C010,C,4,236,1,NaN,NaN,0,0.280876159667969
C010,C,4,237,1,NaN,NaN,0,0.318083047866821
C010,C,4,238,1,NaN,NaN,0,0.466978073120117
C010,C,4,239,1,NaN,NaN,0,0.484151840209961
C010,C,4,240,1,NaN,NaN,0,0.332945823669434
C010,C,4,241,NaN,0,1,NaN,0.34844708442688
C010,C,4,242,1,NaN,NaN,0,0.362686157226562
C010,C,4,243,1,NaN,NaN,0,0.250231027603149
C010,C,4,244,1,NaN,NaN,0,0.294746875762939
C010,C,4,245,1,NaN,NaN,0,0.311643123626709
C010,C,4,246,1,NaN,NaN,0,0.35504412651062
C010,C,4,247,NaN,1,0,NaN,NaN
C010,C,4,248,1,NaN,NaN,0,0.295866012573242
C010,C,4,249,1,NaN,NaN,0,0.279011011123657
C010,C,4,250,1,NaN,NaN,0,0.320937871932983
C010,C,4,251,1,NaN,NaN,0,0.375076055526733
C010,C,4,252,1,NaN,NaN,0,0.374451875686646
C010,C,4,253,1,NaN,NaN,0,0.485702037811279
C010,C,4,254,1,NaN,NaN,0,0.386981964111328
C010,C,4,255,1,NaN,NaN,0,0.463917016983032
C010,C,4,256,1,NaN,NaN,0,0.37150502204895
C010,C,4,257,1,NaN,NaN,0,0.35827898979187
C010,C,4,258,NaN,1,0,NaN,NaN
C010,C,4,259,1,NaN,NaN,0,0.268163919448853
C010,C,4,260,1,NaN,NaN,0,0.33557915687561
C010,C,4,261,1,NaN,NaN,0,0.365347146987915
C010,C,4,262,1,NaN,NaN,0,0.410300016403198
C010,C,4,263,1,NaN,NaN,0,0.355525970458984
C010,C,4,264,1,NaN,NaN,0,0.362433910369873
C010,C,4,265,1,NaN,NaN,0,0.333667993545532
C010,C,4,266,1,NaN,NaN,0,0.392728090286255
C010,C,4,267,1,NaN,NaN,0,0.398581981658936
C010,C,4,268,NaN,1,0,NaN,NaN
C010,C,4,269,1,NaN,NaN,0,0.310238122940063
C010,C,4,270,1,NaN,NaN,0,0.343037128448486
C010,C,4,271,1,NaN,NaN,0,0.304341077804565
C010,C,4,272,NaN,1,0,NaN,NaN
C010,C,4,273,1,NaN,NaN,0,0.263118028640747
C010,C,4,274,1,NaN,NaN,0,0.307107925415039
C010,C,4,275,1,NaN,NaN,0,0.432040929794312
C010,C,4,276,1,NaN,NaN,0,0.359671115875244
C010,C,4,277,1,NaN,NaN,0,0.3366858959198
C010,C,4,278,1,NaN,NaN,0,0.305238962173462
C010,C,4,279,1,NaN,NaN,0,0.212126970291138
C010,C,4,280,1,NaN,NaN,0,0.380357980728149
C010,C,4,281,NaN,0,1,NaN,0.269128084182739
C010,C,4,282,1,NaN,NaN,0,0.429900884628296
C010,C,4,283,1,NaN,NaN,0,0.303534984588623
C010,C,4,284,1,NaN,NaN,0,0.293062925338745
C010,C,4,285,1,NaN,NaN,0,0.346544981002808
C010,C,4,286,1,NaN,NaN,0,0.306157112121582
C010,C,4,287,1,NaN,NaN,0,0.332216024398804
C010,C,4,288,1,NaN,NaN,0,0.283054113388062
C010,C,4,289,1,NaN,NaN,0,0.291040182113647
C010,C,4,290,1,NaN,NaN,0,0.332365989685059
C010,C,4,291,1,NaN,NaN,0,0.293404102325439
C010,C,4,292,1,NaN,NaN,0,0.340351819992065
C010,C,4,293,1,NaN,NaN,0,0.32340407371521
C010,C,4,294,1,NaN,NaN,0,0.375810146331787
C010,C,4,295,1,NaN,NaN,0,0.389400005340576
C010,C,4,296,NaN,1,0,NaN,NaN
C010,C,4,297,1,NaN,NaN,0,0.220563888549805
C010,C,4,298,1,NaN,NaN,0,0.293421983718872
C010,C,4,299,1,NaN,NaN,0,0.3752601146698
C010,C,4,300,1,NaN,NaN,0,0.327647924423218
C010,C,4,301,1,NaN,NaN,0,0.413227081298828
C010,C,4,302,1,NaN,NaN,0,0.317866086959839
C010,C,4,303,1,NaN,NaN,0,0.362884998321533
C010,C,4,304,NaN,1,0,NaN,NaN
C010,C,4,305,1,NaN,NaN,0,0.305892944335938
C010,C,4,306,1,NaN,NaN,0,0.3071448802948
C010,C,4,307,1,NaN,NaN,0,0.264420032501221
C010,C,4,308,NaN,1,0,NaN,NaN
C010,C,4,309,1,NaN,NaN,0,0.290844917297363
C010,C,4,310,1,NaN,NaN,0,0.404230833053589
C010,C,4,311,1,NaN,NaN,0,0.351073980331421
C010,C,4,312,1,NaN,NaN,0,0.353195905685425
C010,C,4,313,1,NaN,NaN,0,0.369084119796753
C010,C,4,314,1,NaN,NaN,0,0.374555110931396
C010,C,4,315,1,NaN,NaN,0,0.339757919311523
C010,C,4,316,1,NaN,NaN,0,0.331769943237305
C010,C,4,317,1,NaN,NaN,0,0.378246068954468
C010,C,4,318,1,NaN,NaN,0,0.346934080123901
C010,C,4,319,1,NaN,NaN,0,0.37165093421936
C010,C,4,320,NaN,1,0,NaN,NaN
C010,C,4,321,1,NaN,NaN,0,0.298640966415405
C010,C,4,322,1,NaN,NaN,0,0.276731014251709
C010,C,4,323,1,NaN,NaN,0,0.358312845230103
C010,C,4,324,1,NaN,NaN,0,0.486241817474365
C010,C,4,325,1,NaN,NaN,0,0.355787992477417
C010,C,4,326,1,NaN,NaN,0,0.351893901824951
C010,C,4,327,1,NaN,NaN,0,0.381085872650146
C010,C,4,328,1,NaN,NaN,0,0.360522985458374
C010,C,4,329,1,NaN,NaN,0,0.406061172485352
C010,C,4,330,1,NaN,NaN,0,0.39070200920105
C010,C,4,331,NaN,1,0,NaN,NaN
C010,C,4,332,1,NaN,NaN,0,0.258189916610718
C010,C,4,333,1,NaN,NaN,0,0.325702905654907
C010,C,4,334,1,NaN,NaN,0,0.3109290599823
C010,C,4,335,1,NaN,NaN,0,0.335498094558716
C010,C,4,336,1,NaN,NaN,0,0.4130699634552
C010,C,4,337,NaN,1,0,NaN,NaN
C010,C,4,338,1,NaN,NaN,0,0.290349006652832
C010,C,4,339,1,NaN,NaN,0,0.363357067108154
C010,C,4,340,1,NaN,NaN,0,0.363686084747314
C010,C,4,341,1,NaN,NaN,0,0.325863122940063
C010,C,4,342,1,NaN,NaN,0,0.362432956695557
C010,C,4,343,1,NaN,NaN,0,0.322561979293823
C010,C,4,344,1,NaN,NaN,0,0.24983286857605
C010,C,4,345,1,NaN,NaN,0,0.418738842010498
C010,C,4,346,NaN,1,0,NaN,NaN
C010,C,4,347,1,NaN,NaN,0,0.270164966583252
C010,C,4,348,1,NaN,NaN,0,0.178103923797607
C010,C,4,349,1,NaN,NaN,0,0.328996896743774
C010,C,4,350,1,NaN,NaN,0,0.355226993560791
C010,C,4,351,1,NaN,NaN,0,0.346040964126587
C010,C,4,352,1,NaN,NaN,0,0.306549072265625
C010,C,4,353,1,NaN,NaN,0,0.403404951095581
C010,C,4,354,1,NaN,NaN,0,0.380937099456787
C010,C,4,355,1,NaN,NaN,0,0.333374977111816
C010,C,4,356,NaN,1,0,NaN,NaN
C010,C,4,357,1,NaN,NaN,0,0.287806034088135
C010,C,4,358,1,NaN,NaN,0,0.26796293258667
C010,C,4,359,1,NaN,NaN,0,0.277377128601074
C010,C,4,360,1,NaN,NaN,0,0.383471965789795
C010,C,4,361,1,NaN,NaN,0,0.275917053222656
C010,C,4,362,1,NaN,NaN,0,0.43313193321228
C010,C,4,363,NaN,1,0,NaN,NaN
C010,C,4,364,1,NaN,NaN,0,0.300462961196899
C010,C,4,365,1,NaN,NaN,0,0.360050916671753
C010,C,4,366,1,NaN,NaN,0,0.332336187362671
C010,C,4,367,1,NaN,NaN,0,0.440731048583984
C010,C,4,368,1,NaN,NaN,0,0.325544118881226
C010,C,4,369,1,NaN,NaN,0,0.361269950866699
C010,C,4,370,1,NaN,NaN,0,0.430038928985596
C010,C,4,371,NaN,0,1,NaN,0.339033126831055
C010,C,4,372,1,NaN,NaN,0,0.309594869613647
C010,C,4,373,1,NaN,NaN,0,0.3352370262146
C010,C,4,374,1,NaN,NaN,0,0.307470083236694
C010,C,4,375,1,NaN,NaN,0,0.279933929443359
C010,C,4,376,1,NaN,NaN,0,0.344789028167725
C010,C,4,377,1,NaN,NaN,0,0.321169137954712
C010,C,4,378,1,NaN,NaN,0,0.589835166931152
C010,C,4,379,1,NaN,NaN,0,0.335945844650269
C010,C,4,380,1,NaN,NaN,0,0.376230955123901
C010,C,4,381,1,NaN,NaN,0,0.333678007125854
C010,C,4,382,1,NaN,NaN,0,0.37457799911499
C010,C,4,383,1,NaN,NaN,0,0.343914031982422
C010,C,4,384,NaN,0,1,NaN,0.308341026306152
C010,C,4,385,1,NaN,NaN,0,0.288639068603516
C010,C,4,386,1,NaN,NaN,0,0.358418941497803
C010,C,4,387,1,NaN,NaN,0,0.312279939651489
C010,C,4,388,1,NaN,NaN,0,0.311482906341553
C010,C,4,389,1,NaN,NaN,0,0.336374044418335
C010,C,4,390,1,NaN,NaN,0,0.312789916992188
C010,C,4,391,1,NaN,NaN,0,0.337968111038208
C010,C,4,392,1,NaN,NaN,0,0.257112979888916
C010,C,4,393,NaN,1,0,NaN,NaN
C010,C,4,394,1,NaN,NaN,0,0.195571899414062
C010,C,4,395,1,NaN,NaN,0,0.27799391746521
C010,C,4,396,1,NaN,NaN,0,0.262715101242065
C010,C,4,397,1,NaN,NaN,0,0.316118001937866
C010,C,4,398,1,NaN,NaN,0,0.32028603553772
C010,C,4,399,1,NaN,NaN,0,0.317283868789673
C010,C,4,400,1,NaN,NaN,0,0.298026084899902
C010,C,4,401,1,NaN,NaN,0,0.329945087432861
C010,C,4,402,1,NaN,NaN,0,0.521342992782593
C010,C,4,403,1,NaN,NaN,0,0.381019115447998
C010,C,4,404,NaN,1,0,NaN,NaN
C010,C,4,405,1,NaN,NaN,0,0.174874067306519
C010,C,4,406,1,NaN,NaN,0,0.308077812194824
C010,C,4,407,1,NaN,NaN,0,0.261810064315796
C010,C,4,408,1,NaN,NaN,0,0.331966876983643
C010,C,4,409,1,NaN,NaN,0,0.269473075866699
C010,C,4,410,1,NaN,NaN,0,0.318755865097046
C010,C,4,411,1,NaN,NaN,0,0.292667150497437
C010,C,4,412,NaN,0,1,NaN,0.269330024719238
C010,C,4,413,1,NaN,NaN,0,0.241964101791382
C010,C,4,414,1,NaN,NaN,0,0.22310996055603
C010,C,4,415,1,NaN,NaN,0,0.16162109375
C010,C,4,416,NaN,0,1,NaN,0.0851118564605713
C010,C,4,417,1,NaN,NaN,0,0.129981994628906
C010,C,4,418,1,NaN,NaN,0,0.337412118911743
C010,C,4,419,1,NaN,NaN,0,0.327378034591675
C010,C,4,420,1,NaN,NaN,0,0.332509994506836
C010,C,4,421,1,NaN,NaN,0,0.365468978881836
C010,C,4,422,1,NaN,NaN,0,0.367467880249023
C010,C,4,423,1,NaN,NaN,0,0.46257495880127
C010,C,4,424,1,NaN,NaN,0,0.425719976425171
C010,C,4,425,1,NaN,NaN,0,0.533627986907959
C010,C,4,426,1,NaN,NaN,0,0.497673034667969
C010,C,4,427,1,NaN,NaN,0,0.397430896759033
C010,C,4,428,1,NaN,NaN,0,0.370431900024414
C010,C,4,429,NaN,1,0,NaN,NaN
C010,C,4,430,1,NaN,NaN,0,0.0729689598083496
C010,C,4,431,1,NaN,NaN,0,0.674843072891235
C010,C,4,432,1,NaN,NaN,0,0.39847993850708
C010,C,4,433,1,NaN,NaN,0,0.357056140899658
C010,C,4,434,NaN,1,0,NaN,NaN
C010,C,4,435,1,NaN,NaN,0,0.435276985168457
C010,C,4,436,1,NaN,NaN,0,0.300556898117065
C010,C,4,437,1,NaN,NaN,0,0.394026041030884
C010,C,4,438,1,NaN,NaN,0,0.356734991073608
C010,C,4,439,1,NaN,NaN,0,0.454889059066772
C010,C,4,440,1,NaN,NaN,0,0.349436044692993
C010,C,4,441,1,NaN,NaN,0,0.365916013717651
C010,C,4,442,1,NaN,NaN,0,0.392889022827148
C010,C,4,443,NaN,1,0,NaN,NaN
C010,C,4,444,1,NaN,NaN,0,0.374263048171997
C010,C,4,445,1,NaN,NaN,0,0.372704029083252
C010,C,4,446,1,NaN,NaN,0,0.374094009399414
C010,C,4,447,1,NaN,NaN,0,0.358711957931519
C010,C,4,448,1,NaN,NaN,0,0.305779933929443
C010,C,4,449,1,NaN,NaN,0,0.360628128051758
C010,C,4,450,1,NaN,NaN,0,0.267616033554077
C010,C,4,451,1,NaN,NaN,0,0.345599889755249
C010,C,4,452,1,NaN,NaN,0,0.350806951522827
C010,C,4,453,1,NaN,NaN,0,0.35631799697876
C010,C,4,454,1,NaN,NaN,0,0.359605073928833
C010,C,4,455,NaN,1,0,NaN,NaN
C010,C,4,456,1,NaN,NaN,0,0.303148984909058
C010,C,4,457,1,NaN,NaN,0,0.292013168334961
C010,C,4,458,1,NaN,NaN,0,0.334885835647583
C010,C,4,459,1,NaN,NaN,0,0.329275131225586
C010,C,4,460,1,NaN,NaN,0,0.377413988113403
C010,C,4,461,1,NaN,NaN,0,0.387682199478149
C010,C,4,462,1,NaN,NaN,0,0.37294602394104
C010,C,4,463,NaN,1,0,NaN,NaN
C010,C,4,464,1,NaN,NaN,0,0.240271091461182
C010,C,4,465,1,NaN,NaN,0,0.203223943710327
C010,C,4,466,1,NaN,NaN,0,0.343522071838379
C010,C,4,467,1,NaN,NaN,0,0.292604923248291
C010,C,4,468,1,NaN,NaN,0,0.355110883712769
C010,C,4,469,1,NaN,NaN,0,0.310535907745361
C010,C,4,470,NaN,0,1,NaN,0.288058996200562
C010,C,4,471,1,NaN,NaN,0,0.307378053665161
C010,C,4,472,1,NaN,NaN,0,0.123242139816284
C010,C,4,473,1,NaN,NaN,0,0.328626155853271
C010,C,4,474,1,NaN,NaN,0,0.334432125091553
C010,C,4,475,1,NaN,NaN,0,0.307762145996094
C010,C,4,476,1,NaN,NaN,0,0.377335071563721
C010,C,4,477,1,NaN,NaN,0,0.3419189453125
C010,C,4,478,1,NaN,NaN,0,0.302815198898315
C010,C,4,479,1,NaN,NaN,0,0.31537389755249
C010,C,4,480,1,NaN,NaN,0,0.264885902404785
C010,C,4,481,NaN,1,0,NaN,NaN
C010,C,4,482,1,NaN,NaN,0,0.535530090332031
C010,C,4,483,1,NaN,NaN,0,0.323843002319336
C010,C,4,484,1,NaN,NaN,0,0.334087133407593
C010,C,4,485,1,NaN,NaN,0,0.3616042137146
C010,C,4,486,1,NaN,NaN,0,0.357426881790161
C010,C,4,487,1,NaN,NaN,0,0.418252944946289
C010,C,4,488,NaN,1,0,NaN,NaN
C010,C,4,489,1,NaN,NaN,0,0.262739896774292
C010,C,4,490,1,NaN,NaN,0,0.350619077682495
C010,C,4,491,1,NaN,NaN,0,0.360239028930664
C010,C,4,492,1,NaN,NaN,0,0.35709285736084
C010,C,4,493,1,NaN,NaN,0,0.318964958190918
C010,C,4,494,1,NaN,NaN,0,0.323358058929443
C010,C,4,495,1,NaN,NaN,0,0.337892055511475
C010,C,4,496,1,NaN,NaN,0,0.340468883514404
C010,C,4,497,1,NaN,NaN,0,0.329638004302979
C010,C,4,498,1,NaN,NaN,0,0.357836008071899
C010,C,4,499,1,NaN,NaN,0,0.404013156890869
C010,C,4,500,1,NaN,NaN,0,0.288625001907349
C010,C,4,501,NaN,1,0,NaN,NaN
C010,C,4,502,1,NaN,NaN,0,0.246206998825073
C010,C,4,503,1,NaN,NaN,0,0.24822998046875
C010,C,4,504,1,NaN,NaN,0,0.25612998008728
C010,C,4,505,1,NaN,NaN,0,0.303092956542969
C010,C,4,506,1,NaN,NaN,0,0.329833984375
C010,C,4,507,1,NaN,NaN,0,0.286563873291016
C010,C,4,508,1,NaN,NaN,0,0.33210301399231
C010,C,4,509,1,NaN,NaN,0,0.29429292678833
C010,C,4,510,1,NaN,NaN,0,0.343851804733276
C010,C,4,511,NaN,1,0,NaN,NaN
C010,C,4,512,1,NaN,NaN,0,0.275527000427246
C010,C,4,513,1,NaN,NaN,0,0.243131875991821
C010,C,4,514,1,NaN,NaN,0,0.266453981399536
C010,C,4,515,1,NaN,NaN,0,0.329648017883301
C010,C,4,516,1,NaN,NaN,0,0.312199115753174
C010,C,4,517,1,NaN,NaN,0,0.236235857009888
C010,C,4,518,1,NaN,NaN,0,0.276369094848633
C010,C,4,519,1,NaN,NaN,0,0.287158966064453
C010,C,4,520,NaN,0,1,NaN,0.30976390838623
C010,C,4,521,1,NaN,NaN,0,0.447230100631714
C010,C,4,522,1,NaN,NaN,0,0.33672308921814
C010,C,4,523,1,NaN,NaN,0,0.280570030212402
