SubID,Group,BlockN,nTrial,GoTrials,NoGoTrials,FA,Misses,RT
C023,C,1,1,1,NaN,NaN,0,0.480579853057861
C023,C,1,2,1,NaN,NaN,0,0.400697946548462
C023,C,1,3,1,NaN,NaN,0,0.329822778701782
C023,C,1,4,1,NaN,NaN,0,0.342373132705688
C023,C,1,5,1,NaN,NaN,0,0.288666963577271
C023,C,1,6,1,NaN,NaN,0,0.293482065200806
C023,C,1,7,NaN,1,0,NaN,NaN
C023,C,1,8,1,NaN,NaN,0,0.362956047058105
C023,C,1,9,1,NaN,NaN,0,0.316297054290771
C023,C,1,10,1,NaN,NaN,0,0.313275098800659
C023,C,1,11,1,NaN,NaN,0,0.374135971069336
C023,C,1,12,1,NaN,NaN,0,0.282345056533813
C023,C,1,13,1,NaN,NaN,0,0.327333927154541
C023,C,1,14,1,NaN,NaN,0,0.324880838394165
C023,C,1,15,1,NaN,NaN,0,0.346346139907837
C023,C,1,16,1,NaN,NaN,0,0.318014144897461
C023,C,1,17,NaN,1,0,NaN,NaN
C023,C,1,18,1,NaN,NaN,0,0.355651140213013
C023,C,1,19,1,NaN,NaN,0,0.30810284614563
C023,C,1,20,1,NaN,NaN,0,0.284372091293335
C023,C,1,21,1,NaN,NaN,0,0.302072048187256
C023,C,1,22,1,NaN,NaN,0,0.267033815383911
C023,C,1,23,1,NaN,NaN,0,0.285071134567261
C023,C,1,24,1,NaN,NaN,0,0.329093933105469
C023,C,1,25,NaN,1,0,NaN,NaN
C023,C,1,26,1,NaN,NaN,0,0.346235990524292
C023,C,1,27,1,NaN,NaN,0,0.371080875396729
C023,C,1,28,1,NaN,NaN,0,0.301331996917725
C023,C,1,29,1,NaN,NaN,0,0.293297052383423
C023,C,1,30,1,NaN,NaN,0,0.384139060974121
C023,C,1,31,1,NaN,NaN,0,0.306783199310303
C023,C,1,32,NaN,0,1,NaN,NaN
C023,C,1,33,1,NaN,NaN,0,0.343700885772705
C023,C,1,34,1,NaN,NaN,0,0.331429958343506
C023,C,1,35,1,NaN,NaN,0,0.31255316734314
C023,C,1,36,1,NaN,NaN,0,0.367731094360352
C023,C,1,37,1,NaN,NaN,0,0.382095813751221
C023,C,1,38,1,NaN,NaN,0,0.435627937316895
C023,C,1,39,1,NaN,NaN,0,0.398725032806396
C023,C,1,40,1,NaN,NaN,0,0.447605133056641
C023,C,1,41,1,NaN,NaN,0,0.805056810379028
C023,C,1,42,1,NaN,NaN,0,0.488270998001099
C023,C,1,43,NaN,1,0,NaN,NaN
C023,C,1,44,1,NaN,NaN,0,0.354349136352539
C023,C,1,45,1,NaN,NaN,0,0.367969036102295
C023,C,1,46,1,NaN,NaN,0,0.444818019866943
C023,C,1,47,NaN,1,0,NaN,NaN
C023,C,1,48,1,NaN,NaN,0,0.358476877212524
C023,C,1,49,1,NaN,NaN,0,0.371999979019165
C023,C,1,50,1,NaN,NaN,0,0.340228080749512
C023,C,1,51,1,NaN,NaN,0,0.373358964920044
C023,C,1,52,0,NaN,NaN,1,NaN
C023,C,1,53,1,NaN,NaN,0,NaN
C023,C,1,54,1,NaN,NaN,0,NaN
C023,C,1,55,1,NaN,NaN,0,0.367449045181274
C023,C,1,56,NaN,1,0,NaN,NaN
C023,C,1,57,1,NaN,NaN,0,0.32741904258728
C023,C,1,58,1,NaN,NaN,0,0.286432981491089
C023,C,1,59,1,NaN,NaN,0,0.321933031082153
C023,C,1,60,1,NaN,NaN,0,0.335073947906494
C023,C,1,61,1,NaN,NaN,0,0.368458986282349
C023,C,1,62,1,NaN,NaN,0,0.343991994857788
C023,C,1,63,1,NaN,NaN,0,0.386175870895386
C023,C,1,64,1,NaN,NaN,0,0.371099948883057
C023,C,1,65,NaN,1,0,NaN,NaN
C023,C,1,66,1,NaN,NaN,0,0.309652090072632
C023,C,1,67,1,NaN,NaN,0,0.2985999584198
C023,C,1,68,1,NaN,NaN,0,0.303665161132812
C023,C,1,69,1,NaN,NaN,0,0.318235874176025
C023,C,1,70,1,NaN,NaN,0,0.343410015106201
C023,C,1,71,1,NaN,NaN,0,0.346389055252075
C023,C,1,72,1,NaN,NaN,0,0.323766946792603
C023,C,1,73,1,NaN,NaN,0,0.320158004760742
C023,C,1,74,NaN,1,0,NaN,NaN
C023,C,1,75,1,NaN,NaN,0,0.286705017089844
C023,C,1,76,1,NaN,NaN,0,0.320333957672119
C023,C,1,77,1,NaN,NaN,0,0.354091882705688
C023,C,1,78,1,NaN,NaN,0,0.371431827545166
C023,C,1,79,1,NaN,NaN,0,0.327779054641724
C023,C,1,80,1,NaN,NaN,0,0.37546181678772
C023,C,1,81,1,NaN,NaN,0,0.340405941009521
C023,C,1,82,1,NaN,NaN,0,0.354062080383301
C023,C,1,83,NaN,1,0,NaN,NaN
C023,C,1,84,1,NaN,NaN,0,0.360833883285522
C023,C,1,85,1,NaN,NaN,0,0.333765029907227
C023,C,1,86,1,NaN,NaN,0,0.327517986297607
C023,C,1,87,1,NaN,NaN,0,0.373454093933105
C023,C,1,88,1,NaN,NaN,0,0.397071838378906
C023,C,1,89,1,NaN,NaN,0,0.368000984191895
C023,C,1,90,1,NaN,NaN,0,0.424773931503296
C023,C,1,91,0,NaN,NaN,1,NaN
C023,C,1,92,1,NaN,NaN,0,0.415349960327148
C023,C,1,93,1,NaN,NaN,0,0.324132919311523
C023,C,1,94,NaN,1,0,NaN,NaN
C023,C,1,95,1,NaN,NaN,0,0.320051193237305
C023,C,1,96,1,NaN,NaN,0,0.279196977615356
C023,C,1,97,1,NaN,NaN,0,0.291037082672119
C023,C,1,98,1,NaN,NaN,0,0.306328058242798
C023,C,1,99,1,NaN,NaN,0,0.295145034790039
C023,C,1,100,1,NaN,NaN,0,0.318310976028442
C023,C,1,101,1,NaN,NaN,0,0.319589138031006
C023,C,1,102,NaN,1,0,NaN,NaN
C023,C,1,103,1,NaN,NaN,0,0.304708957672119
C023,C,1,104,1,NaN,NaN,0,0.324284076690674
C023,C,1,105,1,NaN,NaN,0,0.34306812286377
C023,C,1,106,1,NaN,NaN,0,0.361701965332031
C023,C,1,107,1,NaN,NaN,0,0.370280981063843
C023,C,1,108,1,NaN,NaN,0,0.341867923736572
C023,C,1,109,1,NaN,NaN,0,0.377504110336304
C023,C,1,110,1,NaN,NaN,0,0.353642225265503
C023,C,1,111,1,NaN,NaN,0,0.313148975372314
C023,C,1,112,1,NaN,NaN,0,0.430969953536987
C023,C,1,113,1,NaN,NaN,0,0.323476791381836
C023,C,1,114,NaN,1,0,NaN,NaN
C023,C,1,115,1,NaN,NaN,0,0.27222204208374
C023,C,1,116,1,NaN,NaN,0,0.252494812011719
C023,C,1,117,1,NaN,NaN,0,0.261688947677612
C023,C,1,118,1,NaN,NaN,0,0.274943828582764
C023,C,1,119,1,NaN,NaN,0,0.300067901611328
C023,C,1,120,NaN,1,0,NaN,NaN
C023,C,1,121,1,NaN,NaN,0,0.302833080291748
C023,C,1,122,1,NaN,NaN,0,0.283888101577759
C023,C,1,123,1,NaN,NaN,0,0.297464847564697
C023,C,1,124,1,NaN,NaN,0,0.311765909194946
C023,C,1,125,1,NaN,NaN,0,0.309557914733887
C023,C,1,126,1,NaN,NaN,0,0.314544916152954
C023,C,1,127,1,NaN,NaN,0,0.322381973266602
C023,C,1,128,1,NaN,NaN,0,0.321331977844238
C023,C,1,129,1,NaN,NaN,0,0.322223901748657
C023,C,1,130,1,NaN,NaN,0,0.375709772109985
C023,C,1,131,NaN,1,0,NaN,NaN
C023,C,1,132,1,NaN,NaN,0,0.266209125518799
C023,C,1,133,1,NaN,NaN,0,0.27706503868103
C023,C,1,134,1,NaN,NaN,0,0.292732000350952
C023,C,1,135,1,NaN,NaN,0,0.321891069412231
C023,C,1,136,1,NaN,NaN,0,0.306627035140991
C023,C,1,137,NaN,1,0,NaN,NaN
C023,C,1,138,1,NaN,NaN,0,0.275791168212891
C023,C,1,139,1,NaN,NaN,0,0.422088146209717
C023,C,1,140,1,NaN,NaN,0,0.323758840560913
C023,C,1,141,1,NaN,NaN,0,0.318198204040527
C023,C,1,142,1,NaN,NaN,0,0.29712986946106
C023,C,1,143,1,NaN,NaN,0,0.311965942382812
C023,C,1,144,1,NaN,NaN,0,0.309720993041992
C023,C,1,145,1,NaN,NaN,0,0.294225931167603
C023,C,1,146,1,NaN,NaN,0,0.404689073562622
C023,C,1,147,1,NaN,NaN,0,0.287737131118774
C023,C,1,148,1,NaN,NaN,0,0.324473857879639
C023,C,1,149,1,NaN,NaN,0,0.301885843276978
C023,C,1,150,1,NaN,NaN,0,0.271273851394653
C023,C,1,151,NaN,1,0,NaN,NaN
C023,C,1,152,1,NaN,NaN,0,0.283698797225952
C023,C,1,153,1,NaN,NaN,0,0.256721973419189
C023,C,1,154,1,NaN,NaN,0,0.286293983459473
C023,C,1,155,1,NaN,NaN,0,0.383239984512329
C023,C,1,156,1,NaN,NaN,0,0.370712995529175
C023,C,1,157,1,NaN,NaN,0,0.303380966186523
C023,C,1,158,1,NaN,NaN,0,0.353013038635254
C023,C,1,159,NaN,1,0,NaN,NaN
C023,C,1,160,1,NaN,NaN,0,0.286311864852905
C023,C,1,161,1,NaN,NaN,0,0.279701948165894
C023,C,1,162,1,NaN,NaN,0,0.267122030258179
C023,C,1,163,1,NaN,NaN,0,0.313292026519775
C023,C,1,164,1,NaN,NaN,0,0.314406156539917
C023,C,1,165,1,NaN,NaN,0,0.327985048294067
C023,C,1,166,1,NaN,NaN,0,0.398271083831787
C023,C,1,167,1,NaN,NaN,0,0.353665828704834
C023,C,1,168,1,NaN,NaN,0,0.37841796875
C023,C,1,169,1,NaN,NaN,0,0.35342812538147
C023,C,1,170,NaN,1,0,NaN,NaN
C023,C,1,171,1,NaN,NaN,0,0.310672044754028
C023,C,1,172,1,NaN,NaN,0,0.27899694442749
C023,C,1,173,1,NaN,NaN,0,0.318300008773804
C023,C,1,174,NaN,0,1,NaN,NaN
C023,C,1,175,1,NaN,NaN,0,0.253578186035156
C023,C,1,176,1,NaN,NaN,0,0.414921998977661
C023,C,1,177,1,NaN,NaN,0,0.320205926895142
C023,C,1,178,1,NaN,NaN,0,0.348161935806274
C023,C,1,179,1,NaN,NaN,0,0.340585947036743
C023,C,1,180,1,NaN,NaN,0,0.441009998321533
C023,C,1,181,1,NaN,NaN,0,0.394360065460205
C023,C,1,182,1,NaN,NaN,0,0.444175004959106
C023,C,1,183,1,NaN,NaN,0,0.391545057296753
C023,C,1,184,NaN,1,0,NaN,NaN
C023,C,1,185,1,NaN,NaN,0,0.333317995071411
C023,C,1,186,1,NaN,NaN,0,0.300168991088867
C023,C,1,187,1,NaN,NaN,0,0.32111382484436
C023,C,1,188,1,NaN,NaN,0,0.370246171951294
C023,C,1,189,1,NaN,NaN,0,0.411086082458496
C023,C,1,190,1,NaN,NaN,0,0.377124071121216
C023,C,1,191,1,NaN,NaN,0,0.505868911743164
C023,C,1,192,1,NaN,NaN,0,0.473212957382202
C023,C,1,193,1,NaN,NaN,0,0.369071960449219
C023,C,1,194,1,NaN,NaN,0,0.375524044036865
C023,C,1,195,NaN,1,0,NaN,NaN
C023,C,1,196,1,NaN,NaN,0,0.481652021408081
C023,C,1,197,1,NaN,NaN,0,0.369577884674072
C023,C,1,198,1,NaN,NaN,0,0.365151882171631
C023,C,1,199,1,NaN,NaN,0,0.353790044784546
C023,C,1,200,1,NaN,NaN,0,0.324441194534302
C023,C,1,201,1,NaN,NaN,0,0.314283132553101
C023,C,1,202,1,NaN,NaN,0,0.324707984924316
C023,C,1,203,1,NaN,NaN,0,0.410908937454224
C023,C,1,204,1,NaN,NaN,0,0.360836982727051
C023,C,1,205,NaN,1,0,NaN,NaN
C023,C,1,206,1,NaN,NaN,0,0.401957035064697
C023,C,1,207,1,NaN,NaN,0,0.334980964660645
C023,C,1,208,1,NaN,NaN,0,0.428241968154907
C023,C,1,209,1,NaN,NaN,0,0.380660057067871
C023,C,1,210,1,NaN,NaN,0,0.32190203666687
C023,C,1,211,NaN,1,0,NaN,NaN
C023,C,1,212,1,NaN,NaN,0,0.274564981460571
C023,C,1,213,1,NaN,NaN,0,0.255749940872192
C023,C,1,214,1,NaN,NaN,0,0.266245126724243
C023,C,1,215,1,NaN,NaN,0,0.267045974731445
C023,C,1,216,1,NaN,NaN,0,0.290957927703857
C023,C,1,217,1,NaN,NaN,0,0.274842977523804
C023,C,1,218,1,NaN,NaN,0,0.297034978866577
C023,C,1,219,1,NaN,NaN,0,0.278274059295654
C023,C,1,220,1,NaN,NaN,0,0.289940118789673
C023,C,1,221,NaN,1,0,NaN,NaN
C023,C,1,222,1,NaN,NaN,0,0.306981086730957
C023,C,1,223,1,NaN,NaN,0,0.264160871505737
C023,C,1,224,1,NaN,NaN,0,0.281128168106079
C023,C,1,225,1,NaN,NaN,0,0.325345039367676
C023,C,1,226,1,NaN,NaN,0,0.334558963775635
C023,C,1,227,1,NaN,NaN,0,0.26307201385498
C023,C,1,228,1,NaN,NaN,0,0.31478214263916
C023,C,1,229,1,NaN,NaN,0,0.384258031845093
C023,C,1,230,1,NaN,NaN,0,0.430011034011841
C023,C,1,231,NaN,1,0,NaN,NaN
C023,C,1,232,1,NaN,NaN,0,0.272635936737061
C023,C,1,233,1,NaN,NaN,0,0.321710824966431
C023,C,1,234,1,NaN,NaN,0,0.29376482963562
C023,C,1,235,1,NaN,NaN,0,0.306906938552856
C023,C,1,236,NaN,0,1,NaN,NaN
C023,C,1,237,1,NaN,NaN,0,0.376245021820068
C023,C,1,238,1,NaN,NaN,0,0.330198049545288
C023,C,1,239,1,NaN,NaN,0,0.309760808944702
C023,C,1,240,1,NaN,NaN,0,0.326605081558228
C023,C,1,241,1,NaN,NaN,0,0.322638034820557
C023,C,1,242,1,NaN,NaN,0,0.363263130187988
C023,C,1,243,1,NaN,NaN,0,0.344707012176514
C023,C,1,244,1,NaN,NaN,0,0.339160203933716
C023,C,1,245,1,NaN,NaN,0,0.321810007095337
C023,C,1,246,1,NaN,NaN,0,0.353766918182373
C023,C,1,247,1,NaN,NaN,0,0.328647136688232
C023,C,1,248,1,NaN,NaN,0,0.333009004592896
C023,C,1,249,1,NaN,NaN,0,0.337198972702026
C023,C,1,250,1,NaN,NaN,0,0.318818807601929
C023,C,1,251,NaN,1,0,NaN,NaN
C023,C,1,252,1,NaN,NaN,0,0.28261399269104
C023,C,1,253,1,NaN,NaN,0,0.324938058853149
C023,C,1,254,1,NaN,NaN,0,0.53084397315979
C023,C,1,255,1,NaN,NaN,0,0.520028829574585
C023,C,1,256,1,NaN,NaN,0,0.516462802886963
C023,C,1,257,1,NaN,NaN,0,0.369932174682617
C023,C,1,258,NaN,1,0,NaN,NaN
C023,C,1,259,1,NaN,NaN,0,0.290544986724854
C023,C,1,260,1,NaN,NaN,0,0.239586114883423
C023,C,1,261,1,NaN,NaN,0,0.252192974090576
C023,C,1,262,1,NaN,NaN,0,0.275078058242798
C023,C,1,263,1,NaN,NaN,0,0.336215019226074
C023,C,1,264,NaN,1,0,NaN,NaN
C023,C,1,265,1,NaN,NaN,0,0.316243886947632
C023,C,1,266,1,NaN,NaN,0,0.256719827651978
C023,C,1,267,1,NaN,NaN,0,0.292335987091064
C023,C,1,268,1,NaN,NaN,0,0.333091974258423
C023,C,1,269,1,NaN,NaN,0,0.512362003326416
C023,C,1,270,1,NaN,NaN,0,0.385432004928589
C023,C,1,271,1,NaN,NaN,0,0.363746166229248
C023,C,1,272,1,NaN,NaN,0,0.338966131210327
C023,C,1,273,1,NaN,NaN,0,0.377818822860718
C023,C,1,274,1,NaN,NaN,0,0.3543381690979
C023,C,1,275,NaN,0,1,NaN,NaN
C023,C,1,276,1,NaN,NaN,0,0.330116033554077
C023,C,1,277,1,NaN,NaN,0,0.340439081192017
C023,C,1,278,1,NaN,NaN,0,0.345818996429443
C023,C,1,279,1,NaN,NaN,0,0.281755924224854
C023,C,1,280,1,NaN,NaN,0,0.494999885559082
C023,C,1,281,1,NaN,NaN,0,0.375488042831421
C023,C,1,282,1,NaN,NaN,0,0.391327142715454
C023,C,1,283,1,NaN,NaN,0,0.36391282081604
C023,C,1,284,NaN,1,0,NaN,NaN
C023,C,1,285,1,NaN,NaN,0,0.361302852630615
C023,C,1,286,1,NaN,NaN,0,0.349786996841431
C023,C,1,287,1,NaN,NaN,0,0.343239068984985
C023,C,1,288,1,NaN,NaN,0,0.282603979110718
C023,C,1,289,1,NaN,NaN,0,0.356312036514282
C023,C,1,290,1,NaN,NaN,0,0.321850061416626
C023,C,1,291,1,NaN,NaN,0,0.305125951766968
C023,C,1,292,1,NaN,NaN,0,0.323040962219238
C023,C,1,293,1,NaN,NaN,0,0.280202150344849
C023,C,1,294,NaN,0,1,NaN,NaN
C023,C,1,295,1,NaN,NaN,0,0.305675983428955
C023,C,1,296,1,NaN,NaN,0,0.316365957260132
C023,C,1,297,1,NaN,NaN,0,0.353953838348389
C023,C,1,298,1,NaN,NaN,0,0.292936086654663
C023,C,1,299,1,NaN,NaN,0,0.340299129486084
C023,C,1,300,1,NaN,NaN,0,0.360489845275879
C023,C,1,301,1,NaN,NaN,0,0.311604022979736
C023,C,1,302,NaN,1,0,NaN,NaN
C023,C,1,303,1,NaN,NaN,0,0.26868200302124
C023,C,1,304,1,NaN,NaN,0,0.189490079879761
C023,C,1,305,1,NaN,NaN,0,0.251982927322388
C023,C,1,306,1,NaN,NaN,0,0.289628982543945
C023,C,1,307,1,NaN,NaN,0,0.289678812026978
C023,C,1,308,NaN,1,0,NaN,NaN
C023,C,1,309,1,NaN,NaN,0,0.292057037353516
C023,C,1,310,1,NaN,NaN,0,0.405359029769897
C023,C,1,311,1,NaN,NaN,0,0.286719799041748
C023,C,1,312,1,NaN,NaN,0,0.285660982131958
C023,C,1,313,1,NaN,NaN,0,0.307882070541382
C023,C,1,314,1,NaN,NaN,0,0.368817090988159
C023,C,1,315,1,NaN,NaN,0,0.345508098602295
C023,C,1,316,1,NaN,NaN,0,0.403332948684692
C023,C,1,317,NaN,1,0,NaN,NaN
C023,C,1,318,1,NaN,NaN,0,0.268946886062622
C023,C,1,319,1,NaN,NaN,0,0.319002866744995
C023,C,1,320,1,NaN,NaN,0,0.296388149261475
C023,C,1,321,1,NaN,NaN,0,0.409171104431152
C023,C,1,322,1,NaN,NaN,0,0.426838159561157
C023,C,1,323,1,NaN,NaN,0,0.631983995437622
C023,C,1,324,1,NaN,NaN,0,0.572999000549316
C023,C,1,325,1,NaN,NaN,0,0.479405879974365
C023,C,1,326,1,NaN,NaN,0,0.526945114135742
C023,C,1,327,NaN,1,0,NaN,NaN
C023,C,1,328,1,NaN,NaN,0,0.377342939376831
C023,C,1,329,1,NaN,NaN,0,0.302403211593628
C023,C,1,330,1,NaN,NaN,0,0.264228105545044
C023,C,1,331,1,NaN,NaN,0,0.305057048797607
C023,C,1,332,1,NaN,NaN,0,0.264901876449585
C023,C,1,333,1,NaN,NaN,0,0.293455123901367
C023,C,1,334,1,NaN,NaN,0,0.284321069717407
C023,C,1,335,1,NaN,NaN,0,0.273307085037231
C023,C,1,336,NaN,1,0,NaN,NaN
C023,C,1,337,1,NaN,NaN,0,0.163096904754639
C023,C,1,338,1,NaN,NaN,0,NaN
C023,C,1,339,0,NaN,NaN,1,NaN
C023,C,1,340,1,NaN,NaN,0,0.191256999969482
C023,C,1,341,1,NaN,NaN,0,0.668131828308105
C023,C,1,342,1,NaN,NaN,0,0.341174840927124
C023,C,1,343,1,NaN,NaN,0,0.296699047088623
C023,C,1,344,1,NaN,NaN,0,0.322994947433472
C023,C,1,345,1,NaN,NaN,0,0.323639154434204
C023,C,1,346,1,NaN,NaN,0,0.464959859848022
C023,C,1,347,NaN,1,0,NaN,NaN
C023,C,1,348,1,NaN,NaN,0,0.248344898223877
C023,C,1,349,1,NaN,NaN,0,0.253408908843994
C023,C,1,350,1,NaN,NaN,0,0.290477991104126
C023,C,1,351,1,NaN,NaN,0,0.295830011367798
C023,C,1,352,1,NaN,NaN,0,0.336591005325317
C023,C,1,353,1,NaN,NaN,0,0.316683053970337
C023,C,1,354,NaN,1,0,NaN,NaN
C023,C,1,355,1,NaN,NaN,0,0.241712093353271
C023,C,1,356,1,NaN,NaN,0,0.273916006088257
C023,C,1,357,1,NaN,NaN,0,0.291137218475342
C023,C,1,358,1,NaN,NaN,0,0.283842802047729
C023,C,1,359,1,NaN,NaN,0,0.254462003707886
C023,C,1,360,1,NaN,NaN,0,0.256295919418335
C023,C,1,361,1,NaN,NaN,0,0.24169397354126
C023,C,1,362,1,NaN,NaN,0,0.239096164703369
C023,C,1,363,1,NaN,NaN,0,0.300167083740234
C023,C,1,364,1,NaN,NaN,0,0.292546987533569
C023,C,1,365,NaN,1,0,NaN,NaN
C023,C,1,366,1,NaN,NaN,0,0.269829034805298
C023,C,1,367,1,NaN,NaN,0,0.2708420753479
C023,C,1,368,1,NaN,NaN,0,0.294997930526733
C023,C,1,369,1,NaN,NaN,0,0.322880029678345
C023,C,1,370,1,NaN,NaN,0,0.280477046966553
C023,C,1,371,1,NaN,NaN,0,0.331170797348022
C023,C,1,372,1,NaN,NaN,0,0.348552942276001
C023,C,1,373,NaN,1,0,NaN,NaN
C023,C,1,374,1,NaN,NaN,0,0.266979932785034
C023,C,1,375,1,NaN,NaN,0,0.268771886825562
C023,C,1,376,1,NaN,NaN,0,0.290382146835327
C023,C,1,377,1,NaN,NaN,0,0.316783905029297
C023,C,1,378,1,NaN,NaN,0,0.29748797416687
C023,C,1,379,1,NaN,NaN,0,0.27852988243103
C023,C,1,380,1,NaN,NaN,0,0.328696966171265
C023,C,1,381,1,NaN,NaN,0,0.337350845336914
C023,C,1,382,1,NaN,NaN,0,0.310838937759399
C023,C,1,383,1,NaN,NaN,0,0.3522629737854
C023,C,1,384,1,NaN,NaN,0,0.34319806098938
C023,C,1,385,NaN,1,0,NaN,NaN
C023,C,1,386,1,NaN,NaN,0,0.300607919692993
C023,C,1,387,1,NaN,NaN,0,0.314270973205566
C023,C,1,388,1,NaN,NaN,0,0.26728081703186
C023,C,1,389,1,NaN,NaN,0,0.302031993865967
C023,C,1,390,1,NaN,NaN,0,0.314731121063232
C023,C,1,391,NaN,0,1,NaN,NaN
C023,C,1,392,1,NaN,NaN,0,0.287081956863403
C023,C,1,393,1,NaN,NaN,0,0.267697095870972
C023,C,1,394,1,NaN,NaN,0,0.312339067459106
C023,C,1,395,1,NaN,NaN,0,0.305414915084839
C023,C,1,396,1,NaN,NaN,0,0.288391828536987
C023,C,1,397,1,NaN,NaN,0,0.319323062896729
C023,C,1,398,1,NaN,NaN,0,0.268461942672729
C023,C,1,399,1,NaN,NaN,0,0.647585153579712
C023,C,1,400,1,NaN,NaN,0,0.398588180541992
C023,C,1,401,NaN,1,0,NaN,NaN
C023,C,1,402,1,NaN,NaN,0,0.288666963577271
C023,C,1,403,1,NaN,NaN,0,0.329771995544434
C023,C,1,404,1,NaN,NaN,0,0.366673946380615
C023,C,1,405,1,NaN,NaN,0,0.355967044830322
C023,C,1,406,1,NaN,NaN,0,0.367396831512451
C023,C,1,407,1,NaN,NaN,0,0.360980987548828
C023,C,1,408,1,NaN,NaN,0,0.387708902359009
C023,C,1,409,1,NaN,NaN,0,0.326802968978882
C023,C,1,410,1,NaN,NaN,0,0.327754974365234
C023,C,1,411,1,NaN,NaN,0,0.336355924606323
C023,C,1,412,NaN,1,0,NaN,NaN
C023,C,1,413,1,NaN,NaN,0,0.26414680480957
C023,C,1,414,1,NaN,NaN,0,0.255104780197144
C023,C,1,415,1,NaN,NaN,0,0.320742130279541
C023,C,1,416,NaN,0,1,NaN,NaN
C023,C,1,417,1,NaN,NaN,0,0.24376106262207
C023,C,1,418,1,NaN,NaN,0,0.268510818481445
C023,C,1,419,1,NaN,NaN,0,0.337476015090942
C023,C,1,420,1,NaN,NaN,0,0.301165103912354
C023,C,1,421,1,NaN,NaN,0,0.285889148712158
C023,C,1,422,1,NaN,NaN,0,0.306249141693115
C023,C,1,423,1,NaN,NaN,0,0.331694841384888
C023,C,1,424,1,NaN,NaN,0,0.34471607208252
C023,C,1,425,NaN,1,0,NaN,NaN
C023,C,1,426,1,NaN,NaN,0,0.280002117156982
C023,C,1,427,1,NaN,NaN,0,0.306531190872192
C023,C,1,428,1,NaN,NaN,0,0.231237888336182
C023,C,1,429,1,NaN,NaN,0,0.298259973526001
C023,C,1,430,1,NaN,NaN,0,0.319479942321777
C023,C,1,431,1,NaN,NaN,0,0.36953592300415
C023,C,1,432,1,NaN,NaN,0,0.344507932662964
C023,C,1,433,1,NaN,NaN,0,0.396653890609741
C023,C,1,434,1,NaN,NaN,0,0.389355897903442
C023,C,1,435,1,NaN,NaN,0,0.418312072753906
C023,C,1,436,1,NaN,NaN,0,0.354709148406982
C023,C,1,437,NaN,1,0,NaN,NaN
C023,C,1,438,1,NaN,NaN,0,0.276718139648438
C023,C,1,439,1,NaN,NaN,0,0.229208946228027
C023,C,1,440,1,NaN,NaN,0,0.248113870620728
C023,C,1,441,1,NaN,NaN,0,0.300240993499756
C023,C,1,442,1,NaN,NaN,0,0.334419012069702
C023,C,1,443,NaN,1,0,NaN,NaN
C023,C,1,444,1,NaN,NaN,0,0.335783958435059
C023,C,1,445,1,NaN,NaN,0,0.260746955871582
C023,C,1,446,1,NaN,NaN,0,0.281746864318848
C023,C,1,447,1,NaN,NaN,0,0.564311027526855
C023,C,1,448,1,NaN,NaN,0,0.363580226898193
C023,C,1,449,1,NaN,NaN,0,0.318050861358643
C023,C,1,450,1,NaN,NaN,0,0.34144401550293
C023,C,1,451,1,NaN,NaN,0,0.44191312789917
C023,C,1,452,1,NaN,NaN,0,0.38254189491272
C023,C,1,453,1,NaN,NaN,0,0.362743139266968
C023,C,1,454,NaN,1,0,NaN,NaN
C023,C,1,455,1,NaN,NaN,0,0.325276851654053
C023,C,1,456,1,NaN,NaN,0,0.382331848144531
C023,C,1,457,1,NaN,NaN,0,0.313827037811279
C023,C,1,458,1,NaN,NaN,0,0.552726984024048
C023,C,1,459,1,NaN,NaN,0,0.355131864547729
C023,C,1,460,1,NaN,NaN,0,0.338526010513306
C023,C,1,461,1,NaN,NaN,0,0.294163942337036
C023,C,1,462,1,NaN,NaN,0,0.322757005691528
C023,C,1,463,1,NaN,NaN,0,0.329982995986938
C023,C,1,464,1,NaN,NaN,0,0.333683967590332
C023,C,1,465,1,NaN,NaN,0,0.467128992080688
C023,C,1,466,NaN,1,0,NaN,NaN
C023,C,1,467,1,NaN,NaN,0,0.282634019851685
C023,C,1,468,1,NaN,NaN,0,0.251641035079956
C023,C,1,469,1,NaN,NaN,0,0.306339979171753
C023,C,1,470,1,NaN,NaN,0,0.271568059921265
C023,C,1,471,1,NaN,NaN,0,0.276557922363281
C023,C,1,472,1,NaN,NaN,0,0.292453050613403
C023,C,1,473,1,NaN,NaN,0,0.349679946899414
C023,C,1,474,1,NaN,NaN,0,0.393872022628784
C023,C,1,475,1,NaN,NaN,0,0.346988916397095
C023,C,1,476,NaN,1,0,NaN,NaN
C023,C,1,477,1,NaN,NaN,0,0.236196994781494
C023,C,1,478,1,NaN,NaN,0,0.249325037002563
C023,C,1,479,1,NaN,NaN,0,0.249107122421265
C023,C,1,480,1,NaN,NaN,0,0.311712980270386
C023,C,1,481,NaN,0,1,NaN,NaN
C023,C,1,482,1,NaN,NaN,0,0.265175819396973
C023,C,1,483,1,NaN,NaN,0,0.292595863342285
C023,C,1,484,1,NaN,NaN,0,0.293552875518799
C023,C,1,485,1,NaN,NaN,0,0.322582006454468
C023,C,1,486,1,NaN,NaN,0,0.290044069290161
C023,C,1,487,1,NaN,NaN,0,0.347242116928101
C023,C,1,488,1,NaN,NaN,0,0.313652038574219
C023,C,1,489,1,NaN,NaN,0,0.321148157119751
C023,C,1,490,NaN,1,0,NaN,NaN
C023,C,1,491,1,NaN,NaN,0,0.289318084716797
C023,C,1,492,1,NaN,NaN,0,0.358850002288818
C023,C,1,493,1,NaN,NaN,0,0.357631921768188
C023,C,1,494,1,NaN,NaN,0,0.37651801109314
C023,C,1,495,1,NaN,NaN,0,0.377590894699097
C023,C,1,496,1,NaN,NaN,0,0.461679935455322
C023,C,1,497,1,NaN,NaN,0,0.376873970031738
C023,C,1,498,1,NaN,NaN,0,0.371883153915405
C023,C,1,499,NaN,1,0,NaN,NaN
C023,C,1,500,1,NaN,NaN,0,0.291772842407227
C023,C,1,501,1,NaN,NaN,0,0.252465009689331
C023,C,1,502,1,NaN,NaN,0,0.265637874603271
C023,C,1,503,1,NaN,NaN,0,0.330806016921997
C023,C,1,504,1,NaN,NaN,0,0.344609022140503
C023,C,1,505,1,NaN,NaN,0,0.34171199798584
C023,C,1,506,1,NaN,NaN,0,0.405394077301025
C023,C,1,507,1,NaN,NaN,0,0.544800996780396
C023,C,1,508,NaN,1,0,NaN,NaN
C023,C,1,509,1,NaN,NaN,0,0.378893136978149
C023,C,1,510,1,NaN,NaN,0,0.261921167373657
C023,C,1,511,1,NaN,NaN,0,0.259091854095459
C023,C,1,512,1,NaN,NaN,0,0.276314973831177
C023,C,1,513,1,NaN,NaN,0,0.285175085067749
C023,C,1,514,1,NaN,NaN,0,0.404819011688232
C023,C,1,515,1,NaN,NaN,0,0.549046993255615
C023,C,1,516,1,NaN,NaN,0,0.346126079559326
C023,C,1,517,1,NaN,NaN,0,0.318949937820435
C023,C,1,518,1,NaN,NaN,0,0.303767919540405
C023,C,1,519,1,NaN,NaN,0,0.306172132492065
C023,C,1,520,NaN,1,0,NaN,NaN
C023,C,1,521,1,NaN,NaN,0,0.245099067687988
C023,C,1,522,1,NaN,NaN,0,0.326292037963867
C023,C,1,523,1,NaN,NaN,0,0.247138023376465
C023,C,1,524,NaN,0,1,NaN,NaN
C023,C,1,525,1,NaN,NaN,0,NaN
C023,C,1,526,1,NaN,NaN,0,0.240767002105713
C023,C,1,527,1,NaN,NaN,0,0.266002893447876
C023,C,1,528,1,NaN,NaN,0,0.266574859619141
C023,C,1,529,1,NaN,NaN,0,0.306539058685303
C023,C,1,530,1,NaN,NaN,0,0.286595821380615
C023,C,1,531,1,NaN,NaN,0,0.326668977737427
C023,C,1,532,1,NaN,NaN,0,0.327900171279907
C023,C,1,533,1,NaN,NaN,0,0.340075969696045
C023,C,1,534,1,NaN,NaN,0,0.349297046661377
C023,C,1,535,1,NaN,NaN,0,0.308590888977051
C023,C,1,536,1,NaN,NaN,0,0.298287868499756
C023,C,1,537,1,NaN,NaN,0,0.342666864395142
C023,C,1,538,NaN,0,1,NaN,NaN
C023,C,1,539,1,NaN,NaN,0,NaN
C023,C,1,540,1,NaN,NaN,0,0.272324800491333
C023,C,1,541,1,NaN,NaN,0,0.323873043060303
C023,C,1,542,1,NaN,NaN,0,0.39140796661377
C023,C,1,543,1,NaN,NaN,0,0.3545081615448
C023,C,1,544,1,NaN,NaN,0,0.504118919372559
C023,C,1,545,1,NaN,NaN,0,0.422723054885864
C023,C,1,546,1,NaN,NaN,0,0.397317886352539
C023,C,1,547,NaN,1,0,NaN,NaN
C023,C,1,548,1,NaN,NaN,0,0.285233020782471
C023,C,1,549,1,NaN,NaN,0,0.295878171920776
C023,C,1,550,1,NaN,NaN,0,0.319656848907471
C023,C,1,551,1,NaN,NaN,0,0.452964067459106
C023,C,1,552,NaN,1,0,NaN,NaN
C023,C,1,553,1,NaN,NaN,0,0.238207101821899
C023,C,1,554,1,NaN,NaN,0,0.269860982894897
C023,C,2,1,1,NaN,NaN,0,0.426409959793091
C023,C,2,2,1,NaN,NaN,0,0.37291407585144
C023,C,2,3,1,NaN,NaN,0,0.374665975570679
C023,C,2,4,NaN,1,0,NaN,NaN
C023,C,2,5,1,NaN,NaN,0,0.299540042877197
C023,C,2,6,1,NaN,NaN,0,0.275774955749512
C023,C,2,7,1,NaN,NaN,0,0.337953090667725
C023,C,2,8,1,NaN,NaN,0,0.269936084747314
C023,C,2,9,1,NaN,NaN,0,0.319084167480469
C023,C,2,10,1,NaN,NaN,0,0.312527894973755
C023,C,2,11,1,NaN,NaN,0,0.281759023666382
C023,C,2,12,NaN,1,0,NaN,NaN
C023,C,2,13,1,NaN,NaN,0,0.250781059265137
C023,C,2,14,1,NaN,NaN,0,0.29538893699646
C023,C,2,15,1,NaN,NaN,0,0.296228885650635
C023,C,2,16,1,NaN,NaN,0,0.317752122879028
C023,C,2,17,1,NaN,NaN,0,0.314241170883179
C023,C,2,18,1,NaN,NaN,0,0.31452488899231
C023,C,2,19,1,NaN,NaN,0,0.315762996673584
C023,C,2,20,NaN,0,1,NaN,NaN
C023,C,2,21,0,NaN,NaN,1,NaN
C023,C,2,22,1,NaN,NaN,0,0.25123405456543
C023,C,2,23,1,NaN,NaN,0,0.316420078277588
C023,C,2,24,1,NaN,NaN,0,0.329075813293457
C023,C,2,25,1,NaN,NaN,0,0.349550008773804
C023,C,2,26,1,NaN,NaN,0,0.375005006790161
C023,C,2,27,1,NaN,NaN,0,0.354467153549194
C023,C,2,28,1,NaN,NaN,0,0.355247974395752
C023,C,2,29,1,NaN,NaN,0,0.332098007202148
C023,C,2,30,NaN,1,0,NaN,NaN
C023,C,2,31,1,NaN,NaN,0,0.238656044006348
C023,C,2,32,1,NaN,NaN,0,0.245515823364258
C023,C,2,33,1,NaN,NaN,0,0.254817962646484
C023,C,2,34,1,NaN,NaN,0,0.299096822738647
C023,C,2,35,1,NaN,NaN,0,0.205650091171265
C023,C,2,36,1,NaN,NaN,0,0.394033908843994
C023,C,2,37,1,NaN,NaN,0,0.346480846405029
C023,C,2,38,1,NaN,NaN,0,0.287396192550659
C023,C,2,39,1,NaN,NaN,0,0.31141209602356
C023,C,2,40,1,NaN,NaN,0,0.599773168563843
C023,C,2,41,NaN,1,0,NaN,NaN
C023,C,2,42,1,NaN,NaN,0,0.309716939926147
C023,C,2,43,1,NaN,NaN,0,0.327161073684692
C023,C,2,44,1,NaN,NaN,0,0.324186086654663
C023,C,2,45,1,NaN,NaN,0,0.287312030792236
C023,C,2,46,1,NaN,NaN,0,0.2950599193573
C023,C,2,47,NaN,1,0,NaN,NaN
C023,C,2,48,1,NaN,NaN,0,0.249608039855957
C023,C,2,49,1,NaN,NaN,0,0.238438129425049
C023,C,2,50,1,NaN,NaN,0,0.287266969680786
C023,C,2,51,1,NaN,NaN,0,0.27865195274353
C023,C,2,52,1,NaN,NaN,0,0.279673099517822
C023,C,2,53,1,NaN,NaN,0,0.26525092124939
C023,C,2,54,1,NaN,NaN,0,0.332389831542969
C023,C,2,55,1,NaN,NaN,0,0.322136878967285
C023,C,2,56,1,NaN,NaN,0,0.287250995635986
C023,C,2,57,1,NaN,NaN,0,0.264774084091187
C023,C,2,58,1,NaN,NaN,0,0.282164096832275
C023,C,2,59,NaN,1,0,NaN,NaN
C023,C,2,60,1,NaN,NaN,0,0.244153022766113
C023,C,2,61,1,NaN,NaN,0,0.271448850631714
C023,C,2,62,1,NaN,NaN,0,0.290931940078735
C023,C,2,63,1,NaN,NaN,0,0.314951181411743
C023,C,2,64,1,NaN,NaN,0,0.26824688911438
C023,C,2,65,1,NaN,NaN,0,0.308974981307983
C023,C,2,66,1,NaN,NaN,0,0.300893068313599
C023,C,2,67,NaN,1,0,NaN,NaN
C023,C,2,68,1,NaN,NaN,0,0.223208904266357
C023,C,2,69,1,NaN,NaN,0,0.272234916687012
C023,C,2,70,1,NaN,NaN,0,0.260982990264893
C023,C,2,71,1,NaN,NaN,0,0.382299900054932
C023,C,2,72,1,NaN,NaN,0,0.294551134109497
C023,C,2,73,1,NaN,NaN,0,0.35706615447998
C023,C,2,74,1,NaN,NaN,0,0.390384912490845
C023,C,2,75,1,NaN,NaN,0,0.364870071411133
C023,C,2,76,1,NaN,NaN,0,0.452204942703247
C023,C,2,77,NaN,0,1,NaN,NaN
C023,C,2,78,1,NaN,NaN,0,0.259364128112793
C023,C,2,79,1,NaN,NaN,0,0.287484884262085
C023,C,2,80,1,NaN,NaN,0,0.318778991699219
C023,C,2,81,1,NaN,NaN,0,0.340078115463257
C023,C,2,82,1,NaN,NaN,0,0.332262992858887
C023,C,2,83,1,NaN,NaN,0,0.330560922622681
C023,C,2,84,1,NaN,NaN,0,0.299355030059814
C023,C,2,85,1,NaN,NaN,0,0.339231014251709
C023,C,2,86,NaN,1,0,NaN,NaN
C023,C,2,87,1,NaN,NaN,0,0.265020132064819
C023,C,2,88,1,NaN,NaN,0,0.312923908233643
C023,C,2,89,1,NaN,NaN,0,0.290671110153198
C023,C,2,90,1,NaN,NaN,0,0.292962074279785
C023,C,2,91,1,NaN,NaN,0,0.300161123275757
C023,C,2,92,1,NaN,NaN,0,0.340108871459961
C023,C,2,93,NaN,1,0,NaN,NaN
C023,C,2,94,1,NaN,NaN,0,NaN
C023,C,2,95,1,NaN,NaN,0,0.260284185409546
C023,C,2,96,1,NaN,NaN,0,0.296201944351196
C023,C,2,97,1,NaN,NaN,0,0.271708965301514
C023,C,2,98,1,NaN,NaN,0,0.2828369140625
C023,C,2,99,1,NaN,NaN,0,0.286903858184814
C023,C,2,100,1,NaN,NaN,0,0.336250066757202
C023,C,2,101,1,NaN,NaN,0,0.314688920974731
C023,C,2,102,1,NaN,NaN,0,0.449662923812866
C023,C,2,103,1,NaN,NaN,0,0.346508979797363
C023,C,2,104,1,NaN,NaN,0,0.34679102897644
C023,C,2,105,1,NaN,NaN,0,0.332194089889526
C023,C,2,106,NaN,1,0,NaN,NaN
C023,C,2,107,1,NaN,NaN,0,0.269663095474243
C023,C,2,108,1,NaN,NaN,0,0.285413980484009
C023,C,2,109,1,NaN,NaN,0,0.290714979171753
C023,C,2,110,NaN,1,0,NaN,NaN
C023,C,2,111,1,NaN,NaN,0,0.21418285369873
C023,C,2,112,1,NaN,NaN,0,0.283599138259888
C023,C,2,113,1,NaN,NaN,0,0.300470113754272
C023,C,2,114,1,NaN,NaN,0,0.29365086555481
C023,C,2,115,1,NaN,NaN,0,0.308172941207886
C023,C,2,116,1,NaN,NaN,0,0.329655885696411
C023,C,2,117,1,NaN,NaN,0,0.324748039245605
C023,C,2,118,1,NaN,NaN,0,0.332555055618286
C023,C,2,119,1,NaN,NaN,0,0.28816294670105
C023,C,2,120,1,NaN,NaN,0,0.328819036483765
C023,C,2,121,1,NaN,NaN,0,0.338222026824951
C023,C,2,122,1,NaN,NaN,0,0.331025838851929
C023,C,2,123,1,NaN,NaN,0,0.340317964553833
C023,C,2,124,NaN,0,1,NaN,NaN
C023,C,2,125,1,NaN,NaN,0,0.245480060577393
C023,C,2,126,1,NaN,NaN,0,0.26534104347229
C023,C,2,127,1,NaN,NaN,0,0.295537233352661
C023,C,2,128,1,NaN,NaN,0,0.328677892684937
C023,C,2,129,1,NaN,NaN,0,0.256402969360352
C023,C,2,130,NaN,0,1,NaN,NaN
C023,C,2,131,1,NaN,NaN,0,0.213438987731934
C023,C,2,132,1,NaN,NaN,0,0.574131965637207
C023,C,2,133,1,NaN,NaN,0,0.346364974975586
C023,C,2,134,1,NaN,NaN,0,0.33529806137085
C023,C,2,135,1,NaN,NaN,0,0.337818145751953
C023,C,2,136,1,NaN,NaN,0,0.287249088287354
C023,C,2,137,1,NaN,NaN,0,0.320136070251465
C023,C,2,138,1,NaN,NaN,0,0.2950599193573
C023,C,2,139,1,NaN,NaN,0,0.357756853103638
C023,C,2,140,1,NaN,NaN,0,0.36384391784668
C023,C,2,141,NaN,1,0,NaN,NaN
C023,C,2,142,1,NaN,NaN,0,0.277398109436035
C023,C,2,143,1,NaN,NaN,0,0.340941905975342
C023,C,2,144,1,NaN,NaN,0,0.308732032775879
C023,C,2,145,1,NaN,NaN,0,0.362246990203857
C023,C,2,146,1,NaN,NaN,0,0.332300901412964
C023,C,2,147,1,NaN,NaN,0,0.353784799575806
C023,C,2,148,1,NaN,NaN,0,0.33735203742981
C023,C,2,149,NaN,1,0,NaN,NaN
C023,C,2,150,1,NaN,NaN,0,0.247238874435425
C023,C,2,151,1,NaN,NaN,0,0.248185873031616
C023,C,2,152,1,NaN,NaN,0,0.268769979476929
C023,C,2,153,1,NaN,NaN,0,0.336249113082886
C023,C,2,154,1,NaN,NaN,0,0.337687969207764
C023,C,2,155,1,NaN,NaN,0,0.339102983474731
C023,C,2,156,1,NaN,NaN,0,0.327656030654907
C023,C,2,157,1,NaN,NaN,0,0.310046911239624
C023,C,2,158,1,NaN,NaN,0,0.313126087188721
C023,C,2,159,NaN,1,0,NaN,NaN
C023,C,2,160,1,NaN,NaN,0,0.247911930084229
C023,C,2,161,1,NaN,NaN,0,0.229852914810181
C023,C,2,162,1,NaN,NaN,0,0.253703832626343
C023,C,2,163,1,NaN,NaN,0,0.276496171951294
C023,C,2,164,NaN,0,1,NaN,NaN
C023,C,2,165,1,NaN,NaN,0,1.12866806983948
C023,C,2,166,0,NaN,NaN,1,NaN
C023,C,2,167,1,NaN,NaN,0,0.250192880630493
C023,C,2,168,1,NaN,NaN,0,0.234564065933228
C023,C,2,169,1,NaN,NaN,0,0.29646897315979
C023,C,2,170,1,NaN,NaN,0,0.361829042434692
C023,C,2,171,1,NaN,NaN,0,0.316783905029297
C023,C,2,172,1,NaN,NaN,0,0.269776105880737
C023,C,2,173,1,NaN,NaN,0,0.278384923934937
C023,C,2,174,1,NaN,NaN,0,0.257169008255005
C023,C,2,175,1,NaN,NaN,0,0.245359897613525
C023,C,2,176,1,NaN,NaN,0,0.256403923034668
C023,C,2,177,NaN,0,1,NaN,NaN
C023,C,2,178,1,NaN,NaN,0,0.218744993209839
C023,C,2,179,1,NaN,NaN,0,0.241734981536865
C023,C,2,180,1,NaN,NaN,0,0.269042015075684
C023,C,2,181,1,NaN,NaN,0,0.433157205581665
C023,C,2,182,1,NaN,NaN,0,0.356636047363281
C023,C,2,183,1,NaN,NaN,0,0.334925889968872
C023,C,2,184,1,NaN,NaN,0,0.330757856369019
C023,C,2,185,1,NaN,NaN,0,0.351809024810791
C023,C,2,186,1,NaN,NaN,0,0.344531059265137
C023,C,2,187,NaN,1,0,NaN,NaN
C023,C,2,188,1,NaN,NaN,0,0.230861186981201
C023,C,2,189,1,NaN,NaN,0,0.284019947052002
C023,C,2,190,1,NaN,NaN,0,0.279559850692749
C023,C,2,191,NaN,1,0,NaN,NaN
C023,C,2,192,1,NaN,NaN,0,0.264715909957886
C023,C,2,193,1,NaN,NaN,0,0.281808137893677
C023,C,2,194,1,NaN,NaN,0,0.286397933959961
C023,C,2,195,1,NaN,NaN,0,0.367069005966187
C023,C,2,196,1,NaN,NaN,0,0.345127105712891
C023,C,2,197,1,NaN,NaN,0,0.348231077194214
C023,C,2,198,1,NaN,NaN,0,0.308104991912842
C023,C,2,199,1,NaN,NaN,0,0.298963069915771
C023,C,2,200,1,NaN,NaN,0,0.291980028152466
C023,C,2,201,1,NaN,NaN,0,0.31574821472168
C023,C,2,202,1,NaN,NaN,0,0.360261917114258
C023,C,2,203,1,NaN,NaN,0,0.326675176620483
C023,C,2,204,1,NaN,NaN,0,0.320446968078613
C023,C,2,205,1,NaN,NaN,0,0.300534963607788
C023,C,2,206,NaN,0,1,NaN,NaN
C023,C,2,207,1,NaN,NaN,0,0.279160976409912
C023,C,2,208,1,NaN,NaN,0,0.272275924682617
C023,C,2,209,1,NaN,NaN,0,0.348472833633423
C023,C,2,210,1,NaN,NaN,0,0.388404846191406
C023,C,2,211,1,NaN,NaN,0,0.384679794311523
C023,C,2,212,1,NaN,NaN,0,0.486631870269775
C023,C,2,213,1,NaN,NaN,0,0.43053412437439
C023,C,2,214,1,NaN,NaN,0,0.397844076156616
C023,C,2,215,NaN,1,0,NaN,NaN
C023,C,2,216,1,NaN,NaN,0,0.233556985855103
C023,C,2,217,1,NaN,NaN,0,0.287960052490234
C023,C,2,218,1,NaN,NaN,0,0.273027181625366
C023,C,2,219,1,NaN,NaN,0,0.338637113571167
C023,C,2,220,1,NaN,NaN,0,0.438961029052734
C023,C,2,221,NaN,1,0,NaN,NaN
C023,C,2,222,1,NaN,NaN,0,0.312659978866577
C023,C,2,223,1,NaN,NaN,0,0.277490139007568
C023,C,2,224,1,NaN,NaN,0,0.291162014007568
C023,C,2,225,1,NaN,NaN,0,0.298300981521606
C023,C,2,226,1,NaN,NaN,0,0.331795930862427
C023,C,2,227,NaN,0,1,NaN,NaN
C023,C,2,228,0,NaN,NaN,1,NaN
C023,C,2,229,1,NaN,NaN,0,0.236751079559326
C023,C,2,230,1,NaN,NaN,0,0.287996053695679
C023,C,2,231,1,NaN,NaN,0,0.273481130599976
C023,C,2,232,1,NaN,NaN,0,0.313674211502075
C023,C,2,233,1,NaN,NaN,0,0.318400144577026
C023,C,2,234,1,NaN,NaN,0,0.400873899459839
C023,C,2,235,1,NaN,NaN,0,0.415726900100708
C023,C,2,236,1,NaN,NaN,0,0.357599973678589
C023,C,2,237,1,NaN,NaN,0,0.357491016387939
C023,C,2,238,NaN,1,0,NaN,NaN
C023,C,2,239,1,NaN,NaN,0,0.263038158416748
C023,C,2,240,1,NaN,NaN,0,0.299633979797363
C023,C,2,241,1,NaN,NaN,0,0.50953197479248
C023,C,2,242,1,NaN,NaN,0,0.35120701789856
C023,C,2,243,1,NaN,NaN,0,0.313582897186279
C023,C,2,244,1,NaN,NaN,0,0.37627911567688
C023,C,2,245,1,NaN,NaN,0,0.305150985717773
C023,C,2,246,1,NaN,NaN,0,0.29753303527832
C023,C,2,247,1,NaN,NaN,0,0.336174964904785
C023,C,2,248,NaN,1,0,NaN,NaN
C023,C,2,249,1,NaN,NaN,0,0.272640943527222
C023,C,2,250,1,NaN,NaN,0,0.261909008026123
C023,C,2,251,1,NaN,NaN,0,0.29922890663147
C023,C,2,252,1,NaN,NaN,0,0.289247035980225
C023,C,2,253,1,NaN,NaN,0,0.363606929779053
C023,C,2,254,1,NaN,NaN,0,0.337181091308594
C023,C,2,255,NaN,1,0,NaN,NaN
C023,C,2,256,1,NaN,NaN,0,NaN
C023,C,2,257,0,NaN,NaN,1,NaN
C023,C,2,258,1,NaN,NaN,0,0.246133089065552
C023,C,2,259,1,NaN,NaN,0,0.323518037796021
C023,C,2,260,1,NaN,NaN,0,0.336728096008301
C023,C,2,261,1,NaN,NaN,0,0.329543113708496
C023,C,2,262,1,NaN,NaN,0,0.470131874084473
C023,C,2,263,1,NaN,NaN,0,0.332521200180054
C023,C,2,264,1,NaN,NaN,0,0.324103832244873
C023,C,2,265,1,NaN,NaN,0,0.3194420337677
C023,C,2,266,1,NaN,NaN,0,0.34856104850769
C023,C,2,267,1,NaN,NaN,0,0.360286951065063
C023,C,2,268,NaN,1,0,NaN,NaN
C023,C,2,269,1,NaN,NaN,0,0.257311105728149
C023,C,2,270,1,NaN,NaN,0,0.278342008590698
C023,C,2,271,1,NaN,NaN,0,0.271504878997803
C023,C,2,272,1,NaN,NaN,0,0.312307119369507
C023,C,2,273,1,NaN,NaN,0,0.349968910217285
C023,C,2,274,1,NaN,NaN,0,0.328176021575928
C023,C,2,275,1,NaN,NaN,0,0.344282150268555
C023,C,2,276,NaN,1,0,NaN,NaN
C023,C,2,277,1,NaN,NaN,0,0.273043870925903
C023,C,2,278,1,NaN,NaN,0,0.278704881668091
C023,C,2,279,1,NaN,NaN,0,0.29153299331665
C023,C,2,280,1,NaN,NaN,0,0.28417706489563
C023,C,2,281,NaN,1,0,NaN,NaN
C023,C,2,282,1,NaN,NaN,0,0.341403961181641
C023,C,2,283,1,NaN,NaN,0,0.302993059158325
C023,C,2,284,1,NaN,NaN,0,0.251791954040527
C023,C,2,285,1,NaN,NaN,0,0.272602081298828
C023,C,2,286,1,NaN,NaN,0,0.317818164825439
C023,C,2,287,1,NaN,NaN,0,0.295322895050049
C023,C,2,288,1,NaN,NaN,0,0.316295146942139
C023,C,2,289,1,NaN,NaN,0,0.305803060531616
C023,C,2,290,1,NaN,NaN,0,0.461966991424561
C023,C,2,291,1,NaN,NaN,0,0.34425687789917
C023,C,2,292,1,NaN,NaN,0,0.370359897613525
C023,C,2,293,1,NaN,NaN,0,0.342545032501221
C023,C,2,294,1,NaN,NaN,0,0.335368871688843
C023,C,2,295,NaN,1,0,NaN,NaN
C023,C,2,296,1,NaN,NaN,0,0.284158945083618
C023,C,2,297,1,NaN,NaN,0,0.272359848022461
C023,C,2,298,1,NaN,NaN,0,0.288188934326172
C023,C,2,299,1,NaN,NaN,0,0.266592025756836
C023,C,2,300,1,NaN,NaN,0,0.291582107543945
C023,C,2,301,1,NaN,NaN,0,0.575359106063843
C023,C,2,302,1,NaN,NaN,0,0.323951959609985
C023,C,2,303,NaN,0,1,NaN,NaN
C023,C,2,304,1,NaN,NaN,0,0.265130996704102
C023,C,2,305,1,NaN,NaN,0,0.258115768432617
C023,C,2,306,1,NaN,NaN,0,0.286964178085327
C023,C,2,307,1,NaN,NaN,0,0.349292039871216
C023,C,2,308,NaN,1,0,NaN,NaN
C023,C,2,309,1,NaN,NaN,0,0.224048852920532
C023,C,2,310,1,NaN,NaN,0,NaN
C023,C,2,311,1,NaN,NaN,0,0.254333019256592
C023,C,2,312,1,NaN,NaN,0,0.253726005554199
C023,C,2,313,1,NaN,NaN,0,0.257097005844116
C023,C,2,314,1,NaN,NaN,0,0.248716831207275
C023,C,2,315,1,NaN,NaN,0,0.252988815307617
C023,C,2,316,1,NaN,NaN,0,0.27379298210144
C023,C,2,317,1,NaN,NaN,0,0.276604890823364
C023,C,2,318,1,NaN,NaN,0,0.289294004440308
C023,C,2,319,NaN,1,0,NaN,NaN
C023,C,2,320,1,NaN,NaN,0,0.252503871917725
C023,C,2,321,1,NaN,NaN,0,0.262253999710083
C023,C,2,322,1,NaN,NaN,0,0.28291392326355
C023,C,2,323,1,NaN,NaN,0,0.297650098800659
C023,C,2,324,1,NaN,NaN,0,0.276646137237549
C023,C,2,325,1,NaN,NaN,0,0.276099920272827
C023,C,2,326,1,NaN,NaN,0,0.26584005355835
C023,C,2,327,1,NaN,NaN,0,0.266813039779663
C023,C,2,328,NaN,1,0,NaN,NaN
C023,C,2,329,1,NaN,NaN,0,NaN
C023,C,2,330,1,NaN,NaN,0,0.23641300201416
C023,C,2,331,1,NaN,NaN,0,0.261352062225342
C023,C,2,332,1,NaN,NaN,0,0.288932085037231
C023,C,2,333,1,NaN,NaN,0,0.362383127212524
C023,C,2,334,1,NaN,NaN,0,0.326830863952637
C023,C,2,335,1,NaN,NaN,0,0.343237161636353
C023,C,2,336,1,NaN,NaN,0,0.318404912948608
C023,C,2,337,1,NaN,NaN,0,0.327751159667969
C023,C,2,338,1,NaN,NaN,0,0.36657190322876
C023,C,2,339,1,NaN,NaN,0,0.371624946594238
C023,C,2,340,1,NaN,NaN,0,0.387998104095459
C023,C,2,341,NaN,1,0,NaN,NaN
C023,C,2,342,1,NaN,NaN,0,0.268912076950073
C023,C,2,343,1,NaN,NaN,0,0.280909061431885
C023,C,2,344,1,NaN,NaN,0,0.481021165847778
C023,C,2,345,1,NaN,NaN,0,0.289757966995239
C023,C,2,346,NaN,1,0,NaN,NaN
C023,C,2,347,1,NaN,NaN,0,0.248207092285156
C023,C,2,348,1,NaN,NaN,0,0.260197877883911
C023,C,2,349,1,NaN,NaN,0,0.267733097076416
C023,C,2,350,1,NaN,NaN,0,0.412364959716797
C023,C,2,351,1,NaN,NaN,0,0.28193211555481
C023,C,2,352,1,NaN,NaN,0,0.307979822158813
C023,C,2,353,1,NaN,NaN,0,0.296124935150146
C023,C,2,354,NaN,1,0,NaN,NaN
C023,C,2,355,1,NaN,NaN,0,NaN
C023,C,2,356,1,NaN,NaN,0,NaN
C023,C,2,357,1,NaN,NaN,0,0.23262095451355
C023,C,2,358,1,NaN,NaN,0,0.265338182449341
C023,C,2,359,1,NaN,NaN,0,0.26781702041626
C023,C,2,360,1,NaN,NaN,0,0.30540919303894
C023,C,2,361,1,NaN,NaN,0,0.315831899642944
C023,C,2,362,1,NaN,NaN,0,0.292419195175171
C023,C,2,363,1,NaN,NaN,0,0.296588897705078
C023,C,2,364,NaN,1,0,NaN,NaN
C023,C,2,365,1,NaN,NaN,0,NaN
C023,C,2,366,1,NaN,NaN,0,0.244155168533325
C023,C,2,367,1,NaN,NaN,0,0.357766151428223
C023,C,2,368,1,NaN,NaN,0,0.311883926391602
C023,C,2,369,1,NaN,NaN,0,0.348567962646484
C023,C,2,370,1,NaN,NaN,0,0.322026968002319
C023,C,2,371,1,NaN,NaN,0,0.343148946762085
C023,C,2,372,1,NaN,NaN,0,0.43662691116333
C023,C,2,373,1,NaN,NaN,0,0.340112924575806
C023,C,2,374,1,NaN,NaN,0,0.317353963851929
C023,C,2,375,1,NaN,NaN,0,0.357912063598633
C023,C,2,376,NaN,1,0,NaN,NaN
C023,C,2,377,1,NaN,NaN,0,0.279041051864624
C023,C,2,378,1,NaN,NaN,0,0.261103868484497
C023,C,2,379,1,NaN,NaN,0,0.273252964019775
C023,C,2,380,1,NaN,NaN,0,0.264296054840088
C023,C,2,381,1,NaN,NaN,0,0.282865047454834
C023,C,2,382,NaN,1,0,NaN,NaN
C023,C,2,383,1,NaN,NaN,0,NaN
C023,C,2,384,1,NaN,NaN,0,0.341468095779419
C023,C,2,385,1,NaN,NaN,0,0.221979141235352
C023,C,2,386,1,NaN,NaN,0,NaN
C023,C,2,387,1,NaN,NaN,0,NaN
C023,C,2,388,1,NaN,NaN,0,0.28560996055603
C023,C,2,389,1,NaN,NaN,0,0.355993032455444
C023,C,2,390,1,NaN,NaN,0,0.303421974182129
C023,C,2,391,1,NaN,NaN,0,0.428532838821411
C023,C,2,392,1,NaN,NaN,0,0.323947906494141
C023,C,2,393,1,NaN,NaN,0,0.37542200088501
C023,C,2,394,NaN,1,0,NaN,NaN
C023,C,2,395,1,NaN,NaN,0,0.254492998123169
C023,C,2,396,1,NaN,NaN,0,0.286751985549927
C023,C,2,397,1,NaN,NaN,0,0.272197008132935
C023,C,2,398,1,NaN,NaN,0,0.301562070846558
C023,C,2,399,1,NaN,NaN,0,0.330386161804199
C023,C,2,400,1,NaN,NaN,0,0.384221792221069
C023,C,2,401,1,NaN,NaN,0,0.332789897918701
C023,C,2,402,1,NaN,NaN,0,0.305294990539551
C023,C,2,403,1,NaN,NaN,0,0.309725999832153
C023,C,2,404,NaN,1,0,NaN,NaN
C023,C,2,405,1,NaN,NaN,0,0.621948957443237
C023,C,2,406,1,NaN,NaN,0,0.322782039642334
C023,C,2,407,1,NaN,NaN,0,0.301064968109131
C023,C,2,408,1,NaN,NaN,0,0.305438041687012
C023,C,2,409,1,NaN,NaN,0,0.265887022018433
C023,C,2,410,1,NaN,NaN,0,0.295238018035889
C023,C,2,411,1,NaN,NaN,0,0.266919851303101
C023,C,2,412,1,NaN,NaN,0,0.251711845397949
C023,C,2,413,NaN,1,0,NaN,NaN
C023,C,2,414,1,NaN,NaN,0,NaN
C023,C,2,415,1,NaN,NaN,0,0.258760929107666
C023,C,2,416,NaN,0,1,NaN,NaN
C023,C,2,417,1,NaN,NaN,0,NaN
C023,C,2,418,1,NaN,NaN,0,0.198163986206055
C023,C,2,419,1,NaN,NaN,0,0.281846046447754
C023,C,2,420,1,NaN,NaN,0,0.31356406211853
C023,C,2,421,1,NaN,NaN,0,0.33379602432251
C023,C,2,422,1,NaN,NaN,0,0.31747579574585
C023,C,2,423,1,NaN,NaN,0,0.324971914291382
C023,C,2,424,1,NaN,NaN,0,0.323885917663574
C023,C,2,425,1,NaN,NaN,0,0.348731994628906
C023,C,2,426,1,NaN,NaN,0,0.281538009643555
C023,C,2,427,1,NaN,NaN,0,0.302307844161987
C023,C,2,428,1,NaN,NaN,0,0.305515050888062
C023,C,2,429,1,NaN,NaN,0,0.307136058807373
C023,C,2,430,1,NaN,NaN,0,0.292773008346558
C023,C,2,431,NaN,1,0,NaN,NaN
C023,C,2,432,1,NaN,NaN,0,0.224390029907227
C023,C,2,433,1,NaN,NaN,0,0.304944038391113
C023,C,2,434,1,NaN,NaN,0,0.276396036148071
C023,C,2,435,1,NaN,NaN,0,0.308609008789062
C023,C,2,436,1,NaN,NaN,0,0.297183990478516
C023,C,2,437,1,NaN,NaN,0,0.318116903305054
C023,C,2,438,1,NaN,NaN,0,0.321232795715332
C023,C,2,439,1,NaN,NaN,0,0.321655035018921
C023,C,2,440,NaN,1,0,NaN,NaN
C023,C,2,441,1,NaN,NaN,0,0.248080968856812
C023,C,2,442,1,NaN,NaN,0,0.266674041748047
C023,C,2,443,1,NaN,NaN,0,0.301222085952759
C023,C,2,444,1,NaN,NaN,0,0.345081090927124
C023,C,2,445,NaN,1,0,NaN,NaN
C023,C,2,446,1,NaN,NaN,0,0.278840065002441
C023,C,2,447,1,NaN,NaN,0,0.277311086654663
C023,C,2,448,1,NaN,NaN,0,0.327481031417847
C023,C,2,449,1,NaN,NaN,0,0.31453800201416
C023,C,2,450,1,NaN,NaN,0,0.29738712310791
C023,C,2,451,1,NaN,NaN,0,0.39422607421875
C023,C,2,452,1,NaN,NaN,0,0.342943906784058
C023,C,2,453,1,NaN,NaN,0,0.299328088760376
C023,C,2,454,1,NaN,NaN,0,0.337833166122437
C023,C,2,455,NaN,1,0,NaN,NaN
C023,C,2,456,1,NaN,NaN,0,NaN
C023,C,2,457,1,NaN,NaN,0,0.284687042236328
C023,C,2,458,1,NaN,NaN,0,0.343417882919312
C023,C,2,459,1,NaN,NaN,0,0.29236102104187
C023,C,2,460,1,NaN,NaN,0,0.3057541847229
C023,C,2,461,1,NaN,NaN,0,0.344637155532837
C023,C,2,462,1,NaN,NaN,0,0.31449294090271
C023,C,2,463,NaN,1,0,NaN,NaN
C023,C,2,464,1,NaN,NaN,0,0.275012016296387
C023,C,2,465,1,NaN,NaN,0,0.614507913589478
C023,C,2,466,1,NaN,NaN,0,0.325436115264893
C023,C,2,467,1,NaN,NaN,0,0.274087905883789
C023,C,2,468,1,NaN,NaN,0,0.25102710723877
C023,C,2,469,1,NaN,NaN,0,0.264877080917358
C023,C,2,470,1,NaN,NaN,0,0.229907035827637
C023,C,2,471,1,NaN,NaN,0,0.284680128097534
C023,C,2,472,1,NaN,NaN,0,0.264436960220337
C023,C,2,473,1,NaN,NaN,0,0.275038003921509
C023,C,2,474,1,NaN,NaN,0,0.284767150878906
C023,C,2,475,1,NaN,NaN,0,0.296025991439819
C023,C,2,476,NaN,1,0,NaN,NaN
C023,C,2,477,1,NaN,NaN,0,0.252017974853516
C023,C,2,478,1,NaN,NaN,0,0.283811092376709
C023,C,2,479,1,NaN,NaN,0,0.283607959747314
C023,C,2,480,NaN,1,0,NaN,NaN
C023,C,2,481,1,NaN,NaN,0,0.171657085418701
C023,C,2,482,1,NaN,NaN,0,0.268903970718384
C023,C,2,483,1,NaN,NaN,0,0.335772037506104
C023,C,2,484,1,NaN,NaN,0,0.295948028564453
C023,C,2,485,1,NaN,NaN,0,0.277935981750488
C023,C,2,486,1,NaN,NaN,0,0.263463020324707
C023,C,2,487,1,NaN,NaN,0,0.32466983795166
C023,C,2,488,NaN,1,0,NaN,NaN
C023,C,2,489,1,NaN,NaN,0,0.215821027755737
C023,C,2,490,1,NaN,NaN,0,0.273205041885376
C023,C,2,491,1,NaN,NaN,0,0.314095973968506
C023,C,2,492,1,NaN,NaN,0,0.282702922821045
C023,C,2,493,1,NaN,NaN,0,0.274646043777466
C023,C,2,494,1,NaN,NaN,0,0.287482023239136
C023,C,2,495,1,NaN,NaN,0,0.304798126220703
C023,C,2,496,1,NaN,NaN,0,0.375744819641113
C023,C,2,497,1,NaN,NaN,0,0.390258073806763
C023,C,2,498,1,NaN,NaN,0,0.358044862747192
C023,C,2,499,1,NaN,NaN,0,0.338902950286865
C023,C,2,500,1,NaN,NaN,0,0.315489053726196
C023,C,2,501,1,NaN,NaN,0,0.435768842697144
C023,C,2,502,NaN,1,0,NaN,NaN
C023,C,2,503,1,NaN,NaN,0,0.246165990829468
C023,C,2,504,1,NaN,NaN,0,0.248432874679565
C023,C,2,505,1,NaN,NaN,0,0.233037948608398
C023,C,2,506,1,NaN,NaN,0,0.272555112838745
C023,C,2,507,1,NaN,NaN,0,0.260533809661865
C023,C,2,508,1,NaN,NaN,0,0.328701972961426
C023,C,2,509,1,NaN,NaN,0,0.306452035903931
C023,C,2,510,1,NaN,NaN,0,0.274795055389404
C023,C,2,511,NaN,0,1,NaN,NaN
C023,C,2,512,1,NaN,NaN,0,NaN
C023,C,2,513,1,NaN,NaN,0,0.252421855926514
C023,C,2,514,1,NaN,NaN,0,0.313050985336304
C023,C,2,515,1,NaN,NaN,0,0.231377124786377
C023,C,2,516,NaN,0,1,NaN,NaN
C023,C,2,517,1,NaN,NaN,0,0.251183032989502
C023,C,2,518,1,NaN,NaN,0,0.199728965759277
C023,C,2,519,1,NaN,NaN,0,NaN
C023,C,2,520,1,NaN,NaN,0,NaN
C023,C,2,521,1,NaN,NaN,0,NaN
C023,C,2,522,1,NaN,NaN,0,0.286233901977539
C023,C,2,523,1,NaN,NaN,0,0.25041389465332
C023,C,2,524,1,NaN,NaN,0,0.260915040969849
C023,C,2,525,1,NaN,NaN,0,0.249925851821899
C023,C,2,526,1,NaN,NaN,0,0.270564794540405
C023,C,2,527,1,NaN,NaN,0,0.24029803276062
C023,C,2,528,1,NaN,NaN,0,0.218325853347778
C023,C,2,529,1,NaN,NaN,0,0.258841991424561
C023,C,2,530,NaN,0,1,NaN,NaN
C023,C,2,531,0,NaN,NaN,1,NaN
C023,C,2,532,1,NaN,NaN,0,0.261672019958496
C023,C,2,533,1,NaN,NaN,0,0.281096220016479
C023,C,2,534,1,NaN,NaN,0,0.261388063430786
C023,C,2,535,NaN,0,1,NaN,NaN
C023,C,2,536,1,NaN,NaN,0,0.319504022598267
C023,C,2,537,1,NaN,NaN,0,0.344205141067505
C023,C,2,538,1,NaN,NaN,0,0.314146041870117
C023,C,2,539,1,NaN,NaN,0,0.292617797851562
C023,C,2,540,1,NaN,NaN,0,0.341289043426514
C023,C,2,541,1,NaN,NaN,0,0.323416948318481
C023,C,2,542,NaN,1,0,NaN,NaN
C023,C,2,543,1,NaN,NaN,0,0.272803068161011
C023,C,3,1,1,NaN,NaN,0,0.477011919021606
C023,C,3,2,1,NaN,NaN,0,0.37010383605957
C023,C,3,3,1,NaN,NaN,0,0.300203800201416
C023,C,3,4,1,NaN,NaN,0,0.438460826873779
C023,C,3,5,1,NaN,NaN,0,0.301884889602661
C023,C,3,6,1,NaN,NaN,0,0.311069011688232
C023,C,3,7,NaN,1,0,NaN,NaN
C023,C,3,8,1,NaN,NaN,0,0.265649080276489
C023,C,3,9,1,NaN,NaN,0,0.272207021713257
C023,C,3,10,1,NaN,NaN,0,0.296894073486328
C023,C,3,11,1,NaN,NaN,0,0.303797006607056
C023,C,3,12,1,NaN,NaN,0,0.295104026794434
C023,C,3,13,1,NaN,NaN,0,0.296373128890991
C023,C,3,14,1,NaN,NaN,0,0.295127153396606
C023,C,3,15,NaN,1,0,NaN,NaN
C023,C,3,16,1,NaN,NaN,0,NaN
C023,C,3,17,1,NaN,NaN,0,0.276660919189453
C023,C,3,18,1,NaN,NaN,0,0.289475917816162
C023,C,3,19,1,NaN,NaN,0,0.29831600189209
C023,C,3,20,1,NaN,NaN,0,0.286879062652588
C023,C,3,21,NaN,1,0,NaN,NaN
C023,C,3,22,1,NaN,NaN,0,0.191362857818604
C023,C,3,23,1,NaN,NaN,0,0.264471054077148
C023,C,3,24,1,NaN,NaN,0,0.273033857345581
C023,C,3,25,1,NaN,NaN,0,0.272008895874023
C023,C,3,26,1,NaN,NaN,0,0.335583925247192
C023,C,3,27,1,NaN,NaN,0,0.354492902755737
C023,C,3,28,1,NaN,NaN,0,0.349064111709595
C023,C,3,29,1,NaN,NaN,0,0.475239992141724
C023,C,3,30,1,NaN,NaN,0,0.391191005706787
C023,C,3,31,1,NaN,NaN,0,0.379747867584229
C023,C,3,32,1,NaN,NaN,0,0.36362099647522
C023,C,3,33,1,NaN,NaN,0,0.360227823257446
C023,C,3,34,NaN,1,0,NaN,NaN
C023,C,3,35,1,NaN,NaN,0,0.266654968261719
C023,C,3,36,1,NaN,NaN,0,0.27313494682312
C023,C,3,37,1,NaN,NaN,0,0.258161067962646
C023,C,3,38,1,NaN,NaN,0,0.300693035125732
C023,C,3,39,1,NaN,NaN,0,0.278353929519653
C023,C,3,40,1,NaN,NaN,0,0.269896030426025
C023,C,3,41,1,NaN,NaN,0,0.286522150039673
C023,C,3,42,NaN,1,0,NaN,NaN
C023,C,3,43,1,NaN,NaN,0,NaN
C023,C,3,44,1,NaN,NaN,0,0.257524967193604
C023,C,3,45,1,NaN,NaN,0,0.257830858230591
C023,C,3,46,1,NaN,NaN,0,0.273167133331299
C023,C,3,47,1,NaN,NaN,0,0.28829288482666
C023,C,3,48,1,NaN,NaN,0,0.251533031463623
C023,C,3,49,NaN,0,1,NaN,NaN
C023,C,3,50,1,NaN,NaN,0,0.246113061904907
C023,C,3,51,1,NaN,NaN,0,0.285475015640259
C023,C,3,52,1,NaN,NaN,0,0.267861127853394
C023,C,3,53,1,NaN,NaN,0,0.288975954055786
C023,C,3,54,1,NaN,NaN,0,0.322357892990112
C023,C,3,55,1,NaN,NaN,0,0.372813940048218
C023,C,3,56,1,NaN,NaN,0,0.318321943283081
C023,C,3,57,NaN,1,0,NaN,NaN
C023,C,3,58,1,NaN,NaN,0,0.256639957427979
C023,C,3,59,1,NaN,NaN,0,0.277301073074341
C023,C,3,60,1,NaN,NaN,0,0.288465976715088
C023,C,3,61,1,NaN,NaN,0,0.310410022735596
C023,C,3,62,1,NaN,NaN,0,0.331342220306396
C023,C,3,63,1,NaN,NaN,0,0.382619142532349
C023,C,3,64,1,NaN,NaN,0,0.337518930435181
C023,C,3,65,1,NaN,NaN,0,0.356835842132568
C023,C,3,66,1,NaN,NaN,0,0.37295389175415
C023,C,3,67,1,NaN,NaN,0,0.387280941009521
C023,C,3,68,1,NaN,NaN,0,0.352144956588745
C023,C,3,69,1,NaN,NaN,0,0.340916872024536
C023,C,3,70,NaN,1,0,NaN,NaN
C023,C,3,71,1,NaN,NaN,0,0.251586198806763
C023,C,3,72,1,NaN,NaN,0,0.203831911087036
C023,C,3,73,1,NaN,NaN,0,0.261960983276367
C023,C,3,74,1,NaN,NaN,0,NaN
C023,C,3,75,1,NaN,NaN,0,0.263268947601318
C023,C,3,76,1,NaN,NaN,0,0.272569894790649
C023,C,3,77,1,NaN,NaN,0,0.397215843200684
C023,C,3,78,1,NaN,NaN,0,0.288172006607056
C023,C,3,79,NaN,0,1,NaN,NaN
C023,C,3,80,1,NaN,NaN,0,0.359447002410889
C023,C,3,81,1,NaN,NaN,0,0.298159122467041
C023,C,3,82,1,NaN,NaN,0,0.359714984893799
C023,C,3,83,1,NaN,NaN,0,0.370481967926025
C023,C,3,84,1,NaN,NaN,0,0.323653936386108
C023,C,3,85,1,NaN,NaN,0,0.45556902885437
C023,C,3,86,NaN,1,0,NaN,NaN
C023,C,3,87,1,NaN,NaN,0,0.300668001174927
C023,C,3,88,1,NaN,NaN,0,0.272738218307495
C023,C,3,89,1,NaN,NaN,0,0.321602821350098
C023,C,3,90,1,NaN,NaN,0,0.277371168136597
C023,C,3,91,1,NaN,NaN,0,0.270983934402466
C023,C,3,92,1,NaN,NaN,0,0.344230175018311
C023,C,3,93,1,NaN,NaN,0,0.331573963165283
C023,C,3,94,NaN,0,1,NaN,NaN
C023,C,3,95,1,NaN,NaN,0,0.271672010421753
C023,C,3,96,1,NaN,NaN,0,0.299004077911377
C023,C,3,97,1,NaN,NaN,0,0.330278873443604
C023,C,3,98,1,NaN,NaN,0,0.313167095184326
C023,C,3,99,1,NaN,NaN,0,0.302289009094238
C023,C,3,100,1,NaN,NaN,0,0.355962038040161
C023,C,3,101,1,NaN,NaN,0,0.312753915786743
C023,C,3,102,1,NaN,NaN,0,0.309957027435303
C023,C,3,103,NaN,1,0,NaN,NaN
C023,C,3,104,1,NaN,NaN,0,0.263982057571411
C023,C,3,105,1,NaN,NaN,0,0.279110908508301
C023,C,3,106,1,NaN,NaN,0,0.282120943069458
C023,C,3,107,1,NaN,NaN,0,0.337212085723877
C023,C,3,108,1,NaN,NaN,0,0.334473133087158
C023,C,3,109,1,NaN,NaN,0,0.330947160720825
C023,C,3,110,1,NaN,NaN,0,0.351425886154175
C023,C,3,111,1,NaN,NaN,0,0.38507604598999
C023,C,3,112,1,NaN,NaN,0,0.384583950042725
C023,C,3,113,1,NaN,NaN,0,0.294626951217651
C023,C,3,114,NaN,0,1,NaN,NaN
C023,C,3,115,1,NaN,NaN,0,NaN
C023,C,3,116,1,NaN,NaN,0,NaN
C023,C,3,117,1,NaN,NaN,0,0.274441957473755
C023,C,3,118,1,NaN,NaN,0,0.320021867752075
C023,C,3,119,1,NaN,NaN,0,0.322267055511475
C023,C,3,120,1,NaN,NaN,0,0.307468175888062
C023,C,3,121,1,NaN,NaN,0,0.33004093170166
C023,C,3,122,1,NaN,NaN,0,0.339101791381836
C023,C,3,123,1,NaN,NaN,0,0.336432933807373
C023,C,3,124,NaN,1,0,NaN,NaN
C023,C,3,125,1,NaN,NaN,0,0.256464958190918
C023,C,3,126,1,NaN,NaN,0,0.295346021652222
C023,C,3,127,1,NaN,NaN,0,0.315107107162476
C023,C,3,128,1,NaN,NaN,0,0.294026136398315
C023,C,3,129,1,NaN,NaN,0,0.323138952255249
C023,C,3,130,1,NaN,NaN,0,0.325394868850708
C023,C,3,131,1,NaN,NaN,0,0.34968113899231
C023,C,3,132,1,NaN,NaN,0,0.423144102096558
C023,C,3,133,NaN,1,0,NaN,NaN
C023,C,3,134,1,NaN,NaN,0,0.551823854446411
C023,C,3,135,1,NaN,NaN,0,0.413347959518433
C023,C,3,136,1,NaN,NaN,0,0.297585010528564
C023,C,3,137,NaN,0,1,NaN,NaN
C023,C,3,138,1,NaN,NaN,0,NaN
C023,C,3,139,1,NaN,NaN,0,0.249871015548706
C023,C,3,140,1,NaN,NaN,0,0.295279979705811
C023,C,3,141,1,NaN,NaN,0,0.315669059753418
C023,C,3,142,1,NaN,NaN,0,0.337434053421021
C023,C,3,143,1,NaN,NaN,0,0.35376501083374
C023,C,3,144,1,NaN,NaN,0,0.35634183883667
C023,C,3,145,1,NaN,NaN,0,0.365685939788818
C023,C,3,146,1,NaN,NaN,0,0.341752052307129
C023,C,3,147,1,NaN,NaN,0,0.367969036102295
C023,C,3,148,1,NaN,NaN,0,0.336002826690674
C023,C,3,149,1,NaN,NaN,0,0.338293075561523
C023,C,3,150,1,NaN,NaN,0,0.318296909332275
C023,C,3,151,NaN,1,0,NaN,NaN
C023,C,3,152,1,NaN,NaN,0,0.275757074356079
C023,C,3,153,1,NaN,NaN,0,0.312213897705078
C023,C,3,154,1,NaN,NaN,0,0.283128976821899
C023,C,3,155,1,NaN,NaN,0,0.373006820678711
C023,C,3,156,1,NaN,NaN,0,0.30216908454895
C023,C,3,157,1,NaN,NaN,0,0.375041007995605
C023,C,3,158,NaN,1,0,NaN,NaN
C023,C,3,159,1,NaN,NaN,0,NaN
C023,C,3,160,1,NaN,NaN,0,0.236392021179199
C023,C,3,161,1,NaN,NaN,0,0.405232906341553
C023,C,3,162,1,NaN,NaN,0,0.447551012039185
C023,C,3,163,1,NaN,NaN,0,0.458230972290039
C023,C,3,164,1,NaN,NaN,0,0.383785963058472
C023,C,3,165,1,NaN,NaN,0,0.357620000839233
C023,C,3,166,NaN,1,0,NaN,NaN
C023,C,3,167,1,NaN,NaN,0,0.268885135650635
C023,C,3,168,1,NaN,NaN,0,0.249680995941162
C023,C,3,169,1,NaN,NaN,0,0.308411121368408
C023,C,3,170,1,NaN,NaN,0,0.469207048416138
C023,C,3,171,1,NaN,NaN,0,0.389173984527588
C023,C,3,172,1,NaN,NaN,0,0.398867130279541
C023,C,3,173,1,NaN,NaN,0,0.371109962463379
C023,C,3,174,1,NaN,NaN,0,0.574680089950562
C023,C,3,175,1,NaN,NaN,0,0.403733968734741
C023,C,3,176,1,NaN,NaN,0,0.559185981750488
C023,C,3,177,NaN,0,1,NaN,NaN
C023,C,3,178,1,NaN,NaN,0,0.339357852935791
C023,C,3,179,1,NaN,NaN,0,0.420330047607422
C023,C,3,180,1,NaN,NaN,0,0.589308023452759
C023,C,3,181,1,NaN,NaN,0,0.453207969665527
C023,C,3,182,1,NaN,NaN,0,0.353872060775757
C023,C,3,183,NaN,1,0,NaN,NaN
C023,C,3,184,1,NaN,NaN,0,0.270341873168945
C023,C,3,185,1,NaN,NaN,0,0.327061891555786
C023,C,3,186,1,NaN,NaN,0,0.325011968612671
C023,C,3,187,1,NaN,NaN,0,0.46609091758728
C023,C,3,188,1,NaN,NaN,0,0.398847818374634
C023,C,3,189,1,NaN,NaN,0,0.374606847763062
C023,C,3,190,1,NaN,NaN,0,0.275103807449341
C023,C,3,191,1,NaN,NaN,0,0.315232038497925
C023,C,3,192,NaN,1,0,NaN,NaN
C023,C,3,193,1,NaN,NaN,0,0.244580984115601
C023,C,3,194,1,NaN,NaN,0,0.267796039581299
C023,C,3,195,1,NaN,NaN,0,0.269450902938843
C023,C,3,196,1,NaN,NaN,0,0.318691968917847
C023,C,3,197,1,NaN,NaN,0,0.336009979248047
C023,C,3,198,1,NaN,NaN,0,0.324335098266602
C023,C,3,199,1,NaN,NaN,0,0.369349002838135
C023,C,3,200,1,NaN,NaN,0,0.336797952651978
C023,C,3,201,1,NaN,NaN,0,0.378129959106445
C023,C,3,202,1,NaN,NaN,0,0.375830888748169
C023,C,3,203,1,NaN,NaN,0,0.340574026107788
C023,C,3,204,NaN,1,0,NaN,NaN
C023,C,3,205,1,NaN,NaN,0,0.250820875167847
C023,C,3,206,1,NaN,NaN,0,0.25961709022522
C023,C,3,207,1,NaN,NaN,0,0.540585041046143
C023,C,3,208,1,NaN,NaN,0,0.372429132461548
C023,C,3,209,1,NaN,NaN,0,0.358155012130737
C023,C,3,210,1,NaN,NaN,0,0.337850093841553
C023,C,3,211,NaN,1,0,NaN,NaN
C023,C,3,212,1,NaN,NaN,0,NaN
C023,C,3,213,1,NaN,NaN,0,0.256015062332153
C023,C,3,214,1,NaN,NaN,0,0.367771863937378
C023,C,3,215,1,NaN,NaN,0,0.36733603477478
C023,C,3,216,1,NaN,NaN,0,0.353365898132324
C023,C,3,217,1,NaN,NaN,0,0.354703903198242
C023,C,3,218,NaN,1,0,NaN,NaN
C023,C,3,219,1,NaN,NaN,0,0.262701988220215
C023,C,3,220,1,NaN,NaN,0,0.315310001373291
C023,C,3,221,1,NaN,NaN,0,0.370929002761841
C023,C,3,222,1,NaN,NaN,0,0.418914079666138
C023,C,3,223,1,NaN,NaN,0,0.517203092575073
C023,C,3,224,1,NaN,NaN,0,0.349958896636963
C023,C,3,225,1,NaN,NaN,0,0.287345886230469
C023,C,3,226,1,NaN,NaN,0,0.350671052932739
C023,C,3,227,1,NaN,NaN,0,0.314721822738647
C023,C,3,228,NaN,1,0,NaN,NaN
C023,C,3,229,1,NaN,NaN,0,0.325418949127197
C023,C,3,230,1,NaN,NaN,0,0.315335988998413
C023,C,3,231,1,NaN,NaN,0,0.344985008239746
C023,C,3,232,1,NaN,NaN,0,0.314838886260986
C023,C,3,233,1,NaN,NaN,0,0.296267986297607
C023,C,3,234,1,NaN,NaN,0,0.361994028091431
C023,C,3,235,1,NaN,NaN,0,0.340738773345947
C023,C,3,236,1,NaN,NaN,0,0.334980964660645
C023,C,3,237,NaN,1,0,NaN,NaN
C023,C,3,238,1,NaN,NaN,0,0.203535079956055
C023,C,3,239,1,NaN,NaN,0,0.247303009033203
C023,C,3,240,1,NaN,NaN,0,0.274071931838989
C023,C,3,241,1,NaN,NaN,0,0.330558061599731
C023,C,3,242,1,NaN,NaN,0,0.295877933502197
C023,C,3,243,1,NaN,NaN,0,0.299375057220459
C023,C,3,244,1,NaN,NaN,0,0.327975988388062
C023,C,3,245,1,NaN,NaN,0,0.260670185089111
C023,C,3,246,1,NaN,NaN,0,0.325520992279053
C023,C,3,247,1,NaN,NaN,0,0.302322864532471
C023,C,3,248,NaN,0,1,NaN,NaN
C023,C,3,249,1,NaN,NaN,0,0.280350923538208
C023,C,3,250,1,NaN,NaN,0,0.24819803237915
C023,C,3,251,1,NaN,NaN,0,0.286135911941528
C023,C,3,252,1,NaN,NaN,0,0.270335912704468
C023,C,3,253,1,NaN,NaN,0,0.300149917602539
C023,C,3,254,1,NaN,NaN,0,0.329514026641846
C023,C,3,255,1,NaN,NaN,0,0.365224123001099
C023,C,3,256,1,NaN,NaN,0,0.339249134063721
C023,C,3,257,1,NaN,NaN,0,0.35350489616394
C023,C,3,258,1,NaN,NaN,0,0.381896018981934
C023,C,3,259,1,NaN,NaN,0,0.342612981796265
C023,C,3,260,NaN,1,0,NaN,NaN
C023,C,3,261,1,NaN,NaN,0,NaN
C023,C,3,262,1,NaN,NaN,0,0.273923873901367
C023,C,3,263,1,NaN,NaN,0,0.305968999862671
C023,C,3,264,1,NaN,NaN,0,0.340682983398438
C023,C,3,265,1,NaN,NaN,0,0.325472831726074
C023,C,3,266,NaN,0,1,NaN,NaN
C023,C,3,267,1,NaN,NaN,0,0.284201860427856
C023,C,3,268,1,NaN,NaN,0,0.297785043716431
C023,C,3,269,1,NaN,NaN,0,0.296140193939209
C023,C,3,270,1,NaN,NaN,0,0.314757108688354
C023,C,3,271,1,NaN,NaN,0,0.356801986694336
C023,C,3,272,1,NaN,NaN,0,0.34867787361145
C023,C,3,273,1,NaN,NaN,0,0.350143909454346
C023,C,3,274,1,NaN,NaN,0,0.367485046386719
C023,C,3,275,1,NaN,NaN,0,0.482403039932251
C023,C,3,276,1,NaN,NaN,0,0.383984088897705
C023,C,3,277,NaN,1,0,NaN,NaN
C023,C,3,278,1,NaN,NaN,0,0.286126852035522
C023,C,3,279,1,NaN,NaN,0,0.291016101837158
C023,C,3,280,1,NaN,NaN,0,0.308846950531006
C023,C,3,281,1,NaN,NaN,0,0.289740085601807
C023,C,3,282,1,NaN,NaN,0,0.42054295539856
C023,C,3,283,1,NaN,NaN,0,0.370712041854858
C023,C,3,284,NaN,0,1,NaN,NaN
C023,C,3,285,0,NaN,NaN,1,NaN
C023,C,3,286,1,NaN,NaN,0,0.284687995910645
C023,C,3,287,1,NaN,NaN,0,0.324558019638062
C023,C,3,288,1,NaN,NaN,0,0.373836994171143
C023,C,3,289,1,NaN,NaN,0,0.298187971115112
C023,C,3,290,1,NaN,NaN,0,0.351164817810059
C023,C,3,291,1,NaN,NaN,0,0.323624849319458
C023,C,3,292,1,NaN,NaN,0,0.296265125274658
C023,C,3,293,NaN,1,0,NaN,NaN
C023,C,3,294,1,NaN,NaN,0,0.246654033660889
C023,C,3,295,1,NaN,NaN,0,0.256279945373535
C023,C,3,296,1,NaN,NaN,0,0.271142959594727
C023,C,3,297,1,NaN,NaN,0,0.283201932907104
C023,C,3,298,1,NaN,NaN,0,0.314658164978027
C023,C,3,299,1,NaN,NaN,0,0.340669870376587
C023,C,3,300,1,NaN,NaN,0,0.303959131240845
C023,C,3,301,1,NaN,NaN,0,0.319401025772095
C023,C,3,302,NaN,1,0,NaN,NaN
C023,C,3,303,1,NaN,NaN,0,0.248255968093872
C023,C,3,304,1,NaN,NaN,0,0.31276798248291
C023,C,3,305,1,NaN,NaN,0,0.350525140762329
C023,C,3,306,1,NaN,NaN,0,0.349102020263672
C023,C,3,307,1,NaN,NaN,0,0.337646007537842
C023,C,3,308,1,NaN,NaN,0,0.496082067489624
C023,C,3,309,1,NaN,NaN,0,0.394008874893188
C023,C,3,310,1,NaN,NaN,0,0.356123208999634
C023,C,3,311,NaN,0,1,NaN,NaN
C023,C,3,312,1,NaN,NaN,0,0.304948091506958
C023,C,3,313,1,NaN,NaN,0,0.26951003074646
C023,C,3,314,1,NaN,NaN,0,0.281574010848999
C023,C,3,315,1,NaN,NaN,0,0.329641103744507
C023,C,3,316,1,NaN,NaN,0,0.335927963256836
C023,C,3,317,1,NaN,NaN,0,0.364720106124878
C023,C,3,318,1,NaN,NaN,0,0.473861932754517
C023,C,3,319,1,NaN,NaN,0,0.321649074554443
C023,C,3,320,1,NaN,NaN,0,0.319766998291016
C023,C,3,321,NaN,0,1,NaN,NaN
C023,C,3,322,1,NaN,NaN,0,0.323573112487793
C023,C,3,323,1,NaN,NaN,0,0.273943901062012
C023,C,3,324,1,NaN,NaN,0,0.31883692741394
C023,C,3,325,1,NaN,NaN,0,0.281457901000977
C023,C,3,326,1,NaN,NaN,0,0.27921986579895
C023,C,3,327,NaN,1,0,NaN,NaN
C023,C,3,328,1,NaN,NaN,0,0.249716997146606
C023,C,3,329,1,NaN,NaN,0,0.25425910949707
C023,C,3,330,1,NaN,NaN,0,0.344650030136108
C023,C,3,331,1,NaN,NaN,0,0.332125902175903
C023,C,3,332,1,NaN,NaN,0,0.358716011047363
C023,C,3,333,1,NaN,NaN,0,0.343111038208008
C023,C,3,334,1,NaN,NaN,0,0.370866060256958
C023,C,3,335,1,NaN,NaN,0,0.334465026855469
C023,C,3,336,1,NaN,NaN,0,0.396411895751953
C023,C,3,337,1,NaN,NaN,0,0.402275085449219
C023,C,3,338,1,NaN,NaN,0,0.447339057922363
C023,C,3,339,1,NaN,NaN,0,0.394435167312622
C023,C,3,340,1,NaN,NaN,0,0.491160869598389
C023,C,3,341,NaN,1,0,NaN,NaN
C023,C,3,342,1,NaN,NaN,0,NaN
C023,C,3,343,1,NaN,NaN,0,0.316352128982544
C023,C,3,344,1,NaN,NaN,0,0.345256805419922
C023,C,3,345,1,NaN,NaN,0,0.340816974639893
C023,C,3,346,1,NaN,NaN,0,0.376567840576172
C023,C,3,347,1,NaN,NaN,0,0.416346073150635
C023,C,3,348,NaN,1,0,NaN,NaN
C023,C,3,349,1,NaN,NaN,0,0.26024603843689
C023,C,3,350,1,NaN,NaN,0,0.280338048934937
C023,C,3,351,1,NaN,NaN,0,0.354087829589844
C023,C,3,352,1,NaN,NaN,0,0.391633987426758
C023,C,3,353,1,NaN,NaN,0,0.470387935638428
C023,C,3,354,1,NaN,NaN,0,0.368687868118286
C023,C,3,355,NaN,1,0,NaN,NaN
C023,C,3,356,1,NaN,NaN,0,0.274585962295532
C023,C,3,357,1,NaN,NaN,0,0.28352689743042
C023,C,3,358,1,NaN,NaN,0,0.260744094848633
C023,C,3,359,1,NaN,NaN,0,0.439268827438354
C023,C,3,360,1,NaN,NaN,0,0.306705951690674
C023,C,3,361,1,NaN,NaN,0,0.33811616897583
C023,C,3,362,1,NaN,NaN,0,0.33919620513916
C023,C,3,363,NaN,1,0,NaN,NaN
C023,C,3,364,1,NaN,NaN,0,0.286259889602661
C023,C,3,365,1,NaN,NaN,0,0.330790996551514
C023,C,3,366,1,NaN,NaN,0,0.349384069442749
C023,C,3,367,1,NaN,NaN,0,0.378214120864868
C023,C,3,368,1,NaN,NaN,0,0.343521118164062
C023,C,3,369,1,NaN,NaN,0,0.409218072891235
C023,C,3,370,1,NaN,NaN,0,0.387042999267578
C023,C,3,371,1,NaN,NaN,0,0.448008060455322
C023,C,3,372,1,NaN,NaN,0,0.494852066040039
C023,C,3,373,1,NaN,NaN,0,0.797240972518921
C023,C,3,374,1,NaN,NaN,0,0.49769115447998
C023,C,3,375,NaN,1,0,NaN,NaN
C023,C,3,376,1,NaN,NaN,0,0.265989065170288
C023,C,3,377,1,NaN,NaN,0,0.279914140701294
C023,C,3,378,1,NaN,NaN,0,0.273030042648315
C023,C,3,379,1,NaN,NaN,0,0.291255950927734
C023,C,3,380,NaN,1,0,NaN,NaN
C023,C,3,381,1,NaN,NaN,0,0.250241994857788
C023,C,3,382,1,NaN,NaN,0,0.284258842468262
C023,C,3,383,1,NaN,NaN,0,0.37227201461792
C023,C,3,384,1,NaN,NaN,0,0.37720799446106
C023,C,3,385,1,NaN,NaN,0,0.38355016708374
C023,C,3,386,1,NaN,NaN,0,0.363579988479614
C023,C,3,387,1,NaN,NaN,0,0.432717084884644
C023,C,3,388,1,NaN,NaN,0,0.38413405418396
C023,C,3,389,1,NaN,NaN,0,0.41257905960083
C023,C,3,390,NaN,1,0,NaN,NaN
C023,C,3,391,1,NaN,NaN,0,0.226517200469971
C023,C,3,392,1,NaN,NaN,0,0.316347122192383
C023,C,3,393,1,NaN,NaN,0,0.321361064910889
C023,C,3,394,1,NaN,NaN,0,0.382185935974121
C023,C,3,395,1,NaN,NaN,0,0.451362133026123
C023,C,3,396,1,NaN,NaN,0,0.367873191833496
C023,C,3,397,1,NaN,NaN,0,0.363505125045776
C023,C,3,398,1,NaN,NaN,0,0.351679086685181
C023,C,3,399,1,NaN,NaN,0,0.358839988708496
C023,C,3,400,1,NaN,NaN,0,0.315228939056396
C023,C,3,401,1,NaN,NaN,0,0.390553951263428
C023,C,3,402,NaN,1,0,NaN,NaN
C023,C,3,403,1,NaN,NaN,0,0.242778062820435
C023,C,3,404,1,NaN,NaN,0,0.284044027328491
C023,C,3,405,1,NaN,NaN,0,0.284939050674438
C023,C,3,406,1,NaN,NaN,0,0.370321989059448
C023,C,3,407,1,NaN,NaN,0,0.344305038452148
C023,C,3,408,1,NaN,NaN,0,0.332685947418213
C023,C,3,409,NaN,1,0,NaN,NaN
C023,C,3,410,1,NaN,NaN,0,NaN
C023,C,3,411,1,NaN,NaN,0,0.302197933197021
C023,C,3,412,1,NaN,NaN,0,0.348582029342651
C023,C,3,413,1,NaN,NaN,0,0.360643148422241
C023,C,3,414,1,NaN,NaN,0,0.333221912384033
C023,C,3,415,1,NaN,NaN,0,0.410869121551514
C023,C,3,416,1,NaN,NaN,0,0.34633207321167
C023,C,3,417,1,NaN,NaN,0,0.346033096313477
C023,C,3,418,1,NaN,NaN,0,0.429609060287476
C023,C,3,419,1,NaN,NaN,0,0.378267049789429
C023,C,3,420,1,NaN,NaN,0,0.522266864776611
C023,C,3,421,NaN,1,0,NaN,NaN
C023,C,3,422,1,NaN,NaN,0,0.25910496711731
C023,C,3,423,1,NaN,NaN,0,0.261309862136841
C023,C,3,424,1,NaN,NaN,0,0.257997035980225
C023,C,3,425,1,NaN,NaN,0,0.287507057189941
C023,C,3,426,NaN,0,1,NaN,NaN
C023,C,3,427,1,NaN,NaN,0,0.214823007583618
C023,C,3,428,1,NaN,NaN,0,0.289937019348145
C023,C,3,429,1,NaN,NaN,0,0.265900850296021
C023,C,3,430,1,NaN,NaN,0,0.280466079711914
C023,C,3,431,1,NaN,NaN,0,0.307693958282471
C023,C,3,432,1,NaN,NaN,0,0.323518037796021
C023,C,3,433,1,NaN,NaN,0,0.319133996963501
C023,C,3,434,1,NaN,NaN,0,0.352102041244507
C023,C,3,435,1,NaN,NaN,0,0.331575155258179
C023,C,3,436,1,NaN,NaN,0,0.307004928588867
C023,C,3,437,1,NaN,NaN,0,0.300674915313721
C023,C,3,438,1,NaN,NaN,0,0.288449048995972
C023,C,3,439,1,NaN,NaN,0,0.346972942352295
C023,C,3,440,NaN,1,0,NaN,NaN
C023,C,3,441,1,NaN,NaN,0,0.258668184280396
C023,C,3,442,1,NaN,NaN,0,0.271736860275269
C023,C,3,443,NaN,1,0,NaN,NaN
C023,C,3,444,1,NaN,NaN,0,0.291228055953979
C023,C,3,445,1,NaN,NaN,0,0.30611777305603
C023,C,3,446,1,NaN,NaN,0,0.298788070678711
C023,C,3,447,1,NaN,NaN,0,0.311531066894531
C023,C,3,448,1,NaN,NaN,0,0.352412223815918
C023,C,3,449,1,NaN,NaN,0,0.38600492477417
C023,C,3,450,1,NaN,NaN,0,0.389410972595215
C023,C,3,451,1,NaN,NaN,0,0.357163906097412
C023,C,3,452,1,NaN,NaN,0,0.366153955459595
C023,C,3,453,1,NaN,NaN,0,0.301937103271484
C023,C,3,454,1,NaN,NaN,0,0.36028003692627
C023,C,3,455,1,NaN,NaN,0,0.33447003364563
C023,C,3,456,1,NaN,NaN,0,0.334073066711426
C023,C,3,457,NaN,1,0,NaN,NaN
C023,C,3,458,1,NaN,NaN,0,0.25006890296936
C023,C,3,459,1,NaN,NaN,0,0.25084400177002
C023,C,3,460,1,NaN,NaN,0,0.268234968185425
C023,C,3,461,1,NaN,NaN,0,0.260768890380859
C023,C,3,462,1,NaN,NaN,0,0.297505855560303
C023,C,3,463,1,NaN,NaN,0,0.261384010314941
C023,C,3,464,NaN,1,0,NaN,NaN
C023,C,3,465,1,NaN,NaN,0,0.272891998291016
C023,C,3,466,1,NaN,NaN,0,0.313983201980591
C023,C,3,467,1,NaN,NaN,0,0.30042290687561
C023,C,3,468,1,NaN,NaN,0,0.370184183120728
C023,C,3,469,1,NaN,NaN,0,0.339464902877808
C023,C,3,470,1,NaN,NaN,0,0.311357021331787
C023,C,3,471,1,NaN,NaN,0,0.327985048294067
C023,C,3,472,NaN,1,0,NaN,NaN
C023,C,3,473,1,NaN,NaN,0,0.300974130630493
C023,C,3,474,1,NaN,NaN,0,0.287162065505981
C023,C,3,475,1,NaN,NaN,0,0.471591949462891
C023,C,3,476,1,NaN,NaN,0,0.349479198455811
C023,C,3,477,1,NaN,NaN,0,0.290034055709839
C023,C,3,478,1,NaN,NaN,0,0.291195869445801
C023,C,3,479,NaN,1,0,NaN,NaN
C023,C,3,480,1,NaN,NaN,0,0.230188846588135
C023,C,3,481,1,NaN,NaN,0,0.243682146072388
C023,C,3,482,1,NaN,NaN,0,0.27050518989563
C023,C,3,483,1,NaN,NaN,0,0.291115999221802
C023,C,3,484,1,NaN,NaN,0,0.330794095993042
C023,C,3,485,1,NaN,NaN,0,0.32763409614563
C023,C,3,486,1,NaN,NaN,0,0.29262113571167
C023,C,3,487,1,NaN,NaN,0,0.305213928222656
C023,C,3,488,NaN,0,1,NaN,NaN
C023,C,3,489,0,NaN,NaN,1,NaN
C023,C,3,490,1,NaN,NaN,0,0.274883031845093
C023,C,3,491,1,NaN,NaN,0,0.292410135269165
C023,C,3,492,1,NaN,NaN,0,0.312303066253662
C023,C,3,493,1,NaN,NaN,0,0.354006052017212
C023,C,3,494,1,NaN,NaN,0,0.298484086990356
C023,C,3,495,1,NaN,NaN,0,0.329572916030884
C023,C,3,496,1,NaN,NaN,0,0.352747917175293
C023,C,3,497,1,NaN,NaN,0,0.291258096694946
C023,C,3,498,1,NaN,NaN,0,0.314115047454834
C023,C,3,499,1,NaN,NaN,0,0.339487075805664
C023,C,3,500,NaN,0,1,NaN,NaN
C023,C,3,501,1,NaN,NaN,0,0.212054967880249
C023,C,3,502,1,NaN,NaN,0,0.267956972122192
C023,C,3,503,1,NaN,NaN,0,0.309006214141846
C023,C,3,504,1,NaN,NaN,0,0.299216032028198
C023,C,3,505,1,NaN,NaN,0,0.306872129440308
C023,C,3,506,1,NaN,NaN,0,0.319914817810059
C023,C,3,507,1,NaN,NaN,0,0.374791145324707
C023,C,3,508,1,NaN,NaN,0,0.308022022247314
C023,C,3,509,1,NaN,NaN,0,0.286022901535034
C023,C,3,510,1,NaN,NaN,0,0.279006004333496
C023,C,3,511,1,NaN,NaN,0,0.296386957168579
C023,C,3,512,NaN,0,1,NaN,NaN
C023,C,4,1,1,NaN,NaN,0,0.355526208877563
C023,C,4,2,1,NaN,NaN,0,0.355117082595825
C023,C,4,3,1,NaN,NaN,0,0.327664852142334
C023,C,4,4,1,NaN,NaN,0,0.300681114196777
C023,C,4,5,1,NaN,NaN,0,0.326111078262329
C023,C,4,6,1,NaN,NaN,0,0.343019008636475
C023,C,4,7,1,NaN,NaN,0,0.324512958526611
C023,C,4,8,1,NaN,NaN,0,0.347879886627197
C023,C,4,9,NaN,1,0,NaN,NaN
C023,C,4,10,1,NaN,NaN,0,0.237396001815796
C023,C,4,11,1,NaN,NaN,0,0.301781892776489
C023,C,4,12,1,NaN,NaN,0,0.296974182128906
C023,C,4,13,1,NaN,NaN,0,0.291913032531738
C023,C,4,14,1,NaN,NaN,0,0.305876970291138
C023,C,4,15,1,NaN,NaN,0,0.270677804946899
C023,C,4,16,NaN,0,1,NaN,NaN
C023,C,4,17,1,NaN,NaN,0,0.253876924514771
C023,C,4,18,1,NaN,NaN,0,0.281512975692749
C023,C,4,19,1,NaN,NaN,0,0.300328969955444
C023,C,4,20,1,NaN,NaN,0,0.304754972457886
C023,C,4,21,1,NaN,NaN,0,0.30594801902771
C023,C,4,22,1,NaN,NaN,0,0.266710042953491
C023,C,4,23,NaN,1,0,NaN,NaN
C023,C,4,24,1,NaN,NaN,0,0.23554515838623
C023,C,4,25,1,NaN,NaN,0,0.251188039779663
C023,C,4,26,1,NaN,NaN,0,0.271308898925781
C023,C,4,27,1,NaN,NaN,0,0.32045316696167
C023,C,4,28,1,NaN,NaN,0,0.270234107971191
C023,C,4,29,1,NaN,NaN,0,0.315379858016968
C023,C,4,30,1,NaN,NaN,0,0.306348085403442
C023,C,4,31,1,NaN,NaN,0,0.290812969207764
C023,C,4,32,1,NaN,NaN,0,0.371901035308838
C023,C,4,33,1,NaN,NaN,0,0.326543092727661
C023,C,4,34,NaN,0,1,NaN,NaN
C023,C,4,35,1,NaN,NaN,0,0.371131896972656
C023,C,4,36,1,NaN,NaN,0,0.272858858108521
C023,C,4,37,1,NaN,NaN,0,0.2640700340271
C023,C,4,38,1,NaN,NaN,0,0.307387828826904
C023,C,4,39,1,NaN,NaN,0,0.301576852798462
C023,C,4,40,1,NaN,NaN,0,0.284253120422363
C023,C,4,41,NaN,0,1,NaN,NaN
C023,C,4,42,1,NaN,NaN,0,NaN
C023,C,4,43,1,NaN,NaN,0,0.261554956436157
C023,C,4,44,1,NaN,NaN,0,0.383213996887207
C023,C,4,45,1,NaN,NaN,0,0.354934215545654
C023,C,4,46,1,NaN,NaN,0,0.34975790977478
C023,C,4,47,NaN,1,0,NaN,NaN
C023,C,4,48,1,NaN,NaN,0,0.152850866317749
C023,C,4,49,1,NaN,NaN,0,0.254434823989868
C023,C,4,50,1,NaN,NaN,0,0.303414106369019
C023,C,4,51,1,NaN,NaN,0,0.324135065078735
C023,C,4,52,1,NaN,NaN,0,0.335607051849365
C023,C,4,53,1,NaN,NaN,0,0.419103860855103
C023,C,4,54,1,NaN,NaN,0,0.316048145294189
C023,C,4,55,1,NaN,NaN,0,0.339248180389404
C023,C,4,56,1,NaN,NaN,0,0.376825094223022
C023,C,4,57,1,NaN,NaN,0,0.368368864059448
C023,C,4,58,1,NaN,NaN,0,0.367928028106689
C023,C,4,59,NaN,1,0,NaN,NaN
C023,C,4,60,1,NaN,NaN,0,0.249100208282471
C023,C,4,61,1,NaN,NaN,0,0.270346879959106
C023,C,4,62,1,NaN,NaN,0,0.290762186050415
C023,C,4,63,1,NaN,NaN,0,0.360258102416992
C023,C,4,64,1,NaN,NaN,0,0.299483060836792
C023,C,4,65,1,NaN,NaN,0,0.345839977264404
C023,C,4,66,1,NaN,NaN,0,0.34311318397522
C023,C,4,67,1,NaN,NaN,0,0.579717874526978
C023,C,4,68,1,NaN,NaN,0,0.421097040176392
C023,C,4,69,NaN,1,0,NaN,NaN
C023,C,4,70,1,NaN,NaN,0,0.252849102020264
C023,C,4,71,1,NaN,NaN,0,0.274066925048828
C023,C,4,72,1,NaN,NaN,0,0.343477010726929
C023,C,4,73,1,NaN,NaN,0,0.306035995483398
C023,C,4,74,1,NaN,NaN,0,0.358952045440674
C023,C,4,75,1,NaN,NaN,0,0.390522003173828
C023,C,4,76,NaN,1,0,NaN,NaN
C023,C,4,77,1,NaN,NaN,0,0.264050006866455
C023,C,4,78,1,NaN,NaN,0,0.275126934051514
C023,C,4,79,1,NaN,NaN,0,0.303863048553467
C023,C,4,80,1,NaN,NaN,0,0.31746506690979
C023,C,4,81,1,NaN,NaN,0,0.314266920089722
C023,C,4,82,1,NaN,NaN,0,0.40174412727356
C023,C,4,83,1,NaN,NaN,0,0.330183982849121
C023,C,4,84,1,NaN,NaN,0,0.332050085067749
C023,C,4,85,NaN,1,0,NaN,NaN
C023,C,4,86,1,NaN,NaN,0,0.269083976745605
C023,C,4,87,1,NaN,NaN,0,0.261780023574829
C023,C,4,88,1,NaN,NaN,0,0.258782863616943
C023,C,4,89,1,NaN,NaN,0,0.335981130599976
C023,C,4,90,1,NaN,NaN,0,0.316168069839478
C023,C,4,91,1,NaN,NaN,0,0.5035719871521
C023,C,4,92,1,NaN,NaN,0,0.340137958526611
C023,C,4,93,NaN,1,0,NaN,NaN
C023,C,4,94,1,NaN,NaN,0,0.240665912628174
C023,C,4,95,1,NaN,NaN,0,0.322834968566895
C023,C,4,96,1,NaN,NaN,0,0.371087074279785
C023,C,4,97,1,NaN,NaN,0,0.282500028610229
C023,C,4,98,1,NaN,NaN,0,0.323430061340332
C023,C,4,99,1,NaN,NaN,0,0.36124587059021
C023,C,4,100,1,NaN,NaN,0,0.3140549659729
C023,C,4,101,1,NaN,NaN,0,0.314021110534668
C023,C,4,102,1,NaN,NaN,0,0.353744983673096
C023,C,4,103,1,NaN,NaN,0,0.335278987884521
C023,C,4,104,1,NaN,NaN,0,0.333240985870361
C023,C,4,105,1,NaN,NaN,0,0.359572172164917
C023,C,4,106,NaN,0,1,NaN,NaN
C023,C,4,107,1,NaN,NaN,0,0.251950979232788
C023,C,4,108,1,NaN,NaN,0,0.305410861968994
C023,C,4,109,1,NaN,NaN,0,0.333459854125977
C023,C,4,110,1,NaN,NaN,0,0.31688380241394
C023,C,4,111,1,NaN,NaN,0,0.298561096191406
C023,C,4,112,1,NaN,NaN,0,0.33158802986145
C023,C,4,113,NaN,1,0,NaN,NaN
C023,C,4,114,1,NaN,NaN,0,0.248649835586548
C023,C,4,115,1,NaN,NaN,0,0.278526067733765
C023,C,4,116,1,NaN,NaN,0,0.305543899536133
C023,C,4,117,1,NaN,NaN,0,0.318462133407593
C023,C,4,118,1,NaN,NaN,0,0.30624794960022
C023,C,4,119,1,NaN,NaN,0,0.307193994522095
C023,C,4,120,1,NaN,NaN,0,0.302268981933594
C023,C,4,121,1,NaN,NaN,0,0.335898160934448
C023,C,4,122,NaN,1,0,NaN,NaN
C023,C,4,123,1,NaN,NaN,0,0.253825187683105
C023,C,4,124,1,NaN,NaN,0,0.270936965942383
C023,C,4,125,1,NaN,NaN,0,0.285529136657715
C023,C,4,126,1,NaN,NaN,0,0.288020849227905
C023,C,4,127,1,NaN,NaN,0,0.5299391746521
C023,C,4,128,NaN,1,0,NaN,NaN
C023,C,4,129,1,NaN,NaN,0,0.272806167602539
C023,C,4,130,1,NaN,NaN,0,0.311269998550415
C023,C,4,131,1,NaN,NaN,0,0.295106172561646
C023,C,4,132,1,NaN,NaN,0,0.334384918212891
C023,C,4,133,1,NaN,NaN,0,0.294396162033081
C023,C,4,134,1,NaN,NaN,0,0.369179010391235
C023,C,4,135,1,NaN,NaN,0,0.338347911834717
C023,C,4,136,1,NaN,NaN,0,0.461988925933838
C023,C,4,137,1,NaN,NaN,0,0.330353975296021
C023,C,4,138,1,NaN,NaN,0,0.343024015426636
C023,C,4,139,1,NaN,NaN,0,0.344400882720947
C023,C,4,140,1,NaN,NaN,0,0.301879167556763
C023,C,4,141,1,NaN,NaN,0,0.32329797744751
C023,C,4,142,NaN,1,0,NaN,NaN
C023,C,4,143,1,NaN,NaN,0,0.267503976821899
C023,C,4,144,1,NaN,NaN,0,0.287078857421875
C023,C,4,145,1,NaN,NaN,0,0.32372784614563
C023,C,4,146,1,NaN,NaN,0,0.327309846878052
C023,C,4,147,NaN,1,0,NaN,NaN
C023,C,4,148,1,NaN,NaN,0,0.261092901229858
C023,C,4,149,1,NaN,NaN,0,0.281649827957153
C023,C,4,150,1,NaN,NaN,0,0.276916027069092
C023,C,4,151,1,NaN,NaN,0,0.338679790496826
C023,C,4,152,1,NaN,NaN,0,0.291568994522095
C023,C,4,153,1,NaN,NaN,0,0.309854030609131
C023,C,4,154,1,NaN,NaN,0,0.322200059890747
C023,C,4,155,1,NaN,NaN,0,0.335442066192627
C023,C,4,156,1,NaN,NaN,0,0.397428035736084
C023,C,4,157,1,NaN,NaN,0,0.46669602394104
C023,C,4,158,1,NaN,NaN,0,0.357922077178955
C023,C,4,159,1,NaN,NaN,0,0.343183040618896
C023,C,4,160,1,NaN,NaN,0,0.352656126022339
C023,C,4,161,NaN,1,0,NaN,NaN
C023,C,4,162,1,NaN,NaN,0,0.279973983764648
C023,C,4,163,1,NaN,NaN,0,0.288661003112793
C023,C,4,164,NaN,0,1,NaN,NaN
C023,C,4,165,1,NaN,NaN,0,0.576390981674194
C023,C,4,166,1,NaN,NaN,0,0.334933996200562
C023,C,4,167,1,NaN,NaN,0,0.31155800819397
C023,C,4,168,1,NaN,NaN,0,0.309532880783081
C023,C,4,169,1,NaN,NaN,0,0.272791147232056
C023,C,4,170,1,NaN,NaN,0,0.278891086578369
C023,C,4,171,1,NaN,NaN,0,0.266323804855347
C023,C,4,172,1,NaN,NaN,0,0.302716016769409
C023,C,4,173,1,NaN,NaN,0,0.313976049423218
C023,C,4,174,1,NaN,NaN,0,0.331626892089844
C023,C,4,175,1,NaN,NaN,0,0.31367015838623
C023,C,4,176,1,NaN,NaN,0,0.358791828155518
C023,C,4,177,1,NaN,NaN,0,0.376228094100952
C023,C,4,178,1,NaN,NaN,0,0.399139165878296
C023,C,4,179,NaN,1,0,NaN,NaN
C023,C,4,180,1,NaN,NaN,0,0.262959003448486
C023,C,4,181,1,NaN,NaN,0,0.275186061859131
C023,C,4,182,1,NaN,NaN,0,0.283299922943115
C023,C,4,183,1,NaN,NaN,0,0.34113597869873
C023,C,4,184,1,NaN,NaN,0,0.303836822509766
C023,C,4,185,1,NaN,NaN,0,0.287667989730835
C023,C,4,186,NaN,1,0,NaN,NaN
C023,C,4,187,1,NaN,NaN,0,0.209293842315674
C023,C,4,188,1,NaN,NaN,0,0.2635178565979
C023,C,4,189,1,NaN,NaN,0,0.335474967956543
C023,C,4,190,1,NaN,NaN,0,0.307088136672974
C023,C,4,191,1,NaN,NaN,0,0.335869073867798
C023,C,4,192,1,NaN,NaN,0,0.336138963699341
C023,C,4,193,1,NaN,NaN,0,0.380449056625366
C023,C,4,194,1,NaN,NaN,0,0.378154039382935
C023,C,4,195,NaN,1,0,NaN,NaN
C023,C,4,196,1,NaN,NaN,0,0.190921068191528
C023,C,4,197,1,NaN,NaN,0,0.335767984390259
C023,C,4,198,1,NaN,NaN,0,0.321585893630981
C023,C,4,199,1,NaN,NaN,0,0.26298713684082
C023,C,4,200,1,NaN,NaN,0,0.282280921936035
C023,C,4,201,1,NaN,NaN,0,0.329603910446167
C023,C,4,202,1,NaN,NaN,0,0.351884841918945
C023,C,4,203,1,NaN,NaN,0,0.353579998016357
C023,C,4,204,1,NaN,NaN,0,0.318593978881836
C023,C,4,205,NaN,1,0,NaN,NaN
C023,C,4,206,1,NaN,NaN,0,0.19980001449585
C023,C,4,207,1,NaN,NaN,0,0.250936031341553
C023,C,4,208,1,NaN,NaN,0,0.291769981384277
C023,C,4,209,1,NaN,NaN,0,0.320649147033691
C023,C,4,210,1,NaN,NaN,0,0.275588035583496
C023,C,4,211,1,NaN,NaN,0,0.291240930557251
C023,C,4,212,1,NaN,NaN,0,0.31742000579834
C023,C,4,213,1,NaN,NaN,0,0.325817108154297
C023,C,4,214,1,NaN,NaN,0,0.336482048034668
C023,C,4,215,NaN,0,1,NaN,NaN
C023,C,4,216,1,NaN,NaN,0,0.262833118438721
C023,C,4,217,1,NaN,NaN,0,0.291503190994263
C023,C,4,218,1,NaN,NaN,0,0.27556586265564
C023,C,4,219,NaN,1,0,NaN,NaN
C023,C,4,220,1,NaN,NaN,0,0.230502128601074
C023,C,4,221,1,NaN,NaN,0,0.328819990158081
C023,C,4,222,1,NaN,NaN,0,0.30042290687561
C023,C,4,223,1,NaN,NaN,0,0.334033012390137
C023,C,4,224,1,NaN,NaN,0,0.475577116012573
C023,C,4,225,1,NaN,NaN,0,0.312399864196777
C023,C,4,226,1,NaN,NaN,0,0.278596162796021
C023,C,4,227,1,NaN,NaN,0,0.247099161148071
C023,C,4,228,1,NaN,NaN,0,0.331761837005615
C023,C,4,229,1,NaN,NaN,0,0.326679944992065
C023,C,4,230,1,NaN,NaN,0,0.330686092376709
C023,C,4,231,1,NaN,NaN,0,0.306375026702881
C023,C,4,232,1,NaN,NaN,0,0.319777965545654
C023,C,4,233,NaN,1,0,NaN,NaN
C023,C,4,234,1,NaN,NaN,0,NaN
C023,C,4,235,1,NaN,NaN,0,0.25173807144165
C023,C,4,236,1,NaN,NaN,0,0.274492979049683
C023,C,4,237,1,NaN,NaN,0,0.363764047622681
C023,C,4,238,1,NaN,NaN,0,0.339095830917358
C023,C,4,239,1,NaN,NaN,0,0.379740953445435
C023,C,4,240,1,NaN,NaN,0,0.508977174758911
C023,C,4,241,NaN,1,0,NaN,NaN
C023,C,4,242,1,NaN,NaN,0,0.24028491973877
C023,C,4,243,1,NaN,NaN,0,0.269591093063354
C023,C,4,244,1,NaN,NaN,0,0.317507028579712
C023,C,4,245,1,NaN,NaN,0,0.352559089660645
C023,C,4,246,1,NaN,NaN,0,0.411693096160889
C023,C,4,247,1,NaN,NaN,0,0.365609884262085
C023,C,4,248,1,NaN,NaN,0,0.436250925064087
C023,C,4,249,NaN,1,0,NaN,NaN
C023,C,4,250,1,NaN,NaN,0,0.24925708770752
C023,C,4,251,1,NaN,NaN,0,0.354583024978638
C023,C,4,252,1,NaN,NaN,0,0.238944053649902
C023,C,4,253,1,NaN,NaN,0,0.351948976516724
C023,C,4,254,1,NaN,NaN,0,0.287571907043457
C023,C,4,255,1,NaN,NaN,0,0.308708906173706
C023,C,4,256,1,NaN,NaN,0,0.256156921386719
C023,C,4,257,1,NaN,NaN,0,0.296998023986816
C023,C,4,258,1,NaN,NaN,0,0.286509990692139
C023,C,4,259,NaN,0,1,NaN,NaN
C023,C,4,260,1,NaN,NaN,0,NaN
C023,C,4,261,1,NaN,NaN,0,0.253298997879028
C023,C,4,262,1,NaN,NaN,0,0.302392959594727
C023,C,4,263,1,NaN,NaN,0,0.334100008010864
C023,C,4,264,1,NaN,NaN,0,0.30091381072998
C023,C,4,265,1,NaN,NaN,0,0.322397947311401
C023,C,4,266,NaN,1,0,NaN,NaN
C023,C,4,267,1,NaN,NaN,0,0.242131948471069
C023,C,4,268,1,NaN,NaN,0,0.238434076309204
C023,C,4,269,1,NaN,NaN,0,NaN
C023,C,4,270,1,NaN,NaN,0,0.267518997192383
C023,C,4,271,1,NaN,NaN,0,0.295489072799683
C023,C,4,272,1,NaN,NaN,0,0.296175956726074
C023,C,4,273,1,NaN,NaN,0,0.364945888519287
C023,C,4,274,1,NaN,NaN,0,0.278720855712891
C023,C,4,275,1,NaN,NaN,0,0.357045888900757
C023,C,4,276,1,NaN,NaN,0,0.351271152496338
C023,C,4,277,NaN,1,0,NaN,NaN
C023,C,4,278,1,NaN,NaN,0,0.243046998977661
C023,C,4,279,1,NaN,NaN,0,0.246676206588745
C023,C,4,280,1,NaN,NaN,0,0.258938074111938
C023,C,4,281,1,NaN,NaN,0,0.258327007293701
C023,C,4,282,1,NaN,NaN,0,0.278445959091187
C023,C,4,283,NaN,0,1,NaN,NaN
C023,C,4,284,1,NaN,NaN,0,0.27939510345459
C023,C,4,285,1,NaN,NaN,0,0.300020933151245
C023,C,4,286,1,NaN,NaN,0,0.265527963638306
C023,C,4,287,1,NaN,NaN,0,0.253069877624512
C023,C,4,288,1,NaN,NaN,0,0.274664878845215
C023,C,4,289,1,NaN,NaN,0,0.274610042572021
C023,C,4,290,1,NaN,NaN,0,0.30321192741394
C023,C,4,291,1,NaN,NaN,0,0.329186916351318
C023,C,4,292,NaN,0,1,NaN,NaN
C023,C,4,293,0,NaN,NaN,1,NaN
C023,C,4,294,1,NaN,NaN,0,0.212013959884644
C023,C,4,295,1,NaN,NaN,0,0.246510028839111
C023,C,4,296,1,NaN,NaN,0,0.264387130737305
C023,C,4,297,1,NaN,NaN,0,0.287745952606201
C023,C,4,298,1,NaN,NaN,0,0.292711019515991
C023,C,4,299,1,NaN,NaN,0,0.309530973434448
C023,C,4,300,1,NaN,NaN,0,0.279083967208862
C023,C,4,301,1,NaN,NaN,0,0.311317205429077
C023,C,4,302,NaN,0,1,NaN,NaN
C023,C,4,303,1,NaN,NaN,0,NaN
C023,C,4,304,1,NaN,NaN,0,0.228843927383423
C023,C,4,305,1,NaN,NaN,0,NaN
C023,C,4,306,1,NaN,NaN,0,0.251351118087769
C023,C,4,307,1,NaN,NaN,0,0.279736995697021
C023,C,4,308,1,NaN,NaN,0,0.333716154098511
C023,C,4,309,1,NaN,NaN,0,0.290580987930298
C023,C,4,310,1,NaN,NaN,0,0.3019700050354
C023,C,4,311,1,NaN,NaN,0,0.315866947174072
C023,C,4,312,1,NaN,NaN,0,0.332705020904541
C023,C,4,313,NaN,0,1,NaN,NaN
C023,C,4,314,1,NaN,NaN,0,0.317092180252075
C023,C,4,315,1,NaN,NaN,0,0.311882972717285
C023,C,4,316,1,NaN,NaN,0,0.342980146408081
C023,C,4,317,1,NaN,NaN,0,0.316986083984375
C023,C,4,318,NaN,0,1,NaN,NaN
C023,C,4,319,1,NaN,NaN,0,0.419348955154419
C023,C,4,320,1,NaN,NaN,0,0.301856994628906
C023,C,4,321,1,NaN,NaN,0,0.328902959823608
C023,C,4,322,1,NaN,NaN,0,0.329662084579468
C023,C,4,323,1,NaN,NaN,0,0.318681955337524
C023,C,4,324,1,NaN,NaN,0,0.327675104141235
C023,C,4,325,1,NaN,NaN,0,0.440346002578735
C023,C,4,326,1,NaN,NaN,0,0.364576101303101
C023,C,4,327,1,NaN,NaN,0,0.404076099395752
C023,C,4,328,1,NaN,NaN,0,0.358892917633057
C023,C,4,329,1,NaN,NaN,0,0.366734027862549
C023,C,4,330,NaN,1,0,NaN,NaN
C023,C,4,331,1,NaN,NaN,0,0.291260957717896
C023,C,4,332,1,NaN,NaN,0,0.623730897903442
C023,C,4,333,1,NaN,NaN,0,0.313750982284546
C023,C,4,334,1,NaN,NaN,0,0.329862833023071
C023,C,4,335,1,NaN,NaN,0,0.319000959396362
C023,C,4,336,1,NaN,NaN,0,0.404933929443359
C023,C,4,337,1,NaN,NaN,0,0.362365007400513
C023,C,4,338,1,NaN,NaN,0,0.347146034240723
C023,C,4,339,1,NaN,NaN,0,0.371510028839111
C023,C,4,340,NaN,1,0,NaN,NaN
C023,C,4,341,1,NaN,NaN,0,0.269572973251343
C023,C,4,342,1,NaN,NaN,0,0.258780956268311
C023,C,4,343,1,NaN,NaN,0,0.319838047027588
C023,C,4,344,1,NaN,NaN,0,0.369243860244751
C023,C,4,345,1,NaN,NaN,0,0.338164806365967
C023,C,4,346,1,NaN,NaN,0,0.376595020294189
C023,C,4,347,NaN,1,0,NaN,NaN
C023,C,4,348,1,NaN,NaN,0,0.286998987197876
C023,C,4,349,1,NaN,NaN,0,0.340105056762695
C023,C,4,350,1,NaN,NaN,0,0.303058862686157
C023,C,4,351,1,NaN,NaN,0,0.399842977523804
C023,C,4,352,1,NaN,NaN,0,0.388271808624268
C023,C,4,353,1,NaN,NaN,0,0.328902959823608
C023,C,4,354,1,NaN,NaN,0,0.328288078308105
C023,C,4,355,1,NaN,NaN,0,0.324027061462402
C023,C,4,356,1,NaN,NaN,0,0.400534868240356
C023,C,4,357,NaN,1,0,NaN,NaN
C023,C,4,358,1,NaN,NaN,0,0.25266695022583
C023,C,4,359,1,NaN,NaN,0,0.265360116958618
C023,C,4,360,1,NaN,NaN,0,0.32307505607605
C023,C,4,361,1,NaN,NaN,0,0.378435850143433
C023,C,4,362,1,NaN,NaN,0,0.356603145599365
C023,C,4,363,1,NaN,NaN,0,0.326062917709351
C023,C,4,364,NaN,1,0,NaN,NaN
C023,C,4,365,1,NaN,NaN,0,0.236784934997559
C023,C,4,366,1,NaN,NaN,0,0.25703501701355
C023,C,4,367,1,NaN,NaN,0,0.330617189407349
C023,C,4,368,1,NaN,NaN,0,0.554420948028564
C023,C,4,369,1,NaN,NaN,0,0.629322052001953
C023,C,4,370,1,NaN,NaN,0,0.353137016296387
C023,C,4,371,1,NaN,NaN,0,0.3664870262146
C023,C,4,372,1,NaN,NaN,0,0.335299968719482
C023,C,4,373,1,NaN,NaN,0,0.339104890823364
C023,C,4,374,1,NaN,NaN,0,0.352049827575684
C023,C,4,375,1,NaN,NaN,0,0.34111213684082
C023,C,4,376,NaN,1,0,NaN,NaN
C023,C,4,377,1,NaN,NaN,0,0.271212816238403
C023,C,4,378,1,NaN,NaN,0,0.273663997650146
C023,C,4,379,1,NaN,NaN,0,0.281604051589966
C023,C,4,380,1,NaN,NaN,0,0.320507049560547
C023,C,4,381,1,NaN,NaN,0,0.307195901870728
C023,C,4,382,1,NaN,NaN,0,0.306019067764282
C023,C,4,383,1,NaN,NaN,0,0.312496900558472
C023,C,4,384,NaN,0,1,NaN,NaN
C023,C,4,385,1,NaN,NaN,0,0.227073192596436
C023,C,4,386,1,NaN,NaN,0,0.250543832778931
C023,C,4,387,1,NaN,NaN,0,0.362859964370728
C023,C,4,388,1,NaN,NaN,0,0.277465105056763
C023,C,4,389,1,NaN,NaN,0,0.297161817550659
C023,C,4,390,1,NaN,NaN,0,0.333757877349854
C023,C,4,391,NaN,1,0,NaN,NaN
C023,C,4,392,1,NaN,NaN,0,0.249619007110596
C023,C,4,393,1,NaN,NaN,0,0.266434907913208
C023,C,4,394,1,NaN,NaN,0,0.303042888641357
C023,C,4,395,1,NaN,NaN,0,0.313740015029907
C023,C,4,396,1,NaN,NaN,0,0.369132041931152
C023,C,4,397,1,NaN,NaN,0,0.401859998703003
C023,C,4,398,1,NaN,NaN,0,0.353706121444702
C023,C,4,399,1,NaN,NaN,0,0.329073905944824
C023,C,4,400,NaN,1,0,NaN,NaN
C023,C,4,401,1,NaN,NaN,0,0.277925968170166
C023,C,4,402,1,NaN,NaN,0,0.247842073440552
C023,C,4,403,1,NaN,NaN,0,0.285760879516602
C023,C,4,404,1,NaN,NaN,0,0.329686880111694
C023,C,4,405,1,NaN,NaN,0,0.322096109390259
C023,C,4,406,1,NaN,NaN,0,0.318987846374512
C023,C,4,407,1,NaN,NaN,0,0.364243984222412
C023,C,4,408,1,NaN,NaN,0,0.349899053573608
C023,C,4,409,1,NaN,NaN,0,0.412505149841309
C023,C,4,410,1,NaN,NaN,0,0.380138874053955
C023,C,4,411,1,NaN,NaN,0,0.406339883804321
C023,C,4,412,NaN,1,0,NaN,NaN
C023,C,4,413,1,NaN,NaN,0,0.256280899047852
C023,C,4,414,1,NaN,NaN,0,0.269129991531372
C023,C,4,415,1,NaN,NaN,0,0.268375158309937
C023,C,4,416,1,NaN,NaN,0,0.299591064453125
C023,C,4,417,1,NaN,NaN,0,0.279961824417114
C023,C,4,418,1,NaN,NaN,0,0.277307033538818
C023,C,4,419,1,NaN,NaN,0,0.34265398979187
C023,C,4,420,1,NaN,NaN,0,0.343986988067627
C023,C,4,421,1,NaN,NaN,0,0.341091871261597
C023,C,4,422,NaN,1,0,NaN,NaN
C023,C,4,423,1,NaN,NaN,0,0.515644073486328
C023,C,4,424,1,NaN,NaN,0,0.358567953109741
C023,C,4,425,1,NaN,NaN,0,0.35202693939209
C023,C,4,426,1,NaN,NaN,0,0.288749933242798
C023,C,4,427,1,NaN,NaN,0,0.298253059387207
C023,C,4,428,1,NaN,NaN,0,0.279587030410767
C023,C,4,429,NaN,1,0,NaN,NaN
C023,C,4,430,1,NaN,NaN,0,0.304255962371826
C023,C,4,431,1,NaN,NaN,0,0.266681909561157
C023,C,4,432,1,NaN,NaN,0,0.330871820449829
C023,C,4,433,1,NaN,NaN,0,0.294965028762817
C023,C,4,434,1,NaN,NaN,0,0.315905094146729
C023,C,4,435,1,NaN,NaN,0,0.366146087646484
C023,C,4,436,1,NaN,NaN,0,0.380360126495361
C023,C,4,437,1,NaN,NaN,0,0.437454223632812
C023,C,4,438,1,NaN,NaN,0,0.437391042709351
C023,C,4,439,1,NaN,NaN,0,0.421911001205444
C023,C,4,440,NaN,1,0,NaN,NaN
C023,C,4,441,1,NaN,NaN,0,0.251734972000122
C023,C,4,442,1,NaN,NaN,0,0.258659839630127
C023,C,4,443,1,NaN,NaN,0,0.246432065963745
C023,C,4,444,1,NaN,NaN,0,0.353655099868774
C023,C,4,445,1,NaN,NaN,0,0.356081008911133
C023,C,4,446,NaN,1,0,NaN,NaN
C023,C,4,447,1,NaN,NaN,0,0.263154983520508
C023,C,4,448,1,NaN,NaN,0,0.245145082473755
C023,C,4,449,1,NaN,NaN,0,0.301023960113525
C023,C,4,450,1,NaN,NaN,0,0.367969989776611
C023,C,4,451,1,NaN,NaN,0,0.354350090026855
C023,C,4,452,1,NaN,NaN,0,0.568718194961548
C023,C,4,453,1,NaN,NaN,0,0.331904888153076
C023,C,4,454,1,NaN,NaN,0,0.327370882034302
C023,C,4,455,NaN,1,0,NaN,NaN
C023,C,4,456,1,NaN,NaN,0,0.235055208206177
C023,C,4,457,1,NaN,NaN,0,0.251905918121338
C023,C,4,458,1,NaN,NaN,0,0.392443895339966
C023,C,4,459,1,NaN,NaN,0,0.358921051025391
C023,C,4,460,1,NaN,NaN,0,0.368905067443848
C023,C,4,461,1,NaN,NaN,0,0.362196922302246
C023,C,4,462,1,NaN,NaN,0,0.3701491355896
C023,C,4,463,NaN,1,0,NaN,NaN
C023,C,4,464,1,NaN,NaN,0,0.289268016815186
C023,C,4,465,1,NaN,NaN,0,0.299063920974731
C023,C,4,466,1,NaN,NaN,0,0.349179983139038
C023,C,4,467,1,NaN,NaN,0,0.321342945098877
C023,C,4,468,1,NaN,NaN,0,0.454092025756836
C023,C,4,469,1,NaN,NaN,0,0.333274841308594
C023,C,4,470,1,NaN,NaN,0,0.334996938705444
C023,C,4,471,1,NaN,NaN,0,0.33847713470459
C023,C,4,472,1,NaN,NaN,0,0.336139917373657
C023,C,4,473,1,NaN,NaN,0,0.336621999740601
C023,C,4,474,NaN,1,0,NaN,NaN
C023,C,4,475,1,NaN,NaN,0,0.233174800872803
C023,C,4,476,1,NaN,NaN,0,0.245609998703003
C023,C,4,477,1,NaN,NaN,0,0.263455152511597
C023,C,4,478,1,NaN,NaN,0,0.287302017211914
C023,C,4,479,1,NaN,NaN,0,0.256680011749268
C023,C,4,480,1,NaN,NaN,0,0.31806492805481
C023,C,4,481,NaN,1,0,NaN,NaN
C023,C,4,482,1,NaN,NaN,0,0.262598991394043
C023,C,4,483,1,NaN,NaN,0,0.271001815795898
C023,C,4,484,0,NaN,NaN,1,NaN
C023,C,4,485,1,NaN,NaN,0,0.766066074371338
C023,C,4,486,1,NaN,NaN,0,0.298086166381836
C023,C,4,487,1,NaN,NaN,0,0.263267993927002
C023,C,4,488,1,NaN,NaN,0,0.251862049102783
C023,C,4,489,1,NaN,NaN,0,0.254503011703491
C023,C,4,490,1,NaN,NaN,0,0.298722982406616
C023,C,4,491,1,NaN,NaN,0,0.258316040039062
C023,C,4,492,NaN,0,1,NaN,NaN
C023,C,4,493,1,NaN,NaN,0,0.266952037811279
C023,C,4,494,1,NaN,NaN,0,0.271892070770264
C023,C,4,495,1,NaN,NaN,0,0.246658086776733
C023,C,4,496,1,NaN,NaN,0,0.30831503868103
C023,C,4,497,1,NaN,NaN,0,0.292985916137695
C023,C,4,498,1,NaN,NaN,0,0.289464950561523
C023,C,4,499,1,NaN,NaN,0,0.257894992828369
C023,C,4,500,1,NaN,NaN,0,0.236063003540039
C023,C,4,501,NaN,1,0,NaN,NaN
C023,C,4,502,1,NaN,NaN,0,0.238464117050171
C023,C,4,503,1,NaN,NaN,0,0.256597995758057
C023,C,4,504,1,NaN,NaN,0,0.271476030349731
C023,C,4,505,1,NaN,NaN,0,0.276802062988281
C023,C,4,506,1,NaN,NaN,0,0.279293060302734
C023,C,4,507,1,NaN,NaN,0,0.304481983184814
C023,C,4,508,1,NaN,NaN,0,0.292249917984009
C023,C,4,509,1,NaN,NaN,0,0.361287117004395
C023,C,4,510,1,NaN,NaN,0,0.316879987716675
C023,C,4,511,1,NaN,NaN,0,0.337970018386841
C023,C,4,512,NaN,0,1,NaN,NaN
C023,C,4,513,1,NaN,NaN,0,0.234024047851562
C023,C,4,514,1,NaN,NaN,0,NaN
C023,C,4,515,NaN,0,1,NaN,NaN
C023,C,4,516,1,NaN,NaN,0,0.230361938476562
C023,C,4,517,1,NaN,NaN,0,0.267258882522583
C023,C,4,518,1,NaN,NaN,0,0.30056095123291
C023,C,4,519,1,NaN,NaN,0,0.426620960235596
C023,C,4,520,1,NaN,NaN,0,0.283401012420654
C023,C,4,521,1,NaN,NaN,0,0.307368993759155
C023,C,4,522,1,NaN,NaN,0,0.423814058303833
C023,C,4,523,1,NaN,NaN,0,0.356819152832031
C023,C,4,524,1,NaN,NaN,0,0.336528062820435
C023,C,4,525,1,NaN,NaN,0,0.301553010940552
C023,C,4,526,1,NaN,NaN,0,0.295154809951782
C023,C,4,527,1,NaN,NaN,0,0.339262008666992
C023,C,4,528,1,NaN,NaN,0,0.304825067520142
C023,C,4,529,1,NaN,NaN,0,0.327234983444214
C023,C,4,530,NaN,0,1,NaN,NaN
C023,C,4,531,1,NaN,NaN,0,0.269126176834106
C023,C,4,532,0,NaN,NaN,1,NaN
C023,C,4,533,1,NaN,NaN,0,0.369510889053345
C023,C,4,534,1,NaN,NaN,0,0.266788005828857
C023,C,4,535,1,NaN,NaN,0,0.261071920394897
C023,C,4,536,1,NaN,NaN,0,0.257587909698486
