SubID,Group,BlockN,nTrial,GoTrials,NoGoTrials,FA,Misses,RT
A009,A,1,1,1,NaN,NaN,0,0.334285974502563
A009,A,1,2,1,NaN,NaN,0,0.294862985610962
A009,A,1,3,1,NaN,NaN,0,0.27568793296814
A009,A,1,4,1,NaN,NaN,0,0.306060075759888
A009,A,1,5,1,NaN,NaN,0,0.3678879737854
A009,A,1,6,1,NaN,NaN,0,0.379312038421631
A009,A,1,7,1,NaN,NaN,0,0.443792819976807
A009,A,1,8,1,NaN,NaN,0,0.344555854797363
A009,A,1,9,NaN,1,0,NaN,NaN
A009,A,1,10,1,NaN,NaN,0,0.213374137878418
A009,A,1,11,1,NaN,NaN,0,0.262658834457397
A009,A,1,12,NaN,0,1,NaN,0.251102924346924
A009,A,1,13,1,NaN,NaN,0,0.30942702293396
A009,A,1,14,1,NaN,NaN,0,0.371212959289551
A009,A,1,15,1,NaN,NaN,0,0.369807004928589
A009,A,1,16,1,NaN,NaN,0,0.313209056854248
A009,A,1,17,1,NaN,NaN,0,0.335040092468262
A009,A,1,18,1,NaN,NaN,0,0.42115306854248
A009,A,1,19,1,NaN,NaN,0,0.398581981658936
A009,A,1,20,1,NaN,NaN,0,0.355365991592407
A009,A,1,21,1,NaN,NaN,0,0.279311895370483
A009,A,1,22,1,NaN,NaN,0,0.284596920013428
A009,A,1,23,1,NaN,NaN,0,0.326745986938477
A009,A,1,24,1,NaN,NaN,0,0.256125211715698
A009,A,1,25,1,NaN,NaN,0,0.274802923202515
A009,A,1,26,NaN,1,0,NaN,NaN
A009,A,1,27,1,NaN,NaN,0,0.266419887542725
A009,A,1,28,1,NaN,NaN,0,0.21260404586792
A009,A,1,29,NaN,0,1,NaN,0.227934122085571
A009,A,1,30,1,NaN,NaN,0,0.273420095443726
A009,A,1,31,1,NaN,NaN,0,0.286278009414673
A009,A,1,32,1,NaN,NaN,0,0.300537824630737
A009,A,1,33,1,NaN,NaN,0,0.288022041320801
A009,A,1,34,1,NaN,NaN,0,0.386229991912842
A009,A,1,35,1,NaN,NaN,0,0.311264038085938
A009,A,1,36,1,NaN,NaN,0,0.258153915405273
A009,A,1,37,1,NaN,NaN,0,0.302039861679077
A009,A,1,38,1,NaN,NaN,0,0.309154987335205
A009,A,1,39,1,NaN,NaN,0,0.295251846313477
A009,A,1,40,NaN,1,0,NaN,NaN
A009,A,1,41,1,NaN,NaN,0,0.880060911178589
A009,A,1,42,1,NaN,NaN,0,0.50097393989563
A009,A,1,43,1,NaN,NaN,0,0.302186012268066
A009,A,1,44,1,NaN,NaN,0,0.282822847366333
A009,A,1,45,1,NaN,NaN,0,0.266927003860474
A009,A,1,46,1,NaN,NaN,0,0.243699073791504
A009,A,1,47,1,NaN,NaN,0,0.288553953170776
A009,A,1,48,1,NaN,NaN,0,0.234205961227417
A009,A,1,49,NaN,0,1,NaN,0.343382835388184
A009,A,1,50,1,NaN,NaN,0,0.308472871780396
A009,A,1,51,1,NaN,NaN,0,0.305803060531616
A009,A,1,52,1,NaN,NaN,0,0.283246994018555
A009,A,1,53,1,NaN,NaN,0,0.310273170471191
A009,A,1,54,1,NaN,NaN,0,0.327187061309814
A009,A,1,55,1,NaN,NaN,0,0.35608983039856
A009,A,1,56,1,NaN,NaN,0,0.339427947998047
A009,A,1,57,NaN,0,1,NaN,0.266232967376709
A009,A,1,58,1,NaN,NaN,0,0.295713186264038
A009,A,1,59,1,NaN,NaN,0,0.390230894088745
A009,A,1,60,1,NaN,NaN,0,0.318160057067871
A009,A,1,61,1,NaN,NaN,0,0.260457992553711
A009,A,1,62,1,NaN,NaN,0,0.268793106079102
A009,A,1,63,1,NaN,NaN,0,0.378891944885254
A009,A,1,64,1,NaN,NaN,0,0.423749923706055
A009,A,1,65,1,NaN,NaN,0,0.584550142288208
A009,A,1,66,1,NaN,NaN,0,0.393561840057373
A009,A,1,67,1,NaN,NaN,0,0.366468906402588
A009,A,1,68,NaN,0,1,NaN,0.266865968704224
A009,A,1,69,1,NaN,NaN,0,0.360553979873657
A009,A,1,70,1,NaN,NaN,0,0.296360969543457
A009,A,1,71,1,NaN,NaN,0,0.32965612411499
A009,A,1,72,1,NaN,NaN,0,0.316992998123169
A009,A,1,73,1,NaN,NaN,0,0.327174186706543
A009,A,1,74,1,NaN,NaN,0,0.476164102554321
A009,A,1,75,NaN,1,0,NaN,NaN
A009,A,1,76,1,NaN,NaN,0,0.298604011535645
A009,A,1,77,1,NaN,NaN,0,0.235387802124023
A009,A,1,78,1,NaN,NaN,0,0.244118213653564
A009,A,1,79,1,NaN,NaN,0,0.286345958709717
A009,A,1,80,1,NaN,NaN,0,0.284775018692017
A009,A,1,81,1,NaN,NaN,0,0.402688980102539
A009,A,1,82,1,NaN,NaN,0,0.335783958435059
A009,A,1,83,1,NaN,NaN,0,0.399475812911987
A009,A,1,84,1,NaN,NaN,0,0.345215082168579
A009,A,1,85,1,NaN,NaN,0,0.316912889480591
A009,A,1,86,1,NaN,NaN,0,0.334228038787842
A009,A,1,87,1,NaN,NaN,0,0.287060022354126
A009,A,1,88,NaN,0,1,NaN,0.286456108093262
A009,A,1,89,1,NaN,NaN,0,0.423892974853516
A009,A,1,90,1,NaN,NaN,0,0.51250696182251
A009,A,1,91,1,NaN,NaN,0,0.350039005279541
A009,A,1,92,1,NaN,NaN,0,0.316479921340942
A009,A,1,93,NaN,1,0,NaN,NaN
A009,A,1,94,1,NaN,NaN,0,0.295958042144775
A009,A,1,95,1,NaN,NaN,0,0.210000991821289
A009,A,1,96,1,NaN,NaN,0,0.223726034164429
A009,A,1,97,1,NaN,NaN,0,0.269876003265381
A009,A,1,98,1,NaN,NaN,0,0.305233955383301
A009,A,1,99,1,NaN,NaN,0,0.318605899810791
A009,A,1,100,1,NaN,NaN,0,0.391474008560181
A009,A,1,101,1,NaN,NaN,0,0.315207958221436
A009,A,1,102,1,NaN,NaN,0,0.270128011703491
A009,A,1,103,1,NaN,NaN,0,1.0127899646759
A009,A,1,104,1,NaN,NaN,0,0.658641815185547
A009,A,1,105,1,NaN,NaN,0,0.300052165985107
A009,A,1,106,1,NaN,NaN,0,0.215662002563477
A009,A,1,107,NaN,1,0,NaN,NaN
A009,A,1,108,1,NaN,NaN,0,0.241136074066162
A009,A,1,109,1,NaN,NaN,0,0.116623163223267
A009,A,1,110,1,NaN,NaN,0,0.267784118652344
A009,A,1,111,1,NaN,NaN,0,0.340536832809448
A009,A,1,112,1,NaN,NaN,0,0.313176155090332
A009,A,1,113,1,NaN,NaN,0,0.272583961486816
A009,A,1,114,NaN,0,1,NaN,0.261515855789185
A009,A,1,115,1,NaN,NaN,0,0.310801982879639
A009,A,1,116,1,NaN,NaN,0,0.249090909957886
A009,A,1,117,1,NaN,NaN,0,0.27796196937561
A009,A,1,118,1,NaN,NaN,0,0.254961967468262
A009,A,1,119,1,NaN,NaN,0,0.327814102172852
A009,A,1,120,1,NaN,NaN,0,0.321027994155884
A009,A,1,121,1,NaN,NaN,0,0.251958847045898
A009,A,1,122,1,NaN,NaN,0,0.277913093566895
A009,A,1,123,1,NaN,NaN,0,0.33237099647522
A009,A,1,124,1,NaN,NaN,0,0.258212089538574
A009,A,1,125,NaN,0,1,NaN,0.299453020095825
A009,A,1,126,1,NaN,NaN,0,0.280694007873535
A009,A,1,127,1,NaN,NaN,0,0.261514902114868
A009,A,1,128,1,NaN,NaN,0,0.234951972961426
A009,A,1,129,1,NaN,NaN,0,0.273361921310425
A009,A,1,130,1,NaN,NaN,0,0.301913976669312
A009,A,1,131,1,NaN,NaN,0,0.375107049942017
A009,A,1,132,NaN,1,0,NaN,NaN
A009,A,1,133,1,NaN,NaN,0,0.299206018447876
A009,A,1,134,1,NaN,NaN,0,0.286777019500732
A009,A,1,135,1,NaN,NaN,0,0.284722089767456
A009,A,1,136,1,NaN,NaN,0,0.343434810638428
A009,A,1,137,1,NaN,NaN,0,0.347138166427612
A009,A,1,138,NaN,0,1,NaN,0.302647829055786
A009,A,1,139,1,NaN,NaN,0,0.272410869598389
A009,A,1,140,1,NaN,NaN,0,0.183198213577271
A009,A,1,141,1,NaN,NaN,0,0.272078990936279
A009,A,1,142,1,NaN,NaN,0,0.330843925476074
A009,A,1,143,1,NaN,NaN,0,0.388911008834839
A009,A,1,144,1,NaN,NaN,0,0.372325897216797
A009,A,1,145,1,NaN,NaN,0,0.409071922302246
A009,A,1,146,1,NaN,NaN,0,0.394659042358398
A009,A,1,147,1,NaN,NaN,0,0.559694051742554
A009,A,1,148,NaN,1,0,NaN,NaN
A009,A,1,149,1,NaN,NaN,0,0.70003604888916
A009,A,1,150,1,NaN,NaN,0,0.273129940032959
A009,A,1,151,1,NaN,NaN,0,0.336771011352539
A009,A,1,152,1,NaN,NaN,0,0.317147016525269
A009,A,1,153,1,NaN,NaN,0,0.319510936737061
A009,A,1,154,1,NaN,NaN,0,0.360199928283691
A009,A,1,155,NaN,0,1,NaN,0.307240962982178
A009,A,1,156,1,NaN,NaN,0,0.267915010452271
A009,A,1,157,1,NaN,NaN,0,0.338951826095581
A009,A,1,158,1,NaN,NaN,0,0.267637968063354
A009,A,1,159,1,NaN,NaN,0,0.342540979385376
A009,A,1,160,1,NaN,NaN,0,0.436921834945679
A009,A,1,161,1,NaN,NaN,0,0.298564910888672
A009,A,1,162,1,NaN,NaN,0,0.370796203613281
A009,A,1,163,1,NaN,NaN,0,0.281106948852539
A009,A,1,164,NaN,0,1,NaN,0.270290851593018
A009,A,1,165,1,NaN,NaN,0,0.0792171955108643
A009,A,1,166,1,NaN,NaN,0,0.309017896652222
A009,A,1,167,1,NaN,NaN,0,0.441931009292603
A009,A,1,168,1,NaN,NaN,0,0.366989850997925
A009,A,1,169,1,NaN,NaN,0,0.498696088790894
A009,A,1,170,1,NaN,NaN,0,0.424042940139771
A009,A,1,171,1,NaN,NaN,0,0.319990873336792
A009,A,1,172,1,NaN,NaN,0,0.353347063064575
A009,A,1,173,1,NaN,NaN,0,0.41933798789978
A009,A,1,174,NaN,1,0,NaN,NaN
A009,A,1,175,1,NaN,NaN,0,0.268975019454956
A009,A,1,176,1,NaN,NaN,0,0.517760038375854
A009,A,1,177,1,NaN,NaN,0,0.234161138534546
A009,A,1,178,1,NaN,NaN,0,0.303791046142578
A009,A,1,179,1,NaN,NaN,0,0.465662002563477
A009,A,1,180,1,NaN,NaN,0,0.470129013061523
A009,A,1,181,1,NaN,NaN,0,0.380484819412231
A009,A,1,182,1,NaN,NaN,0,0.399011850357056
A009,A,1,183,1,NaN,NaN,0,0.491592168807983
A009,A,1,184,1,NaN,NaN,0,0.560669898986816
A009,A,1,185,1,NaN,NaN,0,0.35841703414917
A009,A,1,186,1,NaN,NaN,0,0.347145080566406
A009,A,1,187,1,NaN,NaN,0,0.352000951766968
A009,A,1,188,NaN,1,0,NaN,NaN
A009,A,1,189,1,NaN,NaN,0,0.432104825973511
A009,A,1,190,1,NaN,NaN,0,0.341516017913818
A009,A,1,191,1,NaN,NaN,0,0.275451898574829
A009,A,1,192,NaN,0,1,NaN,0.292885780334473
A009,A,1,193,1,NaN,NaN,0,0.335005044937134
A009,A,1,194,1,NaN,NaN,0,0.36791205406189
A009,A,1,195,1,NaN,NaN,0,0.364319086074829
A009,A,1,196,1,NaN,NaN,0,0.334496974945068
A009,A,1,197,1,NaN,NaN,0,0.300351858139038
A009,A,1,198,1,NaN,NaN,0,0.234595060348511
A009,A,1,199,1,NaN,NaN,0,0.53236985206604
A009,A,1,200,1,NaN,NaN,0,0.386227130889893
A009,A,1,201,1,NaN,NaN,0,0.173926115036011
A009,A,1,202,NaN,0,1,NaN,0.307024955749512
A009,A,1,203,1,NaN,NaN,0,0.255887985229492
A009,A,1,204,1,NaN,NaN,0,0.305655956268311
A009,A,1,205,1,NaN,NaN,0,0.406876802444458
A009,A,1,206,1,NaN,NaN,0,0.364284992218018
A009,A,1,207,1,NaN,NaN,0,0.34943413734436
A009,A,1,208,1,NaN,NaN,0,0.393893957138062
A009,A,1,209,1,NaN,NaN,0,0.336667060852051
A009,A,1,210,1,NaN,NaN,0,0.299714088439941
A009,A,1,211,1,NaN,NaN,0,0.494570970535278
A009,A,1,212,NaN,0,1,NaN,0.35924506187439
A009,A,1,213,1,NaN,NaN,0,0.288680791854858
A009,A,1,214,1,NaN,NaN,0,0.364094018936157
A009,A,1,215,1,NaN,NaN,0,0.316142082214355
A009,A,1,216,1,NaN,NaN,0,0.272540092468262
A009,A,1,217,1,NaN,NaN,0,0.273942947387695
A009,A,1,218,NaN,0,1,NaN,0.319918870925903
A009,A,1,219,1,NaN,NaN,0,0.307352066040039
A009,A,1,220,1,NaN,NaN,0,0.405991077423096
A009,A,1,221,1,NaN,NaN,0,0.290642976760864
A009,A,1,222,1,NaN,NaN,0,0.267503023147583
A009,A,1,223,1,NaN,NaN,0,0.40045690536499
A009,A,1,224,1,NaN,NaN,0,0.5575270652771
A009,A,1,225,1,NaN,NaN,0,0.501317024230957
A009,A,1,226,1,NaN,NaN,0,0.439610004425049
A009,A,1,227,1,NaN,NaN,0,0.325504064559937
A009,A,1,228,1,NaN,NaN,0,0.400146007537842
A009,A,1,229,1,NaN,NaN,0,0.281358957290649
A009,A,1,230,1,NaN,NaN,0,0.179666996002197
A009,A,1,231,1,NaN,NaN,0,0.254304885864258
A009,A,1,232,1,NaN,NaN,0,0.312546968460083
A009,A,1,233,NaN,1,0,NaN,NaN
A009,A,1,234,1,NaN,NaN,0,0.23025107383728
A009,A,1,235,1,NaN,NaN,0,0.266819000244141
A009,A,1,236,1,NaN,NaN,0,0.355595827102661
A009,A,1,237,1,NaN,NaN,0,0.175546884536743
A009,A,1,238,NaN,0,1,NaN,0.13459300994873
A009,A,1,239,0,NaN,NaN,1,NaN
A009,A,1,240,1,NaN,NaN,0,0.0914380550384521
A009,A,1,241,1,NaN,NaN,0,0.379256010055542
A009,A,1,242,1,NaN,NaN,0,0.384209871292114
A009,A,1,243,1,NaN,NaN,0,0.3492112159729
A009,A,1,244,1,NaN,NaN,0,0.340984106063843
A009,A,1,245,1,NaN,NaN,0,0.426690101623535
A009,A,1,246,1,NaN,NaN,0,0.372856140136719
A009,A,1,247,NaN,1,0,NaN,NaN
A009,A,1,248,1,NaN,NaN,0,0.260499000549316
A009,A,1,249,0,NaN,NaN,1,NaN
A009,A,1,250,1,NaN,NaN,0,0.0820260047912598
A009,A,1,251,1,NaN,NaN,0,0.886442899703979
A009,A,1,252,1,NaN,NaN,0,0.78994607925415
A009,A,1,253,1,NaN,NaN,0,0.663352012634277
A009,A,1,254,1,NaN,NaN,0,0.818902015686035
A009,A,1,255,NaN,0,1,NaN,0.565353870391846
A009,A,1,256,1,NaN,NaN,0,0.326462030410767
A009,A,1,257,1,NaN,NaN,0,0.156481027603149
A009,A,1,258,1,NaN,NaN,0,0.160136222839355
A009,A,1,259,1,NaN,NaN,0,0.292585849761963
A009,A,1,260,1,NaN,NaN,0,0.306080102920532
A009,A,1,261,1,NaN,NaN,0,0.302215814590454
A009,A,1,262,1,NaN,NaN,0,0.0582470893859863
A009,A,1,263,1,NaN,NaN,0,0.175494909286499
A009,A,1,264,1,NaN,NaN,0,0.312786102294922
A009,A,1,265,NaN,0,1,NaN,0.172581195831299
A009,A,1,266,1,NaN,NaN,0,0.0991830825805664
A009,A,1,267,1,NaN,NaN,0,0.30684494972229
A009,A,1,268,1,NaN,NaN,0,0.302154064178467
A009,A,1,269,1,NaN,NaN,0,0.337298154830933
A009,A,1,270,1,NaN,NaN,0,0.347300052642822
A009,A,1,271,1,NaN,NaN,0,0.303417921066284
A009,A,1,272,NaN,0,1,NaN,0.0604479312896729
A009,A,1,273,1,NaN,NaN,0,0.108437061309814
A009,A,1,274,1,NaN,NaN,0,0.108423948287964
A009,A,1,275,1,NaN,NaN,0,0.0448141098022461
A009,A,1,276,0,NaN,NaN,1,NaN
A009,A,1,277,1,NaN,NaN,0,0.126776933670044
A009,A,1,278,1,NaN,NaN,0,0.0838820934295654
A009,A,1,279,1,NaN,NaN,0,0.123478889465332
A009,A,1,280,1,NaN,NaN,0,0.265264987945557
A009,A,1,281,1,NaN,NaN,0,0.355679035186768
A009,A,1,282,1,NaN,NaN,0,0.279891014099121
A009,A,1,283,1,NaN,NaN,0,0.363536834716797
A009,A,1,284,1,NaN,NaN,0,0.400657892227173
A009,A,1,285,1,NaN,NaN,0,0.133165121078491
A009,A,1,286,NaN,0,1,NaN,0.0920329093933105
A009,A,1,287,1,NaN,NaN,0,0.139049053192139
A009,A,1,288,1,NaN,NaN,0,0.264441967010498
A009,A,1,289,1,NaN,NaN,0,0.0855898857116699
A009,A,1,290,1,NaN,NaN,0,1.05809497833252
A009,A,1,291,1,NaN,NaN,0,1.00503492355347
A009,A,1,292,0,NaN,NaN,1,NaN
A009,A,1,293,1,NaN,NaN,0,0.0946288108825684
A009,A,1,294,1,NaN,NaN,0,0.0333461761474609
A009,A,1,295,NaN,0,1,NaN,0.253931045532227
A009,A,1,296,1,NaN,NaN,0,0.200811862945557
A009,A,1,297,1,NaN,NaN,0,0.254946947097778
A009,A,1,298,1,NaN,NaN,0,0.33474588394165
A009,A,1,299,1,NaN,NaN,0,0.28856086730957
A009,A,1,300,1,NaN,NaN,0,0.23859691619873
A009,A,1,301,1,NaN,NaN,0,0.263422966003418
A009,A,1,302,1,NaN,NaN,0,0.288992881774902
A009,A,1,303,1,NaN,NaN,0,0.295364141464233
A009,A,1,304,1,NaN,NaN,0,0.335371971130371
A009,A,1,305,NaN,1,0,NaN,NaN
A009,A,1,306,1,NaN,NaN,0,0.21906590461731
A009,A,1,307,1,NaN,NaN,0,0.0255310535430908
A009,A,1,308,1,NaN,NaN,0,1.06605887413025
A009,A,1,309,NaN,0,1,NaN,0.999871015548706
A009,A,1,310,1,NaN,NaN,0,0.739952087402344
A009,A,1,311,1,NaN,NaN,0,0.96469783782959
A009,A,1,312,0,NaN,NaN,1,NaN
A009,A,1,313,1,NaN,NaN,0,0.0255551338195801
A009,A,1,314,0,NaN,NaN,1,NaN
A009,A,1,315,1,NaN,NaN,0,0.124773979187012
A009,A,1,316,1,NaN,NaN,0,0.333605051040649
A009,A,1,317,NaN,0,1,NaN,0.726721048355103
A009,A,1,318,0,NaN,NaN,1,NaN
A009,A,1,319,1,NaN,NaN,0,0.0478148460388184
A009,A,1,320,1,NaN,NaN,0,0.12234091758728
A009,A,1,321,1,NaN,NaN,0,0.105334997177124
A009,A,1,322,1,NaN,NaN,0,0.197561979293823
A009,A,1,323,1,NaN,NaN,0,0.301395893096924
A009,A,1,324,1,NaN,NaN,0,0.300739049911499
A009,A,1,325,1,NaN,NaN,0,0.286185026168823
A009,A,1,326,1,NaN,NaN,0,0.0354390144348145
A009,A,1,327,1,NaN,NaN,0,1.14001083374023
A009,A,1,328,0,NaN,NaN,1,NaN
A009,A,1,329,NaN,0,1,NaN,0.104756116867065
A009,A,1,330,1,NaN,NaN,0,0.332437038421631
A009,A,1,331,1,NaN,NaN,0,0.339022159576416
A009,A,1,332,1,NaN,NaN,0,0.285429954528809
A009,A,1,333,1,NaN,NaN,0,0.284394025802612
A009,A,1,334,1,NaN,NaN,0,0.224148988723755
A009,A,1,335,NaN,0,1,NaN,0.264960050582886
A009,A,1,336,1,NaN,NaN,0,0.241769075393677
A009,A,1,337,1,NaN,NaN,0,0.347537994384766
A009,A,1,338,1,NaN,NaN,0,0.559922933578491
A009,A,1,339,1,NaN,NaN,0,0.471370935440063
A009,A,1,340,1,NaN,NaN,0,0.392603158950806
A009,A,1,341,1,NaN,NaN,0,0.486492872238159
A009,A,1,342,1,NaN,NaN,0,0.395948171615601
A009,A,1,343,1,NaN,NaN,0,0.361163854598999
A009,A,1,344,1,NaN,NaN,0,0.38640284538269
A009,A,1,345,1,NaN,NaN,0,0.426368951797485
A009,A,1,346,1,NaN,NaN,0,0.428807973861694
A009,A,1,347,1,NaN,NaN,0,0.465317010879517
A009,A,1,348,NaN,0,1,NaN,0.481015205383301
A009,A,1,349,1,NaN,NaN,0,0.448800086975098
A009,A,1,350,1,NaN,NaN,0,0.347456932067871
A009,A,1,351,1,NaN,NaN,0,0.415544986724854
A009,A,1,352,1,NaN,NaN,0,0.452516078948975
A009,A,1,353,1,NaN,NaN,0,0.635368824005127
A009,A,1,354,1,NaN,NaN,0,0.328815937042236
A009,A,1,355,1,NaN,NaN,0,0.240104913711548
A009,A,1,356,NaN,0,1,NaN,0.244731903076172
A009,A,1,357,1,NaN,NaN,0,0.273417949676514
A009,A,1,358,1,NaN,NaN,0,0.257359981536865
A009,A,1,359,1,NaN,NaN,0,0.298480987548828
A009,A,1,360,1,NaN,NaN,0,0.443199157714844
A009,A,1,361,1,NaN,NaN,0,0.340814113616943
A009,A,1,362,1,NaN,NaN,0,0.281982898712158
A009,A,1,363,1,NaN,NaN,0,0.380252838134766
A009,A,1,364,NaN,1,0,NaN,NaN
A009,A,1,365,1,NaN,NaN,0,0.309656143188477
A009,A,1,366,1,NaN,NaN,0,0.3226158618927
A009,A,1,367,1,NaN,NaN,0,0.123620986938477
A009,A,1,368,1,NaN,NaN,0,0.276207208633423
A009,A,1,369,1,NaN,NaN,0,0.277472972869873
A009,A,1,370,1,NaN,NaN,0,0.130897998809814
A009,A,1,371,1,NaN,NaN,0,0.0598721504211426
A009,A,1,372,1,NaN,NaN,0,0.886824131011963
A009,A,1,373,1,NaN,NaN,0,0.790262937545776
A009,A,1,374,NaN,1,0,NaN,NaN
A009,A,1,375,1,NaN,NaN,0,0.131909847259521
A009,A,1,376,1,NaN,NaN,0,0.0368258953094482
A009,A,1,377,1,NaN,NaN,0,0.0669410228729248
A009,A,1,378,1,NaN,NaN,0,0.0721521377563477
A009,A,1,379,1,NaN,NaN,0,0.888622999191284
A009,A,1,380,1,NaN,NaN,0,0.807915925979614
A009,A,1,381,1,NaN,NaN,0,0.833713054656982
A009,A,1,382,1,NaN,NaN,0,0.955868005752563
A009,A,1,383,1,NaN,NaN,0,0.958801031112671
A009,A,1,384,1,NaN,NaN,0,0.875526905059814
A009,A,1,385,1,NaN,NaN,0,1.04657697677612
A009,A,1,386,NaN,1,0,NaN,NaN
A009,A,1,387,1,NaN,NaN,0,0.280744075775146
A009,A,1,388,1,NaN,NaN,0,0.00962209701538086
A009,A,1,389,1,NaN,NaN,0,0.0390968322753906
A009,A,1,390,1,NaN,NaN,0,0.048882007598877
A009,A,1,391,NaN,1,0,NaN,NaN
A009,A,1,392,1,NaN,NaN,0,0.139272928237915
A009,A,1,393,1,NaN,NaN,0,0.28769588470459
A009,A,1,394,1,NaN,NaN,0,0.284530162811279
A009,A,1,395,1,NaN,NaN,0,0.2725670337677
A009,A,1,396,1,NaN,NaN,0,0.306710958480835
A009,A,1,397,1,NaN,NaN,0,0.384055137634277
A009,A,1,398,1,NaN,NaN,0,0.347440004348755
A009,A,1,399,1,NaN,NaN,0,0.364203929901123
A009,A,1,400,NaN,0,1,NaN,0.213515996932983
A009,A,1,401,1,NaN,NaN,0,0.878697872161865
A009,A,1,402,1,NaN,NaN,0,0.585069179534912
A009,A,1,403,1,NaN,NaN,0,0.354081869125366
A009,A,1,404,1,NaN,NaN,0,0.257368087768555
A009,A,1,405,1,NaN,NaN,0,0.057373046875
A009,A,1,406,1,NaN,NaN,0,0.973818063735962
A009,A,1,407,1,NaN,NaN,0,0.943471908569336
A009,A,1,408,1,NaN,NaN,0,1.00452184677124
A009,A,1,409,0,NaN,NaN,1,NaN
A009,A,1,410,1,NaN,NaN,0,0.223812103271484
A009,A,1,411,1,NaN,NaN,0,0.166635036468506
A009,A,1,412,1,NaN,NaN,0,0.307181835174561
A009,A,1,413,NaN,0,1,NaN,0.320088148117065
A009,A,1,414,1,NaN,NaN,0,0.263885021209717
A009,A,1,415,1,NaN,NaN,0,0.323065996170044
A009,A,1,416,1,NaN,NaN,0,0.322399139404297
A009,A,1,417,1,NaN,NaN,0,0.311993837356567
A009,A,1,418,NaN,0,1,NaN,0.374082088470459
A009,A,1,419,1,NaN,NaN,0,0.405250072479248
A009,A,1,420,1,NaN,NaN,0,0.277298927307129
A009,A,1,421,1,NaN,NaN,0,0.270452976226807
A009,A,1,422,1,NaN,NaN,0,0.292202949523926
A009,A,1,423,1,NaN,NaN,0,0.0846340656280518
A009,A,1,424,1,NaN,NaN,0,0.0143489837646484
A009,A,1,425,1,NaN,NaN,0,0.694396018981934
A009,A,1,426,1,NaN,NaN,0,0.599984884262085
A009,A,1,427,NaN,0,1,NaN,0.367390155792236
A009,A,1,428,1,NaN,NaN,0,0.391806840896606
A009,A,1,429,1,NaN,NaN,0,0.215097188949585
A009,A,1,430,1,NaN,NaN,0,0.291904211044312
A009,A,1,431,1,NaN,NaN,0,0.292879104614258
A009,A,1,432,1,NaN,NaN,0,0.384521007537842
A009,A,1,433,1,NaN,NaN,0,0.301237106323242
A009,A,1,434,1,NaN,NaN,0,0.313663959503174
A009,A,1,435,NaN,1,0,NaN,NaN
A009,A,1,436,1,NaN,NaN,0,0.253471851348877
A009,A,1,437,1,NaN,NaN,0,0.219491004943848
A009,A,1,438,1,NaN,NaN,0,0.0545880794525146
A009,A,1,439,1,NaN,NaN,0,0.060046911239624
A009,A,1,440,1,NaN,NaN,0,0.213160991668701
A009,A,1,441,1,NaN,NaN,0,0.170444011688232
A009,A,1,442,1,NaN,NaN,0,0.41956090927124
A009,A,1,443,1,NaN,NaN,0,0.445292949676514
A009,A,1,444,NaN,0,1,NaN,0.838697910308838
A009,A,1,445,1,NaN,NaN,0,0.980674982070923
A009,A,1,446,1,NaN,NaN,0,1.12153601646423
A009,A,1,447,1,NaN,NaN,0,1.17742395401001
A009,A,1,448,0,NaN,NaN,1,NaN
A009,A,1,449,1,NaN,NaN,0,0.119153022766113
A009,A,1,450,1,NaN,NaN,0,0.147464990615845
A009,A,1,451,1,NaN,NaN,0,0.143945932388306
A009,A,1,452,1,NaN,NaN,0,0.401268005371094
A009,A,1,453,1,NaN,NaN,0,0.219962120056152
A009,A,1,454,1,NaN,NaN,0,0.515038013458252
A009,A,1,455,1,NaN,NaN,0,0.40146017074585
A009,A,1,456,NaN,0,1,NaN,0.266458988189697
A009,A,1,457,1,NaN,NaN,0,0.125079154968262
A009,A,1,458,0,NaN,NaN,1,NaN
A009,A,1,459,1,NaN,NaN,0,0.13854718208313
A009,A,1,460,1,NaN,NaN,0,0.304641962051392
A009,A,1,461,1,NaN,NaN,0,0.310092926025391
A009,A,1,462,1,NaN,NaN,0,0.194622039794922
A009,A,1,463,NaN,0,1,NaN,0.190988063812256
A009,A,1,464,1,NaN,NaN,0,0.28832483291626
A009,A,1,465,0,NaN,NaN,1,NaN
A009,A,1,466,1,NaN,NaN,0,0.312862873077393
A009,A,1,467,1,NaN,NaN,0,0.349880933761597
A009,A,1,468,1,NaN,NaN,0,0.350003004074097
A009,A,1,469,1,NaN,NaN,0,0.2673020362854
A009,A,1,470,1,NaN,NaN,0,0.132046222686768
A009,A,1,471,NaN,0,1,NaN,0.144560098648071
A009,A,1,472,1,NaN,NaN,0,0.321063041687012
A009,A,1,473,1,NaN,NaN,0,0.249361991882324
A009,A,1,474,1,NaN,NaN,0,0.256197929382324
A009,A,1,475,1,NaN,NaN,0,0.644379138946533
A009,A,1,476,1,NaN,NaN,0,0.781666994094849
A009,A,1,477,1,NaN,NaN,0,0.726042985916138
A009,A,1,478,1,NaN,NaN,0,0.92756986618042
A009,A,1,479,1,NaN,NaN,0,0.638710021972656
A009,A,1,480,1,NaN,NaN,0,0.559806823730469
A009,A,1,481,1,NaN,NaN,0,0.315896987915039
A009,A,1,482,1,NaN,NaN,0,0.492588043212891
A009,A,1,483,1,NaN,NaN,0,0.444211006164551
A009,A,1,484,1,NaN,NaN,0,0.399460077285767
A009,A,1,485,NaN,0,1,NaN,0.828666925430298
A009,A,1,486,1,NaN,NaN,0,1.00842094421387
A009,A,1,487,0,NaN,NaN,1,NaN
A009,A,1,488,1,NaN,NaN,0,0.0811119079589844
A009,A,1,489,1,NaN,NaN,0,0.392093896865845
A009,A,1,490,1,NaN,NaN,0,0.23554801940918
A009,A,1,491,1,NaN,NaN,0,0.0869150161743164
A009,A,1,492,NaN,0,1,NaN,0.01851487159729
A009,A,1,493,1,NaN,NaN,0,0.371209144592285
A009,A,1,494,1,NaN,NaN,0,0.440581798553467
A009,A,1,495,1,NaN,NaN,0,0.266085863113403
A009,A,1,496,1,NaN,NaN,0,0.59605884552002
A009,A,1,497,1,NaN,NaN,0,0.380115985870361
A009,A,1,498,NaN,0,1,NaN,0.211229085922241
A009,A,1,499,0,NaN,NaN,1,NaN
A009,A,1,500,1,NaN,NaN,0,0.0567190647125244
A009,A,1,501,1,NaN,NaN,0,0.905738115310669
A009,A,1,502,1,NaN,NaN,0,0.602423906326294
A009,A,1,503,1,NaN,NaN,0,0.52214789390564
A009,A,1,504,1,NaN,NaN,0,0.439481019973755
A009,A,1,505,1,NaN,NaN,0,0.473631858825684
A009,A,1,506,NaN,0,1,NaN,0.765193223953247
A009,A,1,507,0,NaN,NaN,1,NaN
A009,A,1,508,1,NaN,NaN,0,0.916311025619507
A009,A,1,509,1,NaN,NaN,0,0.72373104095459
A009,A,1,510,1,NaN,NaN,0,0.813739061355591
A009,A,1,511,1,NaN,NaN,0,0.763964176177979
A009,A,1,512,1,NaN,NaN,0,0.651124954223633
A009,A,1,513,1,NaN,NaN,0,0.512099027633667
A009,A,1,514,1,NaN,NaN,0,0.510751008987427
A009,A,1,515,1,NaN,NaN,0,0.645572900772095
A009,A,1,516,1,NaN,NaN,0,0.290030002593994
A009,A,1,517,1,NaN,NaN,0,0.185147047042847
A009,A,1,518,1,NaN,NaN,0,0.138768196105957
A009,A,1,519,1,NaN,NaN,0,1.04322981834412
A009,A,1,520,0,NaN,NaN,1,NaN
A009,A,1,521,NaN,0,1,NaN,0.00992894172668457
A009,A,1,522,1,NaN,NaN,0,0.639046192169189
A009,A,1,523,1,NaN,NaN,0,0.536682844161987
A009,A,1,524,1,NaN,NaN,0,0.112092971801758
A009,A,1,525,1,NaN,NaN,0,0.359986066818237
A009,A,1,526,1,NaN,NaN,0,0.0241408348083496
A009,A,1,527,1,NaN,NaN,0,0.125139951705933
A009,A,1,528,1,NaN,NaN,0,0.274321794509888
A009,A,1,529,1,NaN,NaN,0,0.0633349418640137
A009,A,1,530,NaN,1,0,NaN,NaN
A009,A,1,531,0,NaN,NaN,1,NaN
A009,A,1,532,1,NaN,NaN,0,0.701387882232666
A009,A,1,533,NaN,0,1,NaN,0.456104040145874
A009,A,1,534,1,NaN,NaN,0,0.336493968963623
A009,A,1,535,1,NaN,NaN,0,0.305170059204102
A009,A,1,536,1,NaN,NaN,0,0.230548858642578
A009,A,1,537,1,NaN,NaN,0,0.114191055297852
A009,A,1,538,1,NaN,NaN,0,1.03353500366211
A009,A,1,539,1,NaN,NaN,0,0.87804102897644
A009,A,1,540,1,NaN,NaN,0,0.583487033843994
A009,A,1,541,1,NaN,NaN,0,0.452102899551392
A009,A,1,542,1,NaN,NaN,0,0.231610059738159
A009,A,1,543,1,NaN,NaN,0,0.0334000587463379
A009,A,1,544,1,NaN,NaN,0,0.167172908782959
A009,A,1,545,1,NaN,NaN,0,0.476817846298218
A009,A,1,546,1,NaN,NaN,0,0.481381177902222
A009,A,1,547,1,NaN,NaN,0,0.662227869033813
A009,A,1,548,NaN,1,0,NaN,NaN
A009,A,1,549,0,NaN,NaN,1,NaN
A009,A,1,550,1,NaN,NaN,0,0.130968809127808
A009,A,1,551,1,NaN,NaN,0,0.0131950378417969
A009,A,1,552,1,NaN,NaN,0,0.107087135314941
A009,A,1,553,0,NaN,NaN,1,NaN
A009,A,1,554,1,NaN,NaN,0,0.117221117019653
A009,A,1,555,1,NaN,NaN,0,0.270522832870483
A009,A,1,556,NaN,0,1,NaN,0.330721139907837
A009,A,1,557,1,NaN,NaN,0,0.198560953140259
A009,A,1,558,0,NaN,NaN,1,NaN
A009,A,1,559,0,NaN,NaN,1,NaN
A009,A,1,560,1,NaN,NaN,0,0.644006967544556
A009,A,1,561,1,NaN,NaN,0,0.844726085662842
A009,A,1,562,1,NaN,NaN,0,0.654057025909424
A009,A,1,563,1,NaN,NaN,0,0.579480171203613
A009,A,1,564,1,NaN,NaN,0,0.547944068908691
A009,A,1,565,NaN,0,1,NaN,0.606104850769043
A009,A,1,566,1,NaN,NaN,0,0.498147964477539
A009,A,1,567,1,NaN,NaN,0,0.291587114334106
A009,A,1,568,1,NaN,NaN,0,0.512068033218384
A009,A,1,569,1,NaN,NaN,0,0.46425986289978
A009,A,1,570,1,NaN,NaN,0,0.450888156890869
A009,A,1,571,1,NaN,NaN,0,0.26357889175415
A009,A,1,572,NaN,0,1,NaN,0.278658151626587
A009,A,1,573,1,NaN,NaN,0,0.299500942230225
A009,A,2,1,1,NaN,NaN,0,0.434577941894531
A009,A,2,2,1,NaN,NaN,0,0.383565902709961
A009,A,2,3,NaN,0,1,NaN,0.118705034255981
A009,A,2,4,1,NaN,NaN,0,0.334606170654297
A009,A,2,5,1,NaN,NaN,0,0.090886116027832
A009,A,2,6,1,NaN,NaN,0,0.0119879245758057
A009,A,2,7,1,NaN,NaN,0,1.08094000816345
A009,A,2,8,1,NaN,NaN,0,1.14087390899658
A009,A,2,9,0,NaN,NaN,1,NaN
A009,A,2,10,1,NaN,NaN,0,0.233728170394897
A009,A,2,11,1,NaN,NaN,0,0.309219121932983
A009,A,2,12,1,NaN,NaN,0,0.290070056915283
A009,A,2,13,1,NaN,NaN,0,0.340450048446655
A009,A,2,14,1,NaN,NaN,0,0.261914968490601
A009,A,2,15,1,NaN,NaN,0,0.249999046325684
A009,A,2,16,1,NaN,NaN,0,0.78369402885437
A009,A,2,17,NaN,0,1,NaN,1.02802419662476
A009,A,2,18,1,NaN,NaN,0,0.886260986328125
A009,A,2,19,1,NaN,NaN,0,0.706175804138184
A009,A,2,20,1,NaN,NaN,0,0.246319055557251
A009,A,2,21,1,NaN,NaN,0,0.250861883163452
A009,A,2,22,1,NaN,NaN,0,0.0280411243438721
A009,A,2,23,0,NaN,NaN,1,NaN
A009,A,2,24,NaN,0,1,NaN,0.085101842880249
A009,A,2,25,1,NaN,NaN,0,0.333525896072388
A009,A,2,26,1,NaN,NaN,0,0.177713871002197
A009,A,2,27,1,NaN,NaN,0,0.0714869499206543
A009,A,2,28,1,NaN,NaN,0,0.296301126480103
A009,A,2,29,1,NaN,NaN,0,0.39107084274292
A009,A,2,30,1,NaN,NaN,0,0.367269039154053
A009,A,2,31,1,NaN,NaN,0,0.565665006637573
A009,A,2,32,1,NaN,NaN,0,0.438495874404907
A009,A,2,33,NaN,0,1,NaN,0.535835981369019
A009,A,2,34,1,NaN,NaN,0,0.160186052322388
A009,A,2,35,1,NaN,NaN,0,0.158364057540894
A009,A,2,36,1,NaN,NaN,0,0.438217878341675
A009,A,2,37,1,NaN,NaN,0,0.393409013748169
A009,A,2,38,1,NaN,NaN,0,0.14144492149353
A009,A,2,39,1,NaN,NaN,0,0.0706760883331299
A009,A,2,40,0,NaN,NaN,1,NaN
A009,A,2,41,1,NaN,NaN,0,0.816560029983521
A009,A,2,42,1,NaN,NaN,0,0.623121023178101
A009,A,2,43,NaN,0,1,NaN,0.44718599319458
A009,A,2,44,1,NaN,NaN,0,0.239460945129395
A009,A,2,45,1,NaN,NaN,0,0.275938987731934
A009,A,2,46,1,NaN,NaN,0,0.0399019718170166
A009,A,2,47,1,NaN,NaN,0,0.990805149078369
A009,A,2,48,1,NaN,NaN,0,0.6908118724823
A009,A,2,49,1,NaN,NaN,0,0.778472900390625
A009,A,2,50,1,NaN,NaN,0,0.37295389175415
A009,A,2,51,1,NaN,NaN,0,0.226114988327026
A009,A,2,52,1,NaN,NaN,0,0.232846975326538
A009,A,2,53,NaN,0,1,NaN,1.12085819244385
A009,A,2,54,0,NaN,NaN,1,NaN
A009,A,2,55,1,NaN,NaN,0,0.250042200088501
A009,A,2,56,1,NaN,NaN,0,0.00643610954284668
A009,A,2,57,1,NaN,NaN,0,0.112614870071411
A009,A,2,58,1,NaN,NaN,0,0.139004945755005
A009,A,2,59,1,NaN,NaN,0,0.162723064422607
A009,A,2,60,1,NaN,NaN,0,0.279476165771484
A009,A,2,61,0,NaN,NaN,1,NaN
A009,A,2,62,NaN,0,1,NaN,0.0490028858184814
A009,A,2,63,0,NaN,NaN,1,NaN
A009,A,2,64,0,NaN,NaN,1,NaN
A009,A,2,65,1,NaN,NaN,0,0.594517946243286
A009,A,2,66,1,NaN,NaN,0,0.201879978179932
A009,A,2,67,1,NaN,NaN,0,0.0526039600372314
A009,A,2,68,1,NaN,NaN,0,0.954405069351196
A009,A,2,69,1,NaN,NaN,0,0.928385019302368
A009,A,2,70,NaN,1,0,NaN,NaN
A009,A,2,71,1,NaN,NaN,0,0.164573907852173
A009,A,2,72,1,NaN,NaN,0,0.0373120307922363
A009,A,2,73,1,NaN,NaN,0,0.0783760547637939
A009,A,2,74,NaN,0,1,NaN,0.143798112869263
A009,A,2,75,1,NaN,NaN,0,0.0721039772033691
A009,A,2,76,1,NaN,NaN,0,0.937835931777954
A009,A,2,77,1,NaN,NaN,0,0.831646919250488
A009,A,2,78,1,NaN,NaN,0,0.9667649269104
A009,A,2,79,1,NaN,NaN,0,1.20001292228699
A009,A,2,80,0,NaN,NaN,1,NaN
A009,A,2,81,1,NaN,NaN,0,0.153101921081543
A009,A,2,82,1,NaN,NaN,0,0.237913846969604
A009,A,2,83,1,NaN,NaN,0,0.294662952423096
A009,A,2,84,1,NaN,NaN,0,0.0674560070037842
A009,A,2,85,NaN,0,1,NaN,0.395725965499878
A009,A,2,86,1,NaN,NaN,0,0.504345893859863
A009,A,2,87,1,NaN,NaN,0,0.329378128051758
A009,A,2,88,1,NaN,NaN,0,0.0729861259460449
A009,A,2,89,1,NaN,NaN,0,0.898637056350708
A009,A,2,90,0,NaN,NaN,1,NaN
A009,A,2,91,1,NaN,NaN,0,0.966907024383545
A009,A,2,92,1,NaN,NaN,0,0.614827156066895
A009,A,2,93,1,NaN,NaN,0,0.393975019454956
A009,A,2,94,1,NaN,NaN,0,0.588208913803101
A009,A,2,95,1,NaN,NaN,0,0.227883815765381
A009,A,2,96,1,NaN,NaN,0,0.537826776504517
A009,A,2,97,1,NaN,NaN,0,0.171176910400391
A009,A,2,98,NaN,1,0,NaN,NaN
A009,A,2,99,1,NaN,NaN,0,0.148006916046143
A009,A,2,100,1,NaN,NaN,0,0.805375814437866
A009,A,2,101,1,NaN,NaN,0,0.397958040237427
A009,A,2,102,1,NaN,NaN,0,0.102566957473755
A009,A,2,103,1,NaN,NaN,0,0.346506834030151
A009,A,2,104,NaN,0,1,NaN,0.308160066604614
A009,A,2,105,1,NaN,NaN,0,0.189382076263428
A009,A,2,106,1,NaN,NaN,0,0.929915904998779
A009,A,2,107,1,NaN,NaN,0,0.944319009780884
A009,A,2,108,1,NaN,NaN,0,0.846827030181885
A009,A,2,109,1,NaN,NaN,0,0.810649156570435
A009,A,2,110,1,NaN,NaN,0,0.419651985168457
A009,A,2,111,NaN,0,1,NaN,0.460943937301636
A009,A,2,112,1,NaN,NaN,0,0.182075023651123
A009,A,2,113,1,NaN,NaN,0,0.269829034805298
A009,A,2,114,1,NaN,NaN,0,0.227046966552734
A009,A,2,115,1,NaN,NaN,0,0.265113115310669
A009,A,2,116,1,NaN,NaN,0,0.0822439193725586
A009,A,2,117,1,NaN,NaN,0,0.155033111572266
A009,A,2,118,1,NaN,NaN,0,0.261189222335815
A009,A,2,119,1,NaN,NaN,0,0.164036989212036
A009,A,2,120,1,NaN,NaN,0,0.0446569919586182
A009,A,2,121,1,NaN,NaN,0,0.144011974334717
A009,A,2,122,1,NaN,NaN,0,0.174512147903442
A009,A,2,123,NaN,0,1,NaN,0.0633349418640137
A009,A,2,124,1,NaN,NaN,0,0.512046813964844
A009,A,2,125,1,NaN,NaN,0,0.340568065643311
A009,A,2,126,1,NaN,NaN,0,0.271398782730103
A009,A,2,127,1,NaN,NaN,0,0.229229927062988
A009,A,2,128,1,NaN,NaN,0,0.0161309242248535
A009,A,2,129,1,NaN,NaN,0,0.912442207336426
A009,A,2,130,1,NaN,NaN,0,0.874459028244019
A009,A,2,131,1,NaN,NaN,0,0.897555828094482
A009,A,2,132,1,NaN,NaN,0,0.874275922775269
A009,A,2,133,NaN,0,1,NaN,0.755933046340942
A009,A,2,134,1,NaN,NaN,0,0.924668788909912
A009,A,2,135,1,NaN,NaN,0,0.55004096031189
A009,A,2,136,1,NaN,NaN,0,0.739612102508545
A009,A,2,137,NaN,0,1,NaN,0.346369981765747
A009,A,2,138,1,NaN,NaN,0,0.530763864517212
A009,A,2,139,1,NaN,NaN,0,0.431601047515869
A009,A,2,140,1,NaN,NaN,0,0.368891954421997
A009,A,2,141,1,NaN,NaN,0,0.350136995315552
A009,A,2,142,1,NaN,NaN,0,0.396882057189941
A009,A,2,143,1,NaN,NaN,0,0.0936901569366455
A009,A,2,144,1,NaN,NaN,0,0.182796955108643
A009,A,2,145,0,NaN,NaN,1,NaN
A009,A,2,146,1,NaN,NaN,0,0.31543493270874
A009,A,2,147,1,NaN,NaN,0,0.256458044052124
A009,A,2,148,NaN,0,1,NaN,0.953290939331055
A009,A,2,149,1,NaN,NaN,0,0.861449956893921
A009,A,2,150,1,NaN,NaN,0,0.533651113510132
A009,A,2,151,1,NaN,NaN,0,0.374906063079834
A009,A,2,152,1,NaN,NaN,0,0.228413820266724
A009,A,2,153,1,NaN,NaN,0,0.095973014831543
A009,A,2,154,0,NaN,NaN,1,NaN
A009,A,2,155,1,NaN,NaN,0,0.306630849838257
A009,A,2,156,1,NaN,NaN,0,0.988434076309204
A009,A,2,157,0,NaN,NaN,1,NaN
A009,A,2,158,1,NaN,NaN,0,0.354063034057617
A009,A,2,159,1,NaN,NaN,0,0.490900039672852
A009,A,2,160,NaN,1,0,NaN,NaN
A009,A,2,161,0,NaN,NaN,1,NaN
A009,A,2,162,0,NaN,NaN,1,NaN
A009,A,2,163,1,NaN,NaN,0,1.02775287628174
A009,A,2,164,1,NaN,NaN,0,0.609367847442627
A009,A,2,165,1,NaN,NaN,0,0.279559135437012
A009,A,2,166,1,NaN,NaN,0,0.00710296630859375
A009,A,2,167,1,NaN,NaN,0,1.14063692092896
A009,A,2,168,1,NaN,NaN,0,1.08118295669556
A009,A,2,169,NaN,1,0,NaN,NaN
A009,A,2,170,1,NaN,NaN,0,0.0380129814147949
A009,A,2,171,1,NaN,NaN,0,0.675101041793823
A009,A,2,172,1,NaN,NaN,0,0.936625957489014
A009,A,2,173,1,NaN,NaN,0,0.759413957595825
A009,A,2,174,1,NaN,NaN,0,1.14082813262939
A009,A,2,175,0,NaN,NaN,1,NaN
A009,A,2,176,1,NaN,NaN,0,0.233598947525024
A009,A,2,177,1,NaN,NaN,0,0.323639154434204
A009,A,2,178,1,NaN,NaN,0,0.467221021652222
A009,A,2,179,NaN,0,1,NaN,0.242876768112183
A009,A,2,180,1,NaN,NaN,0,0.369148015975952
A009,A,2,181,1,NaN,NaN,0,0.378351211547852
A009,A,2,182,1,NaN,NaN,0,0.232641935348511
A009,A,2,183,1,NaN,NaN,0,0.145570039749146
A009,A,2,184,1,NaN,NaN,0,0.146741151809692
A009,A,2,185,1,NaN,NaN,0,0.132383108139038
A009,A,2,186,1,NaN,NaN,0,0.219411849975586
A009,A,2,187,NaN,0,1,NaN,0.15872597694397
A009,A,2,188,1,NaN,NaN,0,0.0991921424865723
A009,A,2,189,1,NaN,NaN,0,0.36970591545105
A009,A,2,190,1,NaN,NaN,0,0.042125940322876
A009,A,2,191,0,NaN,NaN,1,NaN
A009,A,2,192,1,NaN,NaN,0,0.0997798442840576
A009,A,2,193,0,NaN,NaN,1,NaN
A009,A,2,194,0,NaN,NaN,1,NaN
A009,A,2,195,NaN,1,0,NaN,NaN
A009,A,2,196,0,NaN,NaN,1,NaN
A009,A,2,197,0,NaN,NaN,1,NaN
A009,A,2,198,0,NaN,NaN,1,NaN
A009,A,2,199,0,NaN,NaN,1,NaN
A009,A,2,200,0,NaN,NaN,1,NaN
A009,A,2,201,0,NaN,NaN,1,NaN
A009,A,2,202,0,NaN,NaN,1,NaN
A009,A,2,203,0,NaN,NaN,1,NaN
A009,A,2,204,NaN,0,1,NaN,0.00875020027160645
A009,A,2,205,1,NaN,NaN,0,0.229238986968994
A009,A,2,206,1,NaN,NaN,0,0.112727880477905
A009,A,2,207,1,NaN,NaN,0,1.11775803565979
A009,A,2,208,0,NaN,NaN,1,NaN
A009,A,2,209,1,NaN,NaN,0,0.813168048858643
A009,A,2,210,1,NaN,NaN,0,0.473540067672729
A009,A,2,211,NaN,0,1,NaN,0.350554227828979
A009,A,2,212,1,NaN,NaN,0,0.142294883728027
A009,A,2,213,1,NaN,NaN,0,0.0254871845245361
A009,A,2,214,1,NaN,NaN,0,0.0144748687744141
A009,A,2,215,1,NaN,NaN,0,0.0119791030883789
A009,A,2,216,1,NaN,NaN,0,0.909248828887939
A009,A,2,217,0,NaN,NaN,1,NaN
A009,A,2,218,1,NaN,NaN,0,0.0511460304260254
A009,A,2,219,1,NaN,NaN,0,0.00844311714172363
A009,A,2,220,1,NaN,NaN,0,0.96138596534729
A009,A,2,221,NaN,1,0,NaN,NaN
A009,A,2,222,1,NaN,NaN,0,0.09375
A009,A,2,223,1,NaN,NaN,0,0.0676629543304443
A009,A,2,224,1,NaN,NaN,0,0.0963590145111084
A009,A,2,225,1,NaN,NaN,0,0.195013046264648
A009,A,2,226,1,NaN,NaN,0,0.11949610710144
A009,A,2,227,1,NaN,NaN,0,0.204699993133545
A009,A,2,228,1,NaN,NaN,0,0.23618483543396
A009,A,2,229,1,NaN,NaN,0,0.138859033584595
A009,A,2,230,1,NaN,NaN,0,0.0913839340209961
A009,A,2,231,NaN,1,0,NaN,NaN
A009,A,2,232,1,NaN,NaN,0,0.212023019790649
A009,A,2,233,1,NaN,NaN,0,0.166767835617065
A009,A,2,234,1,NaN,NaN,0,0.982570886611938
A009,A,2,235,1,NaN,NaN,0,0.829927921295166
A009,A,2,236,1,NaN,NaN,0,0.825985193252563
A009,A,2,237,1,NaN,NaN,0,0.538140058517456
A009,A,2,238,1,NaN,NaN,0,0.492913007736206
A009,A,2,239,1,NaN,NaN,0,0.511687040328979
A009,A,2,240,1,NaN,NaN,0,0.656542062759399
A009,A,2,241,NaN,0,1,NaN,0.383821964263916
A009,A,2,242,1,NaN,NaN,0,0.690787076950073
A009,A,2,243,0,NaN,NaN,1,NaN
A009,A,2,244,1,NaN,NaN,0,0.149395227432251
A009,A,2,245,1,NaN,NaN,0,0.423905849456787
A009,A,2,246,1,NaN,NaN,0,0.78957200050354
A009,A,2,247,1,NaN,NaN,0,0.658506870269775
A009,A,2,248,1,NaN,NaN,0,0.623727083206177
A009,A,2,249,1,NaN,NaN,0,0.631585121154785
A009,A,2,250,1,NaN,NaN,0,0.704000949859619
A009,A,2,251,NaN,0,1,NaN,0.690121173858643
A009,A,2,252,1,NaN,NaN,0,0.908761024475098
A009,A,2,253,0,NaN,NaN,1,NaN
A009,A,2,254,1,NaN,NaN,0,0.08207106590271
A009,A,2,255,NaN,0,1,NaN,0.979426860809326
A009,A,2,256,0,NaN,NaN,1,NaN
A009,A,2,257,1,NaN,NaN,0,0.294049978256226
A009,A,2,258,1,NaN,NaN,0,0.602947950363159
A009,A,2,259,1,NaN,NaN,0,0.532131910324097
A009,A,2,260,1,NaN,NaN,0,0.271420001983643
A009,A,2,261,1,NaN,NaN,0,0.41954517364502
A009,A,2,262,1,NaN,NaN,0,0.335532903671265
A009,A,2,263,1,NaN,NaN,0,0.0773890018463135
A009,A,2,264,0,NaN,NaN,1,NaN
A009,A,2,265,NaN,0,1,NaN,0.00561404228210449
A009,A,2,266,1,NaN,NaN,0,0.568289041519165
A009,A,2,267,1,NaN,NaN,0,0.329132080078125
A009,A,2,268,1,NaN,NaN,0,0.315895080566406
A009,A,2,269,1,NaN,NaN,0,0.80046010017395
A009,A,2,270,1,NaN,NaN,0,0.731106042861938
A009,A,2,271,0,NaN,NaN,1,NaN
A009,A,2,272,1,NaN,NaN,0,0.115893840789795
A009,A,2,273,1,NaN,NaN,0,0.222861051559448
A009,A,2,274,NaN,0,1,NaN,0.200690031051636
A009,A,2,275,1,NaN,NaN,0,0.12410306930542
A009,A,2,276,1,NaN,NaN,0,0.959252119064331
A009,A,2,277,1,NaN,NaN,0,1.16201210021973
A009,A,2,278,1,NaN,NaN,0,1.10250401496887
A009,A,2,279,0,NaN,NaN,1,NaN
A009,A,2,280,1,NaN,NaN,0,0.0133280754089355
A009,A,2,281,1,NaN,NaN,0,0.334126949310303
A009,A,2,282,1,NaN,NaN,0,0.0789990425109863
A009,A,2,283,1,NaN,NaN,0,0.77051305770874
A009,A,2,284,NaN,0,1,NaN,0.739458084106445
A009,A,2,285,1,NaN,NaN,0,0.756172895431519
A009,A,2,286,1,NaN,NaN,0,0.76869797706604
A009,A,2,287,1,NaN,NaN,0,0.427698850631714
A009,A,2,288,1,NaN,NaN,0,0.144973039627075
A009,A,2,289,1,NaN,NaN,0,0.280609846115112
A009,A,2,290,1,NaN,NaN,0,0.846911907196045
A009,A,2,291,0,NaN,NaN,1,NaN
A009,A,2,292,1,NaN,NaN,0,1.07853198051453
A009,A,2,293,0,NaN,NaN,1,NaN
A009,A,2,294,NaN,1,0,NaN,NaN
A009,A,2,295,1,NaN,NaN,0,0.428420066833496
A009,A,2,296,1,NaN,NaN,0,0.0564491748809814
A009,A,2,297,1,NaN,NaN,0,0.893970012664795
A009,A,2,298,1,NaN,NaN,0,0.832242965698242
A009,A,2,299,1,NaN,NaN,0,0.663767099380493
A009,A,2,300,1,NaN,NaN,0,0.541976928710938
A009,A,2,301,1,NaN,NaN,0,0.846880912780762
A009,A,2,302,NaN,1,0,NaN,NaN
A009,A,2,303,1,NaN,NaN,0,0.333126068115234
A009,A,2,304,1,NaN,NaN,0,0.0830700397491455
A009,A,2,305,1,NaN,NaN,0,0.959945917129517
A009,A,2,306,1,NaN,NaN,0,0.82113790512085
A009,A,2,307,1,NaN,NaN,0,0.906105995178223
A009,A,2,308,1,NaN,NaN,0,0.700745105743408
A009,A,2,309,NaN,1,0,NaN,NaN
A009,A,2,310,0,NaN,NaN,1,NaN
A009,A,2,311,0,NaN,NaN,1,NaN
A009,A,2,312,0,NaN,NaN,1,NaN
A009,A,2,313,1,NaN,NaN,0,0.368467807769775
A009,A,2,314,1,NaN,NaN,0,0.28008508682251
A009,A,2,315,1,NaN,NaN,0,0.385294914245605
A009,A,2,316,0,NaN,NaN,1,NaN
A009,A,2,317,0,NaN,NaN,1,NaN
A009,A,2,318,NaN,0,1,NaN,0.946073055267334
A009,A,2,319,1,NaN,NaN,0,0.789937973022461
A009,A,2,320,1,NaN,NaN,0,0.820413112640381
A009,A,2,321,0,NaN,NaN,1,NaN
A009,A,2,322,1,NaN,NaN,0,0.415759086608887
A009,A,2,323,1,NaN,NaN,0,0.418952941894531
A009,A,2,324,0,NaN,NaN,1,NaN
A009,A,2,325,0,NaN,NaN,1,NaN
A009,A,2,326,0,NaN,NaN,1,NaN
A009,A,2,327,1,NaN,NaN,0,0.249171018600464
A009,A,2,328,1,NaN,NaN,0,0.148091077804565
A009,A,2,329,NaN,1,0,NaN,NaN
A009,A,2,330,1,NaN,NaN,0,0.459296941757202
A009,A,2,331,1,NaN,NaN,0,0.271436929702759
A009,A,2,332,0,NaN,NaN,1,NaN
A009,A,2,333,0,NaN,NaN,1,NaN
A009,A,2,334,0,NaN,NaN,1,NaN
A009,A,2,335,1,NaN,NaN,0,0.975119113922119
A009,A,2,336,NaN,1,0,NaN,NaN
A009,A,2,337,1,NaN,NaN,0,0.357464075088501
A009,A,2,338,1,NaN,NaN,0,0.376657962799072
A009,A,2,339,1,NaN,NaN,0,0.220798969268799
A009,A,2,340,1,NaN,NaN,0,0.582110166549683
A009,A,2,341,1,NaN,NaN,0,0.43792986869812
A009,A,2,342,1,NaN,NaN,0,0.34278416633606
A009,A,2,343,1,NaN,NaN,0,0.295616865158081
A009,A,2,344,0,NaN,NaN,1,NaN
A009,A,2,345,1,NaN,NaN,0,0.325554847717285
A009,A,2,346,1,NaN,NaN,0,0.164816856384277
A009,A,2,347,1,NaN,NaN,0,0.260170936584473
A009,A,2,348,1,NaN,NaN,0,0.348161935806274
A009,A,2,349,1,NaN,NaN,0,0.294090032577515
A009,A,2,350,NaN,0,1,NaN,0.394177913665771
A009,A,2,351,1,NaN,NaN,0,0.159137964248657
A009,A,2,352,1,NaN,NaN,0,0.283676147460938
A009,A,2,353,1,NaN,NaN,0,0.208597183227539
A009,A,2,354,1,NaN,NaN,0,0.251750946044922
A009,A,2,355,1,NaN,NaN,0,0.413083076477051
A009,A,2,356,1,NaN,NaN,0,0.209665060043335
A009,A,2,357,1,NaN,NaN,0,0.0743100643157959
A009,A,2,358,0,NaN,NaN,1,NaN
A009,A,2,359,NaN,0,1,NaN,0.0366160869598389
A009,A,2,360,1,NaN,NaN,0,1.04770398139954
A009,A,2,361,1,NaN,NaN,0,1.15325593948364
A009,A,2,362,NaN,0,1,NaN,0.730557918548584
A009,A,2,363,1,NaN,NaN,0,0.623897075653076
A009,A,2,364,1,NaN,NaN,0,0.613594055175781
A009,A,2,365,1,NaN,NaN,0,0.700033903121948
A009,A,2,366,1,NaN,NaN,0,0.428364038467407
A009,A,2,367,1,NaN,NaN,0,0.898309946060181
A009,A,2,368,1,NaN,NaN,0,0.809266090393066
A009,A,2,369,1,NaN,NaN,0,0.560281038284302
A009,A,2,370,1,NaN,NaN,0,0.365519046783447
A009,A,2,371,1,NaN,NaN,0,0.910910844802856
A009,A,2,372,1,NaN,NaN,0,0.687705993652344
A009,A,2,373,1,NaN,NaN,0,0.600831031799316
A009,A,2,374,1,NaN,NaN,0,0.499643087387085
A009,A,2,375,1,NaN,NaN,0,0.188477039337158
A009,A,2,376,1,NaN,NaN,0,0.112622976303101
A009,A,2,377,NaN,1,0,NaN,NaN
A009,A,2,378,1,NaN,NaN,0,0.0332729816436768
A009,A,2,379,1,NaN,NaN,0,0.792259931564331
A009,A,2,380,1,NaN,NaN,0,0.48150110244751
A009,A,2,381,1,NaN,NaN,0,0.175217866897583
A009,A,2,382,NaN,1,0,NaN,NaN
A009,A,2,383,0,NaN,NaN,1,NaN
A009,A,2,384,1,NaN,NaN,0,0.526161193847656
A009,A,2,385,1,NaN,NaN,0,0.301338911056519
A009,A,2,386,1,NaN,NaN,0,0.227840900421143
A009,A,2,387,1,NaN,NaN,0,0.272676944732666
A009,A,2,388,1,NaN,NaN,0,0.355554819107056
A009,A,2,389,1,NaN,NaN,0,0.245777130126953
A009,A,2,390,1,NaN,NaN,0,0.263428926467896
A009,A,2,391,1,NaN,NaN,0,0.0967438220977783
A009,A,2,392,NaN,1,0,NaN,NaN
A009,A,2,393,1,NaN,NaN,0,0.413604021072388
A009,A,2,394,1,NaN,NaN,0,0.346128940582275
A009,A,2,395,1,NaN,NaN,0,0.272987127304077
A009,A,2,396,1,NaN,NaN,0,0.119060039520264
A009,A,2,397,1,NaN,NaN,0,0.111927032470703
A009,A,2,398,1,NaN,NaN,0,1.09106087684631
A009,A,2,399,0,NaN,NaN,1,NaN
A009,A,2,400,1,NaN,NaN,0,0.0653879642486572
A009,A,2,401,1,NaN,NaN,0,0.0468599796295166
A009,A,2,402,1,NaN,NaN,0,0.219254970550537
A009,A,2,403,NaN,0,1,NaN,0.20306396484375
A009,A,2,404,1,NaN,NaN,0,0.481674909591675
A009,A,2,405,1,NaN,NaN,0,0.536997079849243
A009,A,2,406,1,NaN,NaN,0,0.583022832870483
A009,A,2,407,NaN,0,1,NaN,0.336276054382324
A009,A,2,408,1,NaN,NaN,0,0.167057037353516
A009,A,2,409,1,NaN,NaN,0,0.152328014373779
A009,A,2,410,1,NaN,NaN,0,0.0305378437042236
A009,A,2,411,0,NaN,NaN,1,NaN
A009,A,2,412,1,NaN,NaN,0,0.0545749664306641
A009,A,2,413,0,NaN,NaN,1,NaN
A009,A,2,414,1,NaN,NaN,0,0.624919891357422
A009,A,2,415,1,NaN,NaN,0,0.325433015823364
A009,A,2,416,1,NaN,NaN,0,0.120523929595947
A009,A,2,417,0,NaN,NaN,1,NaN
A009,A,2,418,1,NaN,NaN,0,0.595721960067749
A009,A,2,419,1,NaN,NaN,0,0.28779411315918
A009,A,2,420,NaN,0,1,NaN,0.32520580291748
A009,A,2,421,1,NaN,NaN,0,0.585675954818726
A009,A,2,422,1,NaN,NaN,0,0.477243185043335
A009,A,2,423,1,NaN,NaN,0,0.403125047683716
A009,A,2,424,1,NaN,NaN,0,0.227745056152344
A009,A,2,425,1,NaN,NaN,0,0.759853839874268
A009,A,2,426,1,NaN,NaN,0,0.320188999176025
A009,A,2,427,1,NaN,NaN,0,0.382603883743286
A009,A,2,428,NaN,0,1,NaN,0.285243988037109
A009,A,2,429,1,NaN,NaN,0,0.366343021392822
A009,A,2,430,1,NaN,NaN,0,0.45144510269165
A009,A,2,431,1,NaN,NaN,0,0.249040126800537
A009,A,2,432,1,NaN,NaN,0,0.115092039108276
A009,A,2,433,1,NaN,NaN,0,0.196122884750366
A009,A,2,434,1,NaN,NaN,0,0.0367701053619385
A009,A,2,435,NaN,1,0,NaN,NaN
A009,A,2,436,0,NaN,NaN,1,NaN
A009,A,2,437,1,NaN,NaN,0,0.00955891609191895
A009,A,2,438,1,NaN,NaN,0,1.00456809997559
A009,A,2,439,1,NaN,NaN,0,0.962886095046997
A009,A,2,440,1,NaN,NaN,0,0.950200080871582
A009,A,2,441,1,NaN,NaN,0,0.928898096084595
A009,A,2,442,1,NaN,NaN,0,0.743156909942627
A009,A,2,443,NaN,0,1,NaN,0.543150901794434
A009,A,2,444,1,NaN,NaN,0,0.821381092071533
A009,A,2,445,1,NaN,NaN,0,0.79069995880127
A009,A,2,446,1,NaN,NaN,0,0.337525129318237
A009,A,2,447,1,NaN,NaN,0,0.127917051315308
A009,A,2,448,1,NaN,NaN,0,0.0128540992736816
A009,A,2,449,1,NaN,NaN,0,0.951133966445923
A009,A,2,450,1,NaN,NaN,0,0.890239000320435
A009,A,2,451,1,NaN,NaN,0,0.928558111190796
A009,A,2,452,1,NaN,NaN,0,0.555774927139282
A009,A,2,453,0,NaN,NaN,1,NaN
A009,A,2,454,NaN,0,1,NaN,0.590159177780151
A009,A,2,455,1,NaN,NaN,0,0.856295824050903
A009,A,2,456,1,NaN,NaN,0,0.479559183120728
A009,A,2,457,1,NaN,NaN,0,0.193920850753784
A009,A,2,458,1,NaN,NaN,0,0.0148000717163086
A009,A,2,459,1,NaN,NaN,0,0.743982076644897
A009,A,2,460,1,NaN,NaN,0,0.830144882202148
A009,A,2,461,1,NaN,NaN,0,0.840138912200928
A009,A,2,462,NaN,1,0,NaN,NaN
A009,A,2,463,1,NaN,NaN,0,0.590221166610718
A009,A,2,464,1,NaN,NaN,0,0.443404912948608
A009,A,2,465,1,NaN,NaN,0,0.151122093200684
A009,A,2,466,1,NaN,NaN,0,0.934142827987671
A009,A,2,467,1,NaN,NaN,0,0.872687101364136
A009,A,2,468,1,NaN,NaN,0,0.765466928482056
A009,A,2,469,1,NaN,NaN,0,0.402865886688232
A009,A,2,470,1,NaN,NaN,0,0.379911184310913
A009,A,2,471,1,NaN,NaN,0,0.370418071746826
A009,A,2,472,NaN,0,1,NaN,0.098336935043335
A009,A,2,473,1,NaN,NaN,0,0.0478041172027588
A009,A,2,474,1,NaN,NaN,0,0.799901008605957
A009,A,2,475,1,NaN,NaN,0,0.696672916412354
A009,A,2,476,1,NaN,NaN,0,0.642096042633057
A009,A,2,477,1,NaN,NaN,0,0.418883800506592
A009,A,2,478,1,NaN,NaN,0,0.24016809463501
A009,A,2,479,1,NaN,NaN,0,0.380367994308472
A009,A,2,480,1,NaN,NaN,0,0.43009614944458
A009,A,2,481,1,NaN,NaN,0,0.835271835327148
A009,A,2,482,1,NaN,NaN,0,0.988468885421753
A009,A,2,483,NaN,1,0,NaN,NaN
A009,A,2,484,1,NaN,NaN,0,0.216830015182495
A009,A,2,485,1,NaN,NaN,0,0.900138139724731
A009,A,2,486,1,NaN,NaN,0,0.55689001083374
A009,A,2,487,1,NaN,NaN,0,0.621463060379028
A009,A,2,488,1,NaN,NaN,0,0.238368988037109
A009,A,2,489,1,NaN,NaN,0,0.946444034576416
A009,A,2,490,0,NaN,NaN,1,NaN
A009,A,2,491,1,NaN,NaN,0,0.678286075592041
A009,A,2,492,NaN,0,1,NaN,0.432909965515137
A009,A,2,493,1,NaN,NaN,0,0.324424982070923
A009,A,2,494,1,NaN,NaN,0,0.303305149078369
A009,A,2,495,1,NaN,NaN,0,0.280465841293335
A009,A,2,496,0,NaN,NaN,1,NaN
A009,A,2,497,1,NaN,NaN,0,0.0634791851043701
A009,A,2,498,NaN,0,1,NaN,0.713972091674805
A009,A,2,499,1,NaN,NaN,0,0.738882064819336
A009,A,2,500,1,NaN,NaN,0,0.711889982223511
A009,A,2,501,1,NaN,NaN,0,0.528903961181641
A009,A,2,502,1,NaN,NaN,0,0.294049024581909
A009,A,2,503,1,NaN,NaN,0,0.338789939880371
A009,A,2,504,1,NaN,NaN,0,0.224813938140869
A009,A,2,505,1,NaN,NaN,0,0.065514087677002
A009,A,3,1,1,NaN,NaN,0,0.46488094329834
A009,A,3,2,1,NaN,NaN,0,0.343122959136963
A009,A,3,3,1,NaN,NaN,0,0.235430002212524
A009,A,3,4,1,NaN,NaN,0,0.114271879196167
A009,A,3,5,0,NaN,NaN,1,NaN
A009,A,3,6,1,NaN,NaN,0,0.20624303817749
A009,A,3,7,NaN,0,1,NaN,0.13119101524353
A009,A,3,8,1,NaN,NaN,0,0.225295066833496
A009,A,3,9,1,NaN,NaN,0,0.0269501209259033
A009,A,3,10,1,NaN,NaN,0,0.947296857833862
A009,A,3,11,1,NaN,NaN,0,1.03372597694397
A009,A,3,12,NaN,1,0,NaN,NaN
A009,A,3,13,1,NaN,NaN,0,0.487868070602417
A009,A,3,14,1,NaN,NaN,0,0.0518279075622559
A009,A,3,15,1,NaN,NaN,0,0.963314056396484
A009,A,3,16,1,NaN,NaN,0,0.972837924957275
A009,A,3,17,1,NaN,NaN,0,0.51678204536438
A009,A,3,18,1,NaN,NaN,0,0.280533075332642
A009,A,3,19,1,NaN,NaN,0,0.251398086547852
A009,A,3,20,1,NaN,NaN,0,0.0671298503875732
A009,A,3,21,NaN,1,0,NaN,NaN
A009,A,3,22,1,NaN,NaN,0,0.139791011810303
A009,A,3,23,1,NaN,NaN,0,0.274750947952271
A009,A,3,24,1,NaN,NaN,0,0.175745964050293
A009,A,3,25,0,NaN,NaN,1,NaN
A009,A,3,26,1,NaN,NaN,0,0.0061180591583252
A009,A,3,27,1,NaN,NaN,0,0.783900022506714
A009,A,3,28,1,NaN,NaN,0,0.480653047561646
A009,A,3,29,NaN,0,1,NaN,0.226850986480713
A009,A,3,30,1,NaN,NaN,0,0.315119028091431
A009,A,3,31,1,NaN,NaN,0,0.0283849239349365
A009,A,3,32,1,NaN,NaN,0,1.01127696037292
A009,A,3,33,1,NaN,NaN,0,1.00922894477844
A009,A,3,34,1,NaN,NaN,0,0.974284172058105
A009,A,3,35,1,NaN,NaN,0,0.93793511390686
A009,A,3,36,1,NaN,NaN,0,0.962453126907349
A009,A,3,37,1,NaN,NaN,0,0.898979902267456
A009,A,3,38,1,NaN,NaN,0,0.981781959533691
A009,A,3,39,0,NaN,NaN,1,NaN
A009,A,3,40,1,NaN,NaN,0,0.357659101486206
A009,A,3,41,1,NaN,NaN,0,0.211699962615967
A009,A,3,42,NaN,0,1,NaN,0.224818229675293
A009,A,3,43,1,NaN,NaN,0,0.9600510597229
A009,A,3,44,1,NaN,NaN,0,0.897506952285767
A009,A,3,45,1,NaN,NaN,0,0.68135404586792
A009,A,3,46,1,NaN,NaN,0,0.602002859115601
A009,A,3,47,1,NaN,NaN,0,0.366688966751099
A009,A,3,48,1,NaN,NaN,0,0.287312030792236
A009,A,3,49,1,NaN,NaN,0,0.0784039497375488
A009,A,3,50,1,NaN,NaN,0,0.580605030059814
A009,A,3,51,NaN,0,1,NaN,0.281147003173828
A009,A,3,52,1,NaN,NaN,0,0.854207038879395
A009,A,3,53,1,NaN,NaN,0,0.852812051773071
A009,A,3,54,1,NaN,NaN,0,0.40627908706665
A009,A,3,55,1,NaN,NaN,0,0.343883991241455
A009,A,3,56,1,NaN,NaN,0,0.281390905380249
A009,A,3,57,1,NaN,NaN,0,0.206000089645386
A009,A,3,58,1,NaN,NaN,0,0.335808992385864
A009,A,3,59,1,NaN,NaN,0,0.202446937561035
A009,A,3,60,0,NaN,NaN,1,NaN
A009,A,3,61,1,NaN,NaN,0,0.120420932769775
A009,A,3,62,NaN,0,1,NaN,0.11365008354187
A009,A,3,63,1,NaN,NaN,0,0.257941961288452
A009,A,3,64,1,NaN,NaN,0,0.0135841369628906
A009,A,3,65,1,NaN,NaN,0,0.904191970825195
A009,A,3,66,1,NaN,NaN,0,0.854467868804932
A009,A,3,67,1,NaN,NaN,0,0.623449087142944
A009,A,3,68,NaN,0,1,NaN,0.252872943878174
A009,A,3,69,1,NaN,NaN,0,0.101348161697388
A009,A,3,70,1,NaN,NaN,0,0.0545568466186523
A009,A,3,71,0,NaN,NaN,1,NaN
A009,A,3,72,1,NaN,NaN,0,0.0155701637268066
A009,A,3,73,0,NaN,NaN,1,NaN
A009,A,3,74,1,NaN,NaN,0,0.0741498470306396
A009,A,3,75,1,NaN,NaN,0,0.0523190498352051
A009,A,3,76,1,NaN,NaN,0,0.05796217918396
A009,A,3,77,1,NaN,NaN,0,0.168916940689087
A009,A,3,78,NaN,0,1,NaN,0.201519966125488
A009,A,3,79,1,NaN,NaN,0,0.361715078353882
A009,A,3,80,1,NaN,NaN,0,0.146811962127686
A009,A,3,81,1,NaN,NaN,0,0.973778963088989
A009,A,3,82,1,NaN,NaN,0,0.875232934951782
A009,A,3,83,0,NaN,NaN,1,NaN
A009,A,3,84,1,NaN,NaN,0,0.130151033401489
A009,A,3,85,1,NaN,NaN,0,0.0678291320800781
A009,A,3,86,NaN,0,1,NaN,1.1367609500885
A009,A,3,87,0,NaN,NaN,1,NaN
A009,A,3,88,1,NaN,NaN,0,0.149220943450928
A009,A,3,89,1,NaN,NaN,0,0.0390260219573975
A009,A,3,90,1,NaN,NaN,0,0.981889963150024
A009,A,3,91,1,NaN,NaN,0,1.02982711791992
A009,A,3,92,NaN,0,1,NaN,0.91286301612854
A009,A,3,93,1,NaN,NaN,0,1.05756092071533
A009,A,3,94,1,NaN,NaN,0,0.969668865203857
A009,A,3,95,0,NaN,NaN,1,NaN
A009,A,3,96,1,NaN,NaN,0,0.0208160877227783
A009,A,3,97,1,NaN,NaN,0,0.548332929611206
A009,A,3,98,1,NaN,NaN,0,0.215954065322876
A009,A,3,99,1,NaN,NaN,0,0.0633819103240967
A009,A,3,100,1,NaN,NaN,0,0.723984003067017
A009,A,3,101,1,NaN,NaN,0,0.25660514831543
A009,A,3,102,1,NaN,NaN,0,0.117615938186646
A009,A,3,103,1,NaN,NaN,0,0.867022037506104
A009,A,3,104,1,NaN,NaN,0,0.624143123626709
A009,A,3,105,1,NaN,NaN,0,0.302065849304199
A009,A,3,106,1,NaN,NaN,0,0.909316062927246
A009,A,3,107,NaN,0,1,NaN,0.62594199180603
A009,A,3,108,1,NaN,NaN,0,0.67854905128479
A009,A,3,109,1,NaN,NaN,0,0.198918104171753
A009,A,3,110,NaN,0,1,NaN,0.0710937976837158
A009,A,3,111,1,NaN,NaN,0,0.180957078933716
A009,A,3,112,1,NaN,NaN,0,0.800756931304932
A009,A,3,113,1,NaN,NaN,0,0.978151082992554
A009,A,3,114,1,NaN,NaN,0,0.839865922927856
A009,A,3,115,1,NaN,NaN,0,0.761178016662598
A009,A,3,116,1,NaN,NaN,0,0.610059022903442
A009,A,3,117,1,NaN,NaN,0,0.355602979660034
A009,A,3,118,1,NaN,NaN,0,0.332463979721069
A009,A,3,119,1,NaN,NaN,0,0.264917850494385
A009,A,3,120,1,NaN,NaN,0,0.235146045684814
A009,A,3,121,1,NaN,NaN,0,1.04016399383545
A009,A,3,122,0,NaN,NaN,1,NaN
A009,A,3,123,1,NaN,NaN,0,0.292361974716187
A009,A,3,124,NaN,1,0,NaN,NaN
A009,A,3,125,1,NaN,NaN,0,0.473037958145142
A009,A,3,126,1,NaN,NaN,0,0.407850027084351
A009,A,3,127,1,NaN,NaN,0,0.735826969146729
A009,A,3,128,1,NaN,NaN,0,0.639145851135254
A009,A,3,129,1,NaN,NaN,0,0.47266411781311
A009,A,3,130,NaN,0,1,NaN,0.275471925735474
A009,A,3,131,0,NaN,NaN,1,NaN
A009,A,3,132,1,NaN,NaN,0,0.118122100830078
A009,A,3,133,1,NaN,NaN,0,1.01122212409973
A009,A,3,134,1,NaN,NaN,0,0.801563024520874
A009,A,3,135,1,NaN,NaN,0,0.567057132720947
A009,A,3,136,1,NaN,NaN,0,0.979367971420288
A009,A,3,137,1,NaN,NaN,0,0.570745944976807
A009,A,3,138,1,NaN,NaN,0,0.410503149032593
A009,A,3,139,NaN,0,1,NaN,0.240961074829102
A009,A,3,140,1,NaN,NaN,0,0.191936016082764
A009,A,3,141,1,NaN,NaN,0,0.140282154083252
A009,A,3,142,1,NaN,NaN,0,0.922821044921875
A009,A,3,143,1,NaN,NaN,0,0.718544006347656
A009,A,3,144,1,NaN,NaN,0,0.3643639087677
A009,A,3,145,1,NaN,NaN,0,0.283807039260864
A009,A,3,146,NaN,0,1,NaN,0.0879368782043457
A009,A,3,147,1,NaN,NaN,0,0.376283884048462
A009,A,3,148,1,NaN,NaN,0,0.230565071105957
A009,A,3,149,1,NaN,NaN,0,0.259200096130371
A009,A,3,150,1,NaN,NaN,0,0.255889892578125
A009,A,3,151,0,NaN,NaN,1,NaN
A009,A,3,152,1,NaN,NaN,0,0.0186519622802734
A009,A,3,153,1,NaN,NaN,0,0.220510005950928
A009,A,3,154,1,NaN,NaN,0,0.0782761573791504
A009,A,3,155,0,NaN,NaN,1,NaN
A009,A,3,156,1,NaN,NaN,0,0.236078977584839
A009,A,3,157,1,NaN,NaN,0,0.00821709632873535
A009,A,3,158,NaN,1,0,NaN,NaN
A009,A,3,159,1,NaN,NaN,0,0.0233690738677979
A009,A,3,160,1,NaN,NaN,0,0.384145021438599
A009,A,3,161,1,NaN,NaN,0,0.110485076904297
A009,A,3,162,1,NaN,NaN,0,0.0506789684295654
A009,A,3,163,1,NaN,NaN,0,1.00356197357178
A009,A,3,164,NaN,1,0,NaN,NaN
A009,A,3,165,1,NaN,NaN,0,0.107706069946289
A009,A,3,166,1,NaN,NaN,0,0.739505052566528
A009,A,3,167,1,NaN,NaN,0,0.680367946624756
A009,A,3,168,1,NaN,NaN,0,0.644105911254883
A009,A,3,169,1,NaN,NaN,0,0.307637929916382
A009,A,3,170,1,NaN,NaN,0,0.129956960678101
A009,A,3,171,1,NaN,NaN,0,0.222599029541016
A009,A,3,172,1,NaN,NaN,0,0.268614053726196
A009,A,3,173,1,NaN,NaN,0,0.360601902008057
A009,A,3,174,1,NaN,NaN,0,0.224725008010864
A009,A,3,175,1,NaN,NaN,0,0.0502610206604004
A009,A,3,176,1,NaN,NaN,0,0.207019090652466
A009,A,3,177,1,NaN,NaN,0,0.212811946868896
A009,A,3,178,NaN,0,1,NaN,0.131999015808105
A009,A,3,179,1,NaN,NaN,0,0.116703987121582
A009,A,3,180,1,NaN,NaN,0,0.979759931564331
A009,A,3,181,0,NaN,NaN,1,NaN
A009,A,3,182,1,NaN,NaN,0,0.198261022567749
A009,A,3,183,1,NaN,NaN,0,1.0422248840332
A009,A,3,184,1,NaN,NaN,0,0.927484035491943
A009,A,3,185,1,NaN,NaN,0,0.844216108322144
A009,A,3,186,1,NaN,NaN,0,0.529965162277222
A009,A,3,187,1,NaN,NaN,0,0.566098928451538
A009,A,3,188,NaN,0,1,NaN,0.351774930953979
A009,A,3,189,1,NaN,NaN,0,0.372776985168457
A009,A,3,190,1,NaN,NaN,0,0.976901054382324
A009,A,3,191,0,NaN,NaN,1,NaN
A009,A,3,192,NaN,0,1,NaN,0.0127880573272705
A009,A,3,193,1,NaN,NaN,0,0.513432025909424
A009,A,3,194,1,NaN,NaN,0,0.243165016174316
A009,A,3,195,1,NaN,NaN,0,0.111227035522461
A009,A,3,196,0,NaN,NaN,1,NaN
A009,A,3,197,1,NaN,NaN,0,0.00652503967285156
A009,A,3,198,1,NaN,NaN,0,0.956347942352295
A009,A,3,199,1,NaN,NaN,0,0.812350988388062
A009,A,3,200,NaN,0,1,NaN,0.565603017807007
A009,A,3,201,1,NaN,NaN,0,0.448163986206055
A009,A,3,202,1,NaN,NaN,0,0.256832122802734
A009,A,3,203,1,NaN,NaN,0,0.0522620677947998
A009,A,3,204,1,NaN,NaN,0,0.909294128417969
A009,A,3,205,1,NaN,NaN,0,0.903519868850708
A009,A,3,206,1,NaN,NaN,0,0.88124418258667
A009,A,3,207,1,NaN,NaN,0,0.89674186706543
A009,A,3,208,1,NaN,NaN,0,0.609899044036865
A009,A,3,209,1,NaN,NaN,0,0.390900850296021
A009,A,3,210,1,NaN,NaN,0,0.0543971061706543
A009,A,3,211,1,NaN,NaN,0,0.265994071960449
A009,A,3,212,1,NaN,NaN,0,1.09486794471741
A009,A,3,213,1,NaN,NaN,0,0.886997938156128
A009,A,3,214,1,NaN,NaN,0,0.684825897216797
A009,A,3,215,NaN,1,0,NaN,NaN
A009,A,3,216,1,NaN,NaN,0,0.112083911895752
A009,A,3,217,1,NaN,NaN,0,0.859388828277588
A009,A,3,218,NaN,1,0,NaN,NaN
A009,A,3,219,1,NaN,NaN,0,0.0307459831237793
A009,A,3,220,1,NaN,NaN,0,0.876209020614624
A009,A,3,221,1,NaN,NaN,0,0.84538197517395
A009,A,3,222,1,NaN,NaN,0,0.594650030136108
A009,A,3,223,1,NaN,NaN,0,0.404356956481934
A009,A,3,224,1,NaN,NaN,0,0.248805046081543
A009,A,3,225,1,NaN,NaN,0,0.0329821109771729
A009,A,3,226,1,NaN,NaN,0,0.904383182525635
A009,A,3,227,NaN,1,0,NaN,NaN
A009,A,3,228,1,NaN,NaN,0,0.0834560394287109
A009,A,3,229,1,NaN,NaN,0,0.921719074249268
A009,A,3,230,1,NaN,NaN,0,0.891067028045654
A009,A,3,231,1,NaN,NaN,0,1.08914399147034
A009,A,3,232,1,NaN,NaN,0,1.03138303756714
A009,A,3,233,1,NaN,NaN,0,0.901317834854126
A009,A,3,234,1,NaN,NaN,0,0.865020990371704
A009,A,3,235,1,NaN,NaN,0,0.923547029495239
A009,A,3,236,1,NaN,NaN,0,0.764048099517822
A009,A,3,237,1,NaN,NaN,0,0.500984907150269
A009,A,3,238,1,NaN,NaN,0,0.376328945159912
A009,A,3,239,1,NaN,NaN,0,0.136363983154297
A009,A,3,240,1,NaN,NaN,0,0.121824026107788
A009,A,3,241,NaN,0,1,NaN,0.0509607791900635
A009,A,3,242,1,NaN,NaN,0,0.88100790977478
A009,A,3,243,1,NaN,NaN,0,0.892364978790283
A009,A,3,244,1,NaN,NaN,0,0.645792007446289
A009,A,3,245,1,NaN,NaN,0,0.507422924041748
A009,A,3,246,1,NaN,NaN,0,0.452583074569702
A009,A,3,247,1,NaN,NaN,0,0.2673180103302
A009,A,3,248,1,NaN,NaN,0,0.943567991256714
A009,A,3,249,1,NaN,NaN,0,0.762686967849731
A009,A,3,250,1,NaN,NaN,0,0.359138011932373
A009,A,3,251,NaN,0,1,NaN,0.0941801071166992
A009,A,3,252,1,NaN,NaN,0,0.074307918548584
A009,A,3,253,1,NaN,NaN,0,1.1163158416748
A009,A,3,254,1,NaN,NaN,0,1.18736791610718
A009,A,3,255,0,NaN,NaN,1,NaN
A009,A,3,256,1,NaN,NaN,0,0.366419076919556
A009,A,3,257,1,NaN,NaN,0,0.265070915222168
A009,A,3,258,1,NaN,NaN,0,0.24217414855957
A009,A,3,259,NaN,0,1,NaN,0.508188009262085
A009,A,3,260,1,NaN,NaN,0,0.395824909210205
A009,A,3,261,1,NaN,NaN,0,0.300966024398804
A009,A,3,262,1,NaN,NaN,0,0.183712959289551
A009,A,3,263,1,NaN,NaN,0,0.0584268569946289
A009,A,3,264,1,NaN,NaN,0,0.915854930877686
A009,A,3,265,1,NaN,NaN,0,0.633212804794312
A009,A,3,266,1,NaN,NaN,0,0.263331890106201
A009,A,3,267,1,NaN,NaN,0,0.145923137664795
A009,A,3,268,1,NaN,NaN,0,0.881417989730835
A009,A,3,269,NaN,1,0,NaN,NaN
A009,A,3,270,1,NaN,NaN,0,0.162765979766846
A009,A,3,271,1,NaN,NaN,0,0.866590023040771
A009,A,3,272,1,NaN,NaN,0,0.485883951187134
A009,A,3,273,1,NaN,NaN,0,0.902998924255371
A009,A,3,274,1,NaN,NaN,0,0.688266038894653
A009,A,3,275,1,NaN,NaN,0,0.552865982055664
A009,A,3,276,NaN,0,1,NaN,0.079880952835083
A009,A,3,277,1,NaN,NaN,0,0.465004920959473
A009,A,3,278,1,NaN,NaN,0,0.208263874053955
A009,A,3,279,1,NaN,NaN,0,0.522290945053101
A009,A,3,280,1,NaN,NaN,0,0.226512908935547
A009,A,3,281,1,NaN,NaN,0,0.0324749946594238
A009,A,3,282,1,NaN,NaN,0,0.93410587310791
A009,A,3,283,1,NaN,NaN,0,0.735384941101074
A009,A,3,284,1,NaN,NaN,0,0.55256986618042
A009,A,3,285,NaN,0,1,NaN,0.30245304107666
A009,A,3,286,1,NaN,NaN,0,0.0294179916381836
A009,A,3,287,1,NaN,NaN,0,0.706922054290771
A009,A,3,288,1,NaN,NaN,0,0.383442878723145
A009,A,3,289,1,NaN,NaN,0,0.299973964691162
A009,A,3,290,1,NaN,NaN,0,0.955859899520874
A009,A,3,291,1,NaN,NaN,0,0.356259822845459
A009,A,3,292,1,NaN,NaN,0,0.272950887680054
A009,A,3,293,1,NaN,NaN,0,0.98192310333252
A009,A,3,294,1,NaN,NaN,0,1.04658508300781
A009,A,3,295,NaN,0,1,NaN,1.13770699501038
A009,A,3,296,0,NaN,NaN,1,NaN
A009,A,3,297,1,NaN,NaN,0,0.12211799621582
A009,A,3,298,1,NaN,NaN,0,0.0965039730072021
A009,A,3,299,1,NaN,NaN,0,1.11388397216797
A009,A,3,300,1,NaN,NaN,0,1.08671379089355
A009,A,3,301,1,NaN,NaN,0,0.980264902114868
A009,A,3,302,NaN,0,1,NaN,0.905416011810303
A009,A,3,303,1,NaN,NaN,0,0.878612995147705
A009,A,3,304,1,NaN,NaN,0,0.873218774795532
A009,A,3,305,1,NaN,NaN,0,0.634465932846069
A009,A,3,306,1,NaN,NaN,0,0.483752012252808
A009,A,3,307,1,NaN,NaN,0,0.293372869491577
A009,A,3,308,1,NaN,NaN,0,0.249945878982544
A009,A,3,309,NaN,0,1,NaN,0.202779769897461
A009,A,3,310,1,NaN,NaN,0,0.16158390045166
A009,A,3,311,1,NaN,NaN,0,0.283484935760498
A009,A,3,312,1,NaN,NaN,0,0.192710161209106
A009,A,3,313,1,NaN,NaN,0,0.911633968353271
A009,A,3,314,1,NaN,NaN,0,0.553175926208496
A009,A,3,315,1,NaN,NaN,0,0.321690082550049
A009,A,3,316,1,NaN,NaN,0,0.246771097183228
A009,A,3,317,1,NaN,NaN,0,0.0785830020904541
A009,A,3,318,NaN,1,0,NaN,NaN
A009,A,3,319,1,NaN,NaN,0,0.464293956756592
A009,A,3,320,1,NaN,NaN,0,0.632507085800171
A009,A,3,321,1,NaN,NaN,0,0.531219959259033
A009,A,3,322,1,NaN,NaN,0,0.320222854614258
A009,A,3,323,1,NaN,NaN,0,0.0731198787689209
A009,A,3,324,1,NaN,NaN,0,0.0304739475250244
A009,A,3,325,1,NaN,NaN,0,0.611898899078369
A009,A,3,326,1,NaN,NaN,0,0.299468994140625
A009,A,3,327,NaN,0,1,NaN,0.108641147613525
A009,A,3,328,1,NaN,NaN,0,0.00706696510314941
A009,A,3,329,1,NaN,NaN,0,0.843801021575928
A009,A,3,330,1,NaN,NaN,0,0.950237035751343
A009,A,3,331,0,NaN,NaN,1,NaN
A009,A,3,332,1,NaN,NaN,0,0.050645112991333
A009,A,3,333,1,NaN,NaN,0,0.966238021850586
A009,A,3,334,1,NaN,NaN,0,0.938894987106323
A009,A,3,335,1,NaN,NaN,0,0.894308090209961
A009,A,3,336,1,NaN,NaN,0,0.495133876800537
A009,A,3,337,1,NaN,NaN,0,0.222600936889648
A009,A,3,338,1,NaN,NaN,0,0.725834131240845
A009,A,3,339,NaN,0,1,NaN,0.376248836517334
A009,A,3,340,1,NaN,NaN,0,0.141391038894653
A009,A,3,341,1,NaN,NaN,0,0.235899925231934
A009,A,3,342,1,NaN,NaN,0,0.0697219371795654
A009,A,3,343,1,NaN,NaN,0,0.945828914642334
A009,A,3,344,1,NaN,NaN,0,0.848239898681641
A009,A,3,345,1,NaN,NaN,0,1.23038721084595
A009,A,3,346,0,NaN,NaN,1,NaN
A009,A,3,347,1,NaN,NaN,0,0.146989107131958
A009,A,3,348,NaN,0,1,NaN,0.455571174621582
A009,A,3,349,1,NaN,NaN,0,0.0810291767120361
A009,A,3,350,1,NaN,NaN,0,0.0476088523864746
A009,A,3,351,1,NaN,NaN,0,0.226294994354248
A009,A,3,352,1,NaN,NaN,0,0.0549399852752686
A009,A,3,353,1,NaN,NaN,0,0.628565073013306
A009,A,3,354,NaN,1,0,NaN,NaN
A009,A,3,355,1,NaN,NaN,0,0.0197811126708984
A009,A,3,356,1,NaN,NaN,0,1.00223898887634
A009,A,3,357,1,NaN,NaN,0,0.940921068191528
A009,A,3,358,1,NaN,NaN,0,0.771826028823853
A009,A,3,359,1,NaN,NaN,0,0.491250991821289
A009,A,3,360,1,NaN,NaN,0,0.494851112365723
A009,A,3,361,1,NaN,NaN,0,0.202550172805786
A009,A,3,362,1,NaN,NaN,0,0.0710690021514893
A009,A,3,363,1,NaN,NaN,0,0.275396823883057
A009,A,3,364,1,NaN,NaN,0,0.0485079288482666
A009,A,3,365,1,NaN,NaN,0,0.332235097885132
A009,A,3,366,1,NaN,NaN,0,0.295686006546021
A009,A,3,367,NaN,0,1,NaN,0.192334175109863
A009,A,3,368,1,NaN,NaN,0,0.0797820091247559
A009,A,3,369,1,NaN,NaN,0,0.90314507484436
A009,A,3,370,1,NaN,NaN,0,0.83054518699646
A009,A,3,371,1,NaN,NaN,0,0.939713001251221
A009,A,3,372,1,NaN,NaN,0,0.68061089515686
A009,A,3,373,1,NaN,NaN,0,0.305275917053223
A009,A,3,374,NaN,0,1,NaN,0.156617164611816
A009,A,3,375,1,NaN,NaN,0,0.805261850357056
A009,A,3,376,1,NaN,NaN,0,0.390331983566284
A009,A,3,377,1,NaN,NaN,0,0.229113101959229
A009,A,3,378,1,NaN,NaN,0,0.890297889709473
A009,A,3,379,1,NaN,NaN,0,0.641803026199341
A009,A,3,380,1,NaN,NaN,0,0.335254907608032
A009,A,3,381,1,NaN,NaN,0,0.235744953155518
A009,A,3,382,1,NaN,NaN,0,0.652924060821533
A009,A,3,383,1,NaN,NaN,0,0.465233087539673
A009,A,3,384,NaN,0,1,NaN,0.251105070114136
A009,A,3,385,1,NaN,NaN,0,0.018805980682373
A009,A,3,386,1,NaN,NaN,0,0.938967943191528
A009,A,3,387,1,NaN,NaN,0,1.00447797775269
A009,A,3,388,1,NaN,NaN,0,0.882778882980347
A009,A,3,389,NaN,1,0,NaN,NaN
A009,A,3,390,1,NaN,NaN,0,0.165469169616699
A009,A,3,391,1,NaN,NaN,0,0.105758905410767
A009,A,3,392,0,NaN,NaN,1,NaN
A009,A,3,393,1,NaN,NaN,0,0.0246729850769043
A009,A,3,394,1,NaN,NaN,0,0.890196084976196
A009,A,3,395,1,NaN,NaN,0,0.684543132781982
A009,A,3,396,1,NaN,NaN,0,0.320878982543945
A009,A,3,397,1,NaN,NaN,0,0.271316051483154
A009,A,3,398,NaN,0,1,NaN,0.104166984558105
A009,A,3,399,1,NaN,NaN,0,0.18671989440918
A009,A,3,400,1,NaN,NaN,0,0.192295074462891
A009,A,3,401,1,NaN,NaN,0,0.0869979858398438
A009,A,3,402,1,NaN,NaN,0,0.0689539909362793
A009,A,3,403,0,NaN,NaN,1,NaN
A009,A,3,404,1,NaN,NaN,0,0.0607929229736328
A009,A,3,405,1,NaN,NaN,0,0.793787002563477
A009,A,3,406,1,NaN,NaN,0,0.72359299659729
A009,A,3,407,NaN,0,1,NaN,0.560122966766357
A009,A,3,408,1,NaN,NaN,0,0.378139972686768
A009,A,3,409,1,NaN,NaN,0,0.244311094284058
A009,A,3,410,1,NaN,NaN,0,0.931987047195435
A009,A,3,411,1,NaN,NaN,0,0.649284839630127
A009,A,3,412,1,NaN,NaN,0,0.301090002059937
A009,A,3,413,1,NaN,NaN,0,0.062283992767334
A009,A,3,414,1,NaN,NaN,0,0.549216032028198
A009,A,3,415,1,NaN,NaN,0,0.717814922332764
A009,A,3,416,1,NaN,NaN,0,0.50544285774231
A009,A,3,417,1,NaN,NaN,0,0.377766132354736
A009,A,3,418,1,NaN,NaN,0,0.487289905548096
A009,A,3,419,1,NaN,NaN,0,0.0439889430999756
A009,A,3,420,1,NaN,NaN,0,0.153136014938354
A009,A,3,421,1,NaN,NaN,0,0.170068979263306
A009,A,3,422,NaN,1,0,NaN,NaN
A009,A,3,423,1,NaN,NaN,0,0.0543100833892822
A009,A,3,424,1,NaN,NaN,0,0.459112882614136
A009,A,3,425,1,NaN,NaN,0,0.217119216918945
A009,A,3,426,1,NaN,NaN,0,0.462095975875854
A009,A,3,427,1,NaN,NaN,0,0.339617013931274
A009,A,3,428,NaN,1,0,NaN,NaN
A009,A,3,429,1,NaN,NaN,0,0.366758108139038
A009,A,3,430,1,NaN,NaN,0,0.393810033798218
A009,A,3,431,1,NaN,NaN,0,0.313750982284546
A009,A,3,432,1,NaN,NaN,0,0.322504997253418
A009,A,3,433,1,NaN,NaN,0,0.0837738513946533
A009,A,3,434,1,NaN,NaN,0,0.178229808807373
A009,A,3,435,1,NaN,NaN,0,0.114993810653687
A009,A,3,436,1,NaN,NaN,0,0.995805978775024
A009,A,3,437,0,NaN,NaN,1,NaN
A009,A,3,438,NaN,0,1,NaN,0.173840999603271
A009,A,3,439,1,NaN,NaN,0,0.0272259712219238
A009,A,3,440,1,NaN,NaN,0,0.937731981277466
A009,A,3,441,1,NaN,NaN,0,1.01144099235535
A009,A,3,442,1,NaN,NaN,0,1.06454801559448
A009,A,3,443,0,NaN,NaN,1,NaN
A009,A,3,444,1,NaN,NaN,0,0.0254580974578857
A009,A,3,445,1,NaN,NaN,0,0.720790147781372
A009,A,3,446,1,NaN,NaN,0,0.604242086410522
A009,A,3,447,1,NaN,NaN,0,0.336117029190063
A009,A,3,448,NaN,0,1,NaN,0.0902199745178223
A009,A,3,449,1,NaN,NaN,0,0.867963075637817
A009,A,3,450,1,NaN,NaN,0,0.774612188339233
A009,A,3,451,1,NaN,NaN,0,0.799653053283691
A009,A,3,452,1,NaN,NaN,0,0.323708057403564
A009,A,3,453,NaN,0,1,NaN,0.304651975631714
A009,A,3,454,1,NaN,NaN,0,0.09916090965271
A009,A,3,455,1,NaN,NaN,0,0.937503814697266
A009,A,3,456,1,NaN,NaN,0,0.835154056549072
A009,A,3,457,1,NaN,NaN,0,0.315867185592651
A009,A,3,458,1,NaN,NaN,0,0.0357100963592529
A009,A,3,459,1,NaN,NaN,0,0.752743005752563
A009,A,3,460,1,NaN,NaN,0,0.340276002883911
A009,A,3,461,1,NaN,NaN,0,0.308545112609863
A009,A,3,462,1,NaN,NaN,0,0.305847883224487
A009,A,3,463,0,NaN,NaN,1,NaN
A009,A,3,464,NaN,0,1,NaN,0.103885889053345
A009,A,3,465,1,NaN,NaN,0,0.15779709815979
A009,A,3,466,1,NaN,NaN,0,0.101513862609863
A009,A,3,467,1,NaN,NaN,0,0.90593695640564
A009,A,3,468,1,NaN,NaN,0,0.78685188293457
A009,A,3,469,1,NaN,NaN,0,0.540414094924927
A009,A,3,470,NaN,0,1,NaN,0.292656898498535
A009,A,3,471,1,NaN,NaN,0,0.109295845031738
A009,A,3,472,1,NaN,NaN,0,0.723562955856323
A009,A,3,473,1,NaN,NaN,0,0.5783531665802
A009,A,3,474,1,NaN,NaN,0,0.277391910552979
A009,A,3,475,1,NaN,NaN,0,0.898493051528931
A009,A,3,476,1,NaN,NaN,0,0.911525011062622
A009,A,3,477,1,NaN,NaN,0,0.949110984802246
A009,A,3,478,1,NaN,NaN,0,0.810638904571533
A009,A,3,479,1,NaN,NaN,0,0.743004083633423
A009,A,3,480,1,NaN,NaN,0,0.271292924880981
A009,A,3,481,1,NaN,NaN,0,0.0912778377532959
A009,A,3,482,NaN,0,1,NaN,1.14833521842957
A009,A,3,483,1,NaN,NaN,0,1.02884101867676
A009,A,3,484,1,NaN,NaN,0,0.85848593711853
A009,A,3,485,1,NaN,NaN,0,0.799362182617188
A009,A,3,486,1,NaN,NaN,0,0.724627017974854
A009,A,3,487,1,NaN,NaN,0,0.340723037719727
A009,A,3,488,1,NaN,NaN,0,0.28230094909668
A009,A,3,489,NaN,0,1,NaN,0.26817798614502
A009,A,3,490,1,NaN,NaN,0,0.158078908920288
A009,A,3,491,1,NaN,NaN,0,1.03071999549866
A009,A,3,492,1,NaN,NaN,0,0.626881122589111
A009,A,3,493,1,NaN,NaN,0,0.402559995651245
A009,A,3,494,1,NaN,NaN,0,0.251884937286377
A009,A,3,495,1,NaN,NaN,0,0.0786089897155762
A009,A,3,496,1,NaN,NaN,0,0.0167710781097412
A009,A,3,497,1,NaN,NaN,0,0.708804130554199
A009,A,3,498,1,NaN,NaN,0,0.394290924072266
A009,A,3,499,1,NaN,NaN,0,0.279344081878662
A009,A,3,500,1,NaN,NaN,0,0.975670099258423
A009,A,3,501,1,NaN,NaN,0,0.597195148468018
A009,A,4,1,1,NaN,NaN,0,0.673924922943115
A009,A,4,2,1,NaN,NaN,0,0.276890993118286
A009,A,4,3,1,NaN,NaN,0,0.837245941162109
A009,A,4,4,1,NaN,NaN,0,0.346215963363647
A009,A,4,5,1,NaN,NaN,0,0.170600891113281
A009,A,4,6,NaN,0,1,NaN,0.072376012802124
A009,A,4,7,1,NaN,NaN,0,0.261181116104126
A009,A,4,8,1,NaN,NaN,0,0.833449125289917
A009,A,4,9,1,NaN,NaN,0,0.642717838287354
A009,A,4,10,1,NaN,NaN,0,0.315597057342529
A009,A,4,11,1,NaN,NaN,0,0.076092004776001
A009,A,4,12,1,NaN,NaN,0,0.289424896240234
A009,A,4,13,1,NaN,NaN,0,0.16681694984436
A009,A,4,14,1,NaN,NaN,0,0.615041017532349
A009,A,4,15,1,NaN,NaN,0,0.271231889724731
A009,A,4,16,1,NaN,NaN,0,0.769190073013306
A009,A,4,17,NaN,0,1,NaN,0.31311297416687
A009,A,4,18,1,NaN,NaN,0,0.262484073638916
A009,A,4,19,1,NaN,NaN,0,0.601155042648315
A009,A,4,20,1,NaN,NaN,0,0.18518590927124
A009,A,4,21,1,NaN,NaN,0,0.651170969009399
A009,A,4,22,1,NaN,NaN,0,0.336210012435913
A009,A,4,23,1,NaN,NaN,0,0.0381669998168945
A009,A,4,24,NaN,0,1,NaN,0.275002002716064
A009,A,4,25,1,NaN,NaN,0,0.362021923065186
A009,A,4,26,1,NaN,NaN,0,0.0427260398864746
A009,A,4,27,1,NaN,NaN,0,0.845607995986938
A009,A,4,28,1,NaN,NaN,0,0.501579999923706
A009,A,4,29,1,NaN,NaN,0,0.310534000396729
A009,A,4,30,NaN,0,1,NaN,1.14092993736267
A009,A,4,31,1,NaN,NaN,0,0.936881065368652
A009,A,4,32,1,NaN,NaN,0,0.766027927398682
A009,A,4,33,1,NaN,NaN,0,0.532058954238892
A009,A,4,34,1,NaN,NaN,0,0.412944078445435
A009,A,4,35,1,NaN,NaN,0,0.288463830947876
A009,A,4,36,1,NaN,NaN,0,0.0701329708099365
A009,A,4,37,1,NaN,NaN,0,0.472348928451538
A009,A,4,38,1,NaN,NaN,0,0.380863904953003
A009,A,4,39,1,NaN,NaN,0,0.796559810638428
A009,A,4,40,1,NaN,NaN,0,0.400840997695923
A009,A,4,41,1,NaN,NaN,0,0.0530021190643311
A009,A,4,42,0,NaN,NaN,1,NaN
A009,A,4,43,1,NaN,NaN,0,0.454041004180908
A009,A,4,44,NaN,0,1,NaN,0.0855510234832764
A009,A,4,45,1,NaN,NaN,0,0.792171955108643
A009,A,4,46,1,NaN,NaN,0,0.372927904129028
A009,A,4,47,1,NaN,NaN,0,0.0272321701049805
A009,A,4,48,1,NaN,NaN,0,0.720425844192505
A009,A,4,49,NaN,0,1,NaN,0.986548900604248
A009,A,4,50,1,NaN,NaN,0,1.07275199890137
A009,A,4,51,1,NaN,NaN,0,0.81594705581665
A009,A,4,52,1,NaN,NaN,0,0.54461407661438
A009,A,4,53,1,NaN,NaN,0,0.337821006774902
A009,A,4,54,1,NaN,NaN,0,0.314590930938721
A009,A,4,55,1,NaN,NaN,0,0.0894880294799805
A009,A,4,56,1,NaN,NaN,0,0.550307989120483
A009,A,4,57,NaN,0,1,NaN,0.319494009017944
A009,A,4,58,1,NaN,NaN,0,0.0105700492858887
A009,A,4,59,1,NaN,NaN,0,0.436331987380981
A009,A,4,60,1,NaN,NaN,0,0.0510489940643311
A009,A,4,61,1,NaN,NaN,0,0.369626045227051
A009,A,4,62,1,NaN,NaN,0,0.409307956695557
A009,A,4,63,1,NaN,NaN,0,0.340188026428223
A009,A,4,64,1,NaN,NaN,0,0.733473777770996
A009,A,4,65,1,NaN,NaN,0,0.383098125457764
A009,A,4,66,1,NaN,NaN,0,0.0524380207061768
A009,A,4,67,1,NaN,NaN,0,0.327441930770874
A009,A,4,68,1,NaN,NaN,0,0.728909969329834
A009,A,4,69,1,NaN,NaN,0,0.353776931762695
A009,A,4,70,NaN,1,0,NaN,NaN
A009,A,4,71,1,NaN,NaN,0,0.067317008972168
A009,A,4,72,1,NaN,NaN,0,0.303459167480469
A009,A,4,73,1,NaN,NaN,0,0.121098041534424
A009,A,4,74,1,NaN,NaN,0,0.304085969924927
A009,A,4,75,NaN,0,1,NaN,0.143338918685913
A009,A,4,76,1,NaN,NaN,0,0.710438966751099
A009,A,4,77,1,NaN,NaN,0,0.572738170623779
A009,A,4,78,1,NaN,NaN,0,0.622298955917358
A009,A,4,79,1,NaN,NaN,0,0.39199686050415
A009,A,4,80,1,NaN,NaN,0,0.398905992507935
A009,A,4,81,1,NaN,NaN,0,0.0157358646392822
A009,A,4,82,1,NaN,NaN,0,0.705188989639282
A009,A,4,83,1,NaN,NaN,0,0.355914831161499
A009,A,4,84,NaN,0,1,NaN,0.0371010303497314
A009,A,4,85,1,NaN,NaN,0,0.24256420135498
A009,A,4,86,1,NaN,NaN,0,0.881320953369141
A009,A,4,87,1,NaN,NaN,0,0.04475998878479
A009,A,4,88,1,NaN,NaN,0,0.238050937652588
A009,A,4,89,1,NaN,NaN,0,0.636604070663452
A009,A,4,90,1,NaN,NaN,0,0.195829153060913
A009,A,4,91,1,NaN,NaN,0,0.594372034072876
A009,A,4,92,1,NaN,NaN,0,0.987291097640991
A009,A,4,93,1,NaN,NaN,0,0.446871995925903
A009,A,4,94,1,NaN,NaN,0,0.196861982345581
A009,A,4,95,1,NaN,NaN,0,0.434424877166748
A009,A,4,96,NaN,0,1,NaN,0.183341979980469
A009,A,4,97,1,NaN,NaN,0,0.812896966934204
A009,A,4,98,1,NaN,NaN,0,0.264694929122925
A009,A,4,99,1,NaN,NaN,0,0.629469156265259
A009,A,4,100,1,NaN,NaN,0,0.206088066101074
A009,A,4,101,1,NaN,NaN,0,0.444755077362061
A009,A,4,102,1,NaN,NaN,0,0.130424022674561
A009,A,4,103,NaN,0,1,NaN,0.33824896812439
A009,A,4,104,1,NaN,NaN,0,0.491143941879272
A009,A,4,105,1,NaN,NaN,0,0.285737991333008
A009,A,4,106,1,NaN,NaN,0,0.127059936523438
A009,A,4,107,1,NaN,NaN,0,0.0556099414825439
A009,A,4,108,1,NaN,NaN,0,0.283740043640137
A009,A,4,109,1,NaN,NaN,0,0.675602912902832
A009,A,4,110,1,NaN,NaN,0,0.336150884628296
A009,A,4,111,1,NaN,NaN,0,0.297314882278442
A009,A,4,112,1,NaN,NaN,0,0.929275989532471
A009,A,4,113,NaN,1,0,NaN,NaN
A009,A,4,114,1,NaN,NaN,0,0.244725942611694
A009,A,4,115,1,NaN,NaN,0,0.148200988769531
A009,A,4,116,1,NaN,NaN,0,0.55231499671936
A009,A,4,117,1,NaN,NaN,0,0.325094938278198
A009,A,4,118,1,NaN,NaN,0,0.162204027175903
A009,A,4,119,NaN,0,1,NaN,0.0798430442810059
A009,A,4,120,1,NaN,NaN,0,0.254172086715698
A009,A,4,121,1,NaN,NaN,0,0.0394699573516846
A009,A,4,122,1,NaN,NaN,0,0.307123184204102
A009,A,4,123,1,NaN,NaN,0,0.970428943634033
A009,A,4,124,1,NaN,NaN,0,0.779882192611694
A009,A,4,125,1,NaN,NaN,0,0.315104961395264
A009,A,4,126,1,NaN,NaN,0,0.757179975509644
A009,A,4,127,1,NaN,NaN,0,0.268953084945679
A009,A,4,128,1,NaN,NaN,0,0.755903005599976
A009,A,4,129,1,NaN,NaN,0,0.40894603729248
A009,A,4,130,1,NaN,NaN,0,0.524714946746826
A009,A,4,131,1,NaN,NaN,0,0.250159978866577
A009,A,4,132,NaN,1,0,NaN,NaN
A009,A,4,133,1,NaN,NaN,0,0.114346027374268
A009,A,4,134,1,NaN,NaN,0,0.759850978851318
A009,A,4,135,1,NaN,NaN,0,0.21655797958374
A009,A,4,136,1,NaN,NaN,0,0.758748054504395
A009,A,4,137,1,NaN,NaN,0,0.286399126052856
A009,A,4,138,1,NaN,NaN,0,0.763915061950684
A009,A,4,139,1,NaN,NaN,0,0.500655174255371
A009,A,4,140,1,NaN,NaN,0,0.0412209033966064
A009,A,4,141,1,NaN,NaN,0,0.586499929428101
A009,A,4,142,1,NaN,NaN,0,0.352797031402588
A009,A,4,143,NaN,0,1,NaN,0.371724128723145
A009,A,4,144,1,NaN,NaN,0,0.380691051483154
A009,A,4,145,1,NaN,NaN,0,0.00724220275878906
A009,A,4,146,1,NaN,NaN,0,0.292301177978516
A009,A,4,147,1,NaN,NaN,0,0.725255012512207
A009,A,4,148,NaN,0,1,NaN,0.288578987121582
A009,A,4,149,1,NaN,NaN,0,0.203244209289551
A009,A,4,150,1,NaN,NaN,0,0.561586141586304
A009,A,4,151,1,NaN,NaN,0,0.0990939140319824
A009,A,4,152,1,NaN,NaN,0,0.429675102233887
A009,A,4,153,1,NaN,NaN,0,0.0765039920806885
A009,A,4,154,1,NaN,NaN,0,0.415306091308594
A009,A,4,155,1,NaN,NaN,0,0.261665105819702
A009,A,4,156,1,NaN,NaN,0,0.600210189819336
A009,A,4,157,1,NaN,NaN,0,0.0408279895782471
A009,A,4,158,1,NaN,NaN,0,0.502413034439087
A009,A,4,159,1,NaN,NaN,0,0.144803047180176
A009,A,4,160,NaN,0,1,NaN,1.0789430141449
A009,A,4,161,1,NaN,NaN,0,0.518707990646362
A009,A,4,162,1,NaN,NaN,0,0.0757060050964355
A009,A,4,163,1,NaN,NaN,0,0.804902076721191
A009,A,4,164,1,NaN,NaN,0,0.477948904037476
A009,A,4,165,1,NaN,NaN,0,0.147685050964355
A009,A,4,166,1,NaN,NaN,0,1.02750110626221
A009,A,4,167,1,NaN,NaN,0,0.872348070144653
A009,A,4,168,1,NaN,NaN,0,0.721494197845459
A009,A,4,169,1,NaN,NaN,0,0.427211999893188
A009,A,4,170,NaN,0,1,NaN,0.0424489974975586
A009,A,4,171,1,NaN,NaN,0,0.0183391571044922
A009,A,4,172,1,NaN,NaN,0,0.664825201034546
A009,A,4,173,1,NaN,NaN,0,0.409533023834229
A009,A,4,174,1,NaN,NaN,0,0.0891809463500977
A009,A,4,175,1,NaN,NaN,0,0.991371870040894
A009,A,4,176,1,NaN,NaN,0,0.824445009231567
A009,A,4,177,1,NaN,NaN,0,0.447420835494995
A009,A,4,178,1,NaN,NaN,0,0.185786008834839
A009,A,4,179,NaN,0,1,NaN,0.999632120132446
A009,A,4,180,1,NaN,NaN,0,0.711083889007568
A009,A,4,181,1,NaN,NaN,0,0.304301023483276
A009,A,4,182,1,NaN,NaN,0,0.14695405960083
A009,A,4,183,1,NaN,NaN,0,0.536579132080078
A009,A,4,184,1,NaN,NaN,0,0.223610877990723
A009,A,4,185,1,NaN,NaN,0,0.8248131275177
A009,A,4,186,NaN,0,1,NaN,0.28216814994812
A009,A,4,187,1,NaN,NaN,0,0.811450958251953
A009,A,4,188,1,NaN,NaN,0,0.453596830368042
A009,A,4,189,1,NaN,NaN,0,0.20209789276123
A009,A,4,190,1,NaN,NaN,0,0.167604923248291
A009,A,4,191,1,NaN,NaN,0,0.679020166397095
A009,A,4,192,NaN,0,1,NaN,0.264385938644409
A009,A,4,193,1,NaN,NaN,0,0.079211950302124
A009,A,4,194,1,NaN,NaN,0,0.186440944671631
A009,A,4,195,1,NaN,NaN,0,0.260120153427124
A009,A,4,196,1,NaN,NaN,0,0.0297970771789551
A009,A,4,197,1,NaN,NaN,0,0.724735975265503
A009,A,4,198,1,NaN,NaN,0,0.397298812866211
A009,A,4,199,1,NaN,NaN,0,0.28245210647583
A009,A,4,200,1,NaN,NaN,0,0.850428104400635
A009,A,4,201,1,NaN,NaN,0,0.859078884124756
A009,A,4,202,1,NaN,NaN,0,0.498356103897095
A009,A,4,203,1,NaN,NaN,0,0.140947103500366
A009,A,4,204,1,NaN,NaN,0,0.387897968292236
A009,A,4,205,NaN,0,1,NaN,0.73956298828125
A009,A,4,206,1,NaN,NaN,0,0.310631990432739
A009,A,4,207,1,NaN,NaN,0,0.773337125778198
A009,A,4,208,1,NaN,NaN,0,0.344184160232544
A009,A,4,209,1,NaN,NaN,0,0.0978679656982422
A009,A,4,210,1,NaN,NaN,0,0.660967111587524
A009,A,4,211,1,NaN,NaN,0,0.322053194046021
A009,A,4,212,1,NaN,NaN,0,0.767004013061523
A009,A,4,213,NaN,0,1,NaN,0.251076936721802
A009,A,4,214,1,NaN,NaN,0,0.0205740928649902
A009,A,4,215,1,NaN,NaN,0,0.859895944595337
A009,A,4,216,1,NaN,NaN,0,0.424145936965942
A009,A,4,217,1,NaN,NaN,0,0.119604110717773
A009,A,4,218,1,NaN,NaN,0,0.439707040786743
A009,A,4,219,0,NaN,NaN,1,NaN
A009,A,4,220,1,NaN,NaN,0,0.0751118659973145
A009,A,4,221,1,NaN,NaN,0,0.772329092025757
A009,A,4,222,NaN,0,1,NaN,0.445727109909058
A009,A,4,223,1,NaN,NaN,0,0.173494815826416
A009,A,4,224,1,NaN,NaN,0,0.40517783164978
A009,A,4,225,1,NaN,NaN,0,0.438217163085938
A009,A,4,226,1,NaN,NaN,0,0.726194858551025
A009,A,4,227,1,NaN,NaN,0,0.36200213432312
A009,A,4,228,1,NaN,NaN,0,0.882859945297241
A009,A,4,229,1,NaN,NaN,0,0.612223863601685
A009,A,4,230,NaN,0,1,NaN,0.336705207824707
A009,A,4,231,1,NaN,NaN,0,0.559042930603027
A009,A,4,232,1,NaN,NaN,0,0.158329010009766
A009,A,4,233,1,NaN,NaN,0,0.887930154800415
A009,A,4,234,1,NaN,NaN,0,0.776972055435181
A009,A,4,235,1,NaN,NaN,0,0.546877145767212
A009,A,4,236,NaN,0,1,NaN,0.224132061004639
A009,A,4,237,1,NaN,NaN,0,0.921421051025391
A009,A,4,238,1,NaN,NaN,0,0.744812965393066
A009,A,4,239,1,NaN,NaN,0,0.421540021896362
A009,A,4,240,1,NaN,NaN,0,0.196201801300049
A009,A,4,241,1,NaN,NaN,0,0.17451810836792
A009,A,4,242,1,NaN,NaN,0,0.0352380275726318
A009,A,4,243,1,NaN,NaN,0,0.707817077636719
A009,A,4,244,1,NaN,NaN,0,0.299079895019531
A009,A,4,245,1,NaN,NaN,0,0.028313159942627
A009,A,4,246,1,NaN,NaN,0,0.740751028060913
A009,A,4,247,1,NaN,NaN,0,0.466011047363281
A009,A,4,248,1,NaN,NaN,0,0.632689952850342
A009,A,4,249,1,NaN,NaN,0,0.137672901153564
A009,A,4,250,1,NaN,NaN,0,0.851927995681763
A009,A,4,251,NaN,0,1,NaN,0.637449026107788
A009,A,4,252,1,NaN,NaN,0,0.369215965270996
A009,A,4,253,1,NaN,NaN,0,0.676665067672729
A009,A,4,254,1,NaN,NaN,0,0.454535961151123
A009,A,4,255,1,NaN,NaN,0,0.223315000534058
A009,A,4,256,1,NaN,NaN,0,0.743741989135742
A009,A,4,257,NaN,0,1,NaN,0.364650011062622
A009,A,4,258,1,NaN,NaN,0,0.226229190826416
A009,A,4,259,1,NaN,NaN,0,0.0390939712524414
A009,A,4,260,1,NaN,NaN,0,0.457900047302246
A009,A,4,261,1,NaN,NaN,0,0.271474123001099
A009,A,4,262,1,NaN,NaN,0,0.675748109817505
A009,A,4,263,1,NaN,NaN,0,0.426975965499878
A009,A,4,264,NaN,0,1,NaN,0.0308640003204346
A009,A,4,265,1,NaN,NaN,0,0.108376026153564
A009,A,4,266,1,NaN,NaN,0,0.434207916259766
A009,A,4,267,1,NaN,NaN,0,0.167781114578247
A009,A,4,268,1,NaN,NaN,0,0.796750068664551
A009,A,4,269,1,NaN,NaN,0,0.414970874786377
A009,A,4,270,1,NaN,NaN,0,0.24950098991394
A009,A,4,271,1,NaN,NaN,0,0.574888229370117
A009,A,4,272,1,NaN,NaN,0,0.374181032180786
A009,A,4,273,NaN,0,1,NaN,0.127908945083618
A009,A,4,274,1,NaN,NaN,0,0.550181150436401
A009,A,4,275,1,NaN,NaN,0,0.323295831680298
A009,A,4,276,1,NaN,NaN,0,0.700508117675781
A009,A,4,277,1,NaN,NaN,0,0.90531587600708
A009,A,4,278,1,NaN,NaN,0,0.431053161621094
A009,A,4,279,1,NaN,NaN,0,0.235207080841064
A009,A,4,280,1,NaN,NaN,0,0.580902099609375
A009,A,4,281,1,NaN,NaN,0,0.228747129440308
A009,A,4,282,1,NaN,NaN,0,0.771338939666748
A009,A,4,283,1,NaN,NaN,0,0.292275905609131
A009,A,4,284,NaN,1,0,NaN,NaN
A009,A,4,285,1,NaN,NaN,0,0.116825103759766
A009,A,4,286,1,NaN,NaN,0,0.603701114654541
A009,A,4,287,1,NaN,NaN,0,0.597569942474365
A009,A,4,288,1,NaN,NaN,0,0.136681079864502
A009,A,4,289,1,NaN,NaN,0,0.376153230667114
A009,A,4,290,1,NaN,NaN,0,0.624769926071167
A009,A,4,291,1,NaN,NaN,0,0.350426912307739
A009,A,4,292,1,NaN,NaN,0,0.915555000305176
A009,A,4,293,1,NaN,NaN,0,0.55210280418396
A009,A,4,294,NaN,0,1,NaN,0.333847999572754
A009,A,4,295,1,NaN,NaN,0,0.433063983917236
A009,A,4,296,1,NaN,NaN,0,0.103502988815308
A009,A,4,297,1,NaN,NaN,0,0.603233098983765
A009,A,4,298,1,NaN,NaN,0,0.276395082473755
A009,A,4,299,1,NaN,NaN,0,0.789813995361328
A009,A,4,300,1,NaN,NaN,0,0.474677085876465
A009,A,4,301,NaN,1,0,NaN,NaN
A009,A,4,302,1,NaN,NaN,0,0.0573759078979492
A009,A,4,303,1,NaN,NaN,0,0.517636060714722
A009,A,4,304,1,NaN,NaN,0,0.0223360061645508
A009,A,4,305,1,NaN,NaN,0,0.378237962722778
A009,A,4,306,1,NaN,NaN,0,0.24271297454834
A009,A,4,307,1,NaN,NaN,0,0.572859048843384
A009,A,4,308,1,NaN,NaN,0,0.238896131515503
A009,A,4,309,1,NaN,NaN,0,0.445536851882935
A009,A,4,310,1,NaN,NaN,0,0.119333982467651
A009,A,4,311,1,NaN,NaN,0,0.463562965393066
A009,A,4,312,NaN,0,1,NaN,0.0902180671691895
A009,A,4,313,1,NaN,NaN,0,0.331253051757812
A009,A,4,314,1,NaN,NaN,0,0.736527919769287
A009,A,4,315,1,NaN,NaN,0,0.313093185424805
A009,A,4,316,1,NaN,NaN,0,0.767631053924561
A009,A,4,317,1,NaN,NaN,0,0.30968189239502
A009,A,4,318,1,NaN,NaN,0,0.752714872360229
A009,A,4,319,NaN,0,1,NaN,1.01316499710083
A009,A,4,320,1,NaN,NaN,0,0.489727973937988
A009,A,4,321,1,NaN,NaN,0,0.26075291633606
A009,A,4,322,1,NaN,NaN,0,0.565314054489136
A009,A,4,323,1,NaN,NaN,0,0.809766054153442
A009,A,4,324,1,NaN,NaN,0,0.570838928222656
A009,A,4,325,1,NaN,NaN,0,0.635483980178833
A009,A,4,326,NaN,0,1,NaN,0.435446977615356
A009,A,4,327,1,NaN,NaN,0,0.285570859909058
A009,A,4,328,1,NaN,NaN,0,0.750746011734009
A009,A,4,329,1,NaN,NaN,0,0.460784196853638
A009,A,4,330,1,NaN,NaN,0,0.558528900146484
A009,A,4,331,1,NaN,NaN,0,0.30002498626709
A009,A,4,332,1,NaN,NaN,0,0.416538953781128
A009,A,4,333,1,NaN,NaN,0,0.192631006240845
A009,A,4,334,1,NaN,NaN,0,0.911221981048584
A009,A,4,335,1,NaN,NaN,0,0.532533884048462
A009,A,4,336,1,NaN,NaN,0,0.157847166061401
A009,A,4,337,1,NaN,NaN,0,0.643829107284546
A009,A,4,338,NaN,0,1,NaN,0.570175886154175
A009,A,4,339,1,NaN,NaN,0,0.212337970733643
A009,A,4,340,1,NaN,NaN,0,0.025324821472168
A009,A,4,341,1,NaN,NaN,0,0.505247831344604
A009,A,4,342,1,NaN,NaN,0,0.305729866027832
A009,A,4,343,1,NaN,NaN,0,0.78647780418396
A009,A,4,344,1,NaN,NaN,0,0.307884931564331
A009,A,4,345,1,NaN,NaN,0,0.704663991928101
A009,A,4,346,NaN,0,1,NaN,0.392283916473389
A009,A,4,347,1,NaN,NaN,0,0.0161359310150146
A009,A,4,348,1,NaN,NaN,0,0.531529903411865
A009,A,4,349,1,NaN,NaN,0,0.222299098968506
A009,A,4,350,1,NaN,NaN,0,0.466361045837402
A009,A,4,351,1,NaN,NaN,0,0.0576949119567871
A009,A,4,352,1,NaN,NaN,0,0.746600151062012
A009,A,4,353,1,NaN,NaN,0,0.346374988555908
A009,A,4,354,1,NaN,NaN,0,0.68164587020874
A009,A,4,355,1,NaN,NaN,0,0.381314992904663
A009,A,4,356,1,NaN,NaN,0,0.546416044235229
A009,A,4,357,1,NaN,NaN,0,0.250301122665405
A009,A,4,358,1,NaN,NaN,0,0.0418310165405273
A009,A,4,359,NaN,0,1,NaN,0.320597171783447
A009,A,4,360,1,NaN,NaN,0,0.0683281421661377
A009,A,4,361,1,NaN,NaN,0,0.817440032958984
A009,A,4,362,NaN,0,1,NaN,0.59965991973877
A009,A,4,363,1,NaN,NaN,0,0.352475166320801
A009,A,4,364,1,NaN,NaN,0,0.134955883026123
A009,A,4,365,1,NaN,NaN,0,0.789782047271729
A009,A,4,366,1,NaN,NaN,0,0.782567024230957
A009,A,4,367,1,NaN,NaN,0,0.412528991699219
A009,A,4,368,1,NaN,NaN,0,0.514769077301025
A009,A,4,369,1,NaN,NaN,0,0.0349280834197998
A009,A,4,370,1,NaN,NaN,0,0.404186964035034
A009,A,4,371,1,NaN,NaN,0,0.165248870849609
A009,A,4,372,1,NaN,NaN,0,0.753941059112549
A009,A,4,373,1,NaN,NaN,0,0.642219066619873
A009,A,4,374,NaN,0,1,NaN,0.748006820678711
A009,A,4,375,0,NaN,NaN,1,NaN
A009,A,4,376,1,NaN,NaN,0,0.546621084213257
A009,A,4,377,0,NaN,NaN,1,NaN
A009,A,4,378,0,NaN,NaN,1,NaN
A009,A,4,379,1,NaN,NaN,0,0.768711090087891
A009,A,4,380,1,NaN,NaN,0,0.757351875305176
A009,A,4,381,1,NaN,NaN,0,1.10105991363525
A009,A,4,382,1,NaN,NaN,0,0.786524057388306
A009,A,4,383,1,NaN,NaN,0,0.588397026062012
A009,A,4,384,1,NaN,NaN,0,0.258785009384155
A009,A,4,385,NaN,1,0,NaN,NaN
A009,A,4,386,1,NaN,NaN,0,0.445345878601074
A009,A,4,387,1,NaN,NaN,0,0.316301107406616
A009,A,4,388,1,NaN,NaN,0,0.225419044494629
A009,A,4,389,1,NaN,NaN,0,0.682192087173462
A009,A,4,390,NaN,0,1,NaN,1.09238314628601
A009,A,4,391,0,NaN,NaN,1,NaN
A009,A,4,392,1,NaN,NaN,0,0.347885847091675
A009,A,4,393,1,NaN,NaN,0,0.294198036193848
A009,A,4,394,1,NaN,NaN,0,0.323787927627563
A009,A,4,395,1,NaN,NaN,0,0.477314949035645
A009,A,4,396,1,NaN,NaN,0,0.218322992324829
A009,A,4,397,1,NaN,NaN,0,0.096764087677002
A009,A,4,398,NaN,0,1,NaN,0.987052917480469
A009,A,4,399,1,NaN,NaN,0,0.865830183029175
A009,A,4,400,1,NaN,NaN,0,0.491045951843262
A009,A,4,401,1,NaN,NaN,0,0.138174772262573
A009,A,4,402,1,NaN,NaN,0,0.377872943878174
A009,A,4,403,1,NaN,NaN,0,0.0751581192016602
A009,A,4,404,1,NaN,NaN,0,0.700477123260498
A009,A,4,405,0,NaN,NaN,1,NaN
A009,A,4,406,1,NaN,NaN,0,0.00575900077819824
A009,A,4,407,1,NaN,NaN,0,0.586166858673096
A009,A,4,408,NaN,1,0,NaN,NaN
A009,A,4,409,1,NaN,NaN,0,0.120406150817871
A009,A,4,410,1,NaN,NaN,0,0.369198083877563
A009,A,4,411,0,NaN,NaN,1,NaN
A009,A,4,412,1,NaN,NaN,0,0.33094596862793
A009,A,4,413,1,NaN,NaN,0,0.144198179244995
A009,A,4,414,0,NaN,NaN,1,NaN
A009,A,4,415,1,NaN,NaN,0,0.337332010269165
A009,A,4,416,1,NaN,NaN,0,0.487023830413818
A009,A,4,417,0,NaN,NaN,1,NaN
A009,A,4,418,0,NaN,NaN,1,NaN
A009,A,4,419,NaN,0,1,NaN,0.0701110363006592
A009,A,4,420,1,NaN,NaN,0,0.377312898635864
A009,A,4,421,1,NaN,NaN,0,0.230576992034912
A009,A,4,422,1,NaN,NaN,0,0.120804786682129
A009,A,4,423,0,NaN,NaN,1,NaN
A009,A,4,424,1,NaN,NaN,0,0.202910900115967
A009,A,4,425,0,NaN,NaN,1,NaN
A009,A,4,426,1,NaN,NaN,0,0.0769920349121094
A009,A,4,427,1,NaN,NaN,0,0.659316062927246
A009,A,4,428,0,NaN,NaN,1,NaN
A009,A,4,429,0,NaN,NaN,1,NaN
A009,A,4,430,1,NaN,NaN,0,0.15300989151001
A009,A,4,431,NaN,0,1,NaN,0.00657510757446289
A009,A,4,432,1,NaN,NaN,0,0.797516107559204
A009,A,4,433,0,NaN,NaN,1,NaN
A009,A,4,434,0,NaN,NaN,1,NaN
A009,A,4,435,0,NaN,NaN,1,NaN
A009,A,4,436,0,NaN,NaN,1,NaN
A009,A,4,437,NaN,1,0,NaN,NaN
A009,A,4,438,0,NaN,NaN,1,NaN
A009,A,4,439,0,NaN,NaN,1,NaN
A009,A,4,440,1,NaN,NaN,0,0.065065860748291
A009,A,4,441,1,NaN,NaN,0,1.05026793479919
A009,A,4,442,1,NaN,NaN,0,0.831207990646362
A009,A,4,443,1,NaN,NaN,0,0.624644994735718
A009,A,4,444,1,NaN,NaN,0,0.170030117034912
A009,A,4,445,1,NaN,NaN,0,0.842782974243164
A009,A,4,446,1,NaN,NaN,0,0.480058908462524
A009,A,4,447,NaN,0,1,NaN,0.151969194412231
A009,A,4,448,1,NaN,NaN,0,0.199478149414062
A009,A,4,449,1,NaN,NaN,0,0.19734787940979
A009,A,4,450,1,NaN,NaN,0,0.917693138122559
A009,A,4,451,1,NaN,NaN,0,0.742341041564941
A009,A,4,452,NaN,0,1,NaN,0.540838003158569
A009,A,4,453,1,NaN,NaN,0,0.465744972229004
A009,A,4,454,1,NaN,NaN,0,0.141071081161499
A009,A,4,455,1,NaN,NaN,0,0.0579519271850586
A009,A,4,456,1,NaN,NaN,0,0.31072211265564
A009,A,4,457,1,NaN,NaN,0,0.0752959251403809
A009,A,4,458,1,NaN,NaN,0,0.294134140014648
A009,A,4,459,1,NaN,NaN,0,0.0925898551940918
A009,A,4,460,1,NaN,NaN,0,0.239492177963257
A009,A,4,461,1,NaN,NaN,0,1.0879909992218
A009,A,4,462,1,NaN,NaN,0,0.79209303855896
A009,A,4,463,1,NaN,NaN,0,0.514743804931641
A009,A,4,464,NaN,0,1,NaN,0.260075092315674
A009,A,4,465,1,NaN,NaN,0,0.817082166671753
A009,A,4,466,1,NaN,NaN,0,0.285619020462036
A009,A,4,467,1,NaN,NaN,0,0.690729141235352
A009,A,4,468,1,NaN,NaN,0,0.279417991638184
A009,A,4,469,1,NaN,NaN,0,0.673897981643677
A009,A,4,470,1,NaN,NaN,0,0.360300064086914
A009,A,4,471,1,NaN,NaN,0,0.0664739608764648
A009,A,4,472,1,NaN,NaN,0,0.694981813430786
A009,A,4,473,1,NaN,NaN,0,0.389024019241333
A009,A,4,474,1,NaN,NaN,0,0.264286994934082
A009,A,4,475,NaN,0,1,NaN,0.712509155273438
A009,A,4,476,1,NaN,NaN,0,0.569208145141602
A009,A,4,477,1,NaN,NaN,0,0.757841110229492
A009,A,4,478,1,NaN,NaN,0,1.22221302986145
A009,A,4,479,0,NaN,NaN,1,NaN
A009,A,4,480,0,NaN,NaN,1,NaN
A009,A,4,481,0,NaN,NaN,1,NaN
A009,A,4,482,NaN,1,0,NaN,NaN
A009,A,4,483,1,NaN,NaN,0,0.0336658954620361
A009,A,4,484,1,NaN,NaN,0,1.18650388717651
A009,A,4,485,0,NaN,NaN,1,NaN
A009,A,4,486,1,NaN,NaN,0,0.0192179679870605
A009,A,4,487,1,NaN,NaN,0,0.285040140151978
A009,A,4,488,1,NaN,NaN,0,0.845813035964966
A009,A,4,489,1,NaN,NaN,0,0.953813076019287
A009,A,4,490,1,NaN,NaN,0,0.827252149581909
A009,A,4,491,NaN,0,1,NaN,1.09632897377014
A009,A,4,492,0,NaN,NaN,1,NaN
A009,A,4,493,1,NaN,NaN,0,0.228709936141968
A009,A,4,494,1,NaN,NaN,0,0.62189793586731
A009,A,4,495,1,NaN,NaN,0,0.539125919342041
A009,A,4,496,1,NaN,NaN,0,0.479584932327271
A009,A,4,497,1,NaN,NaN,0,0.653139114379883
A009,A,4,498,1,NaN,NaN,0,0.82243800163269
A009,A,4,499,0,NaN,NaN,1,NaN
A009,A,4,500,1,NaN,NaN,0,0.17463207244873
A009,A,4,501,1,NaN,NaN,0,1.0121648311615
A009,A,4,502,NaN,1,0,NaN,NaN
A009,A,4,503,1,NaN,NaN,0,0.468816041946411
A009,A,4,504,1,NaN,NaN,0,0.945791959762573
A009,A,4,505,0,NaN,NaN,1,NaN
A009,A,4,506,1,NaN,NaN,0,0.288272857666016
A009,A,4,507,1,NaN,NaN,0,0.357425928115845
A009,A,4,508,1,NaN,NaN,0,0.380016088485718
A009,A,4,509,1,NaN,NaN,0,0.409080028533936
A009,A,4,510,1,NaN,NaN,0,0.182444095611572
A009,A,4,511,1,NaN,NaN,0,0.751266956329346
A009,A,4,512,NaN,0,1,NaN,0.540233850479126
A009,A,4,513,1,NaN,NaN,0,0.750185966491699
A009,A,4,514,1,NaN,NaN,0,0.309859037399292
A009,A,4,515,1,NaN,NaN,0,0.340349197387695
A009,A,4,516,NaN,1,0,NaN,NaN
A009,A,4,517,1,NaN,NaN,0,0.318762063980103
A009,A,4,518,1,NaN,NaN,0,0.797768115997314
A009,A,4,519,1,NaN,NaN,0,0.455214023590088
A009,A,4,520,1,NaN,NaN,0,0.563231945037842
A009,A,4,521,1,NaN,NaN,0,0.236534118652344
A009,A,4,522,1,NaN,NaN,0,1.01597094535828
A009,A,4,523,1,NaN,NaN,0,1.03667092323303
A009,A,4,524,0,NaN,NaN,1,NaN
A009,A,4,525,1,NaN,NaN,0,0.07151198387146
A009,A,4,526,NaN,0,1,NaN,0.681421041488647
A009,A,4,527,1,NaN,NaN,0,0.398283958435059
A009,A,4,528,1,NaN,NaN,0,0.244364023208618
A009,A,4,529,1,NaN,NaN,0,0.893928050994873
A009,A,4,530,1,NaN,NaN,0,0.603368997573853
A009,A,4,531,1,NaN,NaN,0,0.231060028076172
A009,A,4,532,1,NaN,NaN,0,0.678951025009155
A009,A,4,533,1,NaN,NaN,0,0.348475933074951
A009,A,4,534,1,NaN,NaN,0,0.0222420692443848
A009,A,4,535,1,NaN,NaN,0,0.585942029953003
A009,A,4,536,1,NaN,NaN,0,0.329254865646362
A009,A,4,537,NaN,0,1,NaN,0.820019006729126
A009,A,4,538,1,NaN,NaN,0,0.608487129211426
A009,A,4,539,1,NaN,NaN,0,0.226212024688721
A009,A,4,540,1,NaN,NaN,0,0.86837100982666
A009,A,4,541,1,NaN,NaN,0,0.725939035415649
A009,A,4,542,1,NaN,NaN,0,0.533525943756104
A009,A,4,543,NaN,0,1,NaN,0.104261875152588
A009,A,4,544,1,NaN,NaN,0,0.568274021148682
A009,A,4,545,0,NaN,NaN,1,NaN
A009,A,4,546,1,NaN,NaN,0,0.549219131469727
A009,A,4,547,1,NaN,NaN,0,0.105379104614258
A009,A,4,548,1,NaN,NaN,0,0.647750854492188
A009,A,4,549,1,NaN,NaN,0,0.522878885269165
A009,A,4,550,0,NaN,NaN,1,NaN
A009,A,4,551,NaN,1,0,NaN,NaN
A009,A,4,552,0,NaN,NaN,1,NaN
A009,A,4,553,0,NaN,NaN,1,NaN
A009,A,4,554,0,NaN,NaN,1,NaN
A009,A,4,555,0,NaN,NaN,1,NaN
A009,A,4,556,0,NaN,NaN,1,NaN
A009,A,4,557,0,NaN,NaN,1,NaN
A009,A,4,558,0,NaN,NaN,1,NaN
A009,A,4,559,0,NaN,NaN,1,NaN
A009,A,4,560,0,NaN,NaN,1,NaN
A009,A,4,561,1,NaN,NaN,0,0.877980947494507
A009,A,4,562,1,NaN,NaN,0,0.461436986923218
A009,A,4,563,1,NaN,NaN,0,0.198673009872437
A009,A,4,564,NaN,1,0,NaN,NaN
A009,A,4,565,1,NaN,NaN,0,0.133360862731934
A009,A,4,566,1,NaN,NaN,0,0.0465559959411621
A009,A,4,567,1,NaN,NaN,0,0.253175973892212
A009,A,4,568,1,NaN,NaN,0,0.199666023254395
A009,A,4,569,1,NaN,NaN,0,0.350690841674805
A009,A,4,570,1,NaN,NaN,0,0.292474031448364
A009,A,4,571,1,NaN,NaN,0,0.305967092514038
A009,A,4,572,1,NaN,NaN,0,0.562402963638306
A009,A,4,573,NaN,0,1,NaN,0.682194948196411
A009,A,4,574,1,NaN,NaN,0,0.38984203338623
A009,A,4,575,0,NaN,NaN,1,NaN
A009,A,4,576,1,NaN,NaN,0,0.369980096817017
A009,A,4,577,1,NaN,NaN,0,0.0443019866943359
