SubID,Group,BlockN,nTrial,GoTrials,NoGoTrials,FA,Misses,RT
C044,C,1,1,1,NaN,NaN,0,0.539582967758179
C044,C,1,2,1,NaN,NaN,0,0.441838026046753
C044,C,1,3,NaN,1,0,NaN,NaN
C044,C,1,4,1,NaN,NaN,0,0.431511878967285
C044,C,1,5,1,NaN,NaN,0,0.307325839996338
C044,C,1,6,1,NaN,NaN,0,0.273130893707275
C044,C,1,7,1,NaN,NaN,0,0.326179981231689
C044,C,1,8,1,NaN,NaN,0,0.333259105682373
C044,C,1,9,1,NaN,NaN,0,0.319278001785278
C044,C,1,10,1,NaN,NaN,0,0.33434796333313
C044,C,1,11,1,NaN,NaN,0,0.443137168884277
C044,C,1,12,1,NaN,NaN,0,0.33935809135437
C044,C,1,13,1,NaN,NaN,0,0.333121776580811
C044,C,1,14,1,NaN,NaN,0,0.442353010177612
C044,C,1,15,1,NaN,NaN,0,0.317931890487671
C044,C,1,16,NaN,1,0,NaN,NaN
C044,C,1,17,1,NaN,NaN,0,0.35715389251709
C044,C,1,18,1,NaN,NaN,0,0.303309917449951
C044,C,1,19,1,NaN,NaN,0,0.337180137634277
C044,C,1,20,NaN,0,1,NaN,NaN
C044,C,1,21,1,NaN,NaN,0,0.360325813293457
C044,C,1,22,1,NaN,NaN,0,0.41792893409729
C044,C,1,23,1,NaN,NaN,0,0.400383949279785
C044,C,1,24,1,NaN,NaN,0,0.385199069976807
C044,C,1,25,1,NaN,NaN,0,0.364286184310913
C044,C,1,26,1,NaN,NaN,0,0.337777853012085
C044,C,1,27,1,NaN,NaN,0,0.434468984603882
C044,C,1,28,1,NaN,NaN,0,0.37367582321167
C044,C,1,29,1,NaN,NaN,0,0.433436155319214
C044,C,1,30,1,NaN,NaN,0,0.455931901931763
C044,C,1,31,1,NaN,NaN,0,0.494300842285156
C044,C,1,32,NaN,1,0,NaN,NaN
C044,C,1,33,1,NaN,NaN,0,0.501036882400513
C044,C,1,34,1,NaN,NaN,0,0.377276182174683
C044,C,1,35,1,NaN,NaN,0,0.351421117782593
C044,C,1,36,1,NaN,NaN,0,0.363670110702515
C044,C,1,37,1,NaN,NaN,0,0.331008911132812
C044,C,1,38,1,NaN,NaN,0,0.351398944854736
C044,C,1,39,NaN,1,0,NaN,NaN
C044,C,1,40,1,NaN,NaN,0,0.466641902923584
C044,C,1,41,1,NaN,NaN,0,0.271803855895996
C044,C,1,42,1,NaN,NaN,0,0.301378965377808
C044,C,1,43,1,NaN,NaN,0,0.233628034591675
C044,C,1,44,1,NaN,NaN,0,0.283726930618286
C044,C,1,45,1,NaN,NaN,0,0.424389123916626
C044,C,1,46,1,NaN,NaN,0,0.670270919799805
C044,C,1,47,1,NaN,NaN,0,0.532807111740112
C044,C,1,48,1,NaN,NaN,0,0.488130807876587
C044,C,1,49,NaN,1,0,NaN,NaN
C044,C,1,50,1,NaN,NaN,0,0.362229108810425
C044,C,1,51,1,NaN,NaN,0,0.308838844299316
C044,C,1,52,1,NaN,NaN,0,0.31019401550293
C044,C,1,53,1,NaN,NaN,0,0.27332615852356
C044,C,1,54,1,NaN,NaN,0,0.274192094802856
C044,C,1,55,1,NaN,NaN,0,0.258455038070679
C044,C,1,56,1,NaN,NaN,0,0.242357015609741
C044,C,1,57,1,NaN,NaN,0,0.289289951324463
C044,C,1,58,1,NaN,NaN,0,0.224790096282959
C044,C,1,59,1,NaN,NaN,0,0.288400173187256
C044,C,1,60,NaN,1,0,NaN,NaN
C044,C,1,61,1,NaN,NaN,0,0.426973104476929
C044,C,1,62,1,NaN,NaN,0,0.460052013397217
C044,C,1,63,1,NaN,NaN,0,0.464670896530151
C044,C,1,64,1,NaN,NaN,0,0.318289041519165
C044,C,1,65,1,NaN,NaN,0,0.151620864868164
C044,C,1,66,NaN,0,1,NaN,NaN
C044,C,1,67,1,NaN,NaN,0,0.295262098312378
C044,C,1,68,1,NaN,NaN,0,0.412136077880859
C044,C,1,69,1,NaN,NaN,0,0.388430118560791
C044,C,1,70,1,NaN,NaN,0,0.449795007705688
C044,C,1,71,1,NaN,NaN,0,0.522614002227783
C044,C,1,72,1,NaN,NaN,0,0.447754144668579
C044,C,1,73,1,NaN,NaN,0,0.506960868835449
C044,C,1,74,1,NaN,NaN,0,0.486201047897339
C044,C,1,75,NaN,1,0,NaN,NaN
C044,C,1,76,1,NaN,NaN,0,0.40349006652832
C044,C,1,77,1,NaN,NaN,0,0.342082023620605
C044,C,1,78,1,NaN,NaN,0,0.380635023117065
C044,C,1,79,1,NaN,NaN,0,0.392127990722656
C044,C,1,80,1,NaN,NaN,0,0.43346905708313
C044,C,1,81,1,NaN,NaN,0,0.44242787361145
C044,C,1,82,1,NaN,NaN,0,0.521583080291748
C044,C,1,83,1,NaN,NaN,0,0.426805973052979
C044,C,1,84,1,NaN,NaN,0,0.353371858596802
C044,C,1,85,1,NaN,NaN,0,0.378402948379517
C044,C,1,86,1,NaN,NaN,0,0.353509187698364
C044,C,1,87,1,NaN,NaN,0,0.422837018966675
C044,C,1,88,NaN,1,0,NaN,NaN
C044,C,1,89,1,NaN,NaN,0,0.373889923095703
C044,C,1,90,1,NaN,NaN,0,0.277672052383423
C044,C,1,91,1,NaN,NaN,0,0.365999937057495
C044,C,1,92,1,NaN,NaN,0,0.347569942474365
C044,C,1,93,1,NaN,NaN,0,0.494920015335083
C044,C,1,94,1,NaN,NaN,0,0.499940872192383
C044,C,1,95,NaN,1,0,NaN,NaN
C044,C,1,96,1,NaN,NaN,0,0.576424837112427
C044,C,1,97,1,NaN,NaN,0,0.535938024520874
C044,C,1,98,1,NaN,NaN,0,0.553206920623779
C044,C,1,99,1,NaN,NaN,0,0.324759960174561
C044,C,1,100,1,NaN,NaN,0,0.355602979660034
C044,C,1,101,1,NaN,NaN,0,0.288452863693237
C044,C,1,102,1,NaN,NaN,0,0.38994312286377
C044,C,1,103,1,NaN,NaN,0,0.310957908630371
C044,C,1,104,1,NaN,NaN,0,0.375005006790161
C044,C,1,105,1,NaN,NaN,0,0.410931825637817
C044,C,1,106,NaN,1,0,NaN,NaN
C044,C,1,107,1,NaN,NaN,0,0.345907926559448
C044,C,1,108,1,NaN,NaN,0,0.330754041671753
C044,C,1,109,1,NaN,NaN,0,0.298909902572632
C044,C,1,110,1,NaN,NaN,0,0.346493005752563
C044,C,1,111,1,NaN,NaN,0,0.294969081878662
C044,C,1,112,1,NaN,NaN,0,0.331610918045044
C044,C,1,113,NaN,0,1,NaN,NaN
C044,C,1,114,1,NaN,NaN,0,0.349175930023193
C044,C,1,115,1,NaN,NaN,0,0.409274816513062
C044,C,1,116,1,NaN,NaN,0,0.293789863586426
C044,C,1,117,1,NaN,NaN,0,0.362815141677856
C044,C,1,118,1,NaN,NaN,0,0.291289806365967
C044,C,1,119,1,NaN,NaN,0,0.281622886657715
C044,C,1,120,1,NaN,NaN,0,0.248678922653198
C044,C,1,121,NaN,1,0,NaN,NaN
C044,C,1,122,1,NaN,NaN,0,0.377692937850952
C044,C,1,123,1,NaN,NaN,0,0.3312828540802
C044,C,1,124,1,NaN,NaN,0,0.388242959976196
C044,C,1,125,1,NaN,NaN,0,0.388883829116821
C044,C,1,126,1,NaN,NaN,0,0.376895904541016
C044,C,1,127,1,NaN,NaN,0,0.39567494392395
C044,C,1,128,1,NaN,NaN,0,0.466519117355347
C044,C,1,129,1,NaN,NaN,0,0.439934968948364
C044,C,1,130,1,NaN,NaN,0,0.432427883148193
C044,C,1,131,1,NaN,NaN,0,0.347188949584961
C044,C,1,132,1,NaN,NaN,0,0.323825120925903
C044,C,1,133,NaN,0,1,NaN,NaN
C044,C,1,134,1,NaN,NaN,0,0.340002059936523
C044,C,1,135,1,NaN,NaN,0,0.394365072250366
C044,C,1,136,1,NaN,NaN,0,0.377433061599731
C044,C,1,137,1,NaN,NaN,0,0.515264987945557
C044,C,1,138,1,NaN,NaN,0,0.473542928695679
C044,C,1,139,1,NaN,NaN,0,0.405699968338013
C044,C,1,140,1,NaN,NaN,0,0.508759021759033
C044,C,1,141,1,NaN,NaN,0,0.409075021743774
C044,C,1,142,NaN,1,0,NaN,NaN
C044,C,1,143,1,NaN,NaN,0,0.363770961761475
C044,C,1,144,1,NaN,NaN,0,0.42164421081543
C044,C,1,145,1,NaN,NaN,0,0.401799917221069
C044,C,1,146,1,NaN,NaN,0,0.378755807876587
C044,C,1,147,NaN,1,0,NaN,NaN
C044,C,1,148,1,NaN,NaN,0,0.393893003463745
C044,C,1,149,1,NaN,NaN,0,0.327518939971924
C044,C,1,150,1,NaN,NaN,0,0.406998872756958
C044,C,1,151,1,NaN,NaN,0,0.394063949584961
C044,C,1,152,1,NaN,NaN,0,0.343151092529297
C044,C,1,153,1,NaN,NaN,0,0.355720996856689
C044,C,1,154,1,NaN,NaN,0,0.379582166671753
C044,C,1,155,1,NaN,NaN,0,0.368233919143677
C044,C,1,156,1,NaN,NaN,0,0.360973119735718
C044,C,1,157,1,NaN,NaN,0,0.880153179168701
C044,C,1,158,1,NaN,NaN,0,0.488667964935303
C044,C,1,159,NaN,1,0,NaN,NaN
C044,C,1,160,1,NaN,NaN,0,0.338794946670532
C044,C,1,161,1,NaN,NaN,0,0.388278007507324
C044,C,1,162,1,NaN,NaN,0,0.406431913375854
C044,C,1,163,1,NaN,NaN,0,0.410113096237183
C044,C,1,164,1,NaN,NaN,0,0.403324127197266
C044,C,1,165,1,NaN,NaN,0,0.363417148590088
C044,C,1,166,1,NaN,NaN,0,0.336680889129639
C044,C,1,167,1,NaN,NaN,0,0.383584022521973
C044,C,1,168,1,NaN,NaN,0,0.423983097076416
C044,C,1,169,1,NaN,NaN,0,0.348652124404907
C044,C,1,170,NaN,1,0,NaN,NaN
C044,C,1,171,1,NaN,NaN,0,0.393275022506714
C044,C,1,172,1,NaN,NaN,0,0.578219890594482
C044,C,1,173,1,NaN,NaN,0,0.368760824203491
C044,C,1,174,1,NaN,NaN,0,0.273970127105713
C044,C,1,175,1,NaN,NaN,0,0.367127895355225
C044,C,1,176,1,NaN,NaN,0,0.452923059463501
C044,C,1,177,1,NaN,NaN,0,0.312988996505737
C044,C,1,178,1,NaN,NaN,0,0.330377101898193
C044,C,1,179,NaN,0,1,NaN,NaN
C044,C,1,180,1,NaN,NaN,0,0.297967910766602
C044,C,1,181,1,NaN,NaN,0,0.330748081207275
C044,C,1,182,1,NaN,NaN,0,0.212596893310547
C044,C,1,183,1,NaN,NaN,0,0.251451969146729
C044,C,1,184,1,NaN,NaN,0,0.308757066726685
C044,C,1,185,1,NaN,NaN,0,0.260128974914551
C044,C,1,186,NaN,0,1,NaN,NaN
C044,C,1,187,1,NaN,NaN,0,0.343884944915771
C044,C,1,188,1,NaN,NaN,0,0.306591033935547
C044,C,1,189,1,NaN,NaN,0,0.221823215484619
C044,C,1,190,1,NaN,NaN,0,NaN
C044,C,1,191,NaN,0,1,NaN,NaN
C044,C,1,192,1,NaN,NaN,0,0.388283967971802
C044,C,1,193,1,NaN,NaN,0,NaN
C044,C,1,194,1,NaN,NaN,0,NaN
C044,C,1,195,1,NaN,NaN,0,NaN
C044,C,1,196,1,NaN,NaN,0,NaN
C044,C,1,197,1,NaN,NaN,0,NaN
C044,C,1,198,1,NaN,NaN,0,NaN
C044,C,1,199,1,NaN,NaN,0,0.732501029968262
C044,C,1,200,1,NaN,NaN,0,0.497339010238647
C044,C,1,201,1,NaN,NaN,0,0.368309020996094
C044,C,1,202,1,NaN,NaN,0,0.426942110061646
C044,C,1,203,1,NaN,NaN,0,0.385931015014648
C044,C,1,204,1,NaN,NaN,0,0.336071014404297
C044,C,1,205,1,NaN,NaN,0,0.333792924880981
C044,C,1,206,NaN,0,1,NaN,NaN
C044,C,1,207,1,NaN,NaN,0,0.329092025756836
C044,C,1,208,1,NaN,NaN,0,0.333270072937012
C044,C,1,209,1,NaN,NaN,0,0.285159826278687
C044,C,1,210,NaN,1,0,NaN,NaN
C044,C,1,211,1,NaN,NaN,0,0.271690845489502
C044,C,1,212,1,NaN,NaN,0,0.277263879776001
C044,C,1,213,1,NaN,NaN,0,0.305906057357788
C044,C,1,214,1,NaN,NaN,0,0.363526105880737
C044,C,1,215,1,NaN,NaN,0,0.393388986587524
C044,C,1,216,1,NaN,NaN,0,0.284618139266968
C044,C,1,217,1,NaN,NaN,0,0.354261875152588
C044,C,1,218,1,NaN,NaN,0,0.345002889633179
C044,C,1,219,1,NaN,NaN,0,0.349575042724609
C044,C,1,220,1,NaN,NaN,0,0.286898851394653
C044,C,1,221,1,NaN,NaN,0,0.280699014663696
C044,C,1,222,1,NaN,NaN,0,0.425763845443726
C044,C,1,223,1,NaN,NaN,0,0.275274038314819
C044,C,1,224,NaN,0,1,NaN,NaN
C044,C,1,225,1,NaN,NaN,0,0.282387971878052
C044,C,1,226,1,NaN,NaN,0,0.321371078491211
C044,C,1,227,1,NaN,NaN,0,0.229285001754761
C044,C,1,228,NaN,0,1,NaN,NaN
C044,C,1,229,1,NaN,NaN,0,0.365082979202271
C044,C,1,230,1,NaN,NaN,0,0.393157958984375
C044,C,1,231,1,NaN,NaN,0,0.357933044433594
C044,C,1,232,1,NaN,NaN,0,0.400428056716919
C044,C,1,233,1,NaN,NaN,0,0.310791015625
C044,C,1,234,1,NaN,NaN,0,0.34466290473938
C044,C,1,235,1,NaN,NaN,0,0.32697606086731
C044,C,1,236,1,NaN,NaN,0,0.342775821685791
C044,C,1,237,1,NaN,NaN,0,0.350145101547241
C044,C,1,238,NaN,1,0,NaN,NaN
C044,C,1,239,1,NaN,NaN,0,0.330343961715698
C044,C,1,240,1,NaN,NaN,0,0.218245983123779
C044,C,1,241,1,NaN,NaN,0,0.311152935028076
C044,C,1,242,1,NaN,NaN,0,0.405417919158936
C044,C,1,243,1,NaN,NaN,0,0.429472208023071
C044,C,1,244,1,NaN,NaN,0,0.385408878326416
C044,C,1,245,1,NaN,NaN,0,0.321808099746704
C044,C,1,246,1,NaN,NaN,0,0.366199970245361
C044,C,1,247,1,NaN,NaN,0,0.265948057174683
C044,C,1,248,1,NaN,NaN,0,0.254155874252319
C044,C,1,249,NaN,0,1,NaN,NaN
C044,C,1,250,1,NaN,NaN,0,0.310376882553101
C044,C,1,251,1,NaN,NaN,0,0.212315082550049
C044,C,1,252,1,NaN,NaN,0,0.230425834655762
C044,C,1,253,1,NaN,NaN,0,0.266594171524048
C044,C,1,254,NaN,1,0,NaN,NaN
C044,C,1,255,1,NaN,NaN,0,0.381232976913452
C044,C,1,256,1,NaN,NaN,0,0.29719090461731
C044,C,1,257,1,NaN,NaN,0,0.339409112930298
C044,C,1,258,1,NaN,NaN,0,0.338011026382446
C044,C,1,259,1,NaN,NaN,0,0.346879959106445
C044,C,1,260,1,NaN,NaN,0,0.362076997756958
C044,C,1,261,1,NaN,NaN,0,0.341860055923462
C044,C,1,262,1,NaN,NaN,0,0.317517042160034
C044,C,1,263,1,NaN,NaN,0,0.354720830917358
C044,C,1,264,NaN,1,0,NaN,NaN
C044,C,1,265,1,NaN,NaN,0,0.364979982376099
C044,C,1,266,1,NaN,NaN,0,0.288733959197998
C044,C,1,267,1,NaN,NaN,0,0.336666822433472
C044,C,1,268,1,NaN,NaN,0,0.297229051589966
C044,C,1,269,1,NaN,NaN,0,0.326816082000732
C044,C,1,270,1,NaN,NaN,0,0.375274896621704
C044,C,1,271,1,NaN,NaN,0,0.325104951858521
C044,C,1,272,1,NaN,NaN,0,0.334408044815063
C044,C,1,273,1,NaN,NaN,0,0.290545225143433
C044,C,1,274,NaN,0,1,NaN,NaN
C044,C,1,275,1,NaN,NaN,0,NaN
C044,C,1,276,1,NaN,NaN,0,0.18697190284729
C044,C,1,277,1,NaN,NaN,0,0.181216955184937
C044,C,1,278,1,NaN,NaN,0,0.264466047286987
C044,C,1,279,1,NaN,NaN,0,0.340317010879517
C044,C,1,280,1,NaN,NaN,0,0.515260934829712
C044,C,1,281,1,NaN,NaN,0,0.40054988861084
C044,C,1,282,1,NaN,NaN,0,0.604764938354492
C044,C,1,283,1,NaN,NaN,0,0.499411821365356
C044,C,1,284,1,NaN,NaN,0,0.396276950836182
C044,C,1,285,1,NaN,NaN,0,0.3385910987854
C044,C,1,286,1,NaN,NaN,0,0.34172797203064
C044,C,1,287,NaN,0,1,NaN,NaN
C044,C,1,288,1,NaN,NaN,0,0.157088041305542
C044,C,1,289,1,NaN,NaN,0,NaN
C044,C,1,290,NaN,0,1,NaN,NaN
C044,C,1,291,1,NaN,NaN,0,0.273735046386719
C044,C,1,292,1,NaN,NaN,0,0.388892889022827
C044,C,1,293,1,NaN,NaN,0,0.446165084838867
C044,C,1,294,1,NaN,NaN,0,0.617966890335083
C044,C,1,295,1,NaN,NaN,0,0.422246932983398
C044,C,1,296,1,NaN,NaN,0,0.374927997589111
C044,C,1,297,1,NaN,NaN,0,0.407088041305542
C044,C,1,298,1,NaN,NaN,0,0.412038087844849
C044,C,1,299,1,NaN,NaN,0,0.473914861679077
C044,C,1,300,NaN,1,0,NaN,NaN
C044,C,1,301,1,NaN,NaN,0,0.336242914199829
C044,C,1,302,1,NaN,NaN,0,0.329923152923584
C044,C,1,303,1,NaN,NaN,0,0.407009124755859
C044,C,1,304,1,NaN,NaN,0,0.307548046112061
C044,C,1,305,1,NaN,NaN,0,0.498270034790039
C044,C,1,306,1,NaN,NaN,0,0.358877897262573
C044,C,1,307,1,NaN,NaN,0,0.37769603729248
C044,C,1,308,1,NaN,NaN,0,0.450237035751343
C044,C,1,309,1,NaN,NaN,0,0.503772020339966
C044,C,1,310,1,NaN,NaN,0,0.446223974227905
C044,C,1,311,1,NaN,NaN,0,0.335617065429688
C044,C,1,312,1,NaN,NaN,0,0.352851152420044
C044,C,1,313,1,NaN,NaN,0,0.341580152511597
C044,C,1,314,NaN,1,0,NaN,NaN
C044,C,1,315,1,NaN,NaN,0,0.366724967956543
C044,C,1,316,1,NaN,NaN,0,0.339585065841675
C044,C,1,317,1,NaN,NaN,0,0.376689195632935
C044,C,1,318,1,NaN,NaN,0,0.387578964233398
C044,C,1,319,1,NaN,NaN,0,0.38068699836731
C044,C,1,320,NaN,1,0,NaN,NaN
C044,C,1,321,1,NaN,NaN,0,0.386998891830444
C044,C,1,322,1,NaN,NaN,0,0.360782146453857
C044,C,1,323,1,NaN,NaN,0,0.306039094924927
C044,C,1,324,1,NaN,NaN,0,0.272404193878174
C044,C,1,325,1,NaN,NaN,0,0.358464002609253
C044,C,1,326,1,NaN,NaN,0,0.415240049362183
C044,C,1,327,1,NaN,NaN,0,0.409715890884399
C044,C,1,328,1,NaN,NaN,0,0.411569118499756
C044,C,1,329,1,NaN,NaN,0,0.41015100479126
C044,C,1,330,NaN,1,0,NaN,NaN
C044,C,1,331,1,NaN,NaN,0,0.615808010101318
C044,C,1,332,1,NaN,NaN,0,0.329646825790405
C044,C,1,333,1,NaN,NaN,0,0.243813037872314
C044,C,1,334,1,NaN,NaN,0,NaN
C044,C,1,335,1,NaN,NaN,0,NaN
C044,C,1,336,1,NaN,NaN,0,NaN
C044,C,1,337,1,NaN,NaN,0,0.982438087463379
C044,C,1,338,0,NaN,NaN,1,NaN
C044,C,1,339,1,NaN,NaN,0,NaN
C044,C,1,340,1,NaN,NaN,0,0.400824069976807
C044,C,1,341,NaN,0,1,NaN,NaN
C044,C,1,342,1,NaN,NaN,0,0.339287996292114
C044,C,1,343,1,NaN,NaN,0,0.279995918273926
C044,C,1,344,1,NaN,NaN,0,0.317065954208374
C044,C,1,345,1,NaN,NaN,0,0.351878881454468
C044,C,1,346,1,NaN,NaN,0,0.38881516456604
C044,C,1,347,1,NaN,NaN,0,0.334869861602783
C044,C,1,348,NaN,0,1,NaN,NaN
C044,C,1,349,1,NaN,NaN,0,0.32718300819397
C044,C,1,350,1,NaN,NaN,0,0.436252117156982
C044,C,1,351,1,NaN,NaN,0,0.469239950180054
C044,C,1,352,0,NaN,NaN,1,NaN
C044,C,1,353,1,NaN,NaN,0,0.421478986740112
C044,C,1,354,1,NaN,NaN,0,0.535782098770142
C044,C,1,355,1,NaN,NaN,0,0.592372179031372
C044,C,1,356,1,NaN,NaN,0,0.457359075546265
C044,C,1,357,NaN,0,1,NaN,NaN
C044,C,1,358,1,NaN,NaN,0,0.35806679725647
C044,C,1,359,1,NaN,NaN,0,0.539602041244507
C044,C,1,360,1,NaN,NaN,0,0.467221975326538
C044,C,1,361,1,NaN,NaN,0,0.337939023971558
C044,C,1,362,1,NaN,NaN,0,0.350234031677246
C044,C,1,363,1,NaN,NaN,0,0.355000019073486
C044,C,1,364,1,NaN,NaN,0,0.36000394821167
C044,C,1,365,NaN,0,1,NaN,NaN
C044,C,1,366,1,NaN,NaN,0,0.251321077346802
C044,C,1,367,1,NaN,NaN,0,0.292788982391357
C044,C,1,368,1,NaN,NaN,0,0.469578981399536
C044,C,1,369,1,NaN,NaN,0,0.462843179702759
C044,C,1,370,1,NaN,NaN,0,0.410161972045898
C044,C,1,371,1,NaN,NaN,0,0.542586803436279
C044,C,1,372,1,NaN,NaN,0,0.511357069015503
C044,C,1,373,NaN,1,0,NaN,NaN
C044,C,1,374,1,NaN,NaN,0,0.377043008804321
C044,C,1,375,1,NaN,NaN,0,0.355393886566162
C044,C,1,376,1,NaN,NaN,0,0.377955913543701
C044,C,1,377,1,NaN,NaN,0,0.306383848190308
C044,C,1,378,1,NaN,NaN,0,0.263530015945435
C044,C,1,379,1,NaN,NaN,0,NaN
C044,C,1,380,1,NaN,NaN,0,NaN
C044,C,1,381,NaN,0,1,NaN,NaN
C044,C,1,382,0,NaN,NaN,1,NaN
C044,C,1,383,1,NaN,NaN,0,NaN
C044,C,1,384,1,NaN,NaN,0,0.236536979675293
C044,C,1,385,1,NaN,NaN,0,0.233574151992798
C044,C,1,386,1,NaN,NaN,0,0.310640096664429
C044,C,1,387,1,NaN,NaN,0,0.395172119140625
C044,C,1,388,1,NaN,NaN,0,0.362948894500732
C044,C,1,389,NaN,1,0,NaN,NaN
C044,C,1,390,1,NaN,NaN,0,0.341601133346558
C044,C,1,391,1,NaN,NaN,0,0.269385099411011
C044,C,1,392,1,NaN,NaN,0,0.386893033981323
C044,C,1,393,1,NaN,NaN,0,0.400313854217529
C044,C,1,394,1,NaN,NaN,0,0.498554944992065
C044,C,1,395,1,NaN,NaN,0,0.462228059768677
C044,C,1,396,1,NaN,NaN,0,0.403069019317627
C044,C,1,397,1,NaN,NaN,0,0.583936929702759
C044,C,1,398,1,NaN,NaN,0,0.425858974456787
C044,C,1,399,1,NaN,NaN,0,0.508552074432373
C044,C,1,400,NaN,1,0,NaN,NaN
C044,C,1,401,1,NaN,NaN,0,0.331341981887817
C044,C,1,402,1,NaN,NaN,0,0.205892086029053
C044,C,1,403,1,NaN,NaN,0,0.272638082504272
C044,C,1,404,1,NaN,NaN,0,0.493196964263916
C044,C,1,405,1,NaN,NaN,0,0.474177837371826
C044,C,1,406,1,NaN,NaN,0,0.47732400894165
C044,C,1,407,1,NaN,NaN,0,0.530032873153687
C044,C,1,408,1,NaN,NaN,0,0.458652973175049
C044,C,1,409,1,NaN,NaN,0,0.477819919586182
C044,C,1,410,1,NaN,NaN,0,0.388734817504883
C044,C,1,411,NaN,1,0,NaN,NaN
C044,C,1,412,1,NaN,NaN,0,0.340955018997192
C044,C,1,413,1,NaN,NaN,0,0.310227870941162
C044,C,1,414,1,NaN,NaN,0,0.393750905990601
C044,C,1,415,1,NaN,NaN,0,0.306670904159546
C044,C,1,416,NaN,0,1,NaN,NaN
C044,C,1,417,1,NaN,NaN,0,0.422898054122925
C044,C,1,418,1,NaN,NaN,0,0.396698951721191
C044,C,1,419,1,NaN,NaN,0,0.470591068267822
C044,C,1,420,1,NaN,NaN,0,0.478134870529175
C044,C,1,421,1,NaN,NaN,0,0.552288055419922
C044,C,1,422,1,NaN,NaN,0,0.680932998657227
C044,C,1,423,1,NaN,NaN,0,0.52197003364563
C044,C,1,424,1,NaN,NaN,0,0.425148010253906
C044,C,1,425,1,NaN,NaN,0,0.346550941467285
C044,C,1,426,1,NaN,NaN,0,0.543365001678467
C044,C,1,427,1,NaN,NaN,0,0.57306981086731
C044,C,1,428,NaN,1,0,NaN,NaN
C044,C,1,429,1,NaN,NaN,0,0.567372798919678
C044,C,1,430,1,NaN,NaN,0,0.411516904830933
C044,C,1,431,1,NaN,NaN,0,0.548320770263672
C044,C,1,432,1,NaN,NaN,0,0.521368026733398
C044,C,1,433,1,NaN,NaN,0,0.398311138153076
C044,C,1,434,NaN,0,1,NaN,NaN
C044,C,1,435,1,NaN,NaN,0,0.239040851593018
C044,C,1,436,1,NaN,NaN,0,0.308209180831909
C044,C,1,437,1,NaN,NaN,0,0.276519060134888
C044,C,1,438,1,NaN,NaN,0,0.317345857620239
C044,C,1,439,1,NaN,NaN,0,0.441664934158325
C044,C,1,440,1,NaN,NaN,0,0.478456974029541
C044,C,1,441,1,NaN,NaN,0,0.415771007537842
C044,C,1,442,1,NaN,NaN,0,0.416817188262939
C044,C,1,443,1,NaN,NaN,0,0.307919025421143
C044,C,1,444,1,NaN,NaN,0,0.313567876815796
C044,C,1,445,1,NaN,NaN,0,0.319931030273438
C044,C,1,446,1,NaN,NaN,0,0.264173984527588
C044,C,1,447,1,NaN,NaN,0,0.361030101776123
C044,C,1,448,1,NaN,NaN,0,0.458829879760742
C044,C,1,449,NaN,1,0,NaN,NaN
C044,C,1,450,1,NaN,NaN,0,0.375284910202026
C044,C,1,451,1,NaN,NaN,0,0.584100008010864
C044,C,1,452,1,NaN,NaN,0,0.488281011581421
C044,C,1,453,NaN,0,1,NaN,NaN
C044,C,1,454,1,NaN,NaN,0,0.649924039840698
C044,C,1,455,1,NaN,NaN,0,0.595067977905273
C044,C,1,456,1,NaN,NaN,0,0.656616926193237
C044,C,1,457,1,NaN,NaN,0,0.566644906997681
C044,C,1,458,1,NaN,NaN,0,0.393626928329468
C044,C,1,459,1,NaN,NaN,0,0.438713073730469
C044,C,1,460,1,NaN,NaN,0,0.415593862533569
C044,C,1,461,1,NaN,NaN,0,0.335953950881958
C044,C,1,462,1,NaN,NaN,0,0.380140066146851
C044,C,1,463,1,NaN,NaN,0,0.32207202911377
C044,C,1,464,1,NaN,NaN,0,0.451131105422974
C044,C,1,465,NaN,1,0,NaN,NaN
C044,C,1,466,1,NaN,NaN,0,0.342120885848999
C044,C,1,467,1,NaN,NaN,0,0.445263862609863
C044,C,1,468,1,NaN,NaN,0,0.410019874572754
C044,C,1,469,1,NaN,NaN,0,0.447685956954956
C044,C,1,470,1,NaN,NaN,0,0.387566089630127
C044,C,1,471,1,NaN,NaN,0,0.236494064331055
C044,C,1,472,1,NaN,NaN,0,0.346434116363525
C044,C,1,473,1,NaN,NaN,0,0.155332088470459
C044,C,1,474,1,NaN,NaN,0,0.235984086990356
C044,C,1,475,NaN,0,1,NaN,NaN
C044,C,1,476,1,NaN,NaN,0,0.176871061325073
C044,C,1,477,1,NaN,NaN,0,0.219588994979858
C044,C,1,478,1,NaN,NaN,0,0.191272020339966
C044,C,1,479,1,NaN,NaN,0,NaN
C044,C,1,480,1,NaN,NaN,0,NaN
C044,C,1,481,1,NaN,NaN,0,NaN
C044,C,1,482,NaN,0,1,NaN,NaN
C044,C,1,483,1,NaN,NaN,0,0.320704936981201
C044,C,1,484,1,NaN,NaN,0,0.202085018157959
C044,C,1,485,1,NaN,NaN,0,0.219762086868286
C044,C,1,486,1,NaN,NaN,0,0.213616847991943
C044,C,1,487,1,NaN,NaN,0,NaN
C044,C,1,488,1,NaN,NaN,0,0.308242797851562
C044,C,1,489,1,NaN,NaN,0,0.312014818191528
C044,C,1,490,1,NaN,NaN,0,0.295921802520752
C044,C,1,491,1,NaN,NaN,0,0.365238904953003
C044,C,1,492,1,NaN,NaN,0,0.440124034881592
C044,C,1,493,1,NaN,NaN,0,0.580121994018555
C044,C,1,494,NaN,1,0,NaN,NaN
C044,C,1,495,0,NaN,NaN,1,NaN
C044,C,1,496,1,NaN,NaN,0,0.629257202148438
C044,C,1,497,1,NaN,NaN,0,0.337932109832764
C044,C,1,498,1,NaN,NaN,0,0.327085971832275
C044,C,1,499,1,NaN,NaN,0,0.401350975036621
C044,C,1,500,1,NaN,NaN,0,0.372929096221924
C044,C,1,501,1,NaN,NaN,0,0.334409952163696
C044,C,1,502,NaN,0,1,NaN,NaN
C044,C,1,503,1,NaN,NaN,0,0.435288906097412
C044,C,1,504,1,NaN,NaN,0,0.672070026397705
C044,C,1,505,1,NaN,NaN,0,0.548825025558472
C044,C,1,506,1,NaN,NaN,0,0.593230009078979
C044,C,1,507,1,NaN,NaN,0,0.450170040130615
C044,C,1,508,1,NaN,NaN,0,0.622568130493164
C044,C,1,509,NaN,1,0,NaN,NaN
C044,C,1,510,1,NaN,NaN,0,0.36496901512146
C044,C,1,511,1,NaN,NaN,0,0.570860147476196
C044,C,1,512,1,NaN,NaN,0,0.608675956726074
C044,C,1,513,1,NaN,NaN,0,0.673119068145752
C044,C,1,514,1,NaN,NaN,0,0.532800912857056
C044,C,1,515,1,NaN,NaN,0,0.258302927017212
C044,C,1,516,1,NaN,NaN,0,0.803562164306641
C044,C,1,517,1,NaN,NaN,0,0.451565027236938
C044,C,1,518,NaN,1,0,NaN,NaN
C044,C,1,519,1,NaN,NaN,0,0.29905104637146
C044,C,1,520,1,NaN,NaN,0,0.340355157852173
C044,C,1,521,1,NaN,NaN,0,0.341569185256958
C044,C,1,522,1,NaN,NaN,0,0.478937864303589
C044,C,1,523,1,NaN,NaN,0,0.539155960083008
C044,C,1,524,1,NaN,NaN,0,0.424458980560303
C044,C,1,525,1,NaN,NaN,0,0.411962985992432
C044,C,1,526,1,NaN,NaN,0,0.368489980697632
C044,C,1,527,1,NaN,NaN,0,0.301543951034546
C044,C,1,528,NaN,0,1,NaN,NaN
C044,C,1,529,1,NaN,NaN,0,0.340690851211548
C044,C,1,530,1,NaN,NaN,0,0.430745124816895
C044,C,1,531,1,NaN,NaN,0,0.44920802116394
C044,C,1,532,1,NaN,NaN,0,0.356690883636475
C044,C,1,533,1,NaN,NaN,0,0.417766094207764
C044,C,1,534,1,NaN,NaN,0,0.399327993392944
C044,C,1,535,1,NaN,NaN,0,0.44457483291626
C044,C,1,536,1,NaN,NaN,0,0.530135869979858
C044,C,1,537,1,NaN,NaN,0,0.367830991744995
C044,C,1,538,1,NaN,NaN,0,0.351191997528076
C044,C,1,539,NaN,1,0,NaN,NaN
C044,C,1,540,1,NaN,NaN,0,0.34813404083252
C044,C,1,541,1,NaN,NaN,0,0.443312168121338
C044,C,1,542,1,NaN,NaN,0,0.444683074951172
C044,C,1,543,1,NaN,NaN,0,0.388043880462646
C044,C,1,544,1,NaN,NaN,0,0.534235000610352
C044,C,1,545,1,NaN,NaN,0,0.505548000335693
C044,C,1,546,1,NaN,NaN,0,0.405391931533813
C044,C,1,547,NaN,1,0,NaN,NaN
C044,C,1,548,1,NaN,NaN,0,0.396664142608643
C044,C,1,549,1,NaN,NaN,0,0.723736047744751
C044,C,1,550,1,NaN,NaN,0,0.483964920043945
C044,C,1,551,1,NaN,NaN,0,0.520824909210205
C044,C,1,552,1,NaN,NaN,0,0.522724151611328
C044,C,1,553,1,NaN,NaN,0,0.491276979446411
C044,C,1,554,1,NaN,NaN,0,0.553861141204834
C044,C,1,555,NaN,1,0,NaN,NaN
C044,C,1,556,1,NaN,NaN,0,0.651830911636353
C044,C,1,557,1,NaN,NaN,0,0.389124155044556
C044,C,1,558,0,NaN,NaN,1,NaN
C044,C,1,559,1,NaN,NaN,0,0.411412954330444
C044,C,1,560,1,NaN,NaN,0,0.411019086837769
C044,C,1,561,NaN,1,0,NaN,NaN
C044,C,1,562,1,NaN,NaN,0,0.501483917236328
C044,C,1,563,1,NaN,NaN,0,0.565003871917725
C044,C,1,564,1,NaN,NaN,0,0.591845989227295
C044,C,1,565,1,NaN,NaN,0,0.571085929870605
C044,C,1,566,1,NaN,NaN,0,0.402351140975952
C044,C,1,567,1,NaN,NaN,0,0.432798862457275
C044,C,2,1,1,NaN,NaN,0,0.480672121047974
C044,C,2,2,1,NaN,NaN,0,0.420373916625977
C044,C,2,3,1,NaN,NaN,0,0.413393974304199
C044,C,2,4,NaN,0,1,NaN,NaN
C044,C,2,5,1,NaN,NaN,0,0.273416042327881
C044,C,2,6,1,NaN,NaN,0,0.286530017852783
C044,C,2,7,1,NaN,NaN,0,0.281905889511108
C044,C,2,8,1,NaN,NaN,0,0.272296905517578
C044,C,2,9,1,NaN,NaN,0,0.299637794494629
C044,C,2,10,1,NaN,NaN,0,0.30336594581604
C044,C,2,11,1,NaN,NaN,0,0.372287034988403
C044,C,2,12,1,NaN,NaN,0,0.367029905319214
C044,C,2,13,NaN,1,0,NaN,NaN
C044,C,2,14,1,NaN,NaN,0,0.384738206863403
C044,C,2,15,1,NaN,NaN,0,0.310081958770752
C044,C,2,16,1,NaN,NaN,0,0.427010059356689
C044,C,2,17,1,NaN,NaN,0,0.47242283821106
C044,C,2,18,1,NaN,NaN,0,0.435682058334351
C044,C,2,19,1,NaN,NaN,0,0.526726007461548
C044,C,2,20,1,NaN,NaN,0,0.460736036300659
C044,C,2,21,1,NaN,NaN,0,0.601301908493042
C044,C,2,22,1,NaN,NaN,0,0.396967887878418
C044,C,2,23,1,NaN,NaN,0,0.338067054748535
C044,C,2,24,1,NaN,NaN,0,0.370638847351074
C044,C,2,25,NaN,1,0,NaN,NaN
C044,C,2,26,1,NaN,NaN,0,0.367523908615112
C044,C,2,27,1,NaN,NaN,0,0.752848148345947
C044,C,2,28,1,NaN,NaN,0,0.446732997894287
C044,C,2,29,NaN,1,0,NaN,NaN
C044,C,2,30,1,NaN,NaN,0,0.337831974029541
C044,C,2,31,1,NaN,NaN,0,0.834017038345337
C044,C,2,32,1,NaN,NaN,0,0.509016036987305
C044,C,2,33,1,NaN,NaN,0,0.485230922698975
C044,C,2,34,1,NaN,NaN,0,0.608493089675903
C044,C,2,35,1,NaN,NaN,0,0.531789064407349
C044,C,2,36,1,NaN,NaN,0,0.624362945556641
C044,C,2,37,1,NaN,NaN,0,0.561502933502197
C044,C,2,38,1,NaN,NaN,0,0.614449977874756
C044,C,2,39,1,NaN,NaN,0,0.391917943954468
C044,C,2,40,NaN,1,0,NaN,NaN
C044,C,2,41,1,NaN,NaN,0,0.633320093154907
C044,C,2,42,1,NaN,NaN,0,0.501932859420776
C044,C,2,43,1,NaN,NaN,0,0.423185110092163
C044,C,2,44,1,NaN,NaN,0,0.573550939559937
C044,C,2,45,1,NaN,NaN,0,0.379045963287354
C044,C,2,46,1,NaN,NaN,0,0.585500001907349
C044,C,2,47,1,NaN,NaN,0,0.617707967758179
C044,C,2,48,1,NaN,NaN,0,0.440383911132812
C044,C,2,49,NaN,1,0,NaN,NaN
C044,C,2,50,1,NaN,NaN,0,0.314069032669067
C044,C,2,51,1,NaN,NaN,0,0.343685150146484
C044,C,2,52,1,NaN,NaN,0,0.292764902114868
C044,C,2,53,1,NaN,NaN,0,0.310292959213257
C044,C,2,54,1,NaN,NaN,0,0.276142835617065
C044,C,2,55,1,NaN,NaN,0,0.262243986129761
C044,C,2,56,1,NaN,NaN,0,0.54824686050415
C044,C,2,57,NaN,0,1,NaN,NaN
C044,C,2,58,1,NaN,NaN,0,0.281541109085083
C044,C,2,59,1,NaN,NaN,0,0.285484075546265
C044,C,2,60,1,NaN,NaN,0,0.33013391494751
C044,C,2,61,1,NaN,NaN,0,0.356729030609131
C044,C,2,62,1,NaN,NaN,0,0.42164421081543
C044,C,2,63,1,NaN,NaN,0,0.412086009979248
C044,C,2,64,1,NaN,NaN,0,0.344022035598755
C044,C,2,65,1,NaN,NaN,0,0.405100107192993
C044,C,2,66,1,NaN,NaN,0,0.335691213607788
C044,C,2,67,1,NaN,NaN,0,0.367280960083008
C044,C,2,68,1,NaN,NaN,0,0.423827886581421
C044,C,2,69,1,NaN,NaN,0,0.422389030456543
C044,C,2,70,1,NaN,NaN,0,0.391083955764771
C044,C,2,71,NaN,1,0,NaN,NaN
C044,C,2,72,1,NaN,NaN,0,0.330677032470703
C044,C,2,73,1,NaN,NaN,0,0.423157930374146
C044,C,2,74,1,NaN,NaN,0,0.430994987487793
C044,C,2,75,1,NaN,NaN,0,0.351719856262207
C044,C,2,76,NaN,1,0,NaN,NaN
C044,C,2,77,1,NaN,NaN,0,0.501780033111572
C044,C,2,78,1,NaN,NaN,0,0.466774225234985
C044,C,2,79,1,NaN,NaN,0,0.391232013702393
C044,C,2,80,1,NaN,NaN,0,0.374569892883301
C044,C,2,81,1,NaN,NaN,0,0.343878984451294
C044,C,2,82,1,NaN,NaN,0,0.336710929870605
C044,C,2,83,1,NaN,NaN,0,0.354598999023438
C044,C,2,84,1,NaN,NaN,0,0.415823936462402
C044,C,2,85,1,NaN,NaN,0,0.446667909622192
C044,C,2,86,1,NaN,NaN,0,0.386918067932129
C044,C,2,87,NaN,0,1,NaN,NaN
C044,C,2,88,1,NaN,NaN,0,0.337967872619629
C044,C,2,89,1,NaN,NaN,0,0.437673091888428
C044,C,2,90,1,NaN,NaN,0,0.599313974380493
C044,C,2,91,1,NaN,NaN,0,0.463129043579102
C044,C,2,92,NaN,1,0,NaN,NaN
C044,C,2,93,1,NaN,NaN,0,0.566022157669067
C044,C,2,94,1,NaN,NaN,0,0.572046995162964
C044,C,2,95,1,NaN,NaN,0,0.924746036529541
C044,C,2,96,1,NaN,NaN,0,0.605979919433594
C044,C,2,97,1,NaN,NaN,0,0.360336780548096
C044,C,2,98,1,NaN,NaN,0,0.386369943618774
C044,C,2,99,1,NaN,NaN,0,0.450193881988525
C044,C,2,100,1,NaN,NaN,0,0.445754051208496
C044,C,2,101,1,NaN,NaN,0,0.433024883270264
C044,C,2,102,1,NaN,NaN,0,0.498677015304565
C044,C,2,103,1,NaN,NaN,0,0.392135858535767
C044,C,2,104,NaN,1,0,NaN,NaN
C044,C,2,105,1,NaN,NaN,0,0.496371030807495
C044,C,2,106,1,NaN,NaN,0,0.349416017532349
C044,C,2,107,1,NaN,NaN,0,0.776520013809204
C044,C,2,108,0,NaN,NaN,1,NaN
C044,C,2,109,1,NaN,NaN,0,0.595225095748901
C044,C,2,110,1,NaN,NaN,0,0.41701602935791
C044,C,2,111,NaN,1,0,NaN,NaN
C044,C,2,112,1,NaN,NaN,0,0.333734035491943
C044,C,2,113,1,NaN,NaN,0,0.306191921234131
C044,C,2,114,1,NaN,NaN,0,0.420823097229004
C044,C,2,115,1,NaN,NaN,0,0.453608989715576
C044,C,2,116,1,NaN,NaN,0,0.361166954040527
C044,C,2,117,1,NaN,NaN,0,0.465658187866211
C044,C,2,118,1,NaN,NaN,0,0.466897010803223
C044,C,2,119,1,NaN,NaN,0,0.389688968658447
C044,C,2,120,1,NaN,NaN,0,0.448609113693237
C044,C,2,121,1,NaN,NaN,0,0.333959102630615
C044,C,2,122,1,NaN,NaN,0,0.526923894882202
C044,C,2,123,1,NaN,NaN,0,0.587434053421021
C044,C,2,124,NaN,1,0,NaN,NaN
C044,C,2,125,1,NaN,NaN,0,0.44028115272522
C044,C,2,126,1,NaN,NaN,0,0.366039991378784
C044,C,2,127,1,NaN,NaN,0,0.34284496307373
C044,C,2,128,1,NaN,NaN,0,0.513704061508179
C044,C,2,129,1,NaN,NaN,0,0.96661901473999
C044,C,2,130,1,NaN,NaN,0,0.507424116134644
C044,C,2,131,1,NaN,NaN,0,0.315571069717407
C044,C,2,132,NaN,0,1,NaN,NaN
C044,C,2,133,1,NaN,NaN,0,0.379226922988892
C044,C,2,134,1,NaN,NaN,0,0.237874984741211
C044,C,2,135,1,NaN,NaN,0,0.978498935699463
C044,C,2,136,0,NaN,NaN,1,NaN
C044,C,2,137,1,NaN,NaN,0,0.28260612487793
C044,C,2,138,1,NaN,NaN,0,0.283348798751831
C044,C,2,139,1,NaN,NaN,0,0.467697143554688
C044,C,2,140,1,NaN,NaN,0,0.477782964706421
C044,C,2,141,1,NaN,NaN,0,0.459711074829102
C044,C,2,142,NaN,0,1,NaN,NaN
C044,C,2,143,1,NaN,NaN,0,0.656677961349487
C044,C,2,144,1,NaN,NaN,0,0.425546884536743
C044,C,2,145,1,NaN,NaN,0,0.358995914459229
C044,C,2,146,1,NaN,NaN,0,0.552057027816772
C044,C,2,147,1,NaN,NaN,0,0.654288053512573
C044,C,2,148,NaN,0,1,NaN,NaN
C044,C,2,149,1,NaN,NaN,0,0.368995904922485
C044,C,2,150,1,NaN,NaN,0,0.404561996459961
C044,C,2,151,1,NaN,NaN,0,0.387995004653931
C044,C,2,152,1,NaN,NaN,0,0.509522914886475
C044,C,2,153,1,NaN,NaN,0,0.422024965286255
C044,C,2,154,1,NaN,NaN,0,0.379731893539429
C044,C,2,155,1,NaN,NaN,0,0.372529029846191
C044,C,2,156,1,NaN,NaN,0,0.345767021179199
C044,C,2,157,1,NaN,NaN,0,0.373904943466187
C044,C,2,158,0,NaN,NaN,1,NaN
C044,C,2,159,NaN,1,0,NaN,NaN
C044,C,2,160,1,NaN,NaN,0,0.564666032791138
C044,C,2,161,1,NaN,NaN,0,0.922009229660034
C044,C,2,162,1,NaN,NaN,0,0.583607912063599
C044,C,2,163,1,NaN,NaN,0,0.396698951721191
C044,C,2,164,1,NaN,NaN,0,0.42472505569458
C044,C,2,165,NaN,1,0,NaN,NaN
C044,C,2,166,1,NaN,NaN,0,0.376852989196777
C044,C,2,167,1,NaN,NaN,0,0.648673057556152
C044,C,2,168,1,NaN,NaN,0,0.424665927886963
C044,C,2,169,1,NaN,NaN,0,0.232952833175659
C044,C,2,170,1,NaN,NaN,0,0.431756019592285
C044,C,2,171,1,NaN,NaN,0,0.44048810005188
C044,C,2,172,1,NaN,NaN,0,0.461102962493896
C044,C,2,173,1,NaN,NaN,0,0.650166988372803
C044,C,2,174,1,NaN,NaN,0,0.827311038970947
C044,C,2,175,1,NaN,NaN,0,0.368802070617676
C044,C,2,176,1,NaN,NaN,0,0.405896902084351
C044,C,2,177,1,NaN,NaN,0,0.458719968795776
C044,C,2,178,1,NaN,NaN,0,0.352864980697632
C044,C,2,179,NaN,0,1,NaN,NaN
C044,C,2,180,1,NaN,NaN,0,0.464424133300781
C044,C,2,181,1,NaN,NaN,0,0.373791217803955
C044,C,2,182,1,NaN,NaN,0,0.417822122573853
C044,C,2,183,1,NaN,NaN,0,0.518389940261841
C044,C,2,184,1,NaN,NaN,0,0.471740961074829
C044,C,2,185,1,NaN,NaN,0,0.415271043777466
C044,C,2,186,1,NaN,NaN,0,0.360836982727051
C044,C,2,187,NaN,0,1,NaN,NaN
C044,C,2,188,1,NaN,NaN,0,0.407975912094116
C044,C,2,189,1,NaN,NaN,0,0.301739931106567
C044,C,2,190,1,NaN,NaN,0,0.2895188331604
C044,C,2,191,1,NaN,NaN,0,0.346697092056274
C044,C,2,192,1,NaN,NaN,0,0.238792181015015
C044,C,2,193,1,NaN,NaN,0,0.379754066467285
C044,C,2,194,1,NaN,NaN,0,0.334530830383301
C044,C,2,195,1,NaN,NaN,0,0.383304834365845
C044,C,2,196,NaN,1,0,NaN,NaN
C044,C,2,197,1,NaN,NaN,0,0.422447919845581
C044,C,2,198,1,NaN,NaN,0,0.492560148239136
C044,C,2,199,1,NaN,NaN,0,0.460686922073364
C044,C,2,200,1,NaN,NaN,0,0.503041982650757
C044,C,2,201,1,NaN,NaN,0,0.454348087310791
C044,C,2,202,NaN,0,1,NaN,NaN
C044,C,2,203,1,NaN,NaN,0,0.422979831695557
C044,C,2,204,1,NaN,NaN,0,0.42791485786438
C044,C,2,205,1,NaN,NaN,0,0.474589824676514
C044,C,2,206,1,NaN,NaN,0,0.456969976425171
C044,C,2,207,1,NaN,NaN,0,0.597815990447998
C044,C,2,208,0,NaN,NaN,1,NaN
C044,C,2,209,1,NaN,NaN,0,0.601900100708008
C044,C,2,210,1,NaN,NaN,0,0.547147035598755
C044,C,2,211,1,NaN,NaN,0,0.914030075073242
C044,C,2,212,1,NaN,NaN,0,0.541049003601074
C044,C,2,213,1,NaN,NaN,0,0.317825078964233
C044,C,2,214,1,NaN,NaN,0,0.325016975402832
C044,C,2,215,NaN,1,0,NaN,NaN
C044,C,2,216,0,NaN,NaN,1,NaN
C044,C,2,217,1,NaN,NaN,0,NaN
C044,C,2,218,1,NaN,NaN,0,0.35151219367981
C044,C,2,219,1,NaN,NaN,0,0.316113948822021
C044,C,2,220,1,NaN,NaN,0,0.409074068069458
C044,C,2,221,1,NaN,NaN,0,0.332403182983398
C044,C,2,222,NaN,0,1,NaN,NaN
C044,C,2,223,1,NaN,NaN,0,0.329665899276733
C044,C,2,224,1,NaN,NaN,0,0.314028024673462
C044,C,2,225,1,NaN,NaN,0,0.601148843765259
C044,C,2,226,1,NaN,NaN,0,0.426598072052002
C044,C,2,227,1,NaN,NaN,0,0.419525861740112
C044,C,2,228,1,NaN,NaN,0,0.527310848236084
C044,C,2,229,1,NaN,NaN,0,0.527951955795288
C044,C,2,230,1,NaN,NaN,0,0.492276191711426
C044,C,2,231,1,NaN,NaN,0,0.465204000473022
C044,C,2,232,1,NaN,NaN,0,0.408994197845459
C044,C,2,233,NaN,1,0,NaN,NaN
C044,C,2,234,1,NaN,NaN,0,0.379810094833374
C044,C,2,235,1,NaN,NaN,0,0.184808969497681
C044,C,2,236,1,NaN,NaN,0,0.25947904586792
C044,C,2,237,1,NaN,NaN,0,0.40351414680481
C044,C,2,238,NaN,0,1,NaN,NaN
C044,C,2,239,1,NaN,NaN,0,1.08446598052979
C044,C,2,240,1,NaN,NaN,0,0.69750189781189
C044,C,2,241,1,NaN,NaN,0,0.388154983520508
C044,C,2,242,1,NaN,NaN,0,0.570609092712402
C044,C,2,243,1,NaN,NaN,0,0.517876148223877
C044,C,2,244,1,NaN,NaN,0,0.61399507522583
C044,C,2,245,1,NaN,NaN,0,0.919009208679199
C044,C,2,246,1,NaN,NaN,0,0.394546031951904
C044,C,2,247,NaN,0,1,NaN,NaN
C044,C,2,248,1,NaN,NaN,0,0.209472179412842
C044,C,2,249,1,NaN,NaN,0,0.318353891372681
C044,C,2,250,1,NaN,NaN,0,0.352569818496704
C044,C,2,251,1,NaN,NaN,0,NaN
C044,C,2,252,1,NaN,NaN,0,0.318915843963623
C044,C,2,253,1,NaN,NaN,0,0.224711894989014
C044,C,2,254,1,NaN,NaN,0,0.380300998687744
C044,C,2,255,1,NaN,NaN,0,0.31758713722229
C044,C,2,256,1,NaN,NaN,0,0.578469038009644
C044,C,2,257,1,NaN,NaN,0,0.402835845947266
C044,C,2,258,NaN,0,1,NaN,NaN
C044,C,2,259,1,NaN,NaN,0,0.621366024017334
C044,C,2,260,1,NaN,NaN,0,0.403273105621338
C044,C,2,261,1,NaN,NaN,0,0.370389938354492
C044,C,2,262,1,NaN,NaN,0,NaN
C044,C,2,263,0,NaN,NaN,1,NaN
C044,C,2,264,1,NaN,NaN,0,0.255113840103149
C044,C,2,265,1,NaN,NaN,0,0.471978902816772
C044,C,2,266,1,NaN,NaN,0,0.580986976623535
C044,C,2,267,1,NaN,NaN,0,0.46533203125
C044,C,2,268,NaN,0,1,NaN,NaN
C044,C,2,269,1,NaN,NaN,0,0.37197208404541
C044,C,2,270,1,NaN,NaN,0,0.381549835205078
C044,C,2,271,1,NaN,NaN,0,0.31850004196167
C044,C,2,272,1,NaN,NaN,0,0.297196865081787
C044,C,2,273,1,NaN,NaN,0,0.420293092727661
C044,C,2,274,0,NaN,NaN,1,NaN
C044,C,2,275,1,NaN,NaN,0,0.422445774078369
C044,C,2,276,NaN,0,1,NaN,NaN
C044,C,2,277,1,NaN,NaN,0,0.403676986694336
C044,C,2,278,1,NaN,NaN,0,0.432246923446655
C044,C,2,279,1,NaN,NaN,0,0.550379991531372
C044,C,2,280,1,NaN,NaN,0,0.267100095748901
C044,C,2,281,0,NaN,NaN,1,NaN
C044,C,2,282,NaN,0,1,NaN,NaN
C044,C,2,283,1,NaN,NaN,0,0.306655168533325
C044,C,2,284,1,NaN,NaN,0,0.206333160400391
C044,C,2,285,1,NaN,NaN,0,0.278337955474854
C044,C,2,286,1,NaN,NaN,0,NaN
C044,C,2,287,1,NaN,NaN,0,0.486572027206421
C044,C,2,288,1,NaN,NaN,0,0.675595998764038
C044,C,2,289,1,NaN,NaN,0,0.648636102676392
C044,C,2,290,1,NaN,NaN,0,0.511111974716187
C044,C,2,291,1,NaN,NaN,0,0.513389110565186
C044,C,2,292,NaN,1,0,NaN,NaN
C044,C,2,293,1,NaN,NaN,0,0.329285860061646
C044,C,2,294,1,NaN,NaN,0,0.353965044021606
C044,C,2,295,1,NaN,NaN,0,0.435272932052612
C044,C,2,296,1,NaN,NaN,0,0.437481164932251
C044,C,2,297,1,NaN,NaN,0,0.521329164505005
C044,C,2,298,1,NaN,NaN,0,0.526827096939087
C044,C,2,299,1,NaN,NaN,0,0.407980918884277
C044,C,2,300,1,NaN,NaN,0,0.420247793197632
C044,C,2,301,1,NaN,NaN,0,0.482147932052612
C044,C,2,302,1,NaN,NaN,0,0.92778491973877
C044,C,2,303,NaN,1,0,NaN,NaN
C044,C,2,304,1,NaN,NaN,0,0.398045063018799
C044,C,2,305,1,NaN,NaN,0,0.799202919006348
C044,C,2,306,1,NaN,NaN,0,0.555356979370117
C044,C,2,307,1,NaN,NaN,0,0.640748023986816
C044,C,2,308,1,NaN,NaN,0,0.639703989028931
C044,C,2,309,1,NaN,NaN,0,0.57128119468689
C044,C,2,310,0,NaN,NaN,1,NaN
C044,C,2,311,1,NaN,NaN,0,0.158416032791138
C044,C,2,312,NaN,0,1,NaN,NaN
C044,C,2,313,1,NaN,NaN,0,0.403224945068359
C044,C,2,314,1,NaN,NaN,0,0.300827980041504
C044,C,2,315,1,NaN,NaN,0,0.389841079711914
C044,C,2,316,1,NaN,NaN,0,0.289973020553589
C044,C,2,317,1,NaN,NaN,0,0.305694818496704
C044,C,2,318,NaN,0,1,NaN,NaN
C044,C,2,319,1,NaN,NaN,0,0.303798913955688
C044,C,2,320,1,NaN,NaN,0,0.282815933227539
C044,C,2,321,1,NaN,NaN,0,0.306581020355225
C044,C,2,322,1,NaN,NaN,0,0.316173076629639
C044,C,2,323,1,NaN,NaN,0,0.364711999893188
C044,C,2,324,1,NaN,NaN,0,0.399351835250854
C044,C,2,325,1,NaN,NaN,0,0.3520188331604
C044,C,2,326,1,NaN,NaN,0,0.3750319480896
C044,C,2,327,1,NaN,NaN,0,0.495161056518555
C044,C,2,328,1,NaN,NaN,0,0.405097007751465
C044,C,2,329,1,NaN,NaN,0,0.578013181686401
C044,C,2,330,1,NaN,NaN,0,0.563732147216797
C044,C,2,331,NaN,0,1,NaN,NaN
C044,C,2,332,1,NaN,NaN,0,0.840747117996216
C044,C,2,333,1,NaN,NaN,0,0.621651172637939
C044,C,2,334,1,NaN,NaN,0,0.202648162841797
C044,C,2,335,1,NaN,NaN,0,0.318372964859009
C044,C,2,336,NaN,1,0,NaN,NaN
C044,C,2,337,1,NaN,NaN,0,0.525950908660889
C044,C,2,338,1,NaN,NaN,0,0.455121994018555
C044,C,2,339,1,NaN,NaN,0,0.37379789352417
C044,C,2,340,1,NaN,NaN,0,0.317982912063599
C044,C,2,341,1,NaN,NaN,0,0.330826044082642
C044,C,2,342,1,NaN,NaN,0,0.331684112548828
C044,C,2,343,1,NaN,NaN,0,0.421431064605713
C044,C,2,344,1,NaN,NaN,0,0.42568302154541
C044,C,2,345,1,NaN,NaN,0,0.443647861480713
C044,C,2,346,NaN,1,0,NaN,NaN
C044,C,2,347,1,NaN,NaN,0,0.410223007202148
C044,C,2,348,1,NaN,NaN,0,0.985297918319702
C044,C,2,349,1,NaN,NaN,0,0.906284093856812
C044,C,2,350,1,NaN,NaN,0,1.23860692977905
C044,C,2,351,0,NaN,NaN,1,NaN
C044,C,2,352,1,NaN,NaN,0,0.396934986114502
C044,C,2,353,1,NaN,NaN,0,0.401283979415894
C044,C,2,354,1,NaN,NaN,0,0.829519033432007
C044,C,2,355,1,NaN,NaN,0,0.496858835220337
C044,C,2,356,1,NaN,NaN,0,0.400007963180542
C044,C,2,357,1,NaN,NaN,0,0.436801195144653
C044,C,2,358,NaN,1,0,NaN,NaN
C044,C,2,359,1,NaN,NaN,0,0.461341142654419
C044,C,2,360,1,NaN,NaN,0,0.511728048324585
C044,C,2,361,1,NaN,NaN,0,0.337104797363281
C044,C,2,362,1,NaN,NaN,0,0.529360055923462
C044,C,2,363,NaN,0,1,NaN,NaN
C044,C,2,364,1,NaN,NaN,0,0.486205101013184
C044,C,2,365,1,NaN,NaN,0,0.45046591758728
C044,C,2,366,1,NaN,NaN,0,NaN
C044,C,2,367,1,NaN,NaN,0,0.282769918441772
C044,C,2,368,1,NaN,NaN,0,0.327898025512695
C044,C,2,369,1,NaN,NaN,0,0.398591041564941
C044,C,2,370,1,NaN,NaN,0,0.263209104537964
C044,C,2,371,NaN,0,1,NaN,NaN
C044,C,2,372,1,NaN,NaN,0,0.387603998184204
C044,C,2,373,1,NaN,NaN,0,0.272869110107422
C044,C,2,374,1,NaN,NaN,0,0.153469800949097
C044,C,2,375,1,NaN,NaN,0,0.324630975723267
C044,C,2,376,0,NaN,NaN,1,NaN
C044,C,2,377,1,NaN,NaN,0,NaN
C044,C,2,378,1,NaN,NaN,0,0.395987987518311
C044,C,2,379,1,NaN,NaN,0,0.464915037155151
C044,C,2,380,NaN,1,0,NaN,NaN
C044,C,2,381,1,NaN,NaN,0,0.279957056045532
C044,C,2,382,1,NaN,NaN,0,0.349676132202148
C044,C,2,383,1,NaN,NaN,0,0.406790971755981
C044,C,2,384,1,NaN,NaN,0,0.54692006111145
C044,C,2,385,1,NaN,NaN,0,0.460857152938843
C044,C,2,386,1,NaN,NaN,0,0.330354928970337
C044,C,2,387,1,NaN,NaN,0,0.263324975967407
C044,C,2,388,0,NaN,NaN,1,NaN
C044,C,2,389,0,NaN,NaN,1,NaN
C044,C,2,390,1,NaN,NaN,0,1.07044696807861
C044,C,2,391,1,NaN,NaN,0,0.647382974624634
C044,C,2,392,1,NaN,NaN,0,0.682445049285889
C044,C,2,393,1,NaN,NaN,0,0.685062170028687
C044,C,2,394,1,NaN,NaN,0,0.665380954742432
C044,C,2,395,NaN,1,0,NaN,NaN
C044,C,2,396,1,NaN,NaN,0,0.315378904342651
C044,C,2,397,1,NaN,NaN,0,0.278185844421387
C044,C,2,398,1,NaN,NaN,0,0.331927061080933
C044,C,2,399,NaN,0,1,NaN,NaN
C044,C,2,400,1,NaN,NaN,0,0.56098198890686
C044,C,2,401,1,NaN,NaN,0,0.57343602180481
C044,C,2,402,1,NaN,NaN,0,0.549095869064331
C044,C,2,403,1,NaN,NaN,0,0.53594183921814
C044,C,2,404,1,NaN,NaN,0,0.363803863525391
C044,C,2,405,1,NaN,NaN,0,0.384603977203369
C044,C,2,406,1,NaN,NaN,0,0.380506038665771
C044,C,2,407,1,NaN,NaN,0,0.362890958786011
C044,C,2,408,1,NaN,NaN,0,0.342879056930542
C044,C,2,409,1,NaN,NaN,0,0.375499963760376
C044,C,2,410,NaN,1,0,NaN,NaN
C044,C,2,411,1,NaN,NaN,0,0.412446975708008
C044,C,2,412,1,NaN,NaN,0,0.690284967422485
C044,C,2,413,1,NaN,NaN,0,0.509017944335938
C044,C,2,414,1,NaN,NaN,0,0.60240912437439
C044,C,2,415,1,NaN,NaN,0,0.551305055618286
C044,C,2,416,1,NaN,NaN,0,0.460620880126953
C044,C,2,417,1,NaN,NaN,0,0.532956123352051
C044,C,2,418,1,NaN,NaN,0,0.521931171417236
C044,C,2,419,NaN,1,0,NaN,NaN
C044,C,2,420,1,NaN,NaN,0,0.432701110839844
C044,C,2,421,0,NaN,NaN,1,NaN
C044,C,2,422,1,NaN,NaN,0,0.808046102523804
C044,C,2,423,1,NaN,NaN,0,0.606580018997192
C044,C,2,424,1,NaN,NaN,0,0.592380046844482
C044,C,2,425,1,NaN,NaN,0,0.368283987045288
C044,C,2,426,1,NaN,NaN,0,0.382076978683472
C044,C,2,427,1,NaN,NaN,0,0.446367979049683
C044,C,2,428,1,NaN,NaN,0,0.535223960876465
C044,C,2,429,1,NaN,NaN,0,0.480150938034058
C044,C,2,430,NaN,1,0,NaN,NaN
C044,C,2,431,1,NaN,NaN,0,0.31377387046814
C044,C,2,432,1,NaN,NaN,0,0.451021909713745
C044,C,2,433,1,NaN,NaN,0,0.483279943466187
C044,C,2,434,1,NaN,NaN,0,0.460685014724731
C044,C,2,435,1,NaN,NaN,0,0.446924924850464
C044,C,2,436,NaN,0,1,NaN,NaN
C044,C,2,437,0,NaN,NaN,1,NaN
C044,C,2,438,1,NaN,NaN,0,0.397864818572998
C044,C,2,439,1,NaN,NaN,0,0.435248851776123
C044,C,2,440,1,NaN,NaN,0,0.41306209564209
C044,C,2,441,1,NaN,NaN,0,0.405929803848267
C044,C,2,442,1,NaN,NaN,0,0.457524061203003
C044,C,2,443,1,NaN,NaN,0,0.450361967086792
C044,C,2,444,1,NaN,NaN,0,0.44492506980896
C044,C,2,445,NaN,1,0,NaN,NaN
C044,C,2,446,1,NaN,NaN,0,0.343622922897339
C044,C,2,447,1,NaN,NaN,0,0.508748054504395
C044,C,2,448,0,NaN,NaN,1,NaN
C044,C,2,449,1,NaN,NaN,0,NaN
C044,C,2,450,1,NaN,NaN,0,0.290404081344604
C044,C,2,451,1,NaN,NaN,0,0.396950960159302
C044,C,2,452,1,NaN,NaN,0,0.490746021270752
C044,C,2,453,1,NaN,NaN,0,0.351154804229736
C044,C,2,454,1,NaN,NaN,0,0.682149887084961
C044,C,2,455,NaN,0,1,NaN,NaN
C044,C,2,456,1,NaN,NaN,0,0.892313003540039
C044,C,2,457,0,NaN,NaN,1,NaN
C044,C,2,458,0,NaN,NaN,1,NaN
C044,C,2,459,1,NaN,NaN,0,0.489737033843994
C044,C,2,460,0,NaN,NaN,1,NaN
C044,C,2,461,1,NaN,NaN,0,NaN
C044,C,2,462,1,NaN,NaN,0,0.164720058441162
C044,C,2,463,1,NaN,NaN,0,0.310256958007812
C044,C,2,464,1,NaN,NaN,0,0.380338191986084
C044,C,2,465,NaN,1,0,NaN,NaN
C044,C,2,466,1,NaN,NaN,0,0.948776006698608
C044,C,2,467,0,NaN,NaN,1,NaN
C044,C,2,468,1,NaN,NaN,0,NaN
C044,C,2,469,1,NaN,NaN,0,0.987499952316284
C044,C,2,470,0,NaN,NaN,1,NaN
C044,C,2,471,1,NaN,NaN,0,NaN
C044,C,2,472,NaN,1,0,NaN,NaN
C044,C,2,473,1,NaN,NaN,0,0.302612781524658
C044,C,2,474,1,NaN,NaN,0,0.361588001251221
C044,C,2,475,1,NaN,NaN,0,0.352252960205078
C044,C,2,476,1,NaN,NaN,0,0.326805830001831
C044,C,2,477,1,NaN,NaN,0,0.328850030899048
C044,C,2,478,1,NaN,NaN,0,0.189847946166992
C044,C,2,479,1,NaN,NaN,0,0.306072950363159
C044,C,2,480,NaN,0,1,NaN,NaN
C044,C,2,481,1,NaN,NaN,0,0.642359972000122
C044,C,2,482,1,NaN,NaN,0,0.883440971374512
C044,C,2,483,0,NaN,NaN,1,NaN
C044,C,2,484,0,NaN,NaN,1,NaN
C044,C,2,485,1,NaN,NaN,0,0.155493021011353
C044,C,2,486,1,NaN,NaN,0,0.700763940811157
C044,C,2,487,1,NaN,NaN,0,0.754708051681519
C044,C,2,488,NaN,1,0,NaN,NaN
C044,C,2,489,1,NaN,NaN,0,0.391633987426758
C044,C,2,490,1,NaN,NaN,0,0.400912046432495
C044,C,2,491,1,NaN,NaN,0,0.499925851821899
C044,C,2,492,0,NaN,NaN,1,NaN
C044,C,2,493,1,NaN,NaN,0,0.250211954116821
C044,C,2,494,1,NaN,NaN,0,0.487056016921997
C044,C,2,495,1,NaN,NaN,0,0.597172975540161
C044,C,2,496,0,NaN,NaN,1,NaN
C044,C,2,497,1,NaN,NaN,0,0.475415945053101
C044,C,2,498,1,NaN,NaN,0,0.485740900039673
C044,C,2,499,1,NaN,NaN,0,0.343116998672485
C044,C,2,500,1,NaN,NaN,0,0.405385971069336
C044,C,2,501,NaN,1,0,NaN,NaN
C044,C,2,502,1,NaN,NaN,0,0.219112873077393
C044,C,2,503,1,NaN,NaN,0,0.419804096221924
C044,C,2,504,1,NaN,NaN,0,0.318961143493652
C044,C,2,505,1,NaN,NaN,0,0.375293970108032
C044,C,2,506,1,NaN,NaN,0,NaN
C044,C,2,507,1,NaN,NaN,0,0.882242202758789
C044,C,2,508,1,NaN,NaN,0,0.528017997741699
C044,C,2,509,1,NaN,NaN,0,0.27728009223938
C044,C,2,510,1,NaN,NaN,0,NaN
C044,C,2,511,NaN,0,1,NaN,NaN
C044,C,2,512,1,NaN,NaN,0,0.32063102722168
C044,C,2,513,1,NaN,NaN,0,NaN
C044,C,2,514,1,NaN,NaN,0,0.355843067169189
C044,C,2,515,1,NaN,NaN,0,0.353714942932129
C044,C,2,516,1,NaN,NaN,0,0.353065013885498
C044,C,2,517,1,NaN,NaN,0,0.485543966293335
C044,C,2,518,1,NaN,NaN,0,0.416974067687988
C044,C,2,519,1,NaN,NaN,0,0.573346853256226
C044,C,2,520,NaN,1,0,NaN,NaN
C044,C,2,521,1,NaN,NaN,0,0.40355110168457
C044,C,2,522,1,NaN,NaN,0,0.420192956924438
C044,C,2,523,1,NaN,NaN,0,0.545672178268433
C044,C,2,524,1,NaN,NaN,0,0.46332311630249
C044,C,2,525,1,NaN,NaN,0,0.386991024017334
C044,C,2,526,NaN,0,1,NaN,NaN
C044,C,2,527,1,NaN,NaN,0,0.641670942306519
C044,C,2,528,1,NaN,NaN,0,0.68634295463562
C044,C,2,529,1,NaN,NaN,0,0.482006072998047
C044,C,2,530,0,NaN,NaN,1,NaN
C044,C,2,531,1,NaN,NaN,0,0.636044025421143
C044,C,2,532,1,NaN,NaN,0,0.557456016540527
C044,C,2,533,1,NaN,NaN,0,0.341578006744385
C044,C,2,534,1,NaN,NaN,0,0.41083812713623
C044,C,2,535,0,NaN,NaN,1,NaN
C044,C,2,536,0,NaN,NaN,1,NaN
C044,C,2,537,1,NaN,NaN,0,0.410687923431396
C044,C,3,1,1,NaN,NaN,0,0.413748979568481
C044,C,3,2,1,NaN,NaN,0,0.410439014434814
C044,C,3,3,1,NaN,NaN,0,0.338626146316528
C044,C,3,4,1,NaN,NaN,0,0.366988897323608
C044,C,3,5,1,NaN,NaN,0,0.336824893951416
C044,C,3,6,1,NaN,NaN,0,0.40097713470459
C044,C,3,7,1,NaN,NaN,0,0.34307599067688
C044,C,3,8,1,NaN,NaN,0,0.426526069641113
C044,C,3,9,NaN,1,0,NaN,NaN
C044,C,3,10,1,NaN,NaN,0,0.300657987594604
C044,C,3,11,1,NaN,NaN,0,0.340157985687256
C044,C,3,12,1,NaN,NaN,0,0.365086078643799
C044,C,3,13,1,NaN,NaN,0,0.403393983840942
C044,C,3,14,1,NaN,NaN,0,0.344657897949219
C044,C,3,15,1,NaN,NaN,0,0.401834011077881
C044,C,3,16,NaN,1,0,NaN,NaN
C044,C,3,17,1,NaN,NaN,0,0.438107013702393
C044,C,3,18,1,NaN,NaN,0,0.485522985458374
C044,C,3,19,0,NaN,NaN,1,NaN
C044,C,3,20,NaN,0,1,NaN,NaN
C044,C,3,21,0,NaN,NaN,1,NaN
C044,C,3,22,1,NaN,NaN,0,0.376564979553223
C044,C,3,23,1,NaN,NaN,0,0.36686110496521
C044,C,3,24,1,NaN,NaN,0,0.362456083297729
C044,C,3,25,1,NaN,NaN,0,0.337928056716919
C044,C,3,26,1,NaN,NaN,0,0.535331010818481
C044,C,3,27,1,NaN,NaN,0,0.423579931259155
C044,C,3,28,1,NaN,NaN,0,NaN
C044,C,3,29,1,NaN,NaN,0,0.413823843002319
C044,C,3,30,1,NaN,NaN,0,NaN
C044,C,3,31,1,NaN,NaN,0,NaN
C044,C,3,32,NaN,1,0,NaN,NaN
C044,C,3,33,1,NaN,NaN,0,0.363900184631348
C044,C,3,34,1,NaN,NaN,0,0.96651291847229
C044,C,3,35,0,NaN,NaN,1,NaN
C044,C,3,36,1,NaN,NaN,0,0.344093084335327
C044,C,3,37,1,NaN,NaN,0,0.987221002578735
C044,C,3,38,1,NaN,NaN,0,0.481750965118408
C044,C,3,39,1,NaN,NaN,0,0.328124046325684
C044,C,3,40,NaN,1,0,NaN,NaN
C044,C,3,41,1,NaN,NaN,0,0.335508108139038
C044,C,3,42,1,NaN,NaN,0,0.515142917633057
C044,C,3,43,1,NaN,NaN,0,0.929694890975952
C044,C,3,44,1,NaN,NaN,0,0.679687023162842
C044,C,3,45,1,NaN,NaN,0,0.54943585395813
C044,C,3,46,0,NaN,NaN,1,NaN
C044,C,3,47,NaN,1,0,NaN,NaN
C044,C,3,48,1,NaN,NaN,0,0.597598075866699
C044,C,3,49,1,NaN,NaN,0,0.454733848571777
C044,C,3,50,1,NaN,NaN,0,0.385291814804077
C044,C,3,51,1,NaN,NaN,0,0.386476993560791
C044,C,3,52,1,NaN,NaN,0,0.277182817459106
C044,C,3,53,1,NaN,NaN,0,0.338867902755737
C044,C,3,54,1,NaN,NaN,0,0.347846031188965
C044,C,3,55,1,NaN,NaN,0,0.410144090652466
C044,C,3,56,1,NaN,NaN,0,0.31513500213623
C044,C,3,57,1,NaN,NaN,0,0.424555063247681
C044,C,3,58,1,NaN,NaN,0,0.50216817855835
C044,C,3,59,1,NaN,NaN,0,0.373822927474976
C044,C,3,60,1,NaN,NaN,0,0.41939902305603
C044,C,3,61,NaN,1,0,NaN,NaN
C044,C,3,62,1,NaN,NaN,0,0.38255500793457
C044,C,3,63,1,NaN,NaN,0,0.441177845001221
C044,C,3,64,1,NaN,NaN,0,0.447988033294678
C044,C,3,65,1,NaN,NaN,0,0.587639093399048
C044,C,3,66,NaN,0,1,NaN,NaN
C044,C,3,67,1,NaN,NaN,0,0.947908878326416
C044,C,3,68,0,NaN,NaN,1,NaN
C044,C,3,69,1,NaN,NaN,0,0.30745005607605
C044,C,3,70,1,NaN,NaN,0,0.376991033554077
C044,C,3,71,1,NaN,NaN,0,0.326490879058838
C044,C,3,72,1,NaN,NaN,0,0.367827892303467
C044,C,3,73,1,NaN,NaN,0,0.920580148696899
C044,C,3,74,0,NaN,NaN,1,NaN
C044,C,3,75,1,NaN,NaN,0,0.349141120910645
C044,C,3,76,1,NaN,NaN,0,0.501437902450562
C044,C,3,77,0,NaN,NaN,1,NaN
C044,C,3,78,1,NaN,NaN,0,0.499602079391479
C044,C,3,79,NaN,0,1,NaN,NaN
C044,C,3,80,1,NaN,NaN,0,0.455229997634888
C044,C,3,81,1,NaN,NaN,0,0.353361129760742
C044,C,3,82,1,NaN,NaN,0,0.342729091644287
C044,C,3,83,1,NaN,NaN,0,0.498070001602173
C044,C,3,84,1,NaN,NaN,0,0.543420076370239
C044,C,3,85,0,NaN,NaN,1,NaN
C044,C,3,86,1,NaN,NaN,0,0.70097017288208
C044,C,3,87,NaN,0,1,NaN,NaN
C044,C,3,88,1,NaN,NaN,0,0.52686595916748
C044,C,3,89,1,NaN,NaN,0,0.880227088928223
C044,C,3,90,1,NaN,NaN,0,1.05782794952393
C044,C,3,91,1,NaN,NaN,0,0.731030941009521
C044,C,3,92,0,NaN,NaN,1,NaN
C044,C,3,93,1,NaN,NaN,0,0.966597080230713
C044,C,3,94,1,NaN,NaN,0,0.728302955627441
C044,C,3,95,1,NaN,NaN,0,0.475905895233154
C044,C,3,96,1,NaN,NaN,0,0.397611141204834
C044,C,3,97,1,NaN,NaN,0,0.338444948196411
C044,C,3,98,NaN,1,0,NaN,NaN
C044,C,3,99,1,NaN,NaN,0,0.713500022888184
C044,C,3,100,1,NaN,NaN,0,1.04924321174622
C044,C,3,101,1,NaN,NaN,0,0.765929937362671
C044,C,3,102,0,NaN,NaN,1,NaN
C044,C,3,103,NaN,1,0,NaN,NaN
C044,C,3,104,1,NaN,NaN,0,0.353121042251587
C044,C,3,105,1,NaN,NaN,0,0.453865051269531
C044,C,3,106,1,NaN,NaN,0,0.345463037490845
C044,C,3,107,1,NaN,NaN,0,0.300122022628784
C044,C,3,108,1,NaN,NaN,0,0.341325998306274
C044,C,3,109,1,NaN,NaN,0,0.324541091918945
C044,C,3,110,1,NaN,NaN,0,0.363765954971313
C044,C,3,111,NaN,0,1,NaN,NaN
C044,C,3,112,1,NaN,NaN,0,0.31061315536499
C044,C,3,113,1,NaN,NaN,0,0.380924940109253
C044,C,3,114,1,NaN,NaN,0,0.420096874237061
C044,C,3,115,1,NaN,NaN,0,0.46125316619873
C044,C,3,116,1,NaN,NaN,0,0.483058214187622
C044,C,3,117,1,NaN,NaN,0,0.39722204208374
C044,C,3,118,1,NaN,NaN,0,0.387307167053223
C044,C,3,119,1,NaN,NaN,0,0.395280122756958
C044,C,3,120,1,NaN,NaN,0,0.377142906188965
C044,C,3,121,1,NaN,NaN,0,0.329277038574219
C044,C,3,122,1,NaN,NaN,0,0.379065036773682
C044,C,3,123,1,NaN,NaN,0,0.324173927307129
C044,C,3,124,NaN,1,0,NaN,NaN
C044,C,3,125,1,NaN,NaN,0,0.308071136474609
C044,C,3,126,1,NaN,NaN,0,0.396739959716797
C044,C,3,127,1,NaN,NaN,0,0.509461879730225
C044,C,3,128,1,NaN,NaN,0,0.607822895050049
C044,C,3,129,NaN,0,1,NaN,NaN
C044,C,3,130,1,NaN,NaN,0,0.483243942260742
C044,C,3,131,1,NaN,NaN,0,0.320249080657959
C044,C,3,132,1,NaN,NaN,0,0.597001075744629
C044,C,3,133,1,NaN,NaN,0,0.447638988494873
C044,C,3,134,0,NaN,NaN,1,NaN
C044,C,3,135,1,NaN,NaN,0,NaN
C044,C,3,136,1,NaN,NaN,0,0.396849155426025
C044,C,3,137,1,NaN,NaN,0,0.550053834915161
C044,C,3,138,0,NaN,NaN,1,NaN
C044,C,3,139,1,NaN,NaN,0,0.667260885238647
C044,C,3,140,1,NaN,NaN,0,0.450441837310791
C044,C,3,141,NaN,1,0,NaN,NaN
C044,C,3,142,1,NaN,NaN,0,0.450803995132446
C044,C,3,143,0,NaN,NaN,1,NaN
C044,C,3,144,1,NaN,NaN,0,0.502906799316406
C044,C,3,145,1,NaN,NaN,0,0.577536106109619
C044,C,3,146,0,NaN,NaN,1,NaN
C044,C,3,147,1,NaN,NaN,0,0.732599020004272
C044,C,3,148,1,NaN,NaN,0,0.449509143829346
C044,C,3,149,1,NaN,NaN,0,0.469568014144897
C044,C,3,150,1,NaN,NaN,0,0.345754861831665
C044,C,3,151,1,NaN,NaN,0,0.322931051254272
C044,C,3,152,NaN,0,1,NaN,NaN
C044,C,3,153,1,NaN,NaN,0,0.323109149932861
C044,C,3,154,1,NaN,NaN,0,0.480703115463257
C044,C,3,155,1,NaN,NaN,0,0.36566686630249
C044,C,3,156,1,NaN,NaN,0,0.362919092178345
C044,C,3,157,1,NaN,NaN,0,0.416597127914429
C044,C,3,158,1,NaN,NaN,0,0.539896965026855
C044,C,3,159,1,NaN,NaN,0,0.398638963699341
C044,C,3,160,NaN,1,0,NaN,NaN
C044,C,3,161,1,NaN,NaN,0,0.37870192527771
C044,C,3,162,0,NaN,NaN,1,NaN
C044,C,3,163,1,NaN,NaN,0,0.496386051177979
C044,C,3,164,1,NaN,NaN,0,0.462463855743408
C044,C,3,165,1,NaN,NaN,0,0.345098972320557
C044,C,3,166,1,NaN,NaN,0,0.362953186035156
C044,C,3,167,1,NaN,NaN,0,0.365748882293701
C044,C,3,168,1,NaN,NaN,0,0.342367887496948
C044,C,3,169,1,NaN,NaN,0,0.370849847793579
C044,C,3,170,NaN,0,1,NaN,NaN
C044,C,3,171,1,NaN,NaN,0,0.307051181793213
C044,C,3,172,1,NaN,NaN,0,0.194830179214478
C044,C,3,173,1,NaN,NaN,0,0.403839826583862
C044,C,3,174,1,NaN,NaN,0,0.381392955780029
C044,C,3,175,1,NaN,NaN,0,0.44390606880188
C044,C,3,176,1,NaN,NaN,0,0.457203149795532
C044,C,3,177,1,NaN,NaN,0,0.479582071304321
C044,C,3,178,1,NaN,NaN,0,0.576668977737427
C044,C,3,179,NaN,1,0,NaN,NaN
C044,C,3,180,1,NaN,NaN,0,0.377454996109009
C044,C,3,181,1,NaN,NaN,0,0.928693056106567
C044,C,3,182,1,NaN,NaN,0,0.528584003448486
C044,C,3,183,1,NaN,NaN,0,0.536568880081177
C044,C,3,184,0,NaN,NaN,1,NaN
C044,C,3,185,0,NaN,NaN,1,NaN
C044,C,3,186,NaN,0,1,NaN,NaN
C044,C,3,187,1,NaN,NaN,0,0.501436948776245
C044,C,3,188,1,NaN,NaN,0,0.424427032470703
C044,C,3,189,1,NaN,NaN,0,0.39601993560791
C044,C,3,190,1,NaN,NaN,0,0.595176935195923
C044,C,3,191,1,NaN,NaN,0,0.424520969390869
C044,C,3,192,1,NaN,NaN,0,0.327764987945557
C044,C,3,193,1,NaN,NaN,0,NaN
C044,C,3,194,NaN,0,1,NaN,NaN
C044,C,3,195,1,NaN,NaN,0,0.392330884933472
C044,C,3,196,1,NaN,NaN,0,0.458079099655151
C044,C,3,197,1,NaN,NaN,0,0.471980810165405
C044,C,3,198,1,NaN,NaN,0,0.276983976364136
C044,C,3,199,1,NaN,NaN,0,0.480277061462402
C044,C,3,200,1,NaN,NaN,0,0.825863122940063
C044,C,3,201,1,NaN,NaN,0,0.505666017532349
C044,C,3,202,1,NaN,NaN,0,0.450978994369507
C044,C,3,203,NaN,1,0,NaN,NaN
C044,C,3,204,1,NaN,NaN,0,0.460881948471069
C044,C,3,205,1,NaN,NaN,0,0.654158115386963
C044,C,3,206,0,NaN,NaN,1,NaN
C044,C,3,207,1,NaN,NaN,0,0.718674898147583
C044,C,3,208,1,NaN,NaN,0,0.438515186309814
C044,C,3,209,NaN,1,0,NaN,NaN
C044,C,3,210,1,NaN,NaN,0,0.360519886016846
C044,C,3,211,1,NaN,NaN,0,0.331701040267944
C044,C,3,212,1,NaN,NaN,0,0.455904006958008
C044,C,3,213,1,NaN,NaN,0,0.553228139877319
C044,C,3,214,0,NaN,NaN,1,NaN
C044,C,3,215,1,NaN,NaN,0,0.351487874984741
C044,C,3,216,1,NaN,NaN,0,0.428343057632446
C044,C,3,217,1,NaN,NaN,0,0.65878701210022
C044,C,3,218,1,NaN,NaN,0,0.735785007476807
C044,C,3,219,0,NaN,NaN,1,NaN
C044,C,3,220,1,NaN,NaN,0,0.180577993392944
C044,C,3,221,NaN,0,1,NaN,NaN
C044,C,3,222,1,NaN,NaN,0,0.415355920791626
C044,C,3,223,1,NaN,NaN,0,0.3887939453125
C044,C,3,224,1,NaN,NaN,0,0.454616785049438
C044,C,3,225,1,NaN,NaN,0,0.343821048736572
C044,C,3,226,1,NaN,NaN,0,0.308189153671265
C044,C,3,227,NaN,0,1,NaN,NaN
C044,C,3,228,1,NaN,NaN,0,0.324970006942749
C044,C,3,229,1,NaN,NaN,0,0.329028844833374
C044,C,3,230,1,NaN,NaN,0,0.34651517868042
C044,C,3,231,1,NaN,NaN,0,0.367351055145264
C044,C,3,232,1,NaN,NaN,0,0.412056922912598
C044,C,3,233,1,NaN,NaN,0,0.396299123764038
C044,C,3,234,1,NaN,NaN,0,0.405553817749023
C044,C,3,235,1,NaN,NaN,0,0.422852993011475
C044,C,3,236,NaN,1,0,NaN,NaN
C044,C,3,237,1,NaN,NaN,0,0.316116094589233
C044,C,3,238,1,NaN,NaN,0,0.356909036636353
C044,C,3,239,1,NaN,NaN,0,0.408177852630615
C044,C,3,240,1,NaN,NaN,0,0.356141090393066
C044,C,3,241,1,NaN,NaN,0,0.36405086517334
C044,C,3,242,1,NaN,NaN,0,0.420989036560059
C044,C,3,243,1,NaN,NaN,0,0.381670951843262
C044,C,3,244,1,NaN,NaN,0,0.427156925201416
C044,C,3,245,1,NaN,NaN,0,0.510653018951416
C044,C,3,246,1,NaN,NaN,0,0.942564010620117
C044,C,3,247,NaN,1,0,NaN,NaN
C044,C,3,248,1,NaN,NaN,0,0.351070880889893
C044,C,3,249,0,NaN,NaN,1,NaN
C044,C,3,250,1,NaN,NaN,0,1.00443005561829
C044,C,3,251,1,NaN,NaN,0,0.3889000415802
C044,C,3,252,1,NaN,NaN,0,0.324280023574829
C044,C,3,253,1,NaN,NaN,0,0.374703168869019
C044,C,3,254,NaN,1,0,NaN,NaN
C044,C,3,255,1,NaN,NaN,0,0.414340972900391
C044,C,3,256,1,NaN,NaN,0,0.331444025039673
C044,C,3,257,1,NaN,NaN,0,0.372655153274536
C044,C,3,258,1,NaN,NaN,0,0.297363042831421
C044,C,3,259,1,NaN,NaN,0,0.278156995773315
C044,C,3,260,1,NaN,NaN,0,0.341376066207886
C044,C,3,261,1,NaN,NaN,0,0.404792070388794
C044,C,3,262,1,NaN,NaN,0,0.355844020843506
C044,C,3,263,1,NaN,NaN,0,0.365558862686157
C044,C,3,264,NaN,1,0,NaN,NaN
C044,C,3,265,1,NaN,NaN,0,NaN
C044,C,3,266,1,NaN,NaN,0,0.476316928863525
C044,C,3,267,1,NaN,NaN,0,0.489373922348022
C044,C,3,268,0,NaN,NaN,1,NaN
C044,C,3,269,1,NaN,NaN,0,0.459343910217285
C044,C,3,270,1,NaN,NaN,0,0.319402933120728
C044,C,3,271,1,NaN,NaN,0,0.424110889434814
C044,C,3,272,1,NaN,NaN,0,0.818949937820435
C044,C,3,273,1,NaN,NaN,0,0.403641939163208
C044,C,3,274,1,NaN,NaN,0,0.81483793258667
C044,C,3,275,1,NaN,NaN,0,0.96901798248291
C044,C,3,276,1,NaN,NaN,0,0.73845100402832
C044,C,3,277,NaN,0,1,NaN,NaN
C044,C,3,278,1,NaN,NaN,0,0.697533845901489
C044,C,3,279,1,NaN,NaN,0,0.481493949890137
C044,C,3,280,1,NaN,NaN,0,0.41812801361084
C044,C,3,281,0,NaN,NaN,1,NaN
C044,C,3,282,0,NaN,NaN,1,NaN
C044,C,3,283,1,NaN,NaN,0,NaN
C044,C,3,284,1,NaN,NaN,0,0.451391220092773
C044,C,3,285,NaN,0,1,NaN,NaN
C044,C,3,286,0,NaN,NaN,1,NaN
C044,C,3,287,1,NaN,NaN,0,0.642657995223999
C044,C,3,288,1,NaN,NaN,0,0.516149044036865
C044,C,3,289,1,NaN,NaN,0,0.42451286315918
C044,C,3,290,0,NaN,NaN,1,NaN
C044,C,3,291,1,NaN,NaN,0,0.406367063522339
C044,C,3,292,1,NaN,NaN,0,0.424926042556763
C044,C,3,293,0,NaN,NaN,1,NaN
C044,C,3,294,NaN,0,1,NaN,NaN
C044,C,3,295,1,NaN,NaN,0,0.35896897315979
C044,C,3,296,1,NaN,NaN,0,0.571606874465942
C044,C,3,297,1,NaN,NaN,0,0.389775037765503
C044,C,3,298,1,NaN,NaN,0,0.361614942550659
C044,C,3,299,1,NaN,NaN,0,0.403267860412598
C044,C,3,300,0,NaN,NaN,1,NaN
C044,C,3,301,NaN,0,1,NaN,NaN
C044,C,3,302,1,NaN,NaN,0,0.623487949371338
C044,C,3,303,1,NaN,NaN,0,0.738806962966919
C044,C,3,304,0,NaN,NaN,1,NaN
C044,C,3,305,1,NaN,NaN,0,NaN
C044,C,3,306,1,NaN,NaN,0,NaN
C044,C,3,307,0,NaN,NaN,1,NaN
C044,C,3,308,1,NaN,NaN,0,0.405963897705078
C044,C,3,309,NaN,0,1,NaN,NaN
C044,C,3,310,1,NaN,NaN,0,0.500083923339844
C044,C,3,311,1,NaN,NaN,0,0.360804080963135
C044,C,3,312,1,NaN,NaN,0,0.331165075302124
C044,C,3,313,1,NaN,NaN,0,0.339990139007568
C044,C,3,314,1,NaN,NaN,0,0.344650030136108
C044,C,3,315,1,NaN,NaN,0,0.296173095703125
C044,C,3,316,1,NaN,NaN,0,0.31387186050415
C044,C,3,317,NaN,1,0,NaN,NaN
C044,C,3,318,1,NaN,NaN,0,0.300245046615601
C044,C,3,319,1,NaN,NaN,0,0.305097818374634
C044,C,3,320,1,NaN,NaN,0,0.359390020370483
C044,C,3,321,1,NaN,NaN,0,0.360869884490967
C044,C,3,322,1,NaN,NaN,0,0.40473484992981
C044,C,3,323,1,NaN,NaN,0,0.32509708404541
C044,C,3,324,1,NaN,NaN,0,0.355607032775879
C044,C,3,325,1,NaN,NaN,0,0.388422012329102
C044,C,3,326,NaN,1,0,NaN,NaN
C044,C,3,327,1,NaN,NaN,0,0.479743003845215
C044,C,3,328,1,NaN,NaN,0,0.406836032867432
C044,C,3,329,1,NaN,NaN,0,0.382733106613159
C044,C,3,330,1,NaN,NaN,0,0.262312889099121
C044,C,3,331,1,NaN,NaN,0,0.288253784179688
C044,C,3,332,1,NaN,NaN,0,0.30085301399231
C044,C,3,333,1,NaN,NaN,0,0.203111886978149
C044,C,3,334,1,NaN,NaN,0,0.378329992294312
C044,C,3,335,1,NaN,NaN,0,0.391479969024658
C044,C,3,336,1,NaN,NaN,0,0.292464017868042
C044,C,3,337,1,NaN,NaN,0,0.337018966674805
C044,C,3,338,1,NaN,NaN,0,0.427238941192627
C044,C,3,339,1,NaN,NaN,0,0.643089056015015
C044,C,3,340,NaN,1,0,NaN,NaN
C044,C,3,341,1,NaN,NaN,0,0.420742034912109
C044,C,3,342,1,NaN,NaN,0,0.43848180770874
C044,C,3,343,1,NaN,NaN,0,0.36723518371582
C044,C,3,344,1,NaN,NaN,0,0.276406049728394
C044,C,3,345,1,NaN,NaN,0,0.253085851669312
C044,C,3,346,1,NaN,NaN,0,NaN
C044,C,3,347,1,NaN,NaN,0,0.155077934265137
C044,C,3,348,1,NaN,NaN,0,0.626934051513672
C044,C,3,349,NaN,0,1,NaN,NaN
C044,C,3,350,1,NaN,NaN,0,0.336168050765991
C044,C,3,351,1,NaN,NaN,0,0.321989059448242
C044,C,3,352,1,NaN,NaN,0,0.364151954650879
C044,C,3,353,1,NaN,NaN,0,0.520740985870361
C044,C,3,354,1,NaN,NaN,0,0.801356077194214
C044,C,3,355,NaN,1,0,NaN,NaN
C044,C,3,356,1,NaN,NaN,0,0.591295957565308
C044,C,3,357,1,NaN,NaN,0,0.816309928894043
C044,C,3,358,1,NaN,NaN,0,0.723354816436768
C044,C,3,359,1,NaN,NaN,0,0.569703102111816
C044,C,3,360,1,NaN,NaN,0,1.03730010986328
C044,C,3,361,1,NaN,NaN,0,0.496354818344116
C044,C,3,362,1,NaN,NaN,0,0.401735782623291
C044,C,3,363,1,NaN,NaN,0,0.436313152313232
C044,C,3,364,1,NaN,NaN,0,0.630227088928223
C044,C,3,365,NaN,1,0,NaN,NaN
C044,C,3,366,1,NaN,NaN,0,0.733434915542603
C044,C,3,367,1,NaN,NaN,0,0.577633857727051
C044,C,3,368,1,NaN,NaN,0,0.420460939407349
C044,C,3,369,1,NaN,NaN,0,0.425750970840454
C044,C,3,370,1,NaN,NaN,0,0.459208011627197
C044,C,3,371,1,NaN,NaN,0,0.83745288848877
C044,C,3,372,1,NaN,NaN,0,0.543727159500122
C044,C,3,373,1,NaN,NaN,0,0.589148998260498
C044,C,3,374,1,NaN,NaN,0,0.392712116241455
C044,C,3,375,1,NaN,NaN,0,0.345418930053711
C044,C,3,376,NaN,1,0,NaN,NaN
C044,C,3,377,1,NaN,NaN,0,0.347554922103882
C044,C,3,378,1,NaN,NaN,0,0.433206081390381
C044,C,3,379,1,NaN,NaN,0,0.353330135345459
C044,C,3,380,1,NaN,NaN,0,0.343522071838379
C044,C,3,381,1,NaN,NaN,0,0.222355127334595
C044,C,3,382,1,NaN,NaN,0,0.30958890914917
C044,C,3,383,1,NaN,NaN,0,0.363261938095093
C044,C,3,384,1,NaN,NaN,0,0.388116836547852
C044,C,3,385,NaN,0,1,NaN,NaN
C044,C,3,386,1,NaN,NaN,0,0.361854076385498
C044,C,3,387,1,NaN,NaN,0,0.318729877471924
C044,C,3,388,1,NaN,NaN,0,NaN
C044,C,3,389,1,NaN,NaN,0,0.155148983001709
C044,C,3,390,1,NaN,NaN,0,NaN
C044,C,3,391,1,NaN,NaN,0,1.04004502296448
C044,C,3,392,1,NaN,NaN,0,1.01875615119934
C044,C,3,393,1,NaN,NaN,0,0.987510919570923
C044,C,3,394,NaN,1,0,NaN,NaN
C044,C,3,395,1,NaN,NaN,0,0.36471700668335
C044,C,3,396,1,NaN,NaN,0,NaN
C044,C,3,397,1,NaN,NaN,0,0.579594850540161
C044,C,3,398,1,NaN,NaN,0,0.240233182907104
C044,C,3,399,1,NaN,NaN,0,0.332760810852051
C044,C,3,400,1,NaN,NaN,0,0.35180401802063
C044,C,3,401,1,NaN,NaN,0,NaN
C044,C,3,402,NaN,0,1,NaN,NaN
C044,C,3,403,0,NaN,NaN,1,NaN
C044,C,3,404,1,NaN,NaN,0,0.278369903564453
C044,C,3,405,1,NaN,NaN,0,0.4114830493927
C044,C,3,406,1,NaN,NaN,0,0.350945949554443
C044,C,3,407,NaN,0,1,NaN,NaN
C044,C,3,408,0,NaN,NaN,1,NaN
C044,C,3,409,1,NaN,NaN,0,0.241396903991699
C044,C,3,410,1,NaN,NaN,0,0.341338872909546
C044,C,3,411,1,NaN,NaN,0,0.559513092041016
C044,C,3,412,1,NaN,NaN,0,0.367326974868774
C044,C,3,413,1,NaN,NaN,0,0.548136949539185
C044,C,3,414,1,NaN,NaN,0,0.445052146911621
C044,C,3,415,1,NaN,NaN,0,0.454519987106323
C044,C,3,416,1,NaN,NaN,0,0.415653944015503
C044,C,3,417,1,NaN,NaN,0,0.274091005325317
C044,C,3,418,1,NaN,NaN,0,0.359200000762939
C044,C,3,419,0,NaN,NaN,1,NaN
C044,C,3,420,NaN,1,0,NaN,NaN
C044,C,3,421,1,NaN,NaN,0,0.391402006149292
C044,C,3,422,1,NaN,NaN,0,0.477189064025879
C044,C,3,423,1,NaN,NaN,0,0.533243894577026
C044,C,3,424,1,NaN,NaN,0,0.612833976745605
C044,C,3,425,0,NaN,NaN,1,NaN
C044,C,3,426,1,NaN,NaN,0,0.739163875579834
C044,C,3,427,1,NaN,NaN,0,0.381232976913452
C044,C,3,428,1,NaN,NaN,0,0.518570899963379
C044,C,3,429,1,NaN,NaN,0,0.413867950439453
C044,C,3,430,0,NaN,NaN,1,NaN
C044,C,3,431,NaN,0,1,NaN,NaN
C044,C,3,432,0,NaN,NaN,1,NaN
C044,C,3,433,1,NaN,NaN,0,NaN
C044,C,3,434,1,NaN,NaN,0,0.407201051712036
C044,C,3,435,NaN,0,1,NaN,NaN
C044,C,3,436,1,NaN,NaN,0,0.326843976974487
C044,C,3,437,1,NaN,NaN,0,0.309616804122925
C044,C,3,438,1,NaN,NaN,0,0.64323091506958
C044,C,3,439,0,NaN,NaN,1,NaN
C044,C,3,440,1,NaN,NaN,0,NaN
C044,C,3,441,1,NaN,NaN,0,0.447829961776733
C044,C,3,442,1,NaN,NaN,0,0.902267932891846
C044,C,3,443,0,NaN,NaN,1,NaN
C044,C,3,444,1,NaN,NaN,0,0.391113042831421
C044,C,3,445,0,NaN,NaN,1,NaN
C044,C,3,446,NaN,0,1,NaN,NaN
C044,C,3,447,1,NaN,NaN,0,0.485808134078979
C044,C,3,448,1,NaN,NaN,0,0.344419002532959
C044,C,3,449,1,NaN,NaN,0,0.545536994934082
C044,C,3,450,1,NaN,NaN,0,0.654684066772461
C044,C,3,451,0,NaN,NaN,1,NaN
C044,C,3,452,0,NaN,NaN,1,NaN
C044,C,3,453,0,NaN,NaN,1,NaN
C044,C,3,454,0,NaN,NaN,1,NaN
C044,C,3,455,1,NaN,NaN,0,0.680246829986572
C044,C,3,456,1,NaN,NaN,0,0.5417160987854
C044,C,3,457,1,NaN,NaN,0,0.488323926925659
C044,C,3,458,NaN,0,1,NaN,NaN
C044,C,3,459,1,NaN,NaN,0,0.392014980316162
C044,C,3,460,1,NaN,NaN,0,0.324759960174561
C044,C,3,461,1,NaN,NaN,0,0.410606145858765
C044,C,3,462,1,NaN,NaN,0,0.419833898544312
C044,C,3,463,1,NaN,NaN,0,0.466361999511719
C044,C,3,464,1,NaN,NaN,0,0.423654794692993
C044,C,3,465,1,NaN,NaN,0,0.573369026184082
C044,C,3,466,1,NaN,NaN,0,0.456746101379395
C044,C,3,467,NaN,1,0,NaN,NaN
C044,C,3,468,1,NaN,NaN,0,0.367617130279541
C044,C,3,469,1,NaN,NaN,0,0.369765996932983
C044,C,3,470,1,NaN,NaN,0,0.427079916000366
C044,C,3,471,1,NaN,NaN,0,0.732094049453735
C044,C,3,472,0,NaN,NaN,1,NaN
C044,C,3,473,1,NaN,NaN,0,1.0230770111084
C044,C,3,474,NaN,1,0,NaN,NaN
C044,C,3,475,1,NaN,NaN,0,0.374739170074463
C044,C,3,476,0,NaN,NaN,1,NaN
C044,C,3,477,0,NaN,NaN,1,NaN
C044,C,3,478,1,NaN,NaN,0,0.978990077972412
C044,C,3,479,NaN,1,0,NaN,NaN
C044,C,3,480,1,NaN,NaN,0,0.389589071273804
C044,C,3,481,1,NaN,NaN,0,1.0473620891571
C044,C,3,482,0,NaN,NaN,1,NaN
C044,C,3,483,1,NaN,NaN,0,NaN
C044,C,3,484,0,NaN,NaN,1,NaN
C044,C,3,485,0,NaN,NaN,1,NaN
C044,C,3,486,1,NaN,NaN,0,0.289535045623779
C044,C,3,487,1,NaN,NaN,0,0.390277147293091
C044,C,3,488,1,NaN,NaN,0,0.230111837387085
C044,C,3,489,1,NaN,NaN,0,0.85044002532959
C044,C,3,490,1,NaN,NaN,0,0.937891006469727
C044,C,3,491,1,NaN,NaN,0,0.476217031478882
C044,C,3,492,1,NaN,NaN,0,0.44395112991333
C044,C,3,493,NaN,0,1,NaN,NaN
C044,C,3,494,1,NaN,NaN,0,0.44124698638916
C044,C,3,495,1,NaN,NaN,0,0.537713050842285
C044,C,3,496,1,NaN,NaN,0,0.392355918884277
C044,C,3,497,1,NaN,NaN,0,0.329440116882324
C044,C,3,498,0,NaN,NaN,1,NaN
C044,C,3,499,1,NaN,NaN,0,0.355397939682007
C044,C,3,500,0,NaN,NaN,1,NaN
C044,C,3,501,1,NaN,NaN,0,0.412976980209351
C044,C,3,502,NaN,1,0,NaN,NaN
C044,C,3,503,1,NaN,NaN,0,0.331612825393677
C044,C,3,504,1,NaN,NaN,0,0.329280853271484
C044,C,3,505,1,NaN,NaN,0,0.330430030822754
C044,C,3,506,1,NaN,NaN,0,0.347967863082886
C044,C,3,507,1,NaN,NaN,0,0.37930703163147
C044,C,3,508,1,NaN,NaN,0,0.400363922119141
C044,C,3,509,NaN,1,0,NaN,NaN
C044,C,3,510,1,NaN,NaN,0,0.323627948760986
C044,C,3,511,1,NaN,NaN,0,0.360443115234375
C044,C,3,512,1,NaN,NaN,0,0.450102806091309
C044,C,3,513,1,NaN,NaN,0,0.373707056045532
C044,C,3,514,1,NaN,NaN,0,0.450904130935669
C044,C,3,515,NaN,0,1,NaN,NaN
C044,C,3,516,1,NaN,NaN,0,0.327027082443237
C044,C,3,517,1,NaN,NaN,0,0.259085893630981
C044,C,3,518,1,NaN,NaN,0,0.411833047866821
C044,C,3,519,1,NaN,NaN,0,0.351669788360596
C044,C,3,520,1,NaN,NaN,0,0.296776056289673
C044,C,3,521,1,NaN,NaN,0,0.382246017456055
C044,C,3,522,1,NaN,NaN,0,0.442982912063599
C044,C,3,523,1,NaN,NaN,0,0.31919002532959
C044,C,3,524,1,NaN,NaN,0,0.359998226165771
C044,C,3,525,1,NaN,NaN,0,0.365469932556152
C044,C,3,526,NaN,1,0,NaN,NaN
C044,C,3,527,1,NaN,NaN,0,0.40216588973999
C044,C,3,528,0,NaN,NaN,1,NaN
C044,C,3,529,1,NaN,NaN,0,0.449615955352783
C044,C,3,530,1,NaN,NaN,0,0.490767002105713
C044,C,3,531,1,NaN,NaN,0,0.617660999298096
C044,C,3,532,1,NaN,NaN,0,1.03025603294373
C044,C,3,533,0,NaN,NaN,1,NaN
C044,C,3,534,1,NaN,NaN,0,0.213316917419434
C044,C,3,535,0,NaN,NaN,1,NaN
C044,C,3,536,1,NaN,NaN,0,NaN
C044,C,3,537,1,NaN,NaN,0,0.359357833862305
C044,C,3,538,NaN,1,0,NaN,NaN
C044,C,3,539,1,NaN,NaN,0,0.341113805770874
C044,C,3,540,1,NaN,NaN,0,0.456845998764038
C044,C,3,541,1,NaN,NaN,0,0.701558828353882
C044,C,3,542,1,NaN,NaN,0,1.0155987739563
C044,C,3,543,1,NaN,NaN,0,1.18080806732178
C044,C,3,544,1,NaN,NaN,0,0.752740859985352
C044,C,3,545,1,NaN,NaN,0,0.438095092773438
C044,C,3,546,1,NaN,NaN,0,0.310133934020996
C044,C,4,1,1,NaN,NaN,0,0.420114994049072
C044,C,4,2,1,NaN,NaN,0,0.326961040496826
C044,C,4,3,NaN,0,1,NaN,NaN
C044,C,4,4,1,NaN,NaN,0,0.287187099456787
C044,C,4,5,1,NaN,NaN,0,0.405777931213379
C044,C,4,6,1,NaN,NaN,0,0.359560966491699
C044,C,4,7,1,NaN,NaN,0,0.328518867492676
C044,C,4,8,1,NaN,NaN,0,0.337512969970703
C044,C,4,9,1,NaN,NaN,0,0.346577882766724
C044,C,4,10,1,NaN,NaN,0,0.363273859024048
C044,C,4,11,1,NaN,NaN,0,0.437505960464478
C044,C,4,12,1,NaN,NaN,0,0.498536109924316
C044,C,4,13,1,NaN,NaN,0,0.372292995452881
C044,C,4,14,1,NaN,NaN,0,0.346832990646362
C044,C,4,15,1,NaN,NaN,0,0.372153997421265
C044,C,4,16,1,NaN,NaN,0,0.366851091384888
C044,C,4,17,NaN,1,0,NaN,NaN
C044,C,4,18,1,NaN,NaN,0,0.335350036621094
C044,C,4,19,1,NaN,NaN,0,0.419831991195679
C044,C,4,20,1,NaN,NaN,0,0.408918142318726
C044,C,4,21,1,NaN,NaN,0,0.324981927871704
C044,C,4,22,NaN,0,1,NaN,NaN
C044,C,4,23,1,NaN,NaN,0,0.316658973693848
C044,C,4,24,1,NaN,NaN,0,0.317813873291016
C044,C,4,25,1,NaN,NaN,0,0.34271502494812
C044,C,4,26,1,NaN,NaN,0,0.427477121353149
C044,C,4,27,1,NaN,NaN,0,0.330657005310059
C044,C,4,28,1,NaN,NaN,0,0.356012105941772
C044,C,4,29,1,NaN,NaN,0,0.347839832305908
C044,C,4,30,1,NaN,NaN,0,0.335119009017944
C044,C,4,31,NaN,1,0,NaN,NaN
C044,C,4,32,1,NaN,NaN,0,0.364773988723755
C044,C,4,33,1,NaN,NaN,0,0.441272020339966
C044,C,4,34,1,NaN,NaN,0,0.330019235610962
C044,C,4,35,1,NaN,NaN,0,0.295481204986572
C044,C,4,36,1,NaN,NaN,0,0.380126953125
C044,C,4,37,1,NaN,NaN,0,0.378479957580566
C044,C,4,38,1,NaN,NaN,0,0.395216941833496
C044,C,4,39,NaN,1,0,NaN,NaN
C044,C,4,40,1,NaN,NaN,0,0.517650127410889
C044,C,4,41,1,NaN,NaN,0,0.707337141036987
C044,C,4,42,1,NaN,NaN,0,0.615686893463135
C044,C,4,43,1,NaN,NaN,0,0.432558059692383
C044,C,4,44,1,NaN,NaN,0,0.469075918197632
C044,C,4,45,1,NaN,NaN,0,0.341372966766357
C044,C,4,46,1,NaN,NaN,0,0.346041917800903
C044,C,4,47,1,NaN,NaN,0,0.36926794052124
C044,C,4,48,1,NaN,NaN,0,0.348505020141602
C044,C,4,49,NaN,1,0,NaN,NaN
C044,C,4,50,1,NaN,NaN,0,0.331661939620972
C044,C,4,51,1,NaN,NaN,0,0.380661010742188
C044,C,4,52,1,NaN,NaN,0,0.374326944351196
C044,C,4,53,1,NaN,NaN,0,0.386812925338745
C044,C,4,54,1,NaN,NaN,0,0.456239938735962
C044,C,4,55,1,NaN,NaN,0,0.402976989746094
C044,C,4,56,1,NaN,NaN,0,0.353951930999756
C044,C,4,57,NaN,0,1,NaN,NaN
C044,C,4,58,1,NaN,NaN,0,0.385103940963745
C044,C,4,59,1,NaN,NaN,0,0.534651041030884
C044,C,4,60,1,NaN,NaN,0,0.658663988113403
C044,C,4,61,1,NaN,NaN,0,0.800056934356689
C044,C,4,62,1,NaN,NaN,0,0.987802982330322
C044,C,4,63,1,NaN,NaN,0,0.978205919265747
C044,C,4,64,1,NaN,NaN,0,0.974761009216309
C044,C,4,65,1,NaN,NaN,0,0.668224096298218
C044,C,4,66,1,NaN,NaN,0,0.545945167541504
C044,C,4,67,NaN,1,0,NaN,NaN
C044,C,4,68,1,NaN,NaN,0,0.373682975769043
C044,C,4,69,1,NaN,NaN,0,0.315035104751587
C044,C,4,70,1,NaN,NaN,0,0.283908843994141
C044,C,4,71,1,NaN,NaN,0,0.271528959274292
C044,C,4,72,1,NaN,NaN,0,0.307362079620361
C044,C,4,73,1,NaN,NaN,0,0.375923156738281
C044,C,4,74,1,NaN,NaN,0,0.207239866256714
C044,C,4,75,1,NaN,NaN,0,NaN
C044,C,4,76,1,NaN,NaN,0,NaN
C044,C,4,77,1,NaN,NaN,0,0.279926061630249
C044,C,4,78,NaN,0,1,NaN,NaN
C044,C,4,79,1,NaN,NaN,0,0.527118921279907
C044,C,4,80,1,NaN,NaN,0,0.587281942367554
C044,C,4,81,1,NaN,NaN,0,0.48837685585022
C044,C,4,82,1,NaN,NaN,0,0.378571033477783
C044,C,4,83,1,NaN,NaN,0,0.28988790512085
C044,C,4,84,1,NaN,NaN,0,0.306920051574707
C044,C,4,85,1,NaN,NaN,0,0.325598955154419
C044,C,4,86,NaN,0,1,NaN,NaN
C044,C,4,87,1,NaN,NaN,0,0.341385841369629
C044,C,4,88,1,NaN,NaN,0,0.322479963302612
C044,C,4,89,1,NaN,NaN,0,0.307314157485962
C044,C,4,90,1,NaN,NaN,0,0.445942163467407
C044,C,4,91,1,NaN,NaN,0,0.319890022277832
C044,C,4,92,1,NaN,NaN,0,0.2917640209198
C044,C,4,93,1,NaN,NaN,0,0.298201084136963
C044,C,4,94,NaN,0,1,NaN,NaN
C044,C,4,95,1,NaN,NaN,0,0.226013898849487
C044,C,4,96,1,NaN,NaN,0,0.207397937774658
C044,C,4,97,1,NaN,NaN,0,0.286160945892334
C044,C,4,98,1,NaN,NaN,0,0.188645839691162
C044,C,4,99,0,NaN,NaN,1,NaN
C044,C,4,100,1,NaN,NaN,0,0.294755935668945
C044,C,4,101,NaN,0,1,NaN,NaN
C044,C,4,102,1,NaN,NaN,0,NaN
C044,C,4,103,1,NaN,NaN,0,0.24537205696106
C044,C,4,104,1,NaN,NaN,0,0.154308080673218
C044,C,4,105,1,NaN,NaN,0,0.267498970031738
C044,C,4,106,0,NaN,NaN,1,NaN
C044,C,4,107,1,NaN,NaN,0,NaN
C044,C,4,108,1,NaN,NaN,0,NaN
C044,C,4,109,1,NaN,NaN,0,1.23101806640625
C044,C,4,110,1,NaN,NaN,0,1.08021998405457
C044,C,4,111,NaN,1,0,NaN,NaN
C044,C,4,112,1,NaN,NaN,0,0.285037994384766
C044,C,4,113,1,NaN,NaN,0,0.361972808837891
C044,C,4,114,1,NaN,NaN,0,0.396163940429688
C044,C,4,115,1,NaN,NaN,0,0.329437017440796
C044,C,4,116,1,NaN,NaN,0,0.335274934768677
C044,C,4,117,1,NaN,NaN,0,0.298834800720215
C044,C,4,118,1,NaN,NaN,0,0.294249057769775
C044,C,4,119,1,NaN,NaN,0,0.333380937576294
C044,C,4,120,1,NaN,NaN,0,0.370306968688965
C044,C,4,121,1,NaN,NaN,0,0.30243992805481
C044,C,4,122,1,NaN,NaN,0,0.303121089935303
C044,C,4,123,NaN,0,1,NaN,NaN
C044,C,4,124,1,NaN,NaN,0,0.376176118850708
C044,C,4,125,1,NaN,NaN,0,0.230756998062134
C044,C,4,126,0,NaN,NaN,1,NaN
C044,C,4,127,1,NaN,NaN,0,0.218170881271362
C044,C,4,128,1,NaN,NaN,0,NaN
C044,C,4,129,1,NaN,NaN,0,0.268263101577759
C044,C,4,130,NaN,0,1,NaN,NaN
C044,C,4,131,1,NaN,NaN,0,0.320808887481689
C044,C,4,132,1,NaN,NaN,0,0.198254108428955
C044,C,4,133,1,NaN,NaN,0,0.302402019500732
C044,C,4,134,1,NaN,NaN,0,0.309061050415039
C044,C,4,135,1,NaN,NaN,0,0.379477977752686
C044,C,4,136,1,NaN,NaN,0,0.375965118408203
C044,C,4,137,1,NaN,NaN,0,0.382941007614136
C044,C,4,138,NaN,1,0,NaN,NaN
C044,C,4,139,1,NaN,NaN,0,0.339673042297363
C044,C,4,140,1,NaN,NaN,0,NaN
C044,C,4,141,0,NaN,NaN,1,NaN
C044,C,4,142,1,NaN,NaN,0,0.307262897491455
C044,C,4,143,1,NaN,NaN,0,0.304212808609009
C044,C,4,144,1,NaN,NaN,0,0.270921945571899
C044,C,4,145,1,NaN,NaN,0,NaN
C044,C,4,146,1,NaN,NaN,0,0.153709888458252
C044,C,4,147,1,NaN,NaN,0,NaN
C044,C,4,148,0,NaN,NaN,1,NaN
C044,C,4,149,1,NaN,NaN,0,0.427905082702637
C044,C,4,150,1,NaN,NaN,0,0.500016927719116
C044,C,4,151,1,NaN,NaN,0,0.483011960983276
C044,C,4,152,NaN,1,0,NaN,NaN
C044,C,4,153,1,NaN,NaN,0,0.50857400894165
C044,C,4,154,1,NaN,NaN,0,0.434087991714478
C044,C,4,155,1,NaN,NaN,0,0.408904790878296
C044,C,4,156,1,NaN,NaN,0,0.354082107543945
C044,C,4,157,NaN,1,0,NaN,NaN
C044,C,4,158,1,NaN,NaN,0,0.319447994232178
C044,C,4,159,1,NaN,NaN,0,0.30472993850708
C044,C,4,160,1,NaN,NaN,0,0.381953954696655
C044,C,4,161,1,NaN,NaN,0,0.450485944747925
C044,C,4,162,1,NaN,NaN,0,0.567300081253052
C044,C,4,163,1,NaN,NaN,0,0.511941909790039
C044,C,4,164,1,NaN,NaN,0,0.503175973892212
C044,C,4,165,1,NaN,NaN,0,0.4372878074646
C044,C,4,166,1,NaN,NaN,0,0.500561952590942
C044,C,4,167,NaN,1,0,NaN,NaN
C044,C,4,168,1,NaN,NaN,0,0.438598155975342
C044,C,4,169,1,NaN,NaN,0,0.38260817527771
C044,C,4,170,1,NaN,NaN,0,0.484930038452148
C044,C,4,171,0,NaN,NaN,1,NaN
C044,C,4,172,1,NaN,NaN,0,0.425491094589233
C044,C,4,173,1,NaN,NaN,0,0.463405132293701
C044,C,4,174,NaN,0,1,NaN,NaN
C044,C,4,175,0,NaN,NaN,1,NaN
C044,C,4,176,1,NaN,NaN,0,0.367382049560547
C044,C,4,177,1,NaN,NaN,0,0.540142059326172
C044,C,4,178,1,NaN,NaN,0,0.456491947174072
C044,C,4,179,1,NaN,NaN,0,0.366394996643066
C044,C,4,180,1,NaN,NaN,0,0.391618013381958
C044,C,4,181,1,NaN,NaN,0,0.488931179046631
C044,C,4,182,1,NaN,NaN,0,0.644577980041504
C044,C,4,183,0,NaN,NaN,1,NaN
C044,C,4,184,1,NaN,NaN,0,0.461153030395508
C044,C,4,185,0,NaN,NaN,1,NaN
C044,C,4,186,1,NaN,NaN,0,NaN
C044,C,4,187,NaN,1,0,NaN,NaN
C044,C,4,188,1,NaN,NaN,0,0.357558965682983
C044,C,4,189,1,NaN,NaN,0,0.392179012298584
C044,C,4,190,1,NaN,NaN,0,0.532304048538208
C044,C,4,191,NaN,0,1,NaN,NaN
C044,C,4,192,1,NaN,NaN,0,0.199517965316772
C044,C,4,193,1,NaN,NaN,0,0.325379133224487
C044,C,4,194,1,NaN,NaN,0,0.281683921813965
C044,C,4,195,1,NaN,NaN,0,0.282783031463623
C044,C,4,196,1,NaN,NaN,0,0.36114501953125
C044,C,4,197,1,NaN,NaN,0,0.360605955123901
C044,C,4,198,1,NaN,NaN,0,0.345883846282959
C044,C,4,199,1,NaN,NaN,0,0.418935060501099
C044,C,4,200,1,NaN,NaN,0,0.330126047134399
C044,C,4,201,1,NaN,NaN,0,0.391171932220459
C044,C,4,202,1,NaN,NaN,0,0.392462015151978
C044,C,4,203,1,NaN,NaN,0,0.372725009918213
C044,C,4,204,1,NaN,NaN,0,0.360949993133545
C044,C,4,205,NaN,1,0,NaN,NaN
C044,C,4,206,1,NaN,NaN,0,0.341552019119263
C044,C,4,207,1,NaN,NaN,0,0.366769075393677
C044,C,4,208,1,NaN,NaN,0,0.370871067047119
C044,C,4,209,1,NaN,NaN,0,0.326500177383423
C044,C,4,210,1,NaN,NaN,0,0.352328777313232
C044,C,4,211,1,NaN,NaN,0,0.445359945297241
C044,C,4,212,1,NaN,NaN,0,0.411628007888794
C044,C,4,213,NaN,1,0,NaN,NaN
C044,C,4,214,1,NaN,NaN,0,0.486865997314453
C044,C,4,215,1,NaN,NaN,0,0.484985113143921
C044,C,4,216,1,NaN,NaN,0,0.348247051239014
C044,C,4,217,1,NaN,NaN,0,0.289765119552612
C044,C,4,218,1,NaN,NaN,0,0.308875799179077
C044,C,4,219,1,NaN,NaN,0,0.310336828231812
C044,C,4,220,NaN,0,1,NaN,NaN
C044,C,4,221,0,NaN,NaN,1,NaN
C044,C,4,222,1,NaN,NaN,0,0.32915186882019
C044,C,4,223,1,NaN,NaN,0,0.289947986602783
C044,C,4,224,0,NaN,NaN,1,NaN
C044,C,4,225,0,NaN,NaN,1,NaN
C044,C,4,226,1,NaN,NaN,0,0.908882141113281
C044,C,4,227,1,NaN,NaN,0,0.590522050857544
C044,C,4,228,1,NaN,NaN,0,0.479161024093628
C044,C,4,229,1,NaN,NaN,0,0.308110952377319
C044,C,4,230,NaN,1,0,NaN,NaN
C044,C,4,231,1,NaN,NaN,0,0.371548175811768
C044,C,4,232,1,NaN,NaN,0,0.365012884140015
C044,C,4,233,1,NaN,NaN,0,0.336102962493896
C044,C,4,234,1,NaN,NaN,0,0.378595113754272
C044,C,4,235,1,NaN,NaN,0,0.359253883361816
C044,C,4,236,1,NaN,NaN,0,0.50505805015564
C044,C,4,237,1,NaN,NaN,0,0.442193984985352
C044,C,4,238,1,NaN,NaN,0,0.445695877075195
C044,C,4,239,1,NaN,NaN,0,0.463624000549316
C044,C,4,240,1,NaN,NaN,0,0.533312082290649
C044,C,4,241,1,NaN,NaN,0,1.02336311340332
C044,C,4,242,NaN,1,0,NaN,NaN
C044,C,4,243,1,NaN,NaN,0,0.416873931884766
C044,C,4,244,1,NaN,NaN,0,0.351541042327881
C044,C,4,245,1,NaN,NaN,0,0.433213949203491
C044,C,4,246,NaN,1,0,NaN,NaN
C044,C,4,247,1,NaN,NaN,0,0.335013151168823
C044,C,4,248,0,NaN,NaN,1,NaN
C044,C,4,249,1,NaN,NaN,0,0.379431009292603
C044,C,4,250,1,NaN,NaN,0,0.435062885284424
C044,C,4,251,1,NaN,NaN,0,0.413482904434204
C044,C,4,252,1,NaN,NaN,0,0.379905939102173
C044,C,4,253,1,NaN,NaN,0,0.369204998016357
C044,C,4,254,1,NaN,NaN,0,0.399024963378906
C044,C,4,255,1,NaN,NaN,0,0.511786937713623
C044,C,4,256,1,NaN,NaN,0,0.565690040588379
C044,C,4,257,NaN,1,0,NaN,NaN
C044,C,4,258,1,NaN,NaN,0,0.432531833648682
C044,C,4,259,1,NaN,NaN,0,0.342710971832275
C044,C,4,260,1,NaN,NaN,0,0.487555980682373
C044,C,4,261,1,NaN,NaN,0,0.435540914535522
C044,C,4,262,1,NaN,NaN,0,0.41573691368103
C044,C,4,263,1,NaN,NaN,0,0.675348997116089
C044,C,4,264,0,NaN,NaN,1,NaN
C044,C,4,265,0,NaN,NaN,1,NaN
C044,C,4,266,1,NaN,NaN,0,0.356688022613525
C044,C,4,267,0,NaN,NaN,1,NaN
C044,C,4,268,NaN,1,0,NaN,NaN
C044,C,4,269,0,NaN,NaN,1,NaN
C044,C,4,270,0,NaN,NaN,1,NaN
C044,C,4,271,1,NaN,NaN,0,0.402148962020874
C044,C,4,272,1,NaN,NaN,0,0.771398067474365
C044,C,4,273,1,NaN,NaN,0,0.970906972885132
C044,C,4,274,1,NaN,NaN,0,0.639323949813843
C044,C,4,275,NaN,0,1,NaN,NaN
C044,C,4,276,1,NaN,NaN,0,0.456969022750854
C044,C,4,277,1,NaN,NaN,0,0.69060492515564
C044,C,4,278,0,NaN,NaN,1,NaN
C044,C,4,279,1,NaN,NaN,0,NaN
C044,C,4,280,1,NaN,NaN,0,0.312357187271118
C044,C,4,281,1,NaN,NaN,0,0.377583980560303
C044,C,4,282,NaN,0,1,NaN,NaN
C044,C,4,283,1,NaN,NaN,0,0.486637115478516
C044,C,4,284,1,NaN,NaN,0,0.406744003295898
C044,C,4,285,1,NaN,NaN,0,0.323295116424561
C044,C,4,286,1,NaN,NaN,0,0.273849964141846
C044,C,4,287,1,NaN,NaN,0,0.345086097717285
C044,C,4,288,1,NaN,NaN,0,0.368035078048706
C044,C,4,289,1,NaN,NaN,0,0.359772920608521
C044,C,4,290,1,NaN,NaN,0,0.352930068969727
C044,C,4,291,1,NaN,NaN,0,0.349257946014404
C044,C,4,292,1,NaN,NaN,0,0.396076917648315
C044,C,4,293,1,NaN,NaN,0,0.373260021209717
C044,C,4,294,1,NaN,NaN,0,0.445039033889771
C044,C,4,295,1,NaN,NaN,0,0.344838857650757
C044,C,4,296,NaN,1,0,NaN,NaN
C044,C,4,297,1,NaN,NaN,0,0.367074966430664
C044,C,4,298,1,NaN,NaN,0,0.340969085693359
C044,C,4,299,1,NaN,NaN,0,0.351222991943359
C044,C,4,300,NaN,1,0,NaN,NaN
C044,C,4,301,1,NaN,NaN,0,0.392478227615356
C044,C,4,302,1,NaN,NaN,0,0.647557973861694
C044,C,4,303,1,NaN,NaN,0,0.467861890792847
C044,C,4,304,0,NaN,NaN,1,NaN
C044,C,4,305,1,NaN,NaN,0,1.05893707275391
C044,C,4,306,1,NaN,NaN,0,0.562241077423096
C044,C,4,307,1,NaN,NaN,0,NaN
C044,C,4,308,1,NaN,NaN,0,0.308570861816406
C044,C,4,309,1,NaN,NaN,0,0.366256952285767
C044,C,4,310,1,NaN,NaN,0,0.391119003295898
C044,C,4,311,1,NaN,NaN,0,0.409121990203857
C044,C,4,312,1,NaN,NaN,0,0.409767866134644
C044,C,4,313,NaN,1,0,NaN,NaN
C044,C,4,314,1,NaN,NaN,0,0.316226005554199
C044,C,4,315,1,NaN,NaN,0,0.303833961486816
C044,C,4,316,1,NaN,NaN,0,0.332316875457764
C044,C,4,317,1,NaN,NaN,0,0.437983989715576
C044,C,4,318,1,NaN,NaN,0,1.08323907852173
C044,C,4,319,1,NaN,NaN,0,0.541654109954834
C044,C,4,320,1,NaN,NaN,0,0.368267059326172
C044,C,4,321,1,NaN,NaN,0,0.457641124725342
C044,C,4,322,1,NaN,NaN,0,0.536593914031982
C044,C,4,323,NaN,1,0,NaN,NaN
C044,C,4,324,1,NaN,NaN,0,0.247653007507324
C044,C,4,325,1,NaN,NaN,0,NaN
C044,C,4,326,1,NaN,NaN,0,0.957324028015137
C044,C,4,327,1,NaN,NaN,0,0.546617031097412
C044,C,4,328,1,NaN,NaN,0,0.419893980026245
C044,C,4,329,1,NaN,NaN,0,0.419466972351074
C044,C,4,330,NaN,1,0,NaN,NaN
C044,C,4,331,1,NaN,NaN,0,NaN
C044,C,4,332,1,NaN,NaN,0,0.500848054885864
C044,C,4,333,1,NaN,NaN,0,0.381991147994995
C044,C,4,334,1,NaN,NaN,0,0.324398040771484
C044,C,4,335,1,NaN,NaN,0,0.360161066055298
C044,C,4,336,1,NaN,NaN,0,0.431020975112915
C044,C,4,337,1,NaN,NaN,0,0.328092098236084
C044,C,4,338,NaN,1,0,NaN,NaN
C044,C,4,339,1,NaN,NaN,0,0.340602159500122
C044,C,4,340,1,NaN,NaN,0,0.391488075256348
C044,C,4,341,1,NaN,NaN,0,0.366139888763428
C044,C,4,342,1,NaN,NaN,0,0.341980934143066
C044,C,4,343,1,NaN,NaN,0,0.335235118865967
C044,C,4,344,1,NaN,NaN,0,0.328627824783325
C044,C,4,345,NaN,1,0,NaN,NaN
C044,C,4,346,1,NaN,NaN,0,0.371071100234985
C044,C,4,347,1,NaN,NaN,0,0.215691089630127
C044,C,4,348,1,NaN,NaN,0,0.256866931915283
C044,C,4,349,1,NaN,NaN,0,0.348269939422607
C044,C,4,350,1,NaN,NaN,0,0.402266025543213
C044,C,4,351,1,NaN,NaN,0,0.381213903427124
C044,C,4,352,1,NaN,NaN,0,0.41947603225708
C044,C,4,353,1,NaN,NaN,0,0.328772068023682
C044,C,4,354,1,NaN,NaN,0,0.409856796264648
C044,C,4,355,1,NaN,NaN,0,1.03101015090942
C044,C,4,356,1,NaN,NaN,0,0.689548015594482
C044,C,4,357,1,NaN,NaN,0,0.562819957733154
C044,C,4,358,NaN,1,0,NaN,NaN
C044,C,4,359,1,NaN,NaN,0,0.39873194694519
C044,C,4,360,1,NaN,NaN,0,0.37689995765686
C044,C,4,361,1,NaN,NaN,0,0.384181976318359
C044,C,4,362,1,NaN,NaN,0,0.246139049530029
C044,C,4,363,1,NaN,NaN,0,1.07010388374329
C044,C,4,364,NaN,1,0,NaN,NaN
C044,C,4,365,0,NaN,NaN,1,NaN
C044,C,4,366,1,NaN,NaN,0,NaN
C044,C,4,367,1,NaN,NaN,0,0.479932069778442
C044,C,4,368,1,NaN,NaN,0,0.377591133117676
C044,C,4,369,1,NaN,NaN,0,0.424934148788452
C044,C,4,370,1,NaN,NaN,0,0.33860182762146
C044,C,4,371,1,NaN,NaN,0,0.334836959838867
C044,C,4,372,1,NaN,NaN,0,0.584640979766846
C044,C,4,373,1,NaN,NaN,0,0.549689054489136
C044,C,4,374,NaN,1,0,NaN,NaN
C044,C,4,375,1,NaN,NaN,0,0.314389944076538
C044,C,4,376,1,NaN,NaN,0,0.363355159759521
C044,C,4,377,1,NaN,NaN,0,0.342733860015869
C044,C,4,378,1,NaN,NaN,0,0.387714862823486
C044,C,4,379,1,NaN,NaN,0,0.369547128677368
C044,C,4,380,1,NaN,NaN,0,0.364587068557739
C044,C,4,381,1,NaN,NaN,0,0.363065004348755
C044,C,4,382,1,NaN,NaN,0,0.401798009872437
C044,C,4,383,1,NaN,NaN,0,0.35434889793396
C044,C,4,384,1,NaN,NaN,0,0.375477075576782
C044,C,4,385,NaN,0,1,NaN,NaN
C044,C,4,386,1,NaN,NaN,0,0.31683611869812
C044,C,4,387,1,NaN,NaN,0,0.316021203994751
C044,C,4,388,1,NaN,NaN,0,0.304692983627319
C044,C,4,389,1,NaN,NaN,0,0.998734951019287
C044,C,4,390,0,NaN,NaN,1,NaN
C044,C,4,391,1,NaN,NaN,0,NaN
C044,C,4,392,0,NaN,NaN,1,NaN
C044,C,4,393,1,NaN,NaN,0,0.283175945281982
C044,C,4,394,1,NaN,NaN,0,0.336230039596558
C044,C,4,395,NaN,1,0,NaN,NaN
C044,C,4,396,1,NaN,NaN,0,0.306007862091064
C044,C,4,397,1,NaN,NaN,0,0.364597797393799
C044,C,4,398,1,NaN,NaN,0,0.449713945388794
C044,C,4,399,1,NaN,NaN,0,0.560492038726807
C044,C,4,400,1,NaN,NaN,0,0.346122026443481
C044,C,4,401,1,NaN,NaN,0,0.467077016830444
C044,C,4,402,NaN,1,0,NaN,NaN
C044,C,4,403,1,NaN,NaN,0,0.315158843994141
C044,C,4,404,1,NaN,NaN,0,0.338179111480713
C044,C,4,405,1,NaN,NaN,0,0.256473064422607
C044,C,4,406,1,NaN,NaN,0,0.372012853622437
C044,C,4,407,1,NaN,NaN,0,0.35181188583374
C044,C,4,408,1,NaN,NaN,0,0.408387899398804
C044,C,4,409,1,NaN,NaN,0,0.420656204223633
C044,C,4,410,NaN,1,0,NaN,NaN
C044,C,4,411,1,NaN,NaN,0,0.387471914291382
C044,C,4,412,1,NaN,NaN,0,0.484060049057007
C044,C,4,413,1,NaN,NaN,0,0.41069483757019
C044,C,4,414,1,NaN,NaN,0,0.331265926361084
C044,C,4,415,1,NaN,NaN,0,0.363542795181274
C044,C,4,416,1,NaN,NaN,0,0.378992080688477
C044,C,4,417,1,NaN,NaN,0,0.360048055648804
C044,C,4,418,NaN,1,0,NaN,NaN
C044,C,4,419,1,NaN,NaN,0,0.337645053863525
C044,C,4,420,1,NaN,NaN,0,0.401763916015625
C044,C,4,421,1,NaN,NaN,0,0.409949064254761
C044,C,4,422,1,NaN,NaN,0,0.407227039337158
C044,C,4,423,1,NaN,NaN,0,0.632820129394531
C044,C,4,424,1,NaN,NaN,0,0.409914016723633
C044,C,4,425,1,NaN,NaN,0,0.473803997039795
C044,C,4,426,1,NaN,NaN,0,0.413025140762329
C044,C,4,427,1,NaN,NaN,0,0.37750506401062
C044,C,4,428,1,NaN,NaN,0,0.420745849609375
C044,C,4,429,NaN,1,0,NaN,NaN
C044,C,4,430,1,NaN,NaN,0,0.398791074752808
C044,C,4,431,1,NaN,NaN,0,0.406677961349487
C044,C,4,432,1,NaN,NaN,0,0.380099058151245
C044,C,4,433,1,NaN,NaN,0,0.348348140716553
C044,C,4,434,1,NaN,NaN,0,0.361706018447876
C044,C,4,435,1,NaN,NaN,0,0.476554155349731
C044,C,4,436,NaN,1,0,NaN,NaN
C044,C,4,437,0,NaN,NaN,1,NaN
C044,C,4,438,1,NaN,NaN,0,0.498104095458984
C044,C,4,439,1,NaN,NaN,0,0.5191810131073
C044,C,4,440,0,NaN,NaN,1,NaN
C044,C,4,441,1,NaN,NaN,0,0.66145396232605
C044,C,4,442,0,NaN,NaN,1,NaN
C044,C,4,443,NaN,1,0,NaN,NaN
C044,C,4,444,0,NaN,NaN,1,NaN
C044,C,4,445,1,NaN,NaN,0,0.313803911209106
C044,C,4,446,1,NaN,NaN,0,0.427504777908325
C044,C,4,447,1,NaN,NaN,0,0.355809211730957
C044,C,4,448,1,NaN,NaN,0,0.429873943328857
C044,C,4,449,0,NaN,NaN,1,NaN
C044,C,4,450,1,NaN,NaN,0,0.389565944671631
C044,C,4,451,1,NaN,NaN,0,0.468562126159668
C044,C,4,452,1,NaN,NaN,0,0.329770803451538
C044,C,4,453,1,NaN,NaN,0,0.217866897583008
C044,C,4,454,0,NaN,NaN,1,NaN
C044,C,4,455,1,NaN,NaN,0,0.311752080917358
C044,C,4,456,NaN,1,0,NaN,NaN
C044,C,4,457,1,NaN,NaN,0,0.3058180809021
C044,C,4,458,1,NaN,NaN,0,0.313766002655029
C044,C,4,459,1,NaN,NaN,0,0.280218839645386
C044,C,4,460,1,NaN,NaN,0,0.292451143264771
C044,C,4,461,1,NaN,NaN,0,0.345137119293213
C044,C,4,462,1,NaN,NaN,0,0.39807391166687
C044,C,4,463,1,NaN,NaN,0,0.375324964523315
C044,C,4,464,1,NaN,NaN,0,0.519608020782471
C044,C,4,465,NaN,0,1,NaN,NaN
C044,C,4,466,1,NaN,NaN,0,0.227108955383301
C044,C,4,467,1,NaN,NaN,0,0.324668884277344
C044,C,4,468,1,NaN,NaN,0,0.344866991043091
C044,C,4,469,1,NaN,NaN,0,0.453768968582153
C044,C,4,470,1,NaN,NaN,0,0.431184053421021
C044,C,4,471,1,NaN,NaN,0,0.525364875793457
C044,C,4,472,1,NaN,NaN,0,0.391903877258301
C044,C,4,473,1,NaN,NaN,0,0.369309902191162
C044,C,4,474,1,NaN,NaN,0,0.381225109100342
C044,C,4,475,1,NaN,NaN,0,0.486688852310181
C044,C,4,476,NaN,1,0,NaN,NaN
C044,C,4,477,1,NaN,NaN,0,0.340409994125366
C044,C,4,478,1,NaN,NaN,0,0.456939935684204
C044,C,4,479,1,NaN,NaN,0,0.515856027603149
C044,C,4,480,1,NaN,NaN,0,0.557116985321045
C044,C,4,481,1,NaN,NaN,0,0.630423069000244
C044,C,4,482,NaN,1,0,NaN,NaN
C044,C,4,483,1,NaN,NaN,0,0.316855907440186
C044,C,4,484,1,NaN,NaN,0,0.402307987213135
C044,C,4,485,1,NaN,NaN,0,0.361606121063232
C044,C,4,486,1,NaN,NaN,0,0.334734201431274
C044,C,4,487,1,NaN,NaN,0,0.327102184295654
C044,C,4,488,1,NaN,NaN,0,0.416059017181396
C044,C,4,489,1,NaN,NaN,0,0.201325178146362
C044,C,4,490,1,NaN,NaN,0,0.314166069030762
C044,C,4,491,NaN,0,1,NaN,NaN
C044,C,4,492,1,NaN,NaN,0,0.365469932556152
C044,C,4,493,1,NaN,NaN,0,0.402525901794434
C044,C,4,494,1,NaN,NaN,0,0.352813959121704
C044,C,4,495,1,NaN,NaN,0,0.529348134994507
C044,C,4,496,1,NaN,NaN,0,0.4443039894104
C044,C,4,497,NaN,1,0,NaN,NaN
C044,C,4,498,1,NaN,NaN,0,0.358114004135132
C044,C,4,499,1,NaN,NaN,0,0.401791095733643
C044,C,4,500,1,NaN,NaN,0,0.39622688293457
C044,C,4,501,1,NaN,NaN,0,0.378573894500732
C044,C,4,502,1,NaN,NaN,0,0.403804779052734
C044,C,4,503,1,NaN,NaN,0,0.526066064834595
C044,C,4,504,1,NaN,NaN,0,0.443731069564819
C044,C,4,505,1,NaN,NaN,0,0.487715005874634
C044,C,4,506,1,NaN,NaN,0,0.966904163360596
C044,C,4,507,1,NaN,NaN,0,0.519402027130127
C044,C,4,508,1,NaN,NaN,0,0.476163864135742
C044,C,4,509,NaN,1,0,NaN,NaN
C044,C,4,510,1,NaN,NaN,0,0.46894383430481
C044,C,4,511,0,NaN,NaN,1,NaN
C044,C,4,512,1,NaN,NaN,0,0.365538120269775
C044,C,4,513,1,NaN,NaN,0,0.398194074630737
