SubID,Group,BlockN,nTrial,GoTrials,NoGoTrials,FA,Misses,RT
C002,C,1,NaN,NaN,NaN,0,0,0.413297891616821
C002,C,1,NaN,NaN,NaN,0,0,0.311686992645264
C002,C,1,NaN,NaN,NaN,0,0,0.314617872238159
C002,C,1,NaN,NaN,NaN,0,0,0.274243116378784
C002,C,NaN,0,1,NaN,NaN,0,NaN
C002,C,1,NaN,NaN,NaN,0,0,0.360013961791992
C002,C,1,NaN,NaN,NaN,0,0,0.298810005187988
C002,C,1,NaN,NaN,NaN,0,0,0.303544044494629
C002,C,1,NaN,NaN,NaN,0,0,0.308125019073486
C002,C,1,NaN,NaN,NaN,0,0,0.319985866546631
C002,C,NaN,1,0,NaN,NaN,0,NaN
C002,C,1,NaN,NaN,NaN,0,0,0.35301399230957
C002,C,1,NaN,NaN,NaN,0,0,0.266153812408447
C002,C,1,NaN,NaN,NaN,0,0,0.357275009155273
C002,C,1,NaN,NaN,NaN,0,0,0.330554008483887
C002,C,1,NaN,NaN,NaN,0,0,0.345894813537598
C002,C,1,NaN,NaN,NaN,0,0,0.344732999801636
C002,C,1,NaN,NaN,NaN,0,0,0.309789896011353
C002,C,1,NaN,NaN,NaN,0,0,0.323035001754761
C002,C,NaN,1,0,NaN,NaN,0,NaN
C002,C,1,NaN,NaN,NaN,0,0,0.372822999954224
C002,C,1,NaN,NaN,NaN,0,0,0.28885293006897
C002,C,1,NaN,NaN,NaN,0,0,0.300420999526978
C002,C,1,NaN,NaN,NaN,0,0,0.320677995681763
C002,C,1,NaN,NaN,NaN,0,0,0.344324111938477
C002,C,1,NaN,NaN,NaN,0,0,0.349398136138916
C002,C,1,NaN,NaN,NaN,0,0,0.310854911804199
C002,C,1,NaN,NaN,NaN,0,0,0.414629936218262
C002,C,1,NaN,NaN,NaN,0,0,0.357952117919922
C002,C,1,NaN,NaN,NaN,0,0,0.32767915725708
C002,C,1,NaN,NaN,NaN,0,0,0.277193069458008
C002,C,NaN,1,0,NaN,NaN,0,NaN
C002,C,1,NaN,NaN,NaN,0,0,0.361685037612915
C002,C,1,NaN,NaN,NaN,0,0,0.374518871307373
C002,C,1,NaN,NaN,NaN,0,0,0.296372890472412
C002,C,1,NaN,NaN,NaN,0,0,0.319721937179565
C002,C,1,NaN,NaN,NaN,0,0,0.312608957290649
C002,C,0,NaN,NaN,NaN,1,0,NaN
C002,C,0,NaN,NaN,NaN,1,0,NaN
C002,C,1,NaN,NaN,NaN,0,0,NaN
C002,C,1,NaN,NaN,NaN,0,0,0.258857011795044
C002,C,1,NaN,NaN,NaN,0,0,0.387501955032349
C002,C,NaN,1,0,NaN,NaN,0,NaN
C002,C,1,NaN,NaN,NaN,0,0,0.350526094436646
C002,C,1,NaN,NaN,NaN,0,0,0.291103839874268
C002,C,1,NaN,NaN,NaN,0,0,0.307935953140259
C002,C,NaN,0,1,NaN,NaN,0,NaN
C002,C,1,NaN,NaN,NaN,0,0,0.268543004989624
C002,C,1,NaN,NaN,NaN,0,0,0.298635005950928
C002,C,1,NaN,NaN,NaN,0,0,0.285200119018555
C002,C,1,NaN,NaN,NaN,0,0,0.326189041137695
C002,C,1,NaN,NaN,NaN,0,0,0.358166933059692
C002,C,1,NaN,NaN,NaN,0,0,0.292040109634399
C002,C,1,NaN,NaN,NaN,0,0,0.349133014678955
C002,C,1,NaN,NaN,NaN,0,0,0.293443918228149
C002,C,1,NaN,NaN,NaN,0,0,0.290379047393799
C002,C,1,NaN,NaN,NaN,0,0,0.286517858505249
C002,C,1,NaN,NaN,NaN,0,0,0.314367055892944
C002,C,1,NaN,NaN,NaN,0,0,0.36591100692749
C002,C,1,NaN,NaN,NaN,0,0,0.410916090011597
C002,C,NaN,0,1,NaN,NaN,0,NaN
C002,C,1,NaN,NaN,NaN,0,0,0.282598972320557
C002,C,1,NaN,NaN,NaN,0,0,0.29938006401062
C002,C,1,NaN,NaN,NaN,0,0,0.296466827392578
C002,C,1,NaN,NaN,NaN,0,0,0.305643081665039
C002,C,1,NaN,NaN,NaN,0,0,0.338598966598511
C002,C,1,NaN,NaN,NaN,0,0,0.284118890762329
C002,C,1,NaN,NaN,NaN,0,0,0.438427925109863
C002,C,1,NaN,NaN,NaN,0,0,0.34490704536438
C002,C,NaN,1,0,NaN,NaN,0,NaN
C002,C,1,NaN,NaN,NaN,0,0,0.285543203353882
C002,C,1,NaN,NaN,NaN,0,0,0.246310949325562
C002,C,1,NaN,NaN,NaN,0,0,0.296293973922729
C002,C,NaN,0,1,NaN,NaN,0,NaN
C002,C,1,NaN,NaN,NaN,0,0,0.281505107879639
C002,C,1,NaN,NaN,NaN,0,0,0.257632970809937
C002,C,1,NaN,NaN,NaN,0,0,0.275702953338623
C002,C,1,NaN,NaN,NaN,0,0,0.2565598487854
C002,C,1,NaN,NaN,NaN,0,0,0.322283029556274
C002,C,1,NaN,NaN,NaN,0,0,0.323153972625732
C002,C,1,NaN,NaN,NaN,0,0,0.25842809677124
C002,C,1,NaN,NaN,NaN,0,0,0.317147016525269
C002,C,NaN,1,0,NaN,NaN,0,NaN
C002,C,1,NaN,NaN,NaN,0,0,0.257081031799316
C002,C,1,NaN,NaN,NaN,0,0,0.258919954299927
C002,C,1,NaN,NaN,NaN,0,0,0.237154006958008
C002,C,1,NaN,NaN,NaN,0,0,0.243403911590576
C002,C,1,NaN,NaN,NaN,0,0,0.246299982070923
C002,C,1,NaN,NaN,NaN,0,0,0.363709211349487
C002,C,1,NaN,NaN,NaN,0,0,0.311002969741821
C002,C,1,NaN,NaN,NaN,0,0,0.305487871170044
C002,C,1,NaN,NaN,NaN,0,0,0.331054210662842
C002,C,1,NaN,NaN,NaN,0,0,0.296149015426636
C002,C,NaN,1,0,NaN,NaN,0,NaN
C002,C,1,NaN,NaN,NaN,0,0,0.257495880126953
C002,C,1,NaN,NaN,NaN,0,0,0.333270072937012
C002,C,1,NaN,NaN,NaN,0,0,0.270443916320801
C002,C,1,NaN,NaN,NaN,0,0,0.274950981140137
C002,C,1,NaN,NaN,NaN,0,0,0.273816108703613
C002,C,1,NaN,NaN,NaN,0,0,0.289494037628174
C002,C,1,NaN,NaN,NaN,0,0,0.274622917175293
C002,C,1,NaN,NaN,NaN,0,0,0.271920919418335
C002,C,1,NaN,NaN,NaN,0,0,0.235702991485596
C002,C,1,NaN,NaN,NaN,0,0,0.301030874252319
C002,C,NaN,0,1,NaN,NaN,0,NaN
C002,C,1,NaN,NaN,NaN,0,0,0.201836109161377
C002,C,1,NaN,NaN,NaN,0,0,0.260629892349243
C002,C,1,NaN,NaN,NaN,0,0,0.279706001281738
C002,C,1,NaN,NaN,NaN,0,0,0.290205955505371
C002,C,1,NaN,NaN,NaN,0,0,0.348036050796509
C002,C,1,NaN,NaN,NaN,0,0,0.293123960494995
C002,C,1,NaN,NaN,NaN,0,0,0.326778173446655
C002,C,1,NaN,NaN,NaN,0,0,0.316118001937866
C002,C,1,NaN,NaN,NaN,0,0,0.314435005187988
C002,C,NaN,1,0,NaN,NaN,0,NaN
C002,C,1,NaN,NaN,NaN,0,0,0.210958957672119
C002,C,0,NaN,NaN,NaN,1,0,NaN
C002,C,1,NaN,NaN,NaN,0,0,0.40546989440918
C002,C,1,NaN,NaN,NaN,0,0,0.293657064437866
C002,C,1,NaN,NaN,NaN,0,0,0.295025825500488
C002,C,1,NaN,NaN,NaN,0,0,0.244738817214966
C002,C,NaN,0,1,NaN,NaN,0,NaN
C002,C,1,NaN,NaN,NaN,0,0,0.321500062942505
C002,C,1,NaN,NaN,NaN,0,0,0.384998798370361
C002,C,1,NaN,NaN,NaN,0,0,0.348088026046753
C002,C,1,NaN,NaN,NaN,0,0,0.310873031616211
C002,C,1,NaN,NaN,NaN,0,0,0.33501410484314
C002,C,NaN,0,1,NaN,NaN,0,NaN
C002,C,1,NaN,NaN,NaN,0,0,0.498620986938477
C002,C,1,NaN,NaN,NaN,0,0,0.482465028762817
C002,C,1,NaN,NaN,NaN,0,0,0.295099973678589
C002,C,1,NaN,NaN,NaN,0,0,0.267997026443481
C002,C,1,NaN,NaN,NaN,0,0,0.268088102340698
C002,C,1,NaN,NaN,NaN,0,0,0.243840932846069
C002,C,1,NaN,NaN,NaN,0,0,0.324649095535278
C002,C,1,NaN,NaN,NaN,0,0,0.354150056838989
C002,C,1,NaN,NaN,NaN,0,0,0.339140892028809
C002,C,1,NaN,NaN,NaN,0,0,0.303997039794922
C002,C,1,NaN,NaN,NaN,0,0,0.659102201461792
C002,C,1,NaN,NaN,NaN,0,0,0.316697120666504
C002,C,1,NaN,NaN,NaN,0,0,0.347596883773804
C002,C,NaN,1,0,NaN,NaN,0,NaN
C002,C,1,NaN,NaN,NaN,0,0,0.321958065032959
C002,C,1,NaN,NaN,NaN,0,0,0.286837816238403
C002,C,1,NaN,NaN,NaN,0,0,0.308073043823242
C002,C,1,NaN,NaN,NaN,0,0,0.274953126907349
C002,C,1,NaN,NaN,NaN,0,0,0.316107988357544
C002,C,NaN,1,0,NaN,NaN,0,NaN
C002,C,1,NaN,NaN,NaN,0,0,0.278523206710815
C002,C,1,NaN,NaN,NaN,0,0,0.35343599319458
C002,C,1,NaN,NaN,NaN,0,0,0.295807123184204
C002,C,1,NaN,NaN,NaN,0,0,0.300387859344482
C002,C,1,NaN,NaN,NaN,0,0,0.327773809432983
C002,C,1,NaN,NaN,NaN,0,0,0.323864936828613
C002,C,1,NaN,NaN,NaN,0,0,0.264035940170288
C002,C,NaN,1,0,NaN,NaN,0,NaN
C002,C,1,NaN,NaN,NaN,0,0,0.312566995620728
C002,C,1,NaN,NaN,NaN,0,0,0.290908098220825
C002,C,1,NaN,NaN,NaN,0,0,0.359378814697266
C002,C,1,NaN,NaN,NaN,0,0,0.347853183746338
C002,C,1,NaN,NaN,NaN,0,0,0.327117919921875
C002,C,1,NaN,NaN,NaN,0,0,0.401773929595947
C002,C,1,NaN,NaN,NaN,0,0,0.32148003578186
C002,C,1,NaN,NaN,NaN,0,0,0.278193950653076
C002,C,1,NaN,NaN,NaN,0,0,0.370152950286865
C002,C,1,NaN,NaN,NaN,0,0,0.339709997177124
C002,C,NaN,1,0,NaN,NaN,0,NaN
C002,C,1,NaN,NaN,NaN,0,0,0.251714944839478
C002,C,1,NaN,NaN,NaN,0,0,0.304471969604492
C002,C,1,NaN,NaN,NaN,0,0,0.287528038024902
C002,C,1,NaN,NaN,NaN,0,0,0.269867897033691
C002,C,1,NaN,NaN,NaN,0,0,0.316306114196777
C002,C,1,NaN,NaN,NaN,0,0,0.429533958435059
C002,C,1,NaN,NaN,NaN,0,0,0.333987951278687
C002,C,1,NaN,NaN,NaN,0,0,0.354697942733765
C002,C,1,NaN,NaN,NaN,0,0,0.326772928237915
C002,C,NaN,1,0,NaN,NaN,0,NaN
C002,C,1,NaN,NaN,NaN,0,0,0.261670112609863
C002,C,1,NaN,NaN,NaN,0,0,0.286418914794922
C002,C,1,NaN,NaN,NaN,0,0,0.281432867050171
C002,C,1,NaN,NaN,NaN,0,0,0.271456956863403
C002,C,1,NaN,NaN,NaN,0,0,0.233801126480103
C002,C,1,NaN,NaN,NaN,0,0,0.255717039108276
C002,C,1,NaN,NaN,NaN,0,0,0.303838968276978
C002,C,NaN,1,0,NaN,NaN,0,NaN
C002,C,1,NaN,NaN,NaN,0,0,0.513664960861206
C002,C,1,NaN,NaN,NaN,0,0,0.299422025680542
C002,C,1,NaN,NaN,NaN,0,0,0.320379018783569
C002,C,1,NaN,NaN,NaN,0,0,0.357043027877808
C002,C,1,NaN,NaN,NaN,0,0,0.366958141326904
C002,C,1,NaN,NaN,NaN,0,0,0.311399936676025
C002,C,1,NaN,NaN,NaN,0,0,0.360538959503174
C002,C,NaN,1,0,NaN,NaN,0,NaN
C002,C,1,NaN,NaN,NaN,0,0,0.264693975448608
C002,C,1,NaN,NaN,NaN,0,0,0.256464004516602
C002,C,1,NaN,NaN,NaN,0,0,0.265212059020996
C002,C,1,NaN,NaN,NaN,0,0,0.290291786193848
C002,C,1,NaN,NaN,NaN,0,0,0.273234844207764
C002,C,1,NaN,NaN,NaN,0,0,0.274363040924072
C002,C,1,NaN,NaN,NaN,0,0,0.331808090209961
C002,C,NaN,0,1,NaN,NaN,0,NaN
C002,C,1,NaN,NaN,NaN,0,0,0.283769130706787
C002,C,1,NaN,NaN,NaN,0,0,0.170421838760376
C002,C,1,NaN,NaN,NaN,0,0,0.237514972686768
C002,C,1,NaN,NaN,NaN,0,0,0.254781007766724
C002,C,1,NaN,NaN,NaN,0,0,0.281360864639282
C002,C,1,NaN,NaN,NaN,0,0,0.27408504486084
C002,C,1,NaN,NaN,NaN,0,0,0.328691005706787
C002,C,1,NaN,NaN,NaN,0,0,0.313775062561035
C002,C,1,NaN,NaN,NaN,0,0,0.299083948135376
C002,C,1,NaN,NaN,NaN,0,0,0.281155109405518
C002,C,1,NaN,NaN,NaN,0,0,0.35418176651001
C002,C,NaN,1,0,NaN,NaN,0,NaN
C002,C,1,NaN,NaN,NaN,0,0,0.340808153152466
C002,C,1,NaN,NaN,NaN,0,0,0.33127498626709
C002,C,1,NaN,NaN,NaN,0,0,0.228389978408813
C002,C,1,NaN,NaN,NaN,0,0,0.312547206878662
C002,C,1,NaN,NaN,NaN,0,0,0.288654088973999
C002,C,1,NaN,NaN,NaN,0,0,0.488810062408447
C002,C,1,NaN,NaN,NaN,0,0,0.367637872695923
C002,C,NaN,0,1,NaN,NaN,0,NaN
C002,C,1,NaN,NaN,NaN,0,0,0.30512809753418
C002,C,1,NaN,NaN,NaN,0,0,0.164360046386719
C002,C,0,NaN,NaN,NaN,1,0,NaN
C002,C,1,NaN,NaN,NaN,0,0,0.179910898208618
C002,C,1,NaN,NaN,NaN,0,0,0.240852832794189
C002,C,1,NaN,NaN,NaN,0,0,0.263876914978027
C002,C,1,NaN,NaN,NaN,0,0,0.328505992889404
C002,C,1,NaN,NaN,NaN,0,0,0.281615972518921
C002,C,1,NaN,NaN,NaN,0,0,0.327739953994751
C002,C,1,NaN,NaN,NaN,0,0,0.314088821411133
C002,C,1,NaN,NaN,NaN,0,0,0.320027828216553
C002,C,NaN,1,0,NaN,NaN,0,NaN
C002,C,1,NaN,NaN,NaN,0,0,0.272753953933716
C002,C,0,NaN,NaN,NaN,1,0,NaN
C002,C,1,NaN,NaN,NaN,0,0,0.333245992660522
C002,C,NaN,0,1,NaN,NaN,0,NaN
C002,C,1,NaN,NaN,NaN,0,0,0.33037805557251
C002,C,1,NaN,NaN,NaN,0,0,0.294815063476562
C002,C,1,NaN,NaN,NaN,0,0,0.361033916473389
C002,C,1,NaN,NaN,NaN,0,0,0.413914918899536
C002,C,1,NaN,NaN,NaN,0,0,0.319555997848511
C002,C,1,NaN,NaN,NaN,0,0,0.275830030441284
C002,C,1,NaN,NaN,NaN,0,0,0.416288137435913
C002,C,1,NaN,NaN,NaN,0,0,0.340890884399414
C002,C,1,NaN,NaN,NaN,0,0,0.529388189315796
C002,C,1,NaN,NaN,NaN,0,0,0.347453117370605
C002,C,1,NaN,NaN,NaN,0,0,0.368724822998047
C002,C,NaN,1,0,NaN,NaN,0,NaN
C002,C,1,NaN,NaN,NaN,0,0,0.276387214660645
C002,C,1,NaN,NaN,NaN,0,0,0.181298971176147
C002,C,1,NaN,NaN,NaN,0,0,0.312013864517212
C002,C,1,NaN,NaN,NaN,0,0,0.311192035675049
C002,C,1,NaN,NaN,NaN,0,0,0.283406972885132
C002,C,1,NaN,NaN,NaN,0,0,0.360173940658569
C002,C,NaN,0,1,NaN,NaN,0,NaN
C002,C,1,NaN,NaN,NaN,0,0,0.303225040435791
C002,C,1,NaN,NaN,NaN,0,0,0.289906978607178
C002,C,1,NaN,NaN,NaN,0,0,0.249856948852539
C002,C,1,NaN,NaN,NaN,0,0,0.333445072174072
C002,C,1,NaN,NaN,NaN,0,0,0.356276988983154
C002,C,1,NaN,NaN,NaN,0,0,0.288465023040771
C002,C,1,NaN,NaN,NaN,0,0,0.373534917831421
C002,C,1,NaN,NaN,NaN,0,0,0.334304809570312
C002,C,1,NaN,NaN,NaN,0,0,0.461333990097046
C002,C,1,NaN,NaN,NaN,0,0,0.348346948623657
C002,C,1,NaN,NaN,NaN,0,0,0.325169801712036
C002,C,0,NaN,NaN,NaN,1,0,NaN
C002,C,NaN,1,0,NaN,NaN,0,NaN
C002,C,1,NaN,NaN,NaN,0,0,0.267174005508423
C002,C,1,NaN,NaN,NaN,0,0,0.210922002792358
C002,C,1,NaN,NaN,NaN,0,0,0.234878063201904
C002,C,NaN,0,1,NaN,NaN,0,NaN
C002,C,1,NaN,NaN,NaN,0,0,0.342948913574219
C002,C,1,NaN,NaN,NaN,0,0,0.421772956848145
C002,C,1,NaN,NaN,NaN,0,0,0.335066080093384
C002,C,1,NaN,NaN,NaN,0,0,0.295790910720825
C002,C,1,NaN,NaN,NaN,0,0,0.23081111907959
C002,C,1,NaN,NaN,NaN,0,0,0.276138067245483
C002,C,1,NaN,NaN,NaN,0,0,0.285114049911499
C002,C,1,NaN,NaN,NaN,0,0,0.299256086349487
C002,C,1,NaN,NaN,NaN,0,0,0.316829204559326
C002,C,1,NaN,NaN,NaN,0,0,0.34125804901123
C002,C,1,NaN,NaN,NaN,0,0,0.330657958984375
C002,C,1,NaN,NaN,NaN,0,0,0.400166988372803
C002,C,NaN,1,0,NaN,NaN,0,NaN
C002,C,1,NaN,NaN,NaN,0,0,0.348143100738525
C002,C,1,NaN,NaN,NaN,0,0,0.308701992034912
C002,C,1,NaN,NaN,NaN,0,0,0.311777114868164
C002,C,1,NaN,NaN,NaN,0,0,0.300648927688599
C002,C,1,NaN,NaN,NaN,0,0,0.398489952087402
C002,C,NaN,1,0,NaN,NaN,0,NaN
C002,C,1,NaN,NaN,NaN,0,0,0.513827085494995
C002,C,1,NaN,NaN,NaN,0,0,0.397073984146118
C002,C,1,NaN,NaN,NaN,0,0,0.34036111831665
C002,C,1,NaN,NaN,NaN,0,0,NaN
C002,C,0,NaN,NaN,NaN,1,0,NaN
C002,C,1,NaN,NaN,NaN,0,0,0.333587169647217
C002,C,1,NaN,NaN,NaN,0,0,0.314324140548706
C002,C,1,NaN,NaN,NaN,0,0,0.292374134063721
C002,C,1,NaN,NaN,NaN,0,0,0.267806053161621
C002,C,1,NaN,NaN,NaN,0,0,0.324893951416016
C002,C,1,NaN,NaN,NaN,0,0,0.449393033981323
C002,C,NaN,1,0,NaN,NaN,0,NaN
C002,C,1,NaN,NaN,NaN,0,0,0.43977689743042
C002,C,1,NaN,NaN,NaN,0,0,0.428622961044312
C002,C,1,NaN,NaN,NaN,0,0,0.335350036621094
C002,C,1,NaN,NaN,NaN,0,0,0.356771945953369
C002,C,1,NaN,NaN,NaN,0,0,0.321613073348999
C002,C,1,NaN,NaN,NaN,0,0,0.366777896881104
C002,C,1,NaN,NaN,NaN,0,0,0.348869800567627
C002,C,1,NaN,NaN,NaN,0,0,0.332022905349731
C002,C,1,NaN,NaN,NaN,0,0,0.526103019714355
C002,C,NaN,0,1,NaN,NaN,0,NaN
C002,C,1,NaN,NaN,NaN,0,0,0.25509786605835
C002,C,1,NaN,NaN,NaN,0,0,0.283051013946533
C002,C,1,NaN,NaN,NaN,0,0,0.376219034194946
C002,C,1,NaN,NaN,NaN,0,0,0.309123039245605
C002,C,1,NaN,NaN,NaN,0,0,0.304738998413086
C002,C,1,NaN,NaN,NaN,0,0,0.326314926147461
C002,C,NaN,0,1,NaN,NaN,0,NaN
C002,C,1,NaN,NaN,NaN,0,0,0.393253087997437
C002,C,1,NaN,NaN,NaN,0,0,0.355069160461426
C002,C,1,NaN,NaN,NaN,0,0,0.383694887161255
C002,C,1,NaN,NaN,NaN,0,0,0.405772924423218
C002,C,NaN,0,1,NaN,NaN,0,NaN
C002,C,1,NaN,NaN,NaN,0,0,0.296310901641846
C002,C,1,NaN,NaN,NaN,0,0,0.254041910171509
C002,C,1,NaN,NaN,NaN,0,0,0.34299898147583
C002,C,1,NaN,NaN,NaN,0,0,0.40392804145813
C002,C,1,NaN,NaN,NaN,0,0,0.352471828460693
C002,C,1,NaN,NaN,NaN,0,0,0.34867000579834
C002,C,1,NaN,NaN,NaN,0,0,0.325634002685547
C002,C,1,NaN,NaN,NaN,0,0,0.521360874176025
C002,C,1,NaN,NaN,NaN,0,0,0.291100025177002
C002,C,1,NaN,NaN,NaN,0,0,0.492442846298218
C002,C,1,NaN,NaN,NaN,0,0,0.369845151901245
C002,C,1,NaN,NaN,NaN,0,0,0.306152820587158
C002,C,NaN,0,1,NaN,NaN,0,NaN
C002,C,1,NaN,NaN,NaN,0,0,0.289026021957397
C002,C,1,NaN,NaN,NaN,0,0,0.281856060028076
C002,C,1,NaN,NaN,NaN,0,0,0.338613986968994
C002,C,1,NaN,NaN,NaN,0,0,0.457525014877319
C002,C,1,NaN,NaN,NaN,0,0,0.350790023803711
C002,C,1,NaN,NaN,NaN,0,0,0.187212944030762
C002,C,1,NaN,NaN,NaN,0,0,0.333456039428711
C002,C,NaN,1,0,NaN,NaN,0,NaN
C002,C,1,NaN,NaN,NaN,0,0,0.278981924057007
C002,C,1,NaN,NaN,NaN,0,0,0.27797794342041
C002,C,1,NaN,NaN,NaN,0,0,0.302344083786011
C002,C,1,NaN,NaN,NaN,0,0,0.331595897674561
C002,C,1,NaN,NaN,NaN,0,0,0.276003837585449
C002,C,1,NaN,NaN,NaN,0,0,0.426613092422485
C002,C,NaN,1,0,NaN,NaN,0,NaN
C002,C,1,NaN,NaN,NaN,0,0,0.24871301651001
C002,C,1,NaN,NaN,NaN,0,0,0.297286033630371
C002,C,1,NaN,NaN,NaN,0,0,0.307157039642334
C002,C,1,NaN,NaN,NaN,0,0,0.275942087173462
C002,C,1,NaN,NaN,NaN,0,0,0.408169031143188
C002,C,1,NaN,NaN,NaN,0,0,0.432501077651978
C002,C,1,NaN,NaN,NaN,0,0,0.356141090393066
C002,C,1,NaN,NaN,NaN,0,0,0.365325212478638
C002,C,NaN,1,0,NaN,NaN,0,NaN
C002,C,1,NaN,NaN,NaN,0,0,0.319322109222412
C002,C,1,NaN,NaN,NaN,0,0,0.216048002243042
C002,C,1,NaN,NaN,NaN,0,0,0.252647876739502
C002,C,1,NaN,NaN,NaN,0,0,0.291988849639893
C002,C,1,NaN,NaN,NaN,0,0,0.307954072952271
C002,C,1,NaN,NaN,NaN,0,0,0.399545907974243
C002,C,1,NaN,NaN,NaN,0,0,0.543069124221802
C002,C,1,NaN,NaN,NaN,0,0,0.394510984420776
C002,C,NaN,1,0,NaN,NaN,0,NaN
C002,C,1,NaN,NaN,NaN,0,0,0.317694187164307
C002,C,1,NaN,NaN,NaN,0,0,0.289779901504517
C002,C,1,NaN,NaN,NaN,0,0,0.486248970031738
C002,C,1,NaN,NaN,NaN,0,0,0.374181985855103
C002,C,1,NaN,NaN,NaN,0,0,0.33990478515625
C002,C,1,NaN,NaN,NaN,0,0,0.316735982894897
C002,C,1,NaN,NaN,NaN,0,0,0.277788877487183
C002,C,1,NaN,NaN,NaN,0,0,0.346904993057251
C002,C,1,NaN,NaN,NaN,0,0,0.346142053604126
C002,C,1,NaN,NaN,NaN,0,0,0.322870969772339
C002,C,NaN,0,1,NaN,NaN,0,NaN
C002,C,1,NaN,NaN,NaN,0,0,0.2413489818573
C002,C,1,NaN,NaN,NaN,0,0,0.22869610786438
C002,C,1,NaN,NaN,NaN,0,0,0.299194097518921
C002,C,1,NaN,NaN,NaN,0,0,0.318501949310303
C002,C,1,NaN,NaN,NaN,0,0,0.482775926589966
C002,C,1,NaN,NaN,NaN,0,0,0.38784384727478
C002,C,1,NaN,NaN,NaN,0,0,0.310276031494141
C002,C,NaN,1,0,NaN,NaN,0,NaN
C002,C,1,NaN,NaN,NaN,0,0,0.40274715423584
C002,C,1,NaN,NaN,NaN,0,0,0.256242990493774
C002,C,1,NaN,NaN,NaN,0,0,0.165180921554565
C002,C,1,NaN,NaN,NaN,0,0,0.230002164840698
C002,C,1,NaN,NaN,NaN,0,0,0.238362073898315
C002,C,1,NaN,NaN,NaN,0,0,0.208642959594727
C002,C,1,NaN,NaN,NaN,0,0,0.29485011100769
C002,C,1,NaN,NaN,NaN,0,0,0.391726970672607
C002,C,1,NaN,NaN,NaN,0,0,0.2150559425354
C002,C,NaN,1,0,NaN,NaN,0,NaN
C002,C,1,NaN,NaN,NaN,0,0,0.300943851470947
C002,C,1,NaN,NaN,NaN,0,0,0.197817087173462
C002,C,1,NaN,NaN,NaN,0,0,0.329800844192505
C002,C,1,NaN,NaN,NaN,0,0,0.277737855911255
C002,C,1,NaN,NaN,NaN,0,0,0.256567001342773
C002,C,1,NaN,NaN,NaN,0,0,0.345424890518188
C002,C,1,NaN,NaN,NaN,0,0,0.416366100311279
C002,C,1,NaN,NaN,NaN,0,0,0.33470892906189
C002,C,1,NaN,NaN,NaN,0,0,0.472570896148682
C002,C,1,NaN,NaN,NaN,0,0,0.26435399055481
C002,C,1,NaN,NaN,NaN,0,0,0.271550178527832
C002,C,NaN,0,1,NaN,NaN,0,NaN
C002,C,1,NaN,NaN,NaN,0,0,0.419006109237671
C002,C,1,NaN,NaN,NaN,0,0,0.295225858688354
C002,C,1,NaN,NaN,NaN,0,0,0.29981803894043
C002,C,1,NaN,NaN,NaN,0,0,0.401875019073486
C002,C,1,NaN,NaN,NaN,0,0,0.428248167037964
C002,C,NaN,1,0,NaN,NaN,0,NaN
C002,C,1,NaN,NaN,NaN,0,0,0.392786026000977
C002,C,1,NaN,NaN,NaN,0,0,0.422179937362671
C002,C,1,NaN,NaN,NaN,0,0,0.38289999961853
C002,C,1,NaN,NaN,NaN,0,0,0.306160926818848
C002,C,1,NaN,NaN,NaN,0,0,0.301974058151245
C002,C,1,NaN,NaN,NaN,0,0,0.360065937042236
C002,C,1,NaN,NaN,NaN,0,0,0.251348972320557
C002,C,1,NaN,NaN,NaN,0,0,0.334750175476074
C002,C,1,NaN,NaN,NaN,0,0,0.341854095458984
C002,C,1,NaN,NaN,NaN,0,0,0.262060880661011
C002,C,1,NaN,NaN,NaN,0,0,0.298632144927979
C002,C,NaN,1,0,NaN,NaN,0,NaN
C002,C,1,NaN,NaN,NaN,0,0,0.360828876495361
C002,C,1,NaN,NaN,NaN,0,0,0.395777225494385
C002,C,1,NaN,NaN,NaN,0,0,0.352223873138428
C002,C,NaN,1,0,NaN,NaN,0,NaN
C002,C,1,NaN,NaN,NaN,0,0,0.364285945892334
C002,C,1,NaN,NaN,NaN,0,0,0.349313020706177
C002,C,1,NaN,NaN,NaN,0,0,0.254202127456665
C002,C,1,NaN,NaN,NaN,0,0,NaN
C002,C,1,NaN,NaN,NaN,0,0,0.234565019607544
C002,C,1,NaN,NaN,NaN,0,0,NaN
C002,C,1,NaN,NaN,NaN,0,0,NaN
C002,C,1,NaN,NaN,NaN,0,0,0.35753607749939
C002,C,1,NaN,NaN,NaN,0,0,0.346812963485718
C002,C,1,NaN,NaN,NaN,0,0,0.641813993453979
C002,C,1,NaN,NaN,NaN,0,0,0.334057092666626
C002,C,1,NaN,NaN,NaN,0,0,0.32905912399292
C002,C,1,NaN,NaN,NaN,0,0,0.389189958572388
C002,C,NaN,1,0,NaN,NaN,0,NaN
C002,C,1,NaN,NaN,NaN,0,0,0.650707006454468
C002,C,1,NaN,NaN,NaN,0,0,0.37805700302124
C002,C,NaN,0,1,NaN,NaN,0,NaN
C002,C,1,NaN,NaN,NaN,0,0,0.530519008636475
C002,C,1,NaN,NaN,NaN,0,0,0.3995201587677
C002,C,1,NaN,NaN,NaN,0,0,0.519350051879883
C002,C,1,NaN,NaN,NaN,0,0,0.395863056182861
C002,C,1,NaN,NaN,NaN,0,0,0.362701892852783
C002,C,1,NaN,NaN,NaN,0,0,0.183241128921509
C002,C,1,NaN,NaN,NaN,0,0,0.482312917709351
C002,C,1,NaN,NaN,NaN,0,0,0.323425054550171
C002,C,1,NaN,NaN,NaN,0,0,0.516173124313354
C002,C,1,NaN,NaN,NaN,0,0,0.315463066101074
C002,C,1,NaN,NaN,NaN,0,0,0.302410840988159
C002,C,1,NaN,NaN,NaN,0,0,0.298060178756714
C002,C,1,NaN,NaN,NaN,0,0,0.655081987380981
C002,C,NaN,1,0,NaN,NaN,0,NaN
C002,C,1,NaN,NaN,NaN,0,0,0.283990859985352
C002,C,1,NaN,NaN,NaN,0,0,0.331115007400513
C002,C,1,NaN,NaN,NaN,0,0,0.407899856567383
C002,C,1,NaN,NaN,NaN,0,0,0.30536413192749
C002,C,1,NaN,NaN,NaN,0,0,0.417050838470459
C002,C,1,NaN,NaN,NaN,0,0,0.291277885437012
C002,C,NaN,0,1,NaN,NaN,0,NaN
C002,C,1,NaN,NaN,NaN,0,0,0.364779949188232
C002,C,1,NaN,NaN,NaN,0,0,NaN
C002,C,1,NaN,NaN,NaN,0,0,0.298869848251343
C002,C,1,NaN,NaN,NaN,0,0,0.276293992996216
C002,C,1,NaN,NaN,NaN,0,0,0.360841035842896
C002,C,1,NaN,NaN,NaN,0,0,0.306967973709106
C002,C,NaN,0,1,NaN,NaN,0,NaN
C002,C,1,NaN,NaN,NaN,0,0,0.279075860977173
C002,C,1,NaN,NaN,NaN,0,0,0.576539039611816
C002,C,1,NaN,NaN,NaN,0,0,0.31860613822937
C002,C,1,NaN,NaN,NaN,0,0,0.255347967147827
C002,C,1,NaN,NaN,NaN,0,0,0.422102928161621
C002,C,1,NaN,NaN,NaN,0,0,0.311141967773438
C002,C,1,NaN,NaN,NaN,0,0,0.447288036346436
C002,C,1,NaN,NaN,NaN,0,0,0.390192031860352
C002,C,1,NaN,NaN,NaN,0,0,0.393871784210205
C002,C,1,NaN,NaN,NaN,0,0,0.384766101837158
C002,C,1,NaN,NaN,NaN,0,0,0.272491931915283
C002,C,NaN,0,1,NaN,NaN,0,NaN
C002,C,1,NaN,NaN,NaN,0,0,0.311447858810425
C002,C,1,NaN,NaN,NaN,0,0,0.513329029083252
C002,C,1,NaN,NaN,NaN,0,0,0.425719976425171
C002,C,1,NaN,NaN,NaN,0,0,0.57185697555542
C002,C,1,NaN,NaN,NaN,0,0,0.418148994445801
C002,C,1,NaN,NaN,NaN,0,0,0.375012159347534
C002,C,1,NaN,NaN,NaN,0,0,0.383071899414062
C002,C,1,NaN,NaN,NaN,0,0,0.329361200332642
C002,C,1,NaN,NaN,NaN,0,0,0.302304983139038
C002,C,NaN,0,1,NaN,NaN,0,NaN
C002,C,1,NaN,NaN,NaN,0,0,0.246562957763672
C002,C,1,NaN,NaN,NaN,0,0,0.274744033813477
C002,C,1,NaN,NaN,NaN,0,0,0.302726984024048
C002,C,1,NaN,NaN,NaN,0,0,0.230307102203369
C002,C,1,NaN,NaN,NaN,0,0,0.343026161193848
C002,C,1,NaN,NaN,NaN,0,0,0.400111198425293
C002,C,1,NaN,NaN,NaN,0,0,0.343401908874512
C002,C,1,NaN,NaN,NaN,0,0,0.528069019317627
C002,C,1,NaN,NaN,NaN,0,0,0.375294923782349
C002,C,1,NaN,NaN,NaN,0,0,0.311918973922729
C002,C,NaN,1,0,NaN,NaN,0,NaN
C002,C,1,NaN,NaN,NaN,0,0,0.407037973403931
C002,C,1,NaN,NaN,NaN,0,0,0.448132038116455
C002,C,1,NaN,NaN,NaN,0,0,0.366936922073364
C002,C,1,NaN,NaN,NaN,0,0,0.372560024261475
C002,C,1,NaN,NaN,NaN,0,0,0.385499000549316
C002,C,NaN,0,1,NaN,NaN,0,NaN
C002,C,1,NaN,NaN,NaN,0,0,0.464380979537964
C002,C,1,NaN,NaN,NaN,0,0,0.406666994094849
C002,C,1,NaN,NaN,NaN,0,0,0.344149112701416
C002,C,1,NaN,NaN,NaN,0,0,0.329842090606689
C002,C,1,NaN,NaN,NaN,0,0,0.357313871383667
C002,C,1,NaN,NaN,NaN,0,0,0.334228992462158
C002,C,1,NaN,NaN,NaN,0,0,0.395349979400635
C002,C,1,NaN,NaN,NaN,0,0,0.288244962692261
C002,C,NaN,0,1,NaN,NaN,0,NaN
C002,C,1,NaN,NaN,NaN,0,0,NaN
C002,C,0,NaN,NaN,NaN,1,0,NaN
C002,C,1,NaN,NaN,NaN,0,0,0.479578018188477
C002,C,1,NaN,NaN,NaN,0,0,0.289758205413818
C002,C,1,NaN,NaN,NaN,0,0,0.417173147201538
C002,C,1,NaN,NaN,NaN,0,0,0.286921977996826
C002,C,1,NaN,NaN,NaN,0,0,0.472425937652588
C002,C,1,NaN,NaN,NaN,0,0,0.31095290184021
C002,C,1,NaN,NaN,NaN,0,0,0.339051008224487
C002,C,1,NaN,NaN,NaN,0,0,0.341787099838257
C002,C,1,NaN,NaN,NaN,0,0,0.40410304069519
C002,C,NaN,1,0,NaN,NaN,0,NaN
C002,C,1,NaN,NaN,NaN,0,0,0.417476177215576
C002,C,1,NaN,NaN,NaN,0,0,0.298322916030884
C002,C,1,NaN,NaN,NaN,0,0,0.321077108383179
C002,C,1,NaN,NaN,NaN,0,0,0.319259166717529
C002,C,NaN,1,0,NaN,NaN,0,NaN
C002,C,1,NaN,NaN,NaN,0,0,0.387059926986694
C002,C,1,NaN,NaN,NaN,0,0,0.306627988815308
C002,C,1,NaN,NaN,NaN,0,0,0.272032976150513
C002,C,1,NaN,NaN,NaN,0,0,0.232819080352783
C002,C,1,NaN,NaN,NaN,0,0,0.356369972229004
C002,C,1,NaN,NaN,NaN,0,0,0.453734874725342
C002,C,1,NaN,NaN,NaN,0,0,0.40739107131958
C002,C,1,NaN,NaN,NaN,0,0,0.361417055130005
C002,C,1,NaN,NaN,NaN,0,0,0.389917850494385
C002,C,1,NaN,NaN,NaN,0,0,0.335336923599243
C002,C,1,NaN,NaN,NaN,0,0,0.263550043106079
C002,C,1,NaN,NaN,NaN,0,0,0.38027286529541
C002,C,1,NaN,NaN,NaN,0,0,0.469141960144043
C002,C,NaN,0,1,NaN,NaN,0,NaN
C002,C,1,NaN,NaN,NaN,0,0,NaN
C002,C,1,NaN,NaN,NaN,0,0,0.285024881362915
C002,C,1,NaN,NaN,NaN,0,0,0.230103969573975
C002,C,1,NaN,NaN,NaN,0,0,0.295675039291382
C002,C,1,NaN,NaN,NaN,0,0,0.340557098388672
C002,C,1,NaN,NaN,NaN,0,0,0.353294849395752
C002,C,1,NaN,NaN,NaN,0,0,0.354384183883667
C002,C,NaN,1,0,NaN,NaN,0,NaN
C002,C,1,NaN,NaN,NaN,0,0,0.288697957992554
C002,C,1,NaN,NaN,NaN,0,0,0.32098913192749
C002,C,1,NaN,NaN,NaN,0,0,0.261105060577393
C002,C,1,NaN,NaN,NaN,0,0,0.350397109985352
C002,C,1,NaN,NaN,NaN,0,0,0.304588079452515
C002,C,1,NaN,NaN,NaN,0,0,0.334811925888062
C002,C,1,NaN,NaN,NaN,0,0,0.286036014556885
C002,C,1,NaN,NaN,NaN,0,0,0.341359853744507
C002,C,1,NaN,NaN,NaN,0,0,0.446044921875
C002,C,1,NaN,NaN,NaN,0,0,0.313913106918335
C002,C,NaN,1,0,NaN,NaN,0,NaN
C002,C,1,NaN,NaN,NaN,0,0,0.292901039123535
C002,C,1,NaN,NaN,NaN,0,0,0.25071382522583
C002,C,NaN,0,1,NaN,NaN,0,NaN
C002,C,1,NaN,NaN,NaN,0,0,0.275501012802124
C002,C,1,NaN,NaN,NaN,0,0,0.43250298500061
C002,C,1,NaN,NaN,NaN,0,0,0.521512985229492
C002,C,1,NaN,NaN,NaN,0,0,0.339223861694336
C002,C,1,NaN,NaN,NaN,0,0,0.302520990371704
C002,C,1,NaN,NaN,NaN,0,0,0.370041131973267
C002,C,1,NaN,NaN,NaN,0,0,0.377619028091431
C002,C,1,NaN,NaN,NaN,0,0,0.355754137039185
C002,C,1,NaN,NaN,NaN,0,0,0.375903129577637
C002,C,1,NaN,NaN,NaN,0,0,0.385252952575684
C002,C,1,NaN,NaN,NaN,0,0,0.409341096878052
C002,C,1,NaN,NaN,NaN,0,0,0.345984935760498
C002,C,1,NaN,NaN,NaN,0,0,0.337517976760864
C002,C,1,NaN,NaN,NaN,0,0,0.295143127441406
C002,C,NaN,1,0,NaN,NaN,0,NaN
C002,C,1,NaN,NaN,NaN,0,0,0.307232856750488
C002,C,1,NaN,NaN,NaN,0,0,0.291522979736328
C002,C,1,NaN,NaN,NaN,0,0,0.448060989379883
C002,C,NaN,1,0,NaN,NaN,0,NaN
C002,C,1,NaN,NaN,NaN,0,0,0.425657033920288
C002,C,1,NaN,NaN,NaN,0,0,0.394459009170532
C002,C,1,NaN,NaN,NaN,0,0,0.359621047973633
C002,C,1,NaN,NaN,NaN,0,0,0.363502025604248
C002,C,1,NaN,NaN,NaN,0,0,0.38244104385376
C002,C,1,NaN,NaN,NaN,0,0,0.525357007980347
C002,C,1,NaN,NaN,NaN,0,0,0.368269920349121
C002,C,1,NaN,NaN,NaN,0,0,0.385106086730957
C002,C,1,NaN,NaN,NaN,0,0,0.349821090698242
C002,C,NaN,0,1,NaN,NaN,0,NaN
C002,C,1,NaN,NaN,NaN,0,0,0.18851900100708
C002,C,1,NaN,NaN,NaN,0,0,0.304033041000366
C002,C,1,NaN,NaN,NaN,0,0,0.295161008834839
C002,C,1,NaN,NaN,NaN,0,0,0.350684881210327
C002,C,1,NaN,NaN,NaN,0,0,0.308831930160522
C002,C,1,NaN,NaN,NaN,0,0,0.301393032073975
C002,C,1,NaN,NaN,NaN,0,0,0.295100927352905
C002,C,1,NaN,NaN,NaN,0,0,0.360192775726318
C002,C,1,NaN,NaN,NaN,0,0,0.381006002426147
C002,C,NaN,1,0,NaN,NaN,0,NaN
C002,C,1,NaN,NaN,NaN,0,0,NaN
C002,C,1,NaN,NaN,NaN,0,0,0.307080984115601
C002,C,1,NaN,NaN,NaN,0,0,0.455436944961548
C002,C,1,NaN,NaN,NaN,0,0,0.408328056335449
C002,C,1,NaN,NaN,NaN,0,0,0.329552888870239
C002,C,1,NaN,NaN,NaN,0,0,0.462828159332275
C002,C,1,NaN,NaN,NaN,0,0,0.402078866958618
C002,C,1,NaN,NaN,NaN,0,0,0.351603031158447
C002,C,1,NaN,NaN,NaN,0,0,0.372524976730347
C002,C,1,NaN,NaN,NaN,0,0,0.34635591506958
C002,C,1,NaN,NaN,NaN,0,0,0.292567014694214
C002,C,NaN,0,1,NaN,NaN,0,NaN
C002,C,1,NaN,NaN,NaN,0,0,0.296000957489014
C002,C,1,NaN,NaN,NaN,0,0,NaN
C002,C,1,NaN,NaN,NaN,0,0,0.270585060119629
C002,C,1,NaN,NaN,NaN,0,0,0.244669198989868
C002,C,1,NaN,NaN,NaN,0,0,0.455054998397827
C002,C,1,NaN,NaN,NaN,0,0,0.319749116897583
C002,C,NaN,0,1,NaN,NaN,0,NaN
C002,C,1,NaN,NaN,NaN,0,0,0.250286102294922
C002,C,1,NaN,NaN,NaN,0,0,0.298717021942139
C002,C,1,NaN,NaN,NaN,0,0,0.613295078277588
C002,C,1,NaN,NaN,NaN,0,0,0.486670017242432
C002,C,1,NaN,NaN,NaN,0,0,0.354108095169067
C002,C,1,NaN,NaN,NaN,0,0,0.352807998657227
C002,C,1,NaN,NaN,NaN,0,0,NaN
C002,C,1,NaN,NaN,NaN,0,0,0.272309064865112
C002,C,1,NaN,NaN,NaN,0,0,0.440951824188232
C002,C,NaN,1,0,NaN,NaN,0,NaN
C002,C,1,NaN,NaN,NaN,0,0,0.293797016143799
C002,C,1,NaN,NaN,NaN,0,0,0.351117849349976
C002,C,1,NaN,NaN,NaN,0,0,0.576367139816284
C002,C,1,NaN,NaN,NaN,0,0,0.485038995742798
C002,C,1,NaN,NaN,NaN,0,0,0.342459201812744
C002,C,1,NaN,NaN,NaN,0,0,0.354331016540527
C002,C,1,NaN,NaN,NaN,0,0,0.367858171463013
C002,C,NaN,1,0,NaN,NaN,0,NaN
C002,C,1,NaN,NaN,NaN,0,0,0.360066890716553
C002,C,1,NaN,NaN,NaN,0,0,0.33533501625061
C002,C,1,NaN,NaN,NaN,0,0,0.405432939529419
C002,C,1,NaN,NaN,NaN,0,0,0.246261119842529
C002,C,1,NaN,NaN,NaN,0,0,0.280925989151001
C002,C,1,NaN,NaN,NaN,0,0,0.359282970428467
C002,C,1,NaN,NaN,NaN,0,0,0.480084180831909
C002,C,NaN,1,0,NaN,NaN,0,NaN
C002,C,1,NaN,NaN,NaN,0,0,0.227942943572998
C002,C,1,NaN,NaN,NaN,0,0,0.409514904022217
C002,C,1,NaN,NaN,NaN,0,0,0.366909980773926
C002,C,1,NaN,NaN,NaN,0,0,0.429425001144409
C002,C,1,NaN,NaN,NaN,0,0,0.298515796661377
C002,C,1,NaN,NaN,NaN,0,0,0.367923974990845
C002,C,NaN,1,0,NaN,NaN,0,NaN
C002,C,1,NaN,NaN,NaN,0,0,0.279653072357178
C002,C,1,NaN,NaN,NaN,0,0,0.287291049957275
C002,C,1,NaN,NaN,NaN,0,0,0.404098033905029
C002,C,1,NaN,NaN,NaN,0,0,0.337034940719604
C002,C,1,NaN,NaN,NaN,0,0,0.39933705329895
C002,C,1,NaN,NaN,NaN,0,0,0.512136936187744
C002,C,1,NaN,NaN,NaN,0,0,0.397132873535156
C002,C,1,NaN,NaN,NaN,0,0,NaN
C002,C,1,NaN,NaN,NaN,0,0,0.281815052032471
C002,C,1,NaN,NaN,NaN,0,0,0.307098865509033
C002,C,1,NaN,NaN,NaN,0,0,0.293197154998779
C002,C,1,NaN,NaN,NaN,0,0,0.318490982055664
C002,C,1,NaN,NaN,NaN,0,0,0.282029151916504
C002,C,NaN,1,0,NaN,NaN,0,NaN
C002,C,1,NaN,NaN,NaN,0,0,0.284183979034424
C002,C,1,NaN,NaN,NaN,0,0,0.259065866470337
C002,C,1,NaN,NaN,NaN,0,0,0.279553890228271
C002,C,1,NaN,NaN,NaN,0,0,0.315258979797363
C002,C,1,NaN,NaN,NaN,0,0,1.02985405921936
C002,C,1,NaN,NaN,NaN,0,0,0.416843175888062
C002,C,1,NaN,NaN,NaN,0,0,0.255428075790405
C002,C,NaN,0,1,NaN,NaN,0,NaN
C002,C,1,NaN,NaN,NaN,0,0,0.295508146286011
C002,C,1,NaN,NaN,NaN,0,0,0.250780820846558
C002,C,0,NaN,NaN,NaN,1,0,NaN
C002,C,1,NaN,NaN,NaN,0,0,0.378230094909668
C002,C,1,NaN,NaN,NaN,0,0,0.340681076049805
C002,C,1,NaN,NaN,NaN,0,0,0.253906011581421
C002,C,NaN,0,1,NaN,NaN,0,NaN
C002,C,1,NaN,NaN,NaN,0,0,0.292477130889893
C002,C,1,NaN,NaN,NaN,0,0,0.297403812408447
C002,C,1,NaN,NaN,NaN,0,0,0.422302007675171
C002,C,1,NaN,NaN,NaN,0,0,0.337898015975952
C002,C,1,NaN,NaN,NaN,0,0,0.421387910842896
C002,C,1,NaN,NaN,NaN,0,0,0.347331047058105
C002,C,1,NaN,NaN,NaN,0,0,0.312188148498535
C002,C,1,NaN,NaN,NaN,0,0,0.328971862792969
C002,C,1,NaN,NaN,NaN,0,0,0.325942993164062
C002,C,1,NaN,NaN,NaN,0,0,0.502241849899292
C002,C,1,NaN,NaN,NaN,0,0,0.517509937286377
C002,C,NaN,1,0,NaN,NaN,0,NaN
C002,C,1,NaN,NaN,NaN,0,0,0.300235986709595
C002,C,1,NaN,NaN,NaN,0,0,0.377162933349609
C002,C,1,NaN,NaN,NaN,0,0,0.250247001647949
C002,C,1,NaN,NaN,NaN,0,0,NaN
C002,C,1,NaN,NaN,NaN,0,0,0.33232307434082
C002,C,1,NaN,NaN,NaN,0,0,0.247051954269409
C002,C,NaN,0,1,NaN,NaN,0,NaN
C002,C,1,NaN,NaN,NaN,0,0,NaN
C002,C,1,NaN,NaN,NaN,0,0,NaN
C002,C,1,NaN,NaN,NaN,0,0,NaN
C002,C,1,NaN,NaN,NaN,0,0,NaN
C002,C,1,NaN,NaN,NaN,0,0,NaN
C002,C,1,NaN,NaN,NaN,0,0,0.256040096282959
C002,C,1,NaN,NaN,NaN,0,0,0.382392883300781
C002,C,1,NaN,NaN,NaN,0,0,0.230274200439453
C002,C,1,NaN,NaN,NaN,0,0,0.200682878494263
C002,C,NaN,0,1,NaN,NaN,0,NaN
C002,C,1,NaN,NaN,NaN,0,0,NaN
C002,C,1,NaN,NaN,NaN,0,0,0.205098152160645
C002,C,1,NaN,NaN,NaN,0,0,0.302613019943237
C002,C,1,NaN,NaN,NaN,0,0,0.230555057525635
C002,C,1,NaN,NaN,NaN,0,0,NaN
C002,C,1,NaN,NaN,NaN,0,0,0.283843040466309
C002,C,1,NaN,NaN,NaN,0,0,0.255589008331299
C002,C,1,NaN,NaN,NaN,0,0,0.320317983627319
C002,C,NaN,0,1,NaN,NaN,0,NaN
C002,C,1,NaN,NaN,NaN,0,0,NaN
C002,C,1,NaN,NaN,NaN,0,0,0.156468152999878
C002,C,1,NaN,NaN,NaN,0,0,NaN
C002,C,1,NaN,NaN,NaN,0,0,NaN
C002,C,1,NaN,NaN,NaN,0,0,NaN
C002,C,1,NaN,NaN,NaN,0,0,NaN
C002,C,1,NaN,NaN,NaN,0,0,NaN
C002,C,NaN,1,0,NaN,NaN,0,NaN
C002,C,1,NaN,NaN,NaN,0,0,NaN
C002,C,1,NaN,NaN,NaN,0,0,NaN
C002,C,1,NaN,NaN,NaN,0,0,NaN
C002,C,1,NaN,NaN,NaN,0,0,0.165759086608887
C002,C,0,NaN,NaN,NaN,1,0,NaN
C002,C,NaN,0,1,NaN,NaN,0,NaN
C002,C,1,NaN,NaN,NaN,0,0,0.333456993103027
C002,C,1,NaN,NaN,NaN,0,0,0.255712985992432
C002,C,1,NaN,NaN,NaN,0,0,0.312626838684082
C002,C,1,NaN,NaN,NaN,0,0,0.306905031204224
C002,C,1,NaN,NaN,NaN,0,0,0.306646108627319
C002,C,1,NaN,NaN,NaN,0,0,0.339034080505371
C002,C,1,NaN,NaN,NaN,0,0,0.325692892074585
C002,C,1,NaN,NaN,NaN,0,0,0.288125038146973
C002,C,1,NaN,NaN,NaN,0,0,0.332986116409302
C002,C,1,NaN,NaN,NaN,0,0,0.302680969238281
C002,C,1,NaN,NaN,NaN,0,0,0.365532159805298
C002,C,1,NaN,NaN,NaN,0,0,0.299934148788452
C002,C,NaN,1,0,NaN,NaN,0,NaN
C002,C,1,NaN,NaN,NaN,0,0,0.284051895141602
C002,C,1,NaN,NaN,NaN,0,0,0.261168003082275
C002,C,1,NaN,NaN,NaN,0,0,NaN
C002,C,1,NaN,NaN,NaN,0,0,NaN
C002,C,0,NaN,NaN,NaN,1,0,NaN
C002,C,1,NaN,NaN,NaN,0,0,0.423411846160889
C002,C,NaN,0,1,NaN,NaN,0,NaN
C002,C,1,NaN,NaN,NaN,0,0,0.270119905471802
C002,C,1,NaN,NaN,NaN,0,0,0.294697046279907
C002,C,1,NaN,NaN,NaN,0,0,0.279994010925293
C002,C,1,NaN,NaN,NaN,0,0,0.285902976989746
C002,C,1,NaN,NaN,NaN,0,0,0.322052955627441
C002,C,NaN,1,0,NaN,NaN,0,NaN
C002,C,1,NaN,NaN,NaN,0,0,0.244826078414917
C002,C,1,NaN,NaN,NaN,0,0,NaN
C002,C,1,NaN,NaN,NaN,0,0,0.434753894805908
C002,C,1,NaN,NaN,NaN,0,0,0.248146057128906
C002,C,1,NaN,NaN,NaN,0,0,0.19994592666626
C002,C,1,NaN,NaN,NaN,0,0,0.316135168075562
C002,C,1,NaN,NaN,NaN,0,0,0.321022033691406
C002,C,1,NaN,NaN,NaN,0,0,0.234846830368042
C002,C,1,NaN,NaN,NaN,0,0,0.31417989730835
C002,C,1,NaN,NaN,NaN,0,0,0.293587923049927
C002,C,1,NaN,NaN,NaN,0,0,0.418195009231567
C002,C,NaN,0,1,NaN,NaN,0,NaN
C002,C,1,NaN,NaN,NaN,0,0,0.617933988571167
C002,C,1,NaN,NaN,NaN,0,0,0.445811986923218
C002,C,1,NaN,NaN,NaN,0,0,NaN
C002,C,1,NaN,NaN,NaN,0,0,0.298475027084351
C002,C,1,NaN,NaN,NaN,0,0,0.380012989044189
C002,C,NaN,0,1,NaN,NaN,0,NaN
C002,C,1,NaN,NaN,NaN,0,0,0.271358013153076
C002,C,1,NaN,NaN,NaN,0,0,0.17930006980896
C002,C,1,NaN,NaN,NaN,0,0,0.300973892211914
C002,C,1,NaN,NaN,NaN,0,0,0.346632957458496
C002,C,1,NaN,NaN,NaN,0,0,0.23929500579834
C002,C,1,NaN,NaN,NaN,0,0,0.591891050338745
C002,C,1,NaN,NaN,NaN,0,0,0.329180955886841
C002,C,1,NaN,NaN,NaN,0,0,0.450583934783936
C002,C,1,NaN,NaN,NaN,0,0,0.351618051528931
C002,C,1,NaN,NaN,NaN,0,0,0.398838043212891
C002,C,1,NaN,NaN,NaN,0,0,0.344152927398682
C002,C,NaN,1,0,NaN,NaN,0,NaN
C002,C,1,NaN,NaN,NaN,0,0,0.250310182571411
C002,C,1,NaN,NaN,NaN,0,0,0.241358041763306
C002,C,1,NaN,NaN,NaN,0,0,0.235876083374023
C002,C,1,NaN,NaN,NaN,0,0,0.18940806388855
C002,C,1,NaN,NaN,NaN,0,0,0.278787136077881
C002,C,1,NaN,NaN,NaN,0,0,0.267184019088745
C002,C,1,NaN,NaN,NaN,0,0,0.272543907165527
C002,C,NaN,1,0,NaN,NaN,0,NaN
C002,C,1,NaN,NaN,NaN,0,0,0.28357195854187
C002,C,1,NaN,NaN,NaN,0,0,0.251833915710449
C002,C,1,NaN,NaN,NaN,0,0,0.249902963638306
C002,C,1,NaN,NaN,NaN,0,0,0.252043008804321
C002,C,1,NaN,NaN,NaN,0,0,0.374137878417969
C002,C,1,NaN,NaN,NaN,0,0,0.262089967727661
C002,C,1,NaN,NaN,NaN,0,0,0.519649982452393
C002,C,1,NaN,NaN,NaN,0,0,0.332417964935303
C002,C,NaN,0,1,NaN,NaN,0,NaN
C002,C,1,NaN,NaN,NaN,0,0,0.306641817092896
C002,C,1,NaN,NaN,NaN,0,0,0.159809112548828
C002,C,1,NaN,NaN,NaN,0,0,0.258739948272705
C002,C,1,NaN,NaN,NaN,0,0,NaN
C002,C,1,NaN,NaN,NaN,0,0,NaN
C002,C,1,NaN,NaN,NaN,0,0,0.298929929733276
C002,C,1,NaN,NaN,NaN,0,0,0.295974016189575
C002,C,1,NaN,NaN,NaN,0,0,0.27490496635437
C002,C,1,NaN,NaN,NaN,0,0,0.18872594833374
C002,C,1,NaN,NaN,NaN,0,0,0.327966213226318
C002,C,1,NaN,NaN,NaN,0,0,0.341829061508179
C002,C,1,NaN,NaN,NaN,0,0,0.392418146133423
C002,C,NaN,1,0,NaN,NaN,0,NaN
C002,C,1,NaN,NaN,NaN,0,0,0.211497068405151
C002,C,1,NaN,NaN,NaN,0,0,NaN
C002,C,1,NaN,NaN,NaN,0,0,0.364134073257446
C002,C,1,NaN,NaN,NaN,0,0,0.50521993637085
C002,C,1,NaN,NaN,NaN,0,0,0.433988094329834
C002,C,1,NaN,NaN,NaN,0,0,0.220438003540039
C002,C,1,NaN,NaN,NaN,0,0,0.439761877059937
C002,C,1,NaN,NaN,NaN,0,0,0.333718061447144
C002,C,NaN,1,0,NaN,NaN,0,NaN
C002,C,1,NaN,NaN,NaN,0,0,0.387136936187744
C002,C,1,NaN,NaN,NaN,0,0,0.425089120864868
C002,C,1,NaN,NaN,NaN,0,0,0.316256999969482
C002,C,1,NaN,NaN,NaN,0,0,0.337234973907471
C002,C,1,NaN,NaN,NaN,0,0,0.342650890350342
C002,C,1,NaN,NaN,NaN,0,0,0.419080018997192
C002,C,1,NaN,NaN,NaN,0,0,0.33203911781311
C002,C,1,NaN,NaN,NaN,0,0,0.380703926086426
C002,C,NaN,1,0,NaN,NaN,0,NaN
C002,C,1,NaN,NaN,NaN,0,0,0.274168014526367
C002,C,1,NaN,NaN,NaN,0,0,0.400429010391235
C002,C,1,NaN,NaN,NaN,0,0,0.286926031112671
C002,C,1,NaN,NaN,NaN,0,0,0.399504899978638
C002,C,1,NaN,NaN,NaN,0,0,0.357040882110596
C002,C,1,NaN,NaN,NaN,0,0,0.306633949279785
C002,C,1,NaN,NaN,NaN,0,0,0.316021919250488
C002,C,NaN,1,0,NaN,NaN,0,NaN
C002,C,1,NaN,NaN,NaN,0,0,0.369287967681885
C002,C,1,NaN,NaN,NaN,0,0,0.447050094604492
C002,C,1,NaN,NaN,NaN,0,0,0.302408218383789
C002,C,1,NaN,NaN,NaN,0,0,0.349261999130249
C002,C,NaN,1,0,NaN,NaN,0,NaN
C002,C,1,NaN,NaN,NaN,0,0,0.314291954040527
C002,C,1,NaN,NaN,NaN,0,0,0.331028938293457
C002,C,1,NaN,NaN,NaN,0,0,0.374104022979736
C002,C,1,NaN,NaN,NaN,0,0,0.377357006072998
C002,C,1,NaN,NaN,NaN,0,0,0.362007141113281
C002,C,1,NaN,NaN,NaN,0,0,0.183438062667847
C002,C,1,NaN,NaN,NaN,0,0,0.168440818786621
C002,C,NaN,1,0,NaN,NaN,0,NaN
C002,C,1,NaN,NaN,NaN,0,0,0.278543949127197
C002,C,1,NaN,NaN,NaN,0,0,0.281309127807617
C002,C,1,NaN,NaN,NaN,0,0,0.278200149536133
C002,C,1,NaN,NaN,NaN,0,0,NaN
C002,C,1,NaN,NaN,NaN,0,0,NaN
C002,C,1,NaN,NaN,NaN,0,0,0.367400884628296
C002,C,1,NaN,NaN,NaN,0,0,0.365247964859009
C002,C,1,NaN,NaN,NaN,0,0,0.265871047973633
C002,C,1,NaN,NaN,NaN,0,0,0.4755859375
C002,C,1,NaN,NaN,NaN,0,0,0.402637958526611
C002,C,1,NaN,NaN,NaN,0,0,0.392106056213379
C002,C,1,NaN,NaN,NaN,0,0,0.366878032684326
C002,C,1,NaN,NaN,NaN,0,0,0.344182968139648
C002,C,NaN,0,1,NaN,NaN,0,NaN
C002,C,1,NaN,NaN,NaN,0,0,0.392693042755127
C002,C,1,NaN,NaN,NaN,0,0,0.345651149749756
C002,C,1,NaN,NaN,NaN,0,0,NaN
C002,C,1,NaN,NaN,NaN,0,0,0.614844083786011
C002,C,1,NaN,NaN,NaN,0,0,0.457080841064453
C002,C,1,NaN,NaN,NaN,0,0,0.279464960098267
C002,C,1,NaN,NaN,NaN,0,0,0.311048984527588
C002,C,NaN,0,1,NaN,NaN,0,NaN
C002,C,1,NaN,NaN,NaN,0,0,0.352796077728271
C002,C,1,NaN,NaN,NaN,0,0,0.300750017166138
C002,C,1,NaN,NaN,NaN,0,0,0.317781925201416
C002,C,1,NaN,NaN,NaN,0,0,0.326783895492554
C002,C,1,NaN,NaN,NaN,0,0,0.243777990341187
C002,C,NaN,1,0,NaN,NaN,0,NaN
C002,C,1,NaN,NaN,NaN,0,0,0.355460166931152
C002,C,1,NaN,NaN,NaN,0,0,0.440871000289917
C002,C,1,NaN,NaN,NaN,0,0,0.297993898391724
C002,C,1,NaN,NaN,NaN,0,0,0.290996074676514
C002,C,1,NaN,NaN,NaN,0,0,0.268539905548096
C002,C,1,NaN,NaN,NaN,0,0,0.35448694229126
C002,C,1,NaN,NaN,NaN,0,0,0.215578079223633
C002,C,1,NaN,NaN,NaN,0,0,0.251938104629517
C002,C,NaN,1,0,NaN,NaN,0,NaN
C002,C,1,NaN,NaN,NaN,0,0,0.326274871826172
C002,C,1,NaN,NaN,NaN,0,0,0.286450862884521
C002,C,1,NaN,NaN,NaN,0,0,0.431260108947754
C002,C,1,NaN,NaN,NaN,0,0,0.283971071243286
C002,C,1,NaN,NaN,NaN,0,0,0.299443960189819
C002,C,1,NaN,NaN,NaN,0,0,0.281704902648926
C002,C,1,NaN,NaN,NaN,0,0,0.286549091339111
C002,C,1,NaN,NaN,NaN,0,0,0.563196897506714
C002,C,NaN,1,0,NaN,NaN,0,NaN
C002,C,1,NaN,NaN,NaN,0,0,0.297773838043213
C002,C,1,NaN,NaN,NaN,0,0,0.407716989517212
C002,C,1,NaN,NaN,NaN,0,0,0.375355005264282
C002,C,1,NaN,NaN,NaN,0,0,0.332113981246948
C002,C,1,NaN,NaN,NaN,0,0,0.317574977874756
C002,C,1,NaN,NaN,NaN,0,0,0.301983118057251
C002,C,1,NaN,NaN,NaN,0,0,0.327400922775269
C002,C,1,NaN,NaN,NaN,0,0,0.316031217575073
C002,C,1,NaN,NaN,NaN,0,0,NaN
C002,C,1,NaN,NaN,NaN,0,0,0.284179925918579
C002,C,1,NaN,NaN,NaN,0,0,0.325287818908691
C002,C,1,NaN,NaN,NaN,0,0,0.39004111289978
C002,C,1,NaN,NaN,NaN,0,0,0.369283199310303
C002,C,NaN,0,1,NaN,NaN,0,NaN
C002,C,1,NaN,NaN,NaN,0,0,0.37310791015625
C002,C,1,NaN,NaN,NaN,0,0,0.662508964538574
C002,C,1,NaN,NaN,NaN,0,0,0.330982208251953
C002,C,NaN,0,1,NaN,NaN,0,NaN
C002,C,1,NaN,NaN,NaN,0,0,0.407696008682251
C002,C,1,NaN,NaN,NaN,0,0,0.238156080245972
C002,C,1,NaN,NaN,NaN,0,0,0.32448410987854
C002,C,1,NaN,NaN,NaN,0,0,0.393544912338257
C002,C,1,NaN,NaN,NaN,0,0,0.58775806427002
C002,C,1,NaN,NaN,NaN,0,0,0.370659112930298
C002,C,1,NaN,NaN,NaN,0,0,0.40394401550293
C002,C,1,NaN,NaN,NaN,0,0,0.375232934951782
C002,C,NaN,1,0,NaN,NaN,0,NaN
C002,C,1,NaN,NaN,NaN,0,0,0.280117988586426
C002,C,1,NaN,NaN,NaN,0,0,0.438949823379517
C002,C,1,NaN,NaN,NaN,0,0,0.336137056350708
C002,C,1,NaN,NaN,NaN,0,0,0.355659961700439
C002,C,1,NaN,NaN,NaN,0,0,0.292953968048096
C002,C,1,NaN,NaN,NaN,0,0,0.30080509185791
C002,C,1,NaN,NaN,NaN,0,0,0.30671501159668
C002,C,1,NaN,NaN,NaN,0,0,0.308662176132202
C002,C,1,NaN,NaN,NaN,0,0,0.325440168380737
C002,C,1,NaN,NaN,NaN,0,0,0.33921480178833
C002,C,1,NaN,NaN,NaN,0,0,0.335163831710815
C002,C,NaN,1,0,NaN,NaN,0,NaN
C002,C,1,NaN,NaN,NaN,0,0,0.350010871887207
C002,C,1,NaN,NaN,NaN,0,0,0.246299982070923
C002,C,1,NaN,NaN,NaN,0,0,0.150110960006714
C002,C,1,NaN,NaN,NaN,0,0,NaN
C002,C,1,NaN,NaN,NaN,0,0,NaN
C002,C,NaN,0,1,NaN,NaN,0,NaN
C002,C,1,NaN,NaN,NaN,0,0,0.260304927825928
C002,C,1,NaN,NaN,NaN,0,0,0.389472961425781
C002,C,1,NaN,NaN,NaN,0,0,0.251286029815674
C002,C,1,NaN,NaN,NaN,0,0,NaN
C002,C,1,NaN,NaN,NaN,0,0,0.353731870651245
C002,C,1,NaN,NaN,NaN,0,0,0.274932146072388
C002,C,1,NaN,NaN,NaN,0,0,0.289978981018066
C002,C,1,NaN,NaN,NaN,0,0,0.239114999771118
C002,C,1,NaN,NaN,NaN,0,0,0.195589065551758
C002,C,NaN,0,1,NaN,NaN,0,NaN
C002,C,1,NaN,NaN,NaN,0,0,0.767849922180176
C002,C,1,NaN,NaN,NaN,0,0,0.373049974441528
C002,C,1,NaN,NaN,NaN,0,0,0.223312139511108
C002,C,1,NaN,NaN,NaN,0,0,0.309017181396484
C002,C,1,NaN,NaN,NaN,0,0,0.383579015731812
C002,C,1,NaN,NaN,NaN,0,0,0.311995029449463
C002,C,1,NaN,NaN,NaN,0,0,0.298027038574219
C002,C,1,NaN,NaN,NaN,0,0,0.33066987991333
C002,C,1,NaN,NaN,NaN,0,0,0.469440937042236
C002,C,1,NaN,NaN,NaN,0,0,0.355038166046143
C002,C,NaN,0,1,NaN,NaN,0,NaN
C002,C,1,NaN,NaN,NaN,0,0,0.338713884353638
C002,C,1,NaN,NaN,NaN,0,0,0.394586086273193
C002,C,1,NaN,NaN,NaN,0,0,0.396810054779053
C002,C,1,NaN,NaN,NaN,0,0,0.341275930404663
C002,C,NaN,0,1,NaN,NaN,0,NaN
C002,C,1,NaN,NaN,NaN,0,0,0.258685827255249
C002,C,1,NaN,NaN,NaN,0,0,0.293337106704712
C002,C,1,NaN,NaN,NaN,0,0,0.327509880065918
C002,C,1,NaN,NaN,NaN,0,0,0.237349987030029
C002,C,1,NaN,NaN,NaN,0,0,0.24203896522522
C002,C,1,NaN,NaN,NaN,0,0,0.33913516998291
C002,C,1,NaN,NaN,NaN,0,0,0.396384954452515
C002,C,1,NaN,NaN,NaN,0,0,0.311694860458374
C002,C,1,NaN,NaN,NaN,0,0,0.284163951873779
C002,C,1,NaN,NaN,NaN,0,0,0.304934978485107
C002,C,1,NaN,NaN,NaN,0,0,NaN
C002,C,NaN,1,0,NaN,NaN,0,NaN
C002,C,1,NaN,NaN,NaN,0,0,0.270308017730713
C002,C,1,NaN,NaN,NaN,0,0,0.284243822097778
C002,C,1,NaN,NaN,NaN,0,0,0.675310134887695
C002,C,1,NaN,NaN,NaN,0,0,0.315172910690308
C002,C,1,NaN,NaN,NaN,0,0,0.367081880569458
C002,C,1,NaN,NaN,NaN,0,0,0.344654083251953
C002,C,1,NaN,NaN,NaN,0,0,0.342880010604858
C002,C,1,NaN,NaN,NaN,0,0,0.550206899642944
C002,C,1,NaN,NaN,NaN,0,0,0.354016065597534
C002,C,NaN,1,0,NaN,NaN,0,NaN
C002,C,1,NaN,NaN,NaN,0,0,0.319967985153198
C002,C,1,NaN,NaN,NaN,0,0,0.326907157897949
C002,C,1,NaN,NaN,NaN,0,0,0.341669082641602
C002,C,1,NaN,NaN,NaN,0,0,0.35885214805603
C002,C,1,NaN,NaN,NaN,0,0,0.33240008354187
C002,C,1,NaN,NaN,NaN,0,0,0.292981863021851
C002,C,1,NaN,NaN,NaN,0,0,0.328208923339844
C002,C,1,NaN,NaN,NaN,0,0,0.316728830337524
C002,C,NaN,1,0,NaN,NaN,0,NaN
C002,C,1,NaN,NaN,NaN,0,0,0.281357049942017
C002,C,1,NaN,NaN,NaN,0,0,0.364580154418945
C002,C,1,NaN,NaN,NaN,0,0,0.352266788482666
C002,C,1,NaN,NaN,NaN,0,0,0.379338026046753
C002,C,NaN,1,0,NaN,NaN,0,NaN
C002,C,1,NaN,NaN,NaN,0,0,0.319679975509644
C002,C,1,NaN,NaN,NaN,0,0,0.668163061141968
C002,C,1,NaN,NaN,NaN,0,0,0.635128974914551
C002,C,1,NaN,NaN,NaN,0,0,0.319390058517456
C002,C,1,NaN,NaN,NaN,0,0,0.344100952148438
C002,C,1,NaN,NaN,NaN,0,0,NaN
C002,C,1,NaN,NaN,NaN,0,0,0.594740152359009
C002,C,1,NaN,NaN,NaN,0,0,0.378025054931641
C002,C,1,NaN,NaN,NaN,0,0,0.323651075363159
C002,C,NaN,1,0,NaN,NaN,0,NaN
C002,C,1,NaN,NaN,NaN,0,0,NaN
C002,C,1,NaN,NaN,NaN,0,0,0.293737888336182
C002,C,1,NaN,NaN,NaN,0,0,0.277307987213135
C002,C,1,NaN,NaN,NaN,0,0,0.231474161148071
C002,C,1,NaN,NaN,NaN,0,0,0.256365060806274
C002,C,NaN,1,0,NaN,NaN,0,NaN
C002,C,1,NaN,NaN,NaN,0,0,0.268643140792847
C002,C,1,NaN,NaN,NaN,0,0,0.324327945709229
C002,C,1,NaN,NaN,NaN,0,0,0.298419952392578
C002,C,1,NaN,NaN,NaN,0,0,0.262820959091187
C002,C,1,NaN,NaN,NaN,0,0,0.310167074203491
C002,C,1,NaN,NaN,NaN,0,0,0.283093214035034
C002,C,1,NaN,NaN,NaN,0,0,0.400367975234985
C002,C,1,NaN,NaN,NaN,0,0,0.393373012542725
C002,C,1,NaN,NaN,NaN,0,0,0.30975604057312
C002,C,1,NaN,NaN,NaN,0,0,0.30071496963501
C002,C,1,NaN,NaN,NaN,0,0,0.319862842559814
C002,C,NaN,0,1,NaN,NaN,0,NaN
C002,C,1,NaN,NaN,NaN,0,0,0.414757966995239
C002,C,1,NaN,NaN,NaN,0,0,0.291651010513306
C002,C,1,NaN,NaN,NaN,0,0,0.235507011413574
C002,C,1,NaN,NaN,NaN,0,0,0.237168073654175
C002,C,1,NaN,NaN,NaN,0,0,0.184808015823364
C002,C,1,NaN,NaN,NaN,0,0,0.251846075057983
C002,C,1,NaN,NaN,NaN,0,0,0.283365964889526
C002,C,NaN,0,1,NaN,NaN,0,NaN
C002,C,1,NaN,NaN,NaN,0,0,0.16808819770813
C002,C,1,NaN,NaN,NaN,0,0,NaN
C002,C,1,NaN,NaN,NaN,0,0,NaN
C002,C,1,NaN,NaN,NaN,0,0,0.319556951522827
C002,C,1,NaN,NaN,NaN,0,0,0.29244589805603
C002,C,1,NaN,NaN,NaN,0,0,0.300922870635986
C002,C,1,NaN,NaN,NaN,0,0,0.310260057449341
C002,C,1,NaN,NaN,NaN,0,0,0.274317026138306
C002,C,1,NaN,NaN,NaN,0,0,0.279130935668945
C002,C,1,NaN,NaN,NaN,0,0,0.285116910934448
C002,C,1,NaN,NaN,NaN,0,0,0.274119853973389
C002,C,1,NaN,NaN,NaN,0,0,0.289807081222534
C002,C,NaN,1,0,NaN,NaN,0,NaN
C002,C,1,NaN,NaN,NaN,0,0,0.215736865997314
C002,C,1,NaN,NaN,NaN,0,0,0.307805061340332
C002,C,1,NaN,NaN,NaN,0,0,0.293107032775879
C002,C,1,NaN,NaN,NaN,0,0,0.378760099411011
C002,C,1,NaN,NaN,NaN,0,0,0.305927038192749
C002,C,1,NaN,NaN,NaN,0,0,0.29132604598999
C002,C,1,NaN,NaN,NaN,0,0,0.316119909286499
C002,C,1,NaN,NaN,NaN,0,0,0.379684925079346
C002,C,NaN,1,0,NaN,NaN,0,NaN
C002,C,1,NaN,NaN,NaN,0,0,0.275171041488647
C002,C,1,NaN,NaN,NaN,0,0,0.274409055709839
C002,C,1,NaN,NaN,NaN,0,0,0.276929140090942
C002,C,1,NaN,NaN,NaN,0,0,0.292018890380859
C002,C,1,NaN,NaN,NaN,0,0,0.274039030075073
C002,C,NaN,0,1,NaN,NaN,0,NaN
C002,C,1,NaN,NaN,NaN,0,0,NaN
C002,C,1,NaN,NaN,NaN,0,0,0.451872110366821
C002,C,1,NaN,NaN,NaN,0,0,0.291661977767944
C002,C,1,NaN,NaN,NaN,0,0,0.268496990203857
C002,C,1,NaN,NaN,NaN,0,0,0.339561939239502
C002,C,1,NaN,NaN,NaN,0,0,0.311959028244019
C002,C,1,NaN,NaN,NaN,0,0,0.397073984146118
C002,C,1,NaN,NaN,NaN,0,0,0.281475067138672
C002,C,1,NaN,NaN,NaN,0,0,0.278259992599487
C002,C,NaN,0,1,NaN,NaN,0,NaN
C002,C,1,NaN,NaN,NaN,0,0,0.306098937988281
C002,C,1,NaN,NaN,NaN,0,0,0.227361917495728
C002,C,1,NaN,NaN,NaN,0,0,0.366526126861572
C002,C,1,NaN,NaN,NaN,0,0,0.317950010299683
C002,C,1,NaN,NaN,NaN,0,0,0.319571018218994
C002,C,NaN,0,1,NaN,NaN,0,NaN
C002,C,1,NaN,NaN,NaN,0,0,0.474147796630859
C002,C,1,NaN,NaN,NaN,0,0,0.447214126586914
C002,C,1,NaN,NaN,NaN,0,0,0.296779870986938
C002,C,1,NaN,NaN,NaN,0,0,0.273998975753784
C002,C,1,NaN,NaN,NaN,0,0,0.223508834838867
C002,C,0,NaN,NaN,NaN,1,0,NaN
C002,C,1,NaN,NaN,NaN,0,0,0.300734043121338
C002,C,1,NaN,NaN,NaN,0,0,0.330102920532227
C002,C,1,NaN,NaN,NaN,0,0,0.444670915603638
C002,C,NaN,0,1,NaN,NaN,0,NaN
C002,C,1,NaN,NaN,NaN,0,0,0.720262050628662
C002,C,1,NaN,NaN,NaN,0,0,0.522226095199585
C002,C,1,NaN,NaN,NaN,0,0,0.564435005187988
C002,C,1,NaN,NaN,NaN,0,0,0.324946165084839
C002,C,1,NaN,NaN,NaN,0,0,0.398119926452637
C002,C,1,NaN,NaN,NaN,0,0,0.348557949066162
C002,C,1,NaN,NaN,NaN,0,0,0.317847967147827
C002,C,NaN,1,0,NaN,NaN,0,NaN
C002,C,1,NaN,NaN,NaN,0,0,0.283121109008789
C002,C,1,NaN,NaN,NaN,0,0,0.293454170227051
C002,C,1,NaN,NaN,NaN,0,0,0.306977033615112
C002,C,1,NaN,NaN,NaN,0,0,0.323660135269165
C002,C,1,NaN,NaN,NaN,0,0,0.366463899612427
C002,C,1,NaN,NaN,NaN,0,0,0.311478853225708
C002,C,1,NaN,NaN,NaN,0,0,0.288132905960083
C002,C,1,NaN,NaN,NaN,0,0,0.324605941772461
C002,C,1,NaN,NaN,NaN,0,0,0.322451114654541
C002,C,1,NaN,NaN,NaN,0,0,0.32343602180481
C002,C,1,NaN,NaN,NaN,0,0,0.339788913726807
C002,C,1,NaN,NaN,NaN,0,0,0.376476049423218
C002,C,1,NaN,NaN,NaN,0,0,0.315747976303101
C002,C,NaN,1,0,NaN,NaN,0,NaN
C002,C,1,NaN,NaN,NaN,0,0,0.312169075012207
C002,C,1,NaN,NaN,NaN,0,0,0.284873962402344
C002,C,1,NaN,NaN,NaN,0,0,0.261454105377197
C002,C,1,NaN,NaN,NaN,0,0,0.28308892250061
C002,C,1,NaN,NaN,NaN,0,0,0.219139099121094
C002,C,NaN,0,1,NaN,NaN,0,NaN
C002,C,1,NaN,NaN,NaN,0,0,0.233977794647217
C002,C,0,NaN,NaN,NaN,1,0,NaN
C002,C,1,NaN,NaN,NaN,0,0,0.334758996963501
C002,C,1,NaN,NaN,NaN,0,0,0.34832501411438
C002,C,1,NaN,NaN,NaN,0,0,0.317535161972046
C002,C,1,NaN,NaN,NaN,0,0,0.339944839477539
C002,C,1,NaN,NaN,NaN,0,0,0.291497945785522
C002,C,1,NaN,NaN,NaN,0,0,0.570804119110107
C002,C,NaN,1,0,NaN,NaN,0,NaN
C002,C,1,NaN,NaN,NaN,0,0,0.284111976623535
C002,C,1,NaN,NaN,NaN,0,0,0.327473878860474
C002,C,1,NaN,NaN,NaN,0,0,0.318253993988037
C002,C,1,NaN,NaN,NaN,0,0,NaN
C002,C,1,NaN,NaN,NaN,0,0,0.192113161087036
C002,C,1,NaN,NaN,NaN,0,0,0.188971042633057
C002,C,1,NaN,NaN,NaN,0,0,NaN
C002,C,1,NaN,NaN,NaN,0,0,0.615952968597412
C002,C,1,NaN,NaN,NaN,0,0,0.576813936233521
C002,C,1,NaN,NaN,NaN,0,0,0.369933843612671
C002,C,NaN,1,0,NaN,NaN,0,NaN
C002,C,1,NaN,NaN,NaN,0,0,0.31932520866394
C002,C,1,NaN,NaN,NaN,0,0,0.379832983016968
C002,C,1,NaN,NaN,NaN,0,0,0.280884027481079
C002,C,1,NaN,NaN,NaN,0,0,0.225728034973145
C002,C,1,NaN,NaN,NaN,0,0,0.745796918869019
C002,C,1,NaN,NaN,NaN,0,0,0.425373077392578
C002,C,NaN,1,0,NaN,NaN,0,NaN
C002,C,1,NaN,NaN,NaN,0,0,0.371488094329834
C002,C,1,NaN,NaN,NaN,0,0,0.306021213531494
C002,C,1,NaN,NaN,NaN,0,0,0.310041904449463
C002,C,1,NaN,NaN,NaN,0,0,0.26383900642395
C002,C,1,NaN,NaN,NaN,0,0,0.332443952560425
C002,C,1,NaN,NaN,NaN,0,0,0.377465009689331
C002,C,1,NaN,NaN,NaN,0,0,0.294394016265869
C002,C,NaN,0,1,NaN,NaN,0,NaN
C002,C,1,NaN,NaN,NaN,0,0,0.201694011688232
C002,C,1,NaN,NaN,NaN,0,0,0.19500994682312
C002,C,1,NaN,NaN,NaN,0,0,NaN
C002,C,1,NaN,NaN,NaN,0,0,0.155196905136108
C002,C,1,NaN,NaN,NaN,0,0,0.519686937332153
C002,C,1,NaN,NaN,NaN,0,0,0.534343957901001
C002,C,1,NaN,NaN,NaN,0,0,0.306259870529175
C002,C,NaN,0,1,NaN,NaN,0,NaN
C002,C,1,NaN,NaN,NaN,0,0,0.154778957366943
C002,C,1,NaN,NaN,NaN,0,0,NaN
C002,C,1,NaN,NaN,NaN,0,0,0.460882186889648
C002,C,1,NaN,NaN,NaN,0,0,0.162721872329712
C002,C,1,NaN,NaN,NaN,0,0,0.307516098022461
C002,C,1,NaN,NaN,NaN,0,0,0.340729951858521
C002,C,1,NaN,NaN,NaN,0,0,0.33188009262085
C002,C,1,NaN,NaN,NaN,0,0,0.315067768096924
C002,C,1,NaN,NaN,NaN,0,0,0.302557945251465
C002,C,1,NaN,NaN,NaN,0,0,0.355743169784546
C002,C,1,NaN,NaN,NaN,0,0,0.572999954223633
C002,C,1,NaN,NaN,NaN,0,0,0.394678115844727
C002,C,NaN,1,0,NaN,NaN,0,NaN
C002,C,1,NaN,NaN,NaN,0,0,0.234004020690918
C002,C,1,NaN,NaN,NaN,0,0,0.337370872497559
C002,C,1,NaN,NaN,NaN,0,0,0.261909961700439
C002,C,NaN,0,1,NaN,NaN,0,NaN
C002,C,1,NaN,NaN,NaN,0,0,0.158099174499512
C002,C,1,NaN,NaN,NaN,0,0,0.499488830566406
C002,C,1,NaN,NaN,NaN,0,0,0.377097129821777
C002,C,1,NaN,NaN,NaN,0,0,0.347220897674561
C002,C,1,NaN,NaN,NaN,0,0,0.309773921966553
C002,C,1,NaN,NaN,NaN,0,0,0.321009159088135
C002,C,1,NaN,NaN,NaN,0,0,0.341535091400146
C002,C,1,NaN,NaN,NaN,0,0,0.244338989257812
C002,C,1,NaN,NaN,NaN,0,0,0.415610074996948
C002,C,1,NaN,NaN,NaN,0,0,0.34415602684021
C002,C,1,NaN,NaN,NaN,0,0,0.341156005859375
C002,C,1,NaN,NaN,NaN,0,0,0.282818078994751
C002,C,NaN,0,1,NaN,NaN,0,NaN
C002,C,1,NaN,NaN,NaN,0,0,0.377126932144165
C002,C,1,NaN,NaN,NaN,0,0,0.279192924499512
C002,C,1,NaN,NaN,NaN,0,0,0.523957014083862
C002,C,1,NaN,NaN,NaN,0,0,0.326694011688232
C002,C,1,NaN,NaN,NaN,0,0,0.358423948287964
C002,C,1,NaN,NaN,NaN,0,0,0.319927930831909
C002,C,1,NaN,NaN,NaN,0,0,0.385078907012939
C002,C,1,NaN,NaN,NaN,0,0,0.340724945068359
C002,C,1,NaN,NaN,NaN,0,0,0.342740058898926
C002,C,NaN,0,1,NaN,NaN,0,NaN
C002,C,1,NaN,NaN,NaN,0,0,0.246773958206177
C002,C,1,NaN,NaN,NaN,0,0,0.178890943527222
C002,C,1,NaN,NaN,NaN,0,0,0.458111047744751
C002,C,1,NaN,NaN,NaN,0,0,0.53148889541626
C002,C,1,NaN,NaN,NaN,0,0,0.300177097320557
C002,C,NaN,0,1,NaN,NaN,0,NaN
C002,C,1,NaN,NaN,NaN,0,0,0.166367053985596
C002,C,1,NaN,NaN,NaN,0,0,0.302639961242676
C002,C,1,NaN,NaN,NaN,0,0,0.256035089492798
C002,C,1,NaN,NaN,NaN,0,0,0.393792152404785
C002,C,1,NaN,NaN,NaN,0,0,0.406024932861328
C002,C,1,NaN,NaN,NaN,0,0,0.439149141311646
C002,C,1,NaN,NaN,NaN,0,0,0.382971048355103
C002,C,1,NaN,NaN,NaN,0,0,0.320540904998779
C002,C,1,NaN,NaN,NaN,0,0,0.35173511505127
C002,C,1,NaN,NaN,NaN,0,0,0.308494091033936
C002,C,NaN,0,1,NaN,NaN,0,NaN
C002,C,1,NaN,NaN,NaN,0,0,0.314725160598755
C002,C,1,NaN,NaN,NaN,0,0,0.280765056610107
C002,C,1,NaN,NaN,NaN,0,0,0.27213191986084
C002,C,1,NaN,NaN,NaN,0,0,0.330178022384644
C002,C,1,NaN,NaN,NaN,0,0,0.321474075317383
C002,C,1,NaN,NaN,NaN,0,0,0.339576005935669
C002,C,NaN,1,0,NaN,NaN,0,NaN
C002,C,1,NaN,NaN,NaN,0,0,0.303851127624512
C002,C,1,NaN,NaN,NaN,0,0,0.550009965896606
C002,C,1,NaN,NaN,NaN,0,0,0.335031986236572
C002,C,1,NaN,NaN,NaN,0,0,0.372872829437256
C002,C,1,NaN,NaN,NaN,0,0,0.332452058792114
C002,C,1,NaN,NaN,NaN,0,0,0.325311183929443
C002,C,1,NaN,NaN,NaN,0,0,0.36813497543335
C002,C,1,NaN,NaN,NaN,0,0,0.398977994918823
C002,C,NaN,1,0,NaN,NaN,0,NaN
C002,C,1,NaN,NaN,NaN,0,0,0.245734930038452
C002,C,1,NaN,NaN,NaN,0,0,0.290714979171753
C002,C,1,NaN,NaN,NaN,0,0,0.59659481048584
C002,C,1,NaN,NaN,NaN,0,0,0.461091041564941
C002,C,1,NaN,NaN,NaN,0,0,0.303656101226807
C002,C,1,NaN,NaN,NaN,0,0,0.308554172515869
C002,C,1,NaN,NaN,NaN,0,0,0.512161016464233
C002,C,1,NaN,NaN,NaN,0,0,0.386514186859131
C002,C,1,NaN,NaN,NaN,0,0,0.341042041778564
C002,C,1,NaN,NaN,NaN,0,0,0.297791957855225
C002,C,NaN,1,0,NaN,NaN,0,NaN
C002,C,1,NaN,NaN,NaN,0,0,0.381578922271729
C002,C,1,NaN,NaN,NaN,0,0,0.317600011825562
C002,C,1,NaN,NaN,NaN,0,0,0.346451044082642
C002,C,1,NaN,NaN,NaN,0,0,NaN
C002,C,1,NaN,NaN,NaN,0,0,0.212980985641479
C002,C,1,NaN,NaN,NaN,0,0,0.331441879272461
C002,C,1,NaN,NaN,NaN,0,0,0.251902103424072
C002,C,1,NaN,NaN,NaN,0,0,0.312689065933228
C002,C,1,NaN,NaN,NaN,0,0,0.362108945846558
C002,C,NaN,1,0,NaN,NaN,0,NaN
C002,C,1,NaN,NaN,NaN,0,0,0.344441175460815
C002,C,1,NaN,NaN,NaN,0,0,0.293463945388794
C002,C,1,NaN,NaN,NaN,0,0,NaN
C002,C,1,NaN,NaN,NaN,0,0,0.309664964675903
C002,C,1,NaN,NaN,NaN,0,0,0.346153974533081
C002,C,NaN,0,1,NaN,NaN,0,NaN
C002,C,1,NaN,NaN,NaN,0,0,0.338397026062012
C002,C,1,NaN,NaN,NaN,0,0,0.23030686378479
C002,C,1,NaN,NaN,NaN,0,0,0.286334991455078
C002,C,1,NaN,NaN,NaN,0,0,0.308964014053345
C002,C,1,NaN,NaN,NaN,0,0,0.361310958862305
C002,C,1,NaN,NaN,NaN,0,0,0.390829086303711
C002,C,1,NaN,NaN,NaN,0,0,0.315895080566406
C002,C,1,NaN,NaN,NaN,0,0,0.304831981658936
C002,C,1,NaN,NaN,NaN,0,0,0.394082069396973
C002,C,1,NaN,NaN,NaN,0,0,0.433945894241333
C002,C,NaN,1,0,NaN,NaN,0,NaN
C002,C,1,NaN,NaN,NaN,0,0,0.313574075698853
C002,C,1,NaN,NaN,NaN,0,0,0.211817026138306
C002,C,1,NaN,NaN,NaN,0,0,NaN
C002,C,1,NaN,NaN,NaN,0,0,0.330984115600586
C002,C,1,NaN,NaN,NaN,0,0,0.266438007354736
C002,C,1,NaN,NaN,NaN,0,0,0.338578939437866
C002,C,1,NaN,NaN,NaN,0,0,0.47679591178894
C002,C,1,NaN,NaN,NaN,0,0,0.40995192527771
C002,C,1,NaN,NaN,NaN,0,0,0.4079430103302
C002,C,1,NaN,NaN,NaN,0,0,0.359733104705811
C002,C,NaN,1,0,NaN,NaN,0,NaN
C002,C,1,NaN,NaN,NaN,0,0,0.281229972839355
C002,C,1,NaN,NaN,NaN,0,0,0.317559003829956
C002,C,1,NaN,NaN,NaN,0,0,0.30029296875
C002,C,1,NaN,NaN,NaN,0,0,NaN
C002,C,1,NaN,NaN,NaN,0,0,0.329698801040649
C002,C,1,NaN,NaN,NaN,0,0,0.462310075759888
C002,C,1,NaN,NaN,NaN,0,0,0.364104032516479
C002,C,1,NaN,NaN,NaN,0,0,0.320127010345459
C002,C,NaN,1,0,NaN,NaN,0,NaN
C002,C,1,NaN,NaN,NaN,0,0,0.354250907897949
C002,C,1,NaN,NaN,NaN,0,0,0.377738952636719
C002,C,1,NaN,NaN,NaN,0,0,0.261307954788208
C002,C,NaN,0,1,NaN,NaN,0,NaN
C002,C,1,NaN,NaN,NaN,0,0,0.196016073226929
C002,C,1,NaN,NaN,NaN,0,0,0.241540908813477
C002,C,1,NaN,NaN,NaN,0,0,NaN
C002,C,1,NaN,NaN,NaN,0,0,NaN
C002,C,1,NaN,NaN,NaN,0,0,0.158107042312622
C002,C,1,NaN,NaN,NaN,0,0,0.344810009002686
C002,C,1,NaN,NaN,NaN,0,0,0.345781087875366
C002,C,1,NaN,NaN,NaN,0,0,0.430732011795044
C002,C,1,NaN,NaN,NaN,0,0,0.366683006286621
C002,C,1,NaN,NaN,NaN,0,0,0.351194858551025
C002,C,1,NaN,NaN,NaN,0,0,0.259514093399048
C002,C,1,NaN,NaN,NaN,0,0,0.294260025024414
C002,C,1,NaN,NaN,NaN,0,0,0.335493803024292
C002,C,NaN,0,1,NaN,NaN,0,NaN
C002,C,1,NaN,NaN,NaN,0,0,0.394232988357544
C002,C,1,NaN,NaN,NaN,0,0,0.395334005355835
C002,C,1,NaN,NaN,NaN,0,0,0.268218994140625
C002,C,1,NaN,NaN,NaN,0,0,0.339699983596802
C002,C,1,NaN,NaN,NaN,0,0,0.38086199760437
C002,C,1,NaN,NaN,NaN,0,0,0.407174110412598
C002,C,1,NaN,NaN,NaN,0,0,0.362506866455078
C002,C,NaN,1,0,NaN,NaN,0,NaN
C002,C,1,NaN,NaN,NaN,0,0,0.298395872116089
C002,C,1,NaN,NaN,NaN,0,0,0.314513921737671
C002,C,1,NaN,NaN,NaN,0,0,0.318340063095093
C002,C,1,NaN,NaN,NaN,0,0,0.644139051437378
C002,C,1,NaN,NaN,NaN,0,0,0.394727945327759
C002,C,1,NaN,NaN,NaN,0,0,0.312000036239624
C002,C,1,NaN,NaN,NaN,0,0,0.384835958480835
C002,C,1,NaN,NaN,NaN,0,0,0.410699844360352
C002,C,1,NaN,NaN,NaN,0,0,0.285098075866699
C002,C,NaN,0,1,NaN,NaN,0,NaN
C002,C,1,NaN,NaN,NaN,0,0,0.213373184204102
C002,C,1,NaN,NaN,NaN,0,0,0.204885005950928
C002,C,1,NaN,NaN,NaN,0,0,0.290489912033081
C002,C,1,NaN,NaN,NaN,0,0,0.290034055709839
C002,C,1,NaN,NaN,NaN,0,0,0.335363864898682
C002,C,1,NaN,NaN,NaN,0,0,0.300230979919434
C002,C,NaN,0,1,NaN,NaN,0,NaN
C002,C,1,NaN,NaN,NaN,0,0,1.05150890350342
C002,C,1,NaN,NaN,NaN,0,0,0.312569856643677
C002,C,1,NaN,NaN,NaN,0,0,0.336632013320923
C002,C,1,NaN,NaN,NaN,0,0,0.290298938751221
C002,C,1,NaN,NaN,NaN,0,0,0.32341194152832
C002,C,1,NaN,NaN,NaN,0,0,0.360272169113159
C002,C,NaN,1,0,NaN,NaN,0,NaN
C002,C,1,NaN,NaN,NaN,0,0,0.301692008972168
C002,C,1,NaN,NaN,NaN,0,0,0.31854510307312
C002,C,1,NaN,NaN,NaN,0,0,NaN
C002,C,1,NaN,NaN,NaN,0,0,0.414774894714355
C002,C,1,NaN,NaN,NaN,0,0,0.418147802352905
C002,C,1,NaN,NaN,NaN,0,0,0.404549121856689
C002,C,1,NaN,NaN,NaN,0,0,0.409693002700806
C002,C,1,NaN,NaN,NaN,0,0,0.353386163711548
C002,C,1,NaN,NaN,NaN,0,0,0.361730813980103
C002,C,NaN,1,0,NaN,NaN,0,NaN
C002,C,1,NaN,NaN,NaN,0,0,0.398938894271851
C002,C,1,NaN,NaN,NaN,0,0,0.339706897735596
C002,C,1,NaN,NaN,NaN,0,0,0.468306064605713
C002,C,1,NaN,NaN,NaN,0,0,0.421725988388062
C002,C,1,NaN,NaN,NaN,0,0,0.349432945251465
C002,C,1,NaN,NaN,NaN,0,0,0.350293874740601
C002,C,1,NaN,NaN,NaN,0,0,0.3192298412323
C002,C,1,NaN,NaN,NaN,0,0,0.414124011993408
C002,C,1,NaN,NaN,NaN,0,0,0.501310110092163
C002,C,1,NaN,NaN,NaN,0,0,0.401569128036499
C002,C,NaN,1,0,NaN,NaN,0,NaN
C002,C,1,NaN,NaN,NaN,0,0,0.340690135955811
C002,C,1,NaN,NaN,NaN,0,0,0.277321100234985
C002,C,1,NaN,NaN,NaN,0,0,0.334807157516479
C002,C,1,NaN,NaN,NaN,0,0,0.582520008087158
C002,C,1,NaN,NaN,NaN,0,0,0.437432050704956
C002,C,NaN,1,0,NaN,NaN,0,NaN
C002,C,1,NaN,NaN,NaN,0,0,0.320407152175903
C002,C,1,NaN,NaN,NaN,0,0,NaN
C002,C,1,NaN,NaN,NaN,0,0,0.39153790473938
C002,C,1,NaN,NaN,NaN,0,0,NaN
C002,C,1,NaN,NaN,NaN,0,0,0.264271020889282
C002,C,1,NaN,NaN,NaN,0,0,0.310297966003418
C002,C,1,NaN,NaN,NaN,0,0,0.346599102020264
C002,C,1,NaN,NaN,NaN,0,0,0.462228059768677
C002,C,1,NaN,NaN,NaN,0,0,0.412597894668579
C002,C,1,NaN,NaN,NaN,0,0,0.296949148178101
C002,C,1,NaN,NaN,NaN,0,0,0.319390058517456
C002,C,1,NaN,NaN,NaN,0,0,0.380095958709717
C002,C,NaN,0,1,NaN,NaN,0,NaN
C002,C,1,NaN,NaN,NaN,0,0,0.300885915756226
C002,C,1,NaN,NaN,NaN,0,0,0.265084028244019
C002,C,NaN,1,0,NaN,NaN,0,NaN
C002,C,1,NaN,NaN,NaN,0,0,0.242388010025024
C002,C,1,NaN,NaN,NaN,0,0,0.28258204460144
C002,C,1,NaN,NaN,NaN,0,0,0.331974983215332
C002,C,1,NaN,NaN,NaN,0,0,0.370775938034058
C002,C,1,NaN,NaN,NaN,0,0,0.525531053543091
C002,C,1,NaN,NaN,NaN,0,0,0.293962955474854
C002,C,1,NaN,NaN,NaN,0,0,0.352833986282349
C002,C,1,NaN,NaN,NaN,0,0,0.328560829162598
C002,C,1,NaN,NaN,NaN,0,0,0.293396949768066
C002,C,1,NaN,NaN,NaN,0,0,0.427857875823975
C002,C,NaN,0,1,NaN,NaN,0,NaN
C002,C,1,NaN,NaN,NaN,0,0,0.534335851669312
C002,C,1,NaN,NaN,NaN,0,0,0.364320039749146
C002,C,1,NaN,NaN,NaN,0,0,0.425416231155396
C002,C,1,NaN,NaN,NaN,0,0,0.738415002822876
C002,C,1,NaN,NaN,NaN,0,0,0.775633096694946
C002,C,1,NaN,NaN,NaN,0,0,0.404199123382568
C002,C,1,NaN,NaN,NaN,0,0,0.335492134094238
C002,C,1,NaN,NaN,NaN,0,0,0.378399848937988
C002,C,1,NaN,NaN,NaN,0,0,0.461204767227173
C002,C,1,NaN,NaN,NaN,0,0,0.317821025848389
C002,C,1,NaN,NaN,NaN,0,0,0.373255968093872
C002,C,NaN,1,0,NaN,NaN,0,NaN
C002,C,1,NaN,NaN,NaN,0,0,0.324095964431763
C002,C,1,NaN,NaN,NaN,0,0,0.355524063110352
C002,C,1,NaN,NaN,NaN,0,0,0.480049133300781
C002,C,1,NaN,NaN,NaN,0,0,0.380911111831665
C002,C,NaN,0,1,NaN,NaN,0,NaN
C002,C,1,NaN,NaN,NaN,0,0,0.294827938079834
C002,C,1,NaN,NaN,NaN,0,0,0.353868007659912
C002,C,1,NaN,NaN,NaN,0,0,0.284850835800171
C002,C,1,NaN,NaN,NaN,0,0,0.272516965866089
C002,C,1,NaN,NaN,NaN,0,0,0.305060863494873
C002,C,1,NaN,NaN,NaN,0,0,0.394104957580566
C002,C,1,NaN,NaN,NaN,0,0,0.36979603767395
C002,C,1,NaN,NaN,NaN,0,0,0.470402002334595
C002,C,1,NaN,NaN,NaN,0,0,0.451246976852417
C002,C,1,NaN,NaN,NaN,0,0,0.427380084991455
C002,C,1,NaN,NaN,NaN,0,0,0.418349981307983
C002,C,1,NaN,NaN,NaN,0,0,0.411284923553467
C002,C,1,NaN,NaN,NaN,0,0,0.458998918533325
C002,C,NaN,1,0,NaN,NaN,0,NaN
C002,C,1,NaN,NaN,NaN,0,0,0.322052955627441
C002,C,1,NaN,NaN,NaN,0,0,0.339404821395874
C002,C,1,NaN,NaN,NaN,0,0,0.385815858840942
C002,C,NaN,0,1,NaN,NaN,0,NaN
C002,C,1,NaN,NaN,NaN,0,0,0.323464870452881
C002,C,1,NaN,NaN,NaN,0,0,0.333439111709595
C002,C,1,NaN,NaN,NaN,0,0,0.293828010559082
C002,C,1,NaN,NaN,NaN,0,0,0.334842920303345
C002,C,1,NaN,NaN,NaN,0,0,0.308167934417725
C002,C,1,NaN,NaN,NaN,0,0,0.366446018218994
C002,C,1,NaN,NaN,NaN,0,0,0.270864009857178
C002,C,NaN,1,0,NaN,NaN,0,NaN
C002,C,1,NaN,NaN,NaN,0,0,0.343126773834229
C002,C,1,NaN,NaN,NaN,0,0,0.281359910964966
C002,C,1,NaN,NaN,NaN,0,0,0.254800796508789
C002,C,1,NaN,NaN,NaN,0,0,0.286257028579712
C002,C,1,NaN,NaN,NaN,0,0,0.405206918716431
C002,C,1,NaN,NaN,NaN,0,0,0.316890954971313
C002,C,1,NaN,NaN,NaN,0,0,0.360146999359131
C002,C,1,NaN,NaN,NaN,0,0,0.431002855300903
C002,C,NaN,1,0,NaN,NaN,0,NaN
C002,C,1,NaN,NaN,NaN,0,0,0.330442190170288
C002,C,1,NaN,NaN,NaN,0,0,0.363336086273193
C002,C,1,NaN,NaN,NaN,0,0,0.648595094680786
C002,C,1,NaN,NaN,NaN,0,0,0.434448003768921
C002,C,1,NaN,NaN,NaN,0,0,0.36588191986084
C002,C,1,NaN,NaN,NaN,0,0,0.346849918365479
C002,C,1,NaN,NaN,NaN,0,0,0.326802968978882
C002,C,1,NaN,NaN,NaN,0,0,0.362642049789429
C002,C,1,NaN,NaN,NaN,0,0,0.377848863601685
C002,C,1,NaN,NaN,NaN,0,0,0.310878992080688
C002,C,1,NaN,NaN,NaN,0,0,0.361859083175659
C002,C,1,NaN,NaN,NaN,0,0,0.36564302444458
C002,C,1,NaN,NaN,NaN,0,0,0.418750047683716
C002,C,1,NaN,NaN,NaN,0,0,0.407684087753296
C002,C,NaN,1,0,NaN,NaN,0,NaN
C002,C,1,NaN,NaN,NaN,0,0,0.32584810256958
C002,C,1,NaN,NaN,NaN,0,0,0.380218982696533
C002,C,1,NaN,NaN,NaN,0,0,0.256010055541992
C002,C,1,NaN,NaN,NaN,0,0,0.252135992050171
C002,C,1,NaN,NaN,NaN,0,0,0.233409881591797
C002,C,1,NaN,NaN,NaN,0,0,0.328945159912109
C002,C,1,NaN,NaN,NaN,0,0,0.261973142623901
C002,C,NaN,1,0,NaN,NaN,0,NaN
C002,C,1,NaN,NaN,NaN,0,0,0.303674936294556
C002,C,1,NaN,NaN,NaN,0,0,0.301058053970337
C002,C,1,NaN,NaN,NaN,0,0,0.327378988265991
C002,C,1,NaN,NaN,NaN,0,0,0.365233182907104
C002,C,1,NaN,NaN,NaN,0,0,0.406931161880493
C002,C,NaN,1,0,NaN,NaN,0,NaN
C002,C,1,NaN,NaN,NaN,0,0,NaN
C002,C,1,NaN,NaN,NaN,0,0,0.334522008895874
C002,C,1,NaN,NaN,NaN,0,0,0.324700117111206
C002,C,1,NaN,NaN,NaN,0,0,0.304030895233154
C002,C,1,NaN,NaN,NaN,0,0,0.276104927062988
C002,C,1,NaN,NaN,NaN,0,0,0.255953073501587
C002,C,1,NaN,NaN,NaN,0,0,NaN
C002,C,1,NaN,NaN,NaN,0,0,0.314692974090576
C002,C,NaN,0,1,NaN,NaN,0,NaN
C002,C,1,NaN,NaN,NaN,0,0,0.15630316734314
C002,C,0,NaN,NaN,NaN,1,0,NaN
C002,C,1,NaN,NaN,NaN,0,0,0.181823015213013
C002,C,1,NaN,NaN,NaN,0,0,0.288493871688843
C002,C,1,NaN,NaN,NaN,0,0,0.166911125183105
C002,C,1,NaN,NaN,NaN,0,0,NaN
C002,C,1,NaN,NaN,NaN,0,0,0.379925012588501
C002,C,1,NaN,NaN,NaN,0,0,0.388604164123535
C002,C,NaN,1,0,NaN,NaN,0,NaN
C002,C,1,NaN,NaN,NaN,0,0,0.273075819015503
C002,C,1,NaN,NaN,NaN,0,0,0.159515857696533
C002,C,1,NaN,NaN,NaN,0,0,0.360223054885864
C002,C,NaN,0,1,NaN,NaN,0,NaN
C002,C,1,NaN,NaN,NaN,0,0,0.345844030380249
C002,C,1,NaN,NaN,NaN,0,0,0.288204908370972
C002,C,1,NaN,NaN,NaN,0,0,0.307847023010254
C002,C,1,NaN,NaN,NaN,0,0,0.202807903289795
C002,C,1,NaN,NaN,NaN,0,0,0.254387140274048
C002,C,1,NaN,NaN,NaN,0,0,0.363263845443726
C002,C,1,NaN,NaN,NaN,0,0,0.250732183456421
C002,C,1,NaN,NaN,NaN,0,0,0.285845041275024
C002,C,1,NaN,NaN,NaN,0,0,0.423952102661133
C002,C,1,NaN,NaN,NaN,0,0,0.387624979019165
C002,C,1,NaN,NaN,NaN,0,0,0.39537501335144
C002,C,NaN,1,0,NaN,NaN,0,NaN
C002,C,1,NaN,NaN,NaN,0,0,0.295090198516846
C002,C,1,NaN,NaN,NaN,0,0,0.280157089233398
C002,C,1,NaN,NaN,NaN,0,0,0.253345966339111
C002,C,1,NaN,NaN,NaN,0,0,0.278025150299072
C002,C,1,NaN,NaN,NaN,0,0,0.330689907073975
C002,C,1,NaN,NaN,NaN,0,0,0.351707935333252
C002,C,1,NaN,NaN,NaN,0,0,0.333026885986328
C002,C,1,NaN,NaN,NaN,0,0,0.313688039779663
C002,C,1,NaN,NaN,NaN,0,0,0.403107166290283
C002,C,NaN,0,1,NaN,NaN,0,NaN
C002,C,1,NaN,NaN,NaN,0,0,0.316361904144287
C002,C,1,NaN,NaN,NaN,0,0,0.274380922317505
C002,C,1,NaN,NaN,NaN,0,0,0.201817989349365
C002,C,1,NaN,NaN,NaN,0,0,0.27891993522644
C002,C,NaN,0,1,NaN,NaN,0,NaN
C002,C,1,NaN,NaN,NaN,0,0,0.404240846633911
C002,C,1,NaN,NaN,NaN,0,0,0.357900142669678
C002,C,1,NaN,NaN,NaN,0,0,0.476959943771362
C002,C,1,NaN,NaN,NaN,0,0,0.325620889663696
C002,C,1,NaN,NaN,NaN,0,0,0.382944822311401
C002,C,1,NaN,NaN,NaN,0,0,0.347907066345215
C002,C,1,NaN,NaN,NaN,0,0,0.333576917648315
C002,C,1,NaN,NaN,NaN,0,0,0.395403861999512
C002,C,1,NaN,NaN,NaN,0,0,0.344604015350342
C002,C,1,NaN,NaN,NaN,0,0,0.317053079605103
C002,C,1,NaN,NaN,NaN,0,0,0.264661073684692
C002,C,NaN,1,0,NaN,NaN,0,NaN
C002,C,1,NaN,NaN,NaN,0,0,0.280019044876099
C002,C,1,NaN,NaN,NaN,0,0,0.240318059921265
C002,C,0,NaN,NaN,NaN,1,0,NaN
C002,C,1,NaN,NaN,NaN,0,0,0.243711948394775
C002,C,1,NaN,NaN,NaN,0,0,0.461146831512451
C002,C,1,NaN,NaN,NaN,0,0,0.290975093841553
C002,C,1,NaN,NaN,NaN,0,0,0.375600099563599
C002,C,1,NaN,NaN,NaN,0,0,0.33623218536377
C002,C,NaN,0,1,NaN,NaN,0,NaN
C002,C,1,NaN,NaN,NaN,0,0,0.359069108963013
C002,C,1,NaN,NaN,NaN,0,0,0.85971212387085
C002,C,0,NaN,NaN,NaN,1,0,NaN
C002,C,1,NaN,NaN,NaN,0,0,NaN
C002,C,1,NaN,NaN,NaN,0,0,0.35797905921936
C002,C,1,NaN,NaN,NaN,0,0,0.470858812332153
C002,C,1,NaN,NaN,NaN,0,0,0.36385703086853
C002,C,NaN,1,0,NaN,NaN,0,NaN
C002,C,1,NaN,NaN,NaN,0,0,0.319945096969604
C002,C,1,NaN,NaN,NaN,0,0,0.350642919540405
C002,C,1,NaN,NaN,NaN,0,0,0.34121298789978
C002,C,1,NaN,NaN,NaN,0,0,0.329541921615601
C002,C,1,NaN,NaN,NaN,0,0,0.335778951644897
C002,C,1,NaN,NaN,NaN,0,0,0.436702013015747
C002,C,1,NaN,NaN,NaN,0,0,0.391809940338135
C002,C,1,NaN,NaN,NaN,0,0,0.326318025588989
C002,C,NaN,1,0,NaN,NaN,0,NaN
C002,C,1,NaN,NaN,NaN,0,0,0.54557204246521
C002,C,1,NaN,NaN,NaN,0,0,0.443985939025879
C002,C,1,NaN,NaN,NaN,0,0,0.352540969848633
C002,C,1,NaN,NaN,NaN,0,0,0.25717306137085
C002,C,1,NaN,NaN,NaN,0,0,0.362552165985107
C002,C,1,NaN,NaN,NaN,0,0,0.342061042785645
C002,C,1,NaN,NaN,NaN,0,0,0.454222202301025
C002,C,1,NaN,NaN,NaN,0,0,0.426848888397217
C002,C,1,NaN,NaN,NaN,0,0,0.847020864486694
C002,C,1,NaN,NaN,NaN,0,0,0.64030909538269
C002,C,NaN,1,0,NaN,NaN,0,NaN
C002,C,1,NaN,NaN,NaN,0,0,0.299054861068726
C002,C,1,NaN,NaN,NaN,0,0,0.381143093109131
C002,C,1,NaN,NaN,NaN,0,0,0.400136947631836
C002,C,1,NaN,NaN,NaN,0,0,0.310017108917236
C002,C,1,NaN,NaN,NaN,0,0,0.276614189147949
C002,C,NaN,0,1,NaN,NaN,0,NaN
C002,C,1,NaN,NaN,NaN,0,0,0.360757112503052
C002,C,1,NaN,NaN,NaN,0,0,0.271576881408691
C002,C,1,NaN,NaN,NaN,0,0,0.170408010482788
C002,C,1,NaN,NaN,NaN,0,0,0.335934162139893
C002,C,1,NaN,NaN,NaN,0,0,0.348863840103149
C002,C,1,NaN,NaN,NaN,0,0,0.348758935928345
C002,C,1,NaN,NaN,NaN,0,0,0.316897869110107
C002,C,1,NaN,NaN,NaN,0,0,0.409507989883423
C002,C,1,NaN,NaN,NaN,0,0,0.263849020004272
C002,C,1,NaN,NaN,NaN,0,0,0.299906015396118
C002,C,1,NaN,NaN,NaN,0,0,0.236042976379395
C002,C,NaN,1,0,NaN,NaN,0,NaN
C002,C,1,NaN,NaN,NaN,0,0,0.39120888710022
C002,C,1,NaN,NaN,NaN,0,0,0.576447010040283
C002,C,1,NaN,NaN,NaN,0,0,0.373997926712036
C002,C,1,NaN,NaN,NaN,0,0,0.373294830322266
C002,C,1,NaN,NaN,NaN,0,0,0.307878017425537
C002,C,1,NaN,NaN,NaN,0,0,0.373487949371338
C002,C,1,NaN,NaN,NaN,0,0,0.303758144378662
C002,C,1,NaN,NaN,NaN,0,0,0.286838054656982
C002,C,NaN,1,0,NaN,NaN,0,NaN
C002,C,1,NaN,NaN,NaN,0,0,0.187486886978149
C002,C,1,NaN,NaN,NaN,0,0,0.247114896774292
C002,C,1,NaN,NaN,NaN,0,0,0.260951995849609
C002,C,1,NaN,NaN,NaN,0,0,0.314691066741943
C002,C,1,NaN,NaN,NaN,0,0,0.439163208007812
C002,C,1,NaN,NaN,NaN,0,0,0.420058012008667
C002,C,1,NaN,NaN,NaN,0,0,0.444991111755371
C002,C,1,NaN,NaN,NaN,0,0,0.392461061477661
C002,C,1,NaN,NaN,NaN,0,0,0.339134931564331
C002,C,NaN,0,1,NaN,NaN,0,NaN
C002,C,1,NaN,NaN,NaN,0,0,0.582795143127441
C002,C,1,NaN,NaN,NaN,0,0,0.465186834335327
C002,C,1,NaN,NaN,NaN,0,0,0.351055145263672
C002,C,1,NaN,NaN,NaN,0,0,0.3089599609375
C002,C,1,NaN,NaN,NaN,0,0,0.390233039855957
C002,C,1,NaN,NaN,NaN,0,0,0.299404859542847
C002,C,1,NaN,NaN,NaN,0,0,0.399394989013672
C002,C,1,NaN,NaN,NaN,0,0,0.331356048583984
C002,C,1,NaN,NaN,NaN,0,0,0.352994918823242
C002,C,NaN,0,1,NaN,NaN,0,NaN
C002,C,1,NaN,NaN,NaN,0,0,0.314713954925537
C002,C,1,NaN,NaN,NaN,0,0,0.311782121658325
C002,C,1,NaN,NaN,NaN,0,0,0.224980115890503
C002,C,1,NaN,NaN,NaN,0,0,1.03403306007385
C002,C,0,NaN,NaN,NaN,1,0,NaN
C002,C,1,NaN,NaN,NaN,0,0,0.190465927124023
C002,C,1,NaN,NaN,NaN,0,0,0.325762033462524
C002,C,1,NaN,NaN,NaN,0,0,0.341830968856812
C002,C,NaN,0,1,NaN,NaN,0,NaN
C002,C,1,NaN,NaN,NaN,0,0,0.166861057281494
C002,C,1,NaN,NaN,NaN,0,0,NaN
C002,C,NaN,0,1,NaN,NaN,0,NaN
C002,C,1,NaN,NaN,NaN,0,0,0.265300989151001
C002,C,1,NaN,NaN,NaN,0,0,0.262224912643433
C002,C,1,NaN,NaN,NaN,0,0,0.291894197463989
C002,C,1,NaN,NaN,NaN,0,0,0.189015865325928
C002,C,1,NaN,NaN,NaN,0,0,0.292551040649414
C002,C,1,NaN,NaN,NaN,0,0,0.244923114776611
C002,C,0,NaN,NaN,NaN,1,0,NaN
C002,C,1,NaN,NaN,NaN,0,0,0.250684976577759
C002,C,1,NaN,NaN,NaN,0,0,0.242082834243774
C002,C,1,NaN,NaN,NaN,0,0,0.458307981491089
C002,C,1,NaN,NaN,NaN,0,0,0.251670122146606
C002,C,1,NaN,NaN,NaN,0,0,0.368744850158691
C002,C,1,NaN,NaN,NaN,0,0,0.395817041397095
C002,C,1,NaN,NaN,NaN,0,0,0.37588906288147
C002,C,NaN,1,0,NaN,NaN,0,NaN
C002,C,1,NaN,NaN,NaN,0,0,0.335170984268188
C002,C,1,NaN,NaN,NaN,0,0,0.39241099357605
C002,C,1,NaN,NaN,NaN,0,0,0.261982917785645
C002,C,1,NaN,NaN,NaN,0,0,0.334217071533203
C002,C,1,NaN,NaN,NaN,0,0,0.402263164520264
C002,C,NaN,1,0,NaN,NaN,0,NaN
C002,C,1,NaN,NaN,NaN,0,0,0.250128984451294
C002,C,1,NaN,NaN,NaN,0,0,0.260877132415771
C002,C,1,NaN,NaN,NaN,0,0,0.30450701713562
C002,C,1,NaN,NaN,NaN,0,0,0.22012996673584
C002,C,1,NaN,NaN,NaN,0,0,0.28909707069397
C002,C,NaN,0,1,NaN,NaN,0,NaN
C002,C,1,NaN,NaN,NaN,0,0,0.330241918563843
C002,C,1,NaN,NaN,NaN,0,0,0.303776025772095
C002,C,1,NaN,NaN,NaN,0,0,NaN
C002,C,1,NaN,NaN,NaN,0,0,0.312007904052734
C002,C,1,NaN,NaN,NaN,0,0,0.46828293800354
C002,C,1,NaN,NaN,NaN,0,0,0.421438932418823
C002,C,1,NaN,NaN,NaN,0,0,0.457876920700073
C002,C,1,NaN,NaN,NaN,0,0,0.334443092346191
C002,C,1,NaN,NaN,NaN,0,0,0.459619998931885
C002,C,1,NaN,NaN,NaN,0,0,0.369418859481812
C002,C,1,NaN,NaN,NaN,0,0,0.355284929275513
C002,C,NaN,1,0,NaN,NaN,0,NaN
C002,C,1,NaN,NaN,NaN,0,0,0.245314121246338
C002,C,1,NaN,NaN,NaN,0,0,0.337892055511475
C002,C,1,NaN,NaN,NaN,0,0,0.315603971481323
C002,C,1,NaN,NaN,NaN,0,0,0.28242301940918
C002,C,1,NaN,NaN,NaN,0,0,0.282921075820923
C002,C,1,NaN,NaN,NaN,0,0,0.280220985412598
C002,C,1,NaN,NaN,NaN,0,0,0.284990072250366
C002,C,1,NaN,NaN,NaN,0,0,0.343383073806763
C002,C,1,NaN,NaN,NaN,0,0,0.322596073150635
C002,C,1,NaN,NaN,NaN,0,0,0.28067684173584
C002,C,NaN,0,1,NaN,NaN,0,NaN
C002,C,1,NaN,NaN,NaN,0,0,0.275087118148804
C002,C,1,NaN,NaN,NaN,0,0,0.352224111557007
C002,C,1,NaN,NaN,NaN,0,0,NaN
C002,C,NaN,0,1,NaN,NaN,0,NaN
C002,C,1,NaN,NaN,NaN,0,0,0.291871786117554
C002,C,1,NaN,NaN,NaN,0,0,0.405142068862915
C002,C,1,NaN,NaN,NaN,0,0,0.268322944641113
C002,C,1,NaN,NaN,NaN,0,0,0.398490190505981
C002,C,1,NaN,NaN,NaN,0,0,0.251445055007935
C002,C,1,NaN,NaN,NaN,0,0,0.229308843612671
C002,C,1,NaN,NaN,NaN,0,0,0.26568603515625
C002,C,1,NaN,NaN,NaN,0,0,0.386397838592529
C002,C,1,NaN,NaN,NaN,0,0,0.319770097732544
C002,C,1,NaN,NaN,NaN,0,0,0.381198883056641
C002,C,1,NaN,NaN,NaN,0,0,0.347990989685059
C002,C,1,NaN,NaN,NaN,0,0,0.380467891693115
C002,C,NaN,0,1,NaN,NaN,0,NaN
C002,C,1,NaN,NaN,NaN,0,0,0.330765008926392
C002,C,1,NaN,NaN,NaN,0,0,0.24536395072937
C002,C,1,NaN,NaN,NaN,0,0,0.207634925842285
C002,C,1,NaN,NaN,NaN,0,0,0.273085117340088
C002,C,1,NaN,NaN,NaN,0,0,0.183144092559814
C002,C,NaN,1,0,NaN,NaN,0,NaN
C002,C,1,NaN,NaN,NaN,0,0,0.284394025802612
C002,C,1,NaN,NaN,NaN,0,0,0.263153076171875
C002,C,1,NaN,NaN,NaN,0,0,NaN
C002,C,1,NaN,NaN,NaN,0,0,0.251987218856812
C002,C,1,NaN,NaN,NaN,0,0,0.305394172668457
C002,C,1,NaN,NaN,NaN,0,0,0.414169788360596
C002,C,1,NaN,NaN,NaN,0,0,0.322124004364014
C002,C,1,NaN,NaN,NaN,0,0,0.313346862792969
C002,C,1,NaN,NaN,NaN,0,0,0.248100996017456
C002,C,1,NaN,NaN,NaN,0,0,0.242341995239258
C002,C,NaN,1,0,NaN,NaN,0,NaN
C002,C,1,NaN,NaN,NaN,0,0,0.265830993652344
C002,C,1,NaN,NaN,NaN,0,0,NaN
C002,C,1,NaN,NaN,NaN,0,0,0.259106159210205
C002,C,1,NaN,NaN,NaN,0,0,0.301654100418091
C002,C,1,NaN,NaN,NaN,0,0,0.244538068771362
C002,C,1,NaN,NaN,NaN,0,0,0.186346054077148
C002,C,NaN,1,0,NaN,NaN,0,NaN
C002,C,1,NaN,NaN,NaN,0,0,0.337974071502686
C002,C,1,NaN,NaN,NaN,0,0,0.398805141448975
C002,C,1,NaN,NaN,NaN,0,0,0.347604036331177
C002,C,1,NaN,NaN,NaN,0,0,0.448051929473877
C002,C,1,NaN,NaN,NaN,0,0,0.31395697593689
C002,C,1,NaN,NaN,NaN,0,0,0.306759119033813
C002,C,1,NaN,NaN,NaN,0,0,0.340172052383423
C002,C,1,NaN,NaN,NaN,0,0,0.292963027954102
C002,C,NaN,1,0,NaN,NaN,0,NaN
C002,C,1,NaN,NaN,NaN,0,0,0.316725015640259
C002,C,1,NaN,NaN,NaN,0,0,0.509053945541382
C002,C,1,NaN,NaN,NaN,0,0,0.36158299446106
C002,C,1,NaN,NaN,NaN,0,0,0.344095945358276
C002,C,1,NaN,NaN,NaN,0,0,0.241322994232178
C002,C,1,NaN,NaN,NaN,0,0,0.338667869567871
C002,C,1,NaN,NaN,NaN,0,0,0.293760061264038
C002,C,1,NaN,NaN,NaN,0,0,0.381558895111084
C002,C,1,NaN,NaN,NaN,0,0,0.266096830368042
C002,C,1,NaN,NaN,NaN,0,0,0.292293071746826
C002,C,1,NaN,NaN,NaN,0,0,0.262891054153442
C002,C,1,NaN,NaN,NaN,0,0,0.297041177749634
C002,C,1,NaN,NaN,NaN,0,0,0.286557197570801
C002,C,NaN,0,1,NaN,NaN,0,NaN
C002,C,1,NaN,NaN,NaN,0,0,0.348450183868408
C002,C,1,NaN,NaN,NaN,0,0,0.26532506942749
C002,C,NaN,1,0,NaN,NaN,0,NaN
C002,C,1,NaN,NaN,NaN,0,0,0.155923843383789
C002,C,1,NaN,NaN,NaN,0,0,0.249995946884155
C002,C,1,NaN,NaN,NaN,0,0,NaN
C002,C,1,NaN,NaN,NaN,0,0,0.371028184890747
C002,C,1,NaN,NaN,NaN,0,0,0.349579095840454
C002,C,1,NaN,NaN,NaN,0,0,0.296002149581909
C002,C,1,NaN,NaN,NaN,0,0,0.393970012664795
C002,C,1,NaN,NaN,NaN,0,0,0.387272119522095
C002,C,1,NaN,NaN,NaN,0,0,0.358813047409058
C002,C,NaN,1,0,NaN,NaN,0,NaN
C002,C,1,NaN,NaN,NaN,0,0,0.154014110565186
C002,C,1,NaN,NaN,NaN,0,0,0.251761198043823
C002,C,1,NaN,NaN,NaN,0,0,NaN
C002,C,1,NaN,NaN,NaN,0,0,0.21417498588562
C002,C,1,NaN,NaN,NaN,0,0,0.254193067550659
C002,C,1,NaN,NaN,NaN,0,0,NaN
C002,C,1,NaN,NaN,NaN,0,0,0.247656106948853
C002,C,1,NaN,NaN,NaN,0,0,NaN
C002,C,1,NaN,NaN,NaN,0,0,0.240535974502563
C002,C,1,NaN,NaN,NaN,0,0,0.242119073867798
C002,C,1,NaN,NaN,NaN,0,0,0.395385026931763
C002,C,NaN,0,1,NaN,NaN,0,NaN
C002,C,1,NaN,NaN,NaN,0,0,0.295756101608276
C002,C,1,NaN,NaN,NaN,0,0,0.336236000061035
C002,C,1,NaN,NaN,NaN,0,0,0.187252998352051
C002,C,1,NaN,NaN,NaN,0,0,0.498573064804077
C002,C,NaN,1,0,NaN,NaN,0,NaN
C002,C,1,NaN,NaN,NaN,0,0,0.314944982528687
C002,C,1,NaN,NaN,NaN,0,0,0.279834032058716
C002,C,1,NaN,NaN,NaN,0,0,NaN
C002,C,1,NaN,NaN,NaN,0,0,0.274657964706421
C002,C,1,NaN,NaN,NaN,0,0,0.287265062332153
C002,C,1,NaN,NaN,NaN,0,0,0.311541080474854
C002,C,1,NaN,NaN,NaN,0,0,0.364078044891357
C002,C,1,NaN,NaN,NaN,0,0,0.382872104644775
C002,C,1,NaN,NaN,NaN,0,0,0.384424924850464
C002,C,1,NaN,NaN,NaN,0,0,0.342479944229126
C002,C,1,NaN,NaN,NaN,0,0,0.299721002578735
C002,C,NaN,0,1,NaN,NaN,0,NaN
C002,C,1,NaN,NaN,NaN,0,0,0.281343936920166
C002,C,1,NaN,NaN,NaN,0,0,NaN
C002,C,1,NaN,NaN,NaN,0,0,0.302014112472534
C002,C,1,NaN,NaN,NaN,0,0,0.331423044204712
C002,C,1,NaN,NaN,NaN,0,0,0.31532096862793
C002,C,1,NaN,NaN,NaN,0,0,0.304187059402466
C002,C,1,NaN,NaN,NaN,0,0,0.326576948165894
C002,C,1,NaN,NaN,NaN,0,0,0.293115854263306
C002,C,NaN,1,0,NaN,NaN,0,NaN
C002,C,1,NaN,NaN,NaN,0,0,0.227635860443115
C002,C,1,NaN,NaN,NaN,0,0,0.286291122436523
C002,C,1,NaN,NaN,NaN,0,0,0.16664981842041
C002,C,1,NaN,NaN,NaN,0,0,0.305454015731812
C002,C,1,NaN,NaN,NaN,0,0,0.314419984817505
C002,C,1,NaN,NaN,NaN,0,0,0.249886989593506
C002,C,1,NaN,NaN,NaN,0,0,0.334604024887085
C002,C,1,NaN,NaN,NaN,0,0,0.289794206619263
C002,C,1,NaN,NaN,NaN,0,0,0.342827081680298
C002,C,NaN,0,1,NaN,NaN,0,NaN
C002,C,1,NaN,NaN,NaN,0,0,0.328029870986938
C002,C,1,NaN,NaN,NaN,0,0,0.278970956802368
C002,C,1,NaN,NaN,NaN,0,0,NaN
C002,C,1,NaN,NaN,NaN,0,0,0.284147024154663
C002,C,1,NaN,NaN,NaN,0,0,0.221248149871826
C002,C,NaN,0,1,NaN,NaN,0,NaN
C002,C,1,NaN,NaN,NaN,0,0,0.203842163085938
C002,C,1,NaN,NaN,NaN,0,0,0.247465133666992
C002,C,1,NaN,NaN,NaN,0,0,0.174394845962524
C002,C,1,NaN,NaN,NaN,0,0,0.212863922119141
C002,C,1,NaN,NaN,NaN,0,0,NaN
C002,C,1,NaN,NaN,NaN,0,0,0.190675020217896
C002,C,1,NaN,NaN,NaN,0,0,0.294288873672485
C002,C,1,NaN,NaN,NaN,0,0,0.224453926086426
C002,C,1,NaN,NaN,NaN,0,0,NaN
C002,C,1,NaN,NaN,NaN,0,0,0.298564910888672
C002,C,1,NaN,NaN,NaN,0,0,0.424270153045654
C002,C,1,NaN,NaN,NaN,0,0,0.450084924697876
C002,C,1,NaN,NaN,NaN,0,0,0.359745979309082
C002,C,NaN,1,0,NaN,NaN,0,NaN
C002,C,1,NaN,NaN,NaN,0,0,0.304464101791382
C002,C,1,NaN,NaN,NaN,0,0,0.281063079833984
C002,C,1,NaN,NaN,NaN,0,0,0.318133115768433
C002,C,1,NaN,NaN,NaN,0,0,0.342540979385376
C002,C,1,NaN,NaN,NaN,0,0,0.334182024002075
C002,C,NaN,1,0,NaN,NaN,0,NaN
C002,C,1,NaN,NaN,NaN,0,0,0.313360929489136
C002,C,1,NaN,NaN,NaN,0,0,0.311797142028809
C002,C,1,NaN,NaN,NaN,0,0,0.278218984603882
C002,C,1,NaN,NaN,NaN,0,0,0.283252000808716
C002,C,1,NaN,NaN,NaN,0,0,0.348510980606079
C002,C,1,NaN,NaN,NaN,0,0,0.288552045822144
C002,C,NaN,0,1,NaN,NaN,0,NaN
C002,C,1,NaN,NaN,NaN,0,0,0.206116914749146
C002,C,1,NaN,NaN,NaN,0,0,NaN
C002,C,1,NaN,NaN,NaN,0,0,NaN
C002,C,0,NaN,NaN,NaN,1,0,NaN
C002,C,1,NaN,NaN,NaN,0,0,0.310667991638184
C002,C,1,NaN,NaN,NaN,0,0,0.431543111801147
C002,C,1,NaN,NaN,NaN,0,0,0.341569185256958
C002,C,1,NaN,NaN,NaN,0,0,0.269388914108276
C002,C,NaN,1,0,NaN,NaN,0,NaN
C002,C,1,NaN,NaN,NaN,0,0,0.280990123748779
C002,C,1,NaN,NaN,NaN,0,0,0.252074003219604
C002,C,1,NaN,NaN,NaN,0,0,NaN
C002,C,1,NaN,NaN,NaN,0,0,0.32619309425354
C002,C,1,NaN,NaN,NaN,0,0,0.307921886444092
C002,C,1,NaN,NaN,NaN,0,0,0.250601053237915
C002,C,1,NaN,NaN,NaN,0,0,0.278708934783936
C002,C,1,NaN,NaN,NaN,0,0,0.339850902557373
C002,C,1,NaN,NaN,NaN,0,0,0.340558052062988
C002,C,NaN,1,0,NaN,NaN,0,NaN
C002,C,1,NaN,NaN,NaN,0,0,0.382501840591431
C002,C,1,NaN,NaN,NaN,0,0,0.294273138046265
C002,C,1,NaN,NaN,NaN,0,0,0.378495931625366
C002,C,1,NaN,NaN,NaN,0,0,0.335482120513916
C002,C,1,NaN,NaN,NaN,0,0,0.300107955932617
C002,C,1,NaN,NaN,NaN,0,0,0.273451089859009
C002,C,1,NaN,NaN,NaN,0,0,0.302287101745605
C002,C,1,NaN,NaN,NaN,0,0,0.328715085983276
C002,C,1,NaN,NaN,NaN,0,0,0.339741945266724
C002,C,1,NaN,NaN,NaN,0,0,0.354286909103394
C002,C,1,NaN,NaN,NaN,0,0,0.337265014648438
C002,C,NaN,1,0,NaN,NaN,0,NaN
C002,C,1,NaN,NaN,NaN,0,0,NaN
C002,C,1,NaN,NaN,NaN,0,0,0.534448862075806
C002,C,1,NaN,NaN,NaN,0,0,0.365304946899414
C002,C,1,NaN,NaN,NaN,0,0,0.271179914474487
C002,C,1,NaN,NaN,NaN,0,0,0.250997066497803
C002,C,1,NaN,NaN,NaN,0,0,0.307584047317505
C002,C,1,NaN,NaN,NaN,0,0,0.301029205322266
C002,C,1,NaN,NaN,NaN,0,0,0.28545618057251
C002,C,1,NaN,NaN,NaN,0,0,0.342148780822754
C002,C,NaN,1,0,NaN,NaN,0,NaN
C002,C,1,NaN,NaN,NaN,0,0,0.274257898330688
C002,C,1,NaN,NaN,NaN,0,0,0.331718921661377
C002,C,1,NaN,NaN,NaN,0,0,0.276956081390381
C002,C,1,NaN,NaN,NaN,0,0,0.245038032531738
C002,C,1,NaN,NaN,NaN,0,0,0.301679849624634
C002,C,NaN,1,0,NaN,NaN,0,NaN
C002,C,1,NaN,NaN,NaN,0,0,0.259732007980347
C002,C,1,NaN,NaN,NaN,0,0,0.320183038711548
C002,C,1,NaN,NaN,NaN,0,0,0.369947195053101
C002,C,1,NaN,NaN,NaN,0,0,0.363506078720093
C002,C,1,NaN,NaN,NaN,0,0,0.28714394569397
C002,C,1,NaN,NaN,NaN,0,0,0.324252843856812
C002,C,1,NaN,NaN,NaN,0,0,0.308665990829468
C002,C,1,NaN,NaN,NaN,0,0,0.313539981842041
C002,C,1,NaN,NaN,NaN,0,0,0.330695867538452
C002,C,1,NaN,NaN,NaN,0,0,0.241602897644043
C002,C,1,NaN,NaN,NaN,0,0,NaN
C002,C,NaN,0,1,NaN,NaN,0,NaN
C002,C,1,NaN,NaN,NaN,0,0,0.178433895111084
C002,C,1,NaN,NaN,NaN,0,0,0.262240171432495
C002,C,1,NaN,NaN,NaN,0,0,0.249933958053589
C002,C,1,NaN,NaN,NaN,0,0,0.341939926147461
C002,C,1,NaN,NaN,NaN,0,0,0.301553010940552
C002,C,NaN,0,1,NaN,NaN,0,NaN
C002,C,1,NaN,NaN,NaN,0,0,0.312618017196655
C002,C,1,NaN,NaN,NaN,0,0,0.49347710609436
C002,C,1,NaN,NaN,NaN,0,0,0.342210054397583
C002,C,1,NaN,NaN,NaN,0,0,NaN
C002,C,1,NaN,NaN,NaN,0,0,0.268109083175659
C002,C,1,NaN,NaN,NaN,0,0,NaN
C002,C,1,NaN,NaN,NaN,0,0,0.317287921905518
C002,C,1,NaN,NaN,NaN,0,0,0.247851133346558
C002,C,NaN,0,1,NaN,NaN,0,NaN
C002,C,1,NaN,NaN,NaN,0,0,0.33319091796875
C002,C,1,NaN,NaN,NaN,0,0,0.173130035400391
C002,C,1,NaN,NaN,NaN,0,0,0.309672832489014
C002,C,1,NaN,NaN,NaN,0,0,NaN
C002,C,1,NaN,NaN,NaN,0,0,0.251950979232788
C002,C,1,NaN,NaN,NaN,0,0,0.299330949783325
C002,C,1,NaN,NaN,NaN,0,0,0.296108961105347
C002,C,1,NaN,NaN,NaN,0,0,0.315990924835205
C002,C,NaN,1,0,NaN,NaN,0,NaN
C002,C,1,NaN,NaN,NaN,0,0,0.242546081542969
C002,C,1,NaN,NaN,NaN,0,0,0.303412199020386
C002,C,1,NaN,NaN,NaN,0,0,0.396869897842407
C002,C,1,NaN,NaN,NaN,0,0,0.354630947113037
C002,C,1,NaN,NaN,NaN,0,0,0.383011817932129
C002,C,1,NaN,NaN,NaN,0,0,0.271790027618408
C002,C,1,NaN,NaN,NaN,0,0,NaN
C002,C,1,NaN,NaN,NaN,0,0,0.30970287322998
C002,C,NaN,0,1,NaN,NaN,0,NaN
C002,C,1,NaN,NaN,NaN,0,0,0.39104700088501
C002,C,1,NaN,NaN,NaN,0,0,0.326563119888306
C002,C,1,NaN,NaN,NaN,0,0,0.495728015899658
C002,C,1,NaN,NaN,NaN,0,0,0.343934059143066
C002,C,1,NaN,NaN,NaN,0,0,0.489329099655151
C002,C,1,NaN,NaN,NaN,0,0,0.375380992889404
C002,C,1,NaN,NaN,NaN,0,0,0.291250944137573
C002,C,NaN,0,1,NaN,NaN,0,NaN
C002,C,1,NaN,NaN,NaN,0,0,0.296647071838379
C002,C,1,NaN,NaN,NaN,0,0,0.258340120315552
C002,C,1,NaN,NaN,NaN,0,0,0.465877056121826
C002,C,1,NaN,NaN,NaN,0,0,0.474970102310181
C002,C,1,NaN,NaN,NaN,0,0,0.427471160888672
C002,C,0,NaN,NaN,NaN,1,0,NaN
C002,C,1,NaN,NaN,NaN,0,0,0.578103065490723
C002,C,NaN,1,0,NaN,NaN,0,NaN
C002,C,1,NaN,NaN,NaN,0,0,0.326816082000732
C002,C,1,NaN,NaN,NaN,0,0,0.301325082778931
C002,C,1,NaN,NaN,NaN,0,0,0.276787042617798
C002,C,1,NaN,NaN,NaN,0,0,0.310549974441528
C002,C,1,NaN,NaN,NaN,0,0,0.303469896316528
C002,C,1,NaN,NaN,NaN,0,0,0.327353000640869
C002,C,1,NaN,NaN,NaN,0,0,0.312091112136841
C002,C,1,NaN,NaN,NaN,0,0,0.496946096420288
C002,C,1,NaN,NaN,NaN,0,0,0.437411069869995
C002,C,1,NaN,NaN,NaN,0,0,0.308554887771606
C002,C,1,NaN,NaN,NaN,0,0,0.325610876083374
C002,C,NaN,0,1,NaN,NaN,0,NaN
C002,C,0,NaN,NaN,NaN,1,0,NaN
C002,C,1,NaN,NaN,NaN,0,0,0.256484031677246
C002,C,1,NaN,NaN,NaN,0,0,0.289983987808228
C002,C,1,NaN,NaN,NaN,0,0,0.338804960250854
C002,C,1,NaN,NaN,NaN,0,0,0.331639051437378
C002,C,1,NaN,NaN,NaN,0,0,0.485757827758789
C002,C,1,NaN,NaN,NaN,0,0,0.311192035675049
C002,C,1,NaN,NaN,NaN,0,0,0.320849895477295
C002,C,1,NaN,NaN,NaN,0,0,0.314217090606689
C002,C,1,NaN,NaN,NaN,0,0,0.314077854156494
C002,C,NaN,1,0,NaN,NaN,0,NaN
C002,C,1,NaN,NaN,NaN,0,0,0.271826028823853
C002,C,1,NaN,NaN,NaN,0,0,0.177746057510376
C002,C,1,NaN,NaN,NaN,0,0,0.154780864715576
C002,C,NaN,0,1,NaN,NaN,0,NaN
C002,C,0,NaN,NaN,NaN,1,0,NaN
C002,C,1,NaN,NaN,NaN,0,0,0.18603515625
C002,C,1,NaN,NaN,NaN,0,0,0.344173908233643
C002,C,1,NaN,NaN,NaN,0,0,0.337419986724854
C002,C,1,NaN,NaN,NaN,0,0,0.250366926193237
C002,C,1,NaN,NaN,NaN,0,0,0.292490005493164
C002,C,1,NaN,NaN,NaN,0,0,0.557166814804077
C002,C,1,NaN,NaN,NaN,0,0,0.328305006027222
C002,C,1,NaN,NaN,NaN,0,0,0.417724132537842
C002,C,1,NaN,NaN,NaN,0,0,0.305557012557983
C002,C,1,NaN,NaN,NaN,0,0,0.330348968505859
C002,C,NaN,0,1,NaN,NaN,0,NaN
C002,C,1,NaN,NaN,NaN,0,0,NaN
C002,C,1,NaN,NaN,NaN,0,0,NaN
C002,C,1,NaN,NaN,NaN,0,0,0.227254867553711
C002,C,1,NaN,NaN,NaN,0,0,0.249086856842041
