SubID,Group,BlockN,nTrial,GoTrials,NoGoTrials,FA,Misses,RT
C022,C,1,1,1,NaN,NaN,0,0.42313814163208
C022,C,1,2,1,NaN,NaN,0,NaN
C022,C,1,3,1,NaN,NaN,0,0.562350034713745
C022,C,1,4,1,NaN,NaN,0,0.386108160018921
C022,C,1,5,NaN,1,0,NaN,NaN
C022,C,1,6,1,NaN,NaN,0,0.391491889953613
C022,C,1,7,1,NaN,NaN,0,0.333237886428833
C022,C,1,8,1,NaN,NaN,0,0.344704866409302
C022,C,1,9,1,NaN,NaN,0,0.321110010147095
C022,C,1,10,1,NaN,NaN,0,0.31667685508728
C022,C,1,11,1,NaN,NaN,0,0.30417799949646
C022,C,1,12,1,NaN,NaN,0,0.381359100341797
C022,C,1,13,1,NaN,NaN,0,0.497894048690796
C022,C,1,14,1,NaN,NaN,0,0.383090972900391
C022,C,1,15,NaN,1,0,NaN,NaN
C022,C,1,16,1,NaN,NaN,0,0.308027029037476
C022,C,1,17,1,NaN,NaN,0,0.421260833740234
C022,C,1,18,1,NaN,NaN,0,0.248666048049927
C022,C,1,19,1,NaN,NaN,0,0.316300868988037
C022,C,1,20,NaN,0,1,NaN,NaN
C022,C,1,21,1,NaN,NaN,0,0.356513977050781
C022,C,1,22,1,NaN,NaN,0,0.450212955474854
C022,C,1,23,1,NaN,NaN,0,0.574545860290527
C022,C,1,24,1,NaN,NaN,0,0.483826160430908
C022,C,1,25,1,NaN,NaN,0,0.410843133926392
C022,C,1,26,1,NaN,NaN,0,0.50773811340332
C022,C,1,27,1,NaN,NaN,0,0.550826787948608
C022,C,1,28,1,NaN,NaN,0,0.60481595993042
C022,C,1,29,1,NaN,NaN,0,0.497360944747925
C022,C,1,30,1,NaN,NaN,0,0.608855009078979
C022,C,1,31,1,NaN,NaN,0,0.616726875305176
C022,C,1,32,NaN,1,0,NaN,NaN
C022,C,1,33,1,NaN,NaN,0,0.342911958694458
C022,C,1,34,1,NaN,NaN,0,0.304750204086304
C022,C,1,35,1,NaN,NaN,0,0.304147005081177
C022,C,1,36,1,NaN,NaN,0,0.336649894714355
C022,C,1,37,1,NaN,NaN,0,0.303282022476196
C022,C,1,38,1,NaN,NaN,0,0.343972206115723
C022,C,1,39,1,NaN,NaN,0,0.401766061782837
C022,C,1,40,1,NaN,NaN,0,0.456984996795654
C022,C,1,41,1,NaN,NaN,0,0.614963054656982
C022,C,1,42,1,NaN,NaN,0,0.438418865203857
C022,C,1,43,1,NaN,NaN,0,0.587629079818726
C022,C,1,44,NaN,1,0,NaN,NaN
C022,C,1,45,1,NaN,NaN,0,0.323797941207886
C022,C,1,46,1,NaN,NaN,0,0.36050820350647
C022,C,1,47,1,NaN,NaN,0,0.535560846328735
C022,C,1,48,1,NaN,NaN,0,0.555869817733765
C022,C,1,49,1,NaN,NaN,0,0.549622058868408
C022,C,1,50,NaN,1,0,NaN,NaN
C022,C,1,51,1,NaN,NaN,0,0.375350952148438
C022,C,1,52,1,NaN,NaN,0,0.244001865386963
C022,C,1,53,1,NaN,NaN,0,0.296730995178223
C022,C,1,54,1,NaN,NaN,0,0.338850021362305
C022,C,1,55,1,NaN,NaN,0,0.351804971694946
C022,C,1,56,1,NaN,NaN,0,0.810628890991211
C022,C,1,57,1,NaN,NaN,0,0.507030963897705
C022,C,1,58,1,NaN,NaN,0,0.416423797607422
C022,C,1,59,NaN,1,0,NaN,NaN
C022,C,1,60,1,NaN,NaN,0,0.288393020629883
C022,C,1,61,1,NaN,NaN,0,0.276456117630005
C022,C,1,62,1,NaN,NaN,0,0.332715034484863
C022,C,1,63,1,NaN,NaN,0,0.564488887786865
C022,C,1,64,1,NaN,NaN,0,0.585038900375366
C022,C,1,65,1,NaN,NaN,0,0.623188972473145
C022,C,1,66,1,NaN,NaN,0,0.741069078445435
C022,C,1,67,NaN,1,0,NaN,NaN
C022,C,1,68,1,NaN,NaN,0,0.255064964294434
C022,C,1,69,1,NaN,NaN,0,0.28784704208374
C022,C,1,70,1,NaN,NaN,0,0.287651062011719
C022,C,1,71,1,NaN,NaN,0,0.25177001953125
C022,C,1,72,1,NaN,NaN,0,NaN
C022,C,1,73,1,NaN,NaN,0,0.262917041778564
C022,C,1,74,1,NaN,NaN,0,0.346462965011597
C022,C,1,75,1,NaN,NaN,0,0.269841909408569
C022,C,1,76,1,NaN,NaN,0,0.268180847167969
C022,C,1,77,1,NaN,NaN,0,0.280485153198242
C022,C,1,78,1,NaN,NaN,0,0.345396041870117
C022,C,1,79,1,NaN,NaN,0,0.530228853225708
C022,C,1,80,NaN,1,0,NaN,NaN
C022,C,1,81,1,NaN,NaN,0,0.26971697807312
C022,C,1,82,1,NaN,NaN,0,0.292647123336792
C022,C,1,83,1,NaN,NaN,0,0.254352807998657
C022,C,1,84,1,NaN,NaN,0,0.543615102767944
C022,C,1,85,NaN,1,0,NaN,NaN
C022,C,1,86,1,NaN,NaN,0,0.237373113632202
C022,C,1,87,1,NaN,NaN,0,0.26481294631958
C022,C,1,88,1,NaN,NaN,0,0.275556087493896
C022,C,1,89,1,NaN,NaN,0,0.268145084381104
C022,C,1,90,1,NaN,NaN,0,0.305911064147949
C022,C,1,91,1,NaN,NaN,0,0.270711898803711
C022,C,1,92,1,NaN,NaN,0,0.296474933624268
C022,C,1,93,1,NaN,NaN,0,0.305735111236572
C022,C,1,94,1,NaN,NaN,0,0.361362934112549
C022,C,1,95,1,NaN,NaN,0,0.410238981246948
C022,C,1,96,1,NaN,NaN,0,0.311953067779541
C022,C,1,97,NaN,1,0,NaN,NaN
C022,C,1,98,1,NaN,NaN,0,0.248708009719849
C022,C,1,99,0,NaN,NaN,1,NaN
C022,C,1,100,1,NaN,NaN,0,0.444507122039795
C022,C,1,101,1,NaN,NaN,0,0.478342056274414
C022,C,1,102,1,NaN,NaN,0,0.457921981811523
C022,C,1,103,1,NaN,NaN,0,0.591737985610962
C022,C,1,104,1,NaN,NaN,0,0.564401149749756
C022,C,1,105,1,NaN,NaN,0,0.542494058609009
C022,C,1,106,1,NaN,NaN,0,0.696302175521851
C022,C,1,107,NaN,1,0,NaN,NaN
C022,C,1,108,1,NaN,NaN,0,0.270037889480591
C022,C,1,109,1,NaN,NaN,0,0.275441884994507
C022,C,1,110,NaN,1,0,NaN,NaN
C022,C,1,111,0,NaN,NaN,1,NaN
C022,C,1,112,1,NaN,NaN,0,0.907663822174072
C022,C,1,113,1,NaN,NaN,0,0.548950910568237
C022,C,1,114,1,NaN,NaN,0,0.346024036407471
C022,C,1,115,1,NaN,NaN,0,0.386786937713623
C022,C,1,116,1,NaN,NaN,0,0.339842796325684
C022,C,1,117,1,NaN,NaN,0,0.286941051483154
C022,C,1,118,1,NaN,NaN,0,0.345660924911499
C022,C,1,119,1,NaN,NaN,0,0.280369997024536
C022,C,1,120,1,NaN,NaN,0,0.319239854812622
C022,C,1,121,1,NaN,NaN,0,0.162875175476074
C022,C,1,122,1,NaN,NaN,0,0.820190191268921
C022,C,1,123,1,NaN,NaN,0,0.637118101119995
C022,C,1,124,1,NaN,NaN,0,0.508079051971436
C022,C,1,125,NaN,1,0,NaN,NaN
C022,C,1,126,1,NaN,NaN,0,0.251040935516357
C022,C,1,127,1,NaN,NaN,0,0.2727370262146
C022,C,1,128,1,NaN,NaN,0,NaN
C022,C,1,129,1,NaN,NaN,0,0.278034925460815
C022,C,1,130,1,NaN,NaN,0,0.318197965621948
C022,C,1,131,NaN,0,1,NaN,NaN
C022,C,1,132,1,NaN,NaN,0,0.353787899017334
C022,C,1,133,1,NaN,NaN,0,0.340478897094727
C022,C,1,134,1,NaN,NaN,0,0.325705051422119
C022,C,1,135,1,NaN,NaN,0,0.280377864837646
C022,C,1,136,1,NaN,NaN,0,0.301894903182983
C022,C,1,137,1,NaN,NaN,0,0.285826206207275
C022,C,1,138,NaN,0,1,NaN,NaN
C022,C,1,139,1,NaN,NaN,0,0.571373224258423
C022,C,1,140,1,NaN,NaN,0,0.461276054382324
C022,C,1,141,1,NaN,NaN,0,0.330748796463013
C022,C,1,142,1,NaN,NaN,0,0.333475828170776
C022,C,1,143,1,NaN,NaN,0,0.418499946594238
C022,C,1,144,1,NaN,NaN,0,0.499546051025391
C022,C,1,145,1,NaN,NaN,0,0.52128005027771
C022,C,1,146,1,NaN,NaN,0,0.562426090240479
C022,C,1,147,1,NaN,NaN,0,0.639918088912964
C022,C,1,148,1,NaN,NaN,0,0.700994968414307
C022,C,1,149,1,NaN,NaN,0,0.606291055679321
C022,C,1,150,1,NaN,NaN,0,0.548234939575195
C022,C,1,151,1,NaN,NaN,0,0.556309938430786
C022,C,1,152,NaN,1,0,NaN,NaN
C022,C,1,153,1,NaN,NaN,0,0.865847110748291
C022,C,1,154,1,NaN,NaN,0,0.525981903076172
C022,C,1,155,1,NaN,NaN,0,0.546880006790161
C022,C,1,156,1,NaN,NaN,0,0.552380084991455
C022,C,1,157,NaN,1,0,NaN,NaN
C022,C,1,158,1,NaN,NaN,0,0.302150964736938
C022,C,1,159,1,NaN,NaN,0,0.410685062408447
C022,C,1,160,1,NaN,NaN,0,0.339648008346558
C022,C,1,161,1,NaN,NaN,0,0.36017894744873
C022,C,1,162,1,NaN,NaN,0,0.377731084823608
C022,C,1,163,1,NaN,NaN,0,0.341678142547607
C022,C,1,164,NaN,0,1,NaN,NaN
C022,C,1,165,1,NaN,NaN,0,0.436107873916626
C022,C,1,166,1,NaN,NaN,0,0.356940031051636
C022,C,1,167,1,NaN,NaN,0,0.353623151779175
C022,C,1,168,1,NaN,NaN,0,0.463541030883789
C022,C,1,169,1,NaN,NaN,0,0.384840965270996
C022,C,1,170,1,NaN,NaN,0,0.337751150131226
C022,C,1,171,1,NaN,NaN,0,0.476904153823853
C022,C,1,172,1,NaN,NaN,0,0.3141770362854
C022,C,1,173,1,NaN,NaN,0,0.281617164611816
C022,C,1,174,1,NaN,NaN,0,0.334704160690308
C022,C,1,175,1,NaN,NaN,0,0.305294036865234
C022,C,1,176,NaN,1,0,NaN,NaN
C022,C,1,177,1,NaN,NaN,0,0.301548004150391
C022,C,1,178,1,NaN,NaN,0,0.271780967712402
C022,C,1,179,1,NaN,NaN,0,0.261442899703979
C022,C,1,180,1,NaN,NaN,0,NaN
C022,C,1,181,1,NaN,NaN,0,0.406651020050049
C022,C,1,182,1,NaN,NaN,0,0.356141090393066
C022,C,1,183,1,NaN,NaN,0,0.357439994812012
C022,C,1,184,1,NaN,NaN,0,0.225862979888916
C022,C,1,185,1,NaN,NaN,0,0.280926942825317
C022,C,1,186,1,NaN,NaN,0,0.476687908172607
C022,C,1,187,1,NaN,NaN,0,0.328545093536377
C022,C,1,188,NaN,0,1,NaN,NaN
C022,C,1,189,1,NaN,NaN,0,0.285892963409424
C022,C,1,190,1,NaN,NaN,0,0.267766952514648
C022,C,1,191,1,NaN,NaN,0,0.261502027511597
C022,C,1,192,1,NaN,NaN,0,NaN
C022,C,1,193,1,NaN,NaN,0,NaN
C022,C,1,194,NaN,0,1,NaN,NaN
C022,C,1,195,1,NaN,NaN,0,0.300263166427612
C022,C,1,196,1,NaN,NaN,0,0.361448049545288
C022,C,1,197,1,NaN,NaN,0,0.59726095199585
C022,C,1,198,1,NaN,NaN,0,0.343783855438232
C022,C,1,199,1,NaN,NaN,0,0.340138912200928
C022,C,1,200,NaN,1,0,NaN,NaN
C022,C,1,201,1,NaN,NaN,0,0.432052135467529
C022,C,1,202,1,NaN,NaN,0,0.333076953887939
C022,C,1,203,1,NaN,NaN,0,0.390661001205444
C022,C,1,204,1,NaN,NaN,0,0.327801942825317
C022,C,1,205,1,NaN,NaN,0,0.37802791595459
C022,C,1,206,1,NaN,NaN,0,0.302109003067017
C022,C,1,207,1,NaN,NaN,0,0.311485052108765
C022,C,1,208,1,NaN,NaN,0,0.326447010040283
C022,C,1,209,1,NaN,NaN,0,0.397045850753784
C022,C,1,210,1,NaN,NaN,0,0.30306601524353
C022,C,1,211,1,NaN,NaN,0,0.315277099609375
C022,C,1,212,NaN,1,0,NaN,NaN
C022,C,1,213,1,NaN,NaN,0,0.278198957443237
C022,C,1,214,1,NaN,NaN,0,0.271820068359375
C022,C,1,215,1,NaN,NaN,0,0.320945024490356
C022,C,1,216,1,NaN,NaN,0,0.28941798210144
C022,C,1,217,1,NaN,NaN,0,0.290555953979492
C022,C,1,218,1,NaN,NaN,0,0.326704025268555
C022,C,1,219,NaN,0,1,NaN,NaN
C022,C,1,220,1,NaN,NaN,0,0.302881956100464
C022,C,1,221,1,NaN,NaN,0,0.215672016143799
C022,C,1,222,1,NaN,NaN,0,NaN
C022,C,1,223,1,NaN,NaN,0,0.281886100769043
C022,C,1,224,1,NaN,NaN,0,0.260761022567749
C022,C,1,225,1,NaN,NaN,0,0.272447109222412
C022,C,1,226,1,NaN,NaN,0,0.453463077545166
C022,C,1,227,1,NaN,NaN,0,0.358155965805054
C022,C,1,228,1,NaN,NaN,0,0.512006998062134
C022,C,1,229,1,NaN,NaN,0,0.411720991134644
C022,C,1,230,1,NaN,NaN,0,0.640382051467896
C022,C,1,231,1,NaN,NaN,0,0.525968074798584
C022,C,1,232,1,NaN,NaN,0,0.597519874572754
C022,C,1,233,NaN,1,0,NaN,NaN
C022,C,1,234,1,NaN,NaN,0,0.265788078308105
C022,C,1,235,1,NaN,NaN,0,0.251445055007935
C022,C,1,236,1,NaN,NaN,0,0.399677038192749
C022,C,1,237,1,NaN,NaN,0,0.304764986038208
C022,C,1,238,NaN,1,0,NaN,NaN
C022,C,1,239,1,NaN,NaN,0,0.295222043991089
C022,C,1,240,1,NaN,NaN,0,0.269184112548828
C022,C,1,241,1,NaN,NaN,0,0.299052000045776
C022,C,1,242,1,NaN,NaN,0,0.268224954605103
C022,C,1,243,1,NaN,NaN,0,0.295480966567993
C022,C,1,244,1,NaN,NaN,0,0.51817512512207
C022,C,1,245,1,NaN,NaN,0,0.33981990814209
C022,C,1,246,1,NaN,NaN,0,0.414535045623779
C022,C,1,247,1,NaN,NaN,0,0.582726001739502
C022,C,1,248,1,NaN,NaN,0,0.511345863342285
C022,C,1,249,NaN,1,0,NaN,NaN
C022,C,1,250,1,NaN,NaN,0,0.33973217010498
C022,C,1,251,1,NaN,NaN,0,0.33815598487854
C022,C,1,252,1,NaN,NaN,0,0.358556985855103
C022,C,1,253,1,NaN,NaN,0,0.384236097335815
C022,C,1,254,1,NaN,NaN,0,0.473382949829102
C022,C,1,255,1,NaN,NaN,0,0.51117992401123
C022,C,1,256,NaN,1,0,NaN,NaN
C022,C,1,257,1,NaN,NaN,0,0.279299974441528
C022,C,1,258,1,NaN,NaN,0,0.249724864959717
C022,C,1,259,1,NaN,NaN,0,0.151739120483398
C022,C,1,260,1,NaN,NaN,0,0.300715923309326
C022,C,1,261,1,NaN,NaN,0,0.272665023803711
C022,C,1,262,1,NaN,NaN,0,0.321085929870605
C022,C,1,263,1,NaN,NaN,0,0.261756896972656
C022,C,1,264,1,NaN,NaN,0,0.228304862976074
C022,C,1,265,1,NaN,NaN,0,0.209736108779907
C022,C,1,266,1,NaN,NaN,0,0.254897832870483
C022,C,1,267,NaN,1,0,NaN,NaN
C022,C,1,268,1,NaN,NaN,0,0.283813238143921
C022,C,1,269,1,NaN,NaN,0,0.288836002349854
C022,C,1,270,1,NaN,NaN,0,0.253229856491089
C022,C,1,271,1,NaN,NaN,0,NaN
C022,C,1,272,1,NaN,NaN,0,0.253435850143433
C022,C,1,273,1,NaN,NaN,0,0.306106090545654
C022,C,1,274,1,NaN,NaN,0,0.347055912017822
C022,C,1,275,NaN,1,0,NaN,NaN
C022,C,1,276,1,NaN,NaN,0,0.256543874740601
C022,C,1,277,1,NaN,NaN,0,0.221548080444336
C022,C,1,278,1,NaN,NaN,0,0.284443140029907
C022,C,1,279,1,NaN,NaN,0,0.297599077224731
C022,C,1,280,1,NaN,NaN,0,0.228288888931274
C022,C,1,281,1,NaN,NaN,0,0.337340116500854
C022,C,1,282,1,NaN,NaN,0,0.393232822418213
C022,C,1,283,1,NaN,NaN,0,0.474234819412231
C022,C,1,284,1,NaN,NaN,0,0.527059078216553
C022,C,1,285,1,NaN,NaN,0,0.406082153320312
C022,C,1,286,NaN,1,0,NaN,NaN
C022,C,1,287,1,NaN,NaN,0,0.68184494972229
C022,C,1,288,1,NaN,NaN,0,0.352468013763428
C022,C,1,289,1,NaN,NaN,0,0.451884031295776
C022,C,1,290,1,NaN,NaN,0,0.352643013000488
C022,C,1,291,1,NaN,NaN,0,0.578308820724487
C022,C,1,292,1,NaN,NaN,0,0.358902931213379
C022,C,1,293,1,NaN,NaN,0,0.282449007034302
C022,C,1,294,1,NaN,NaN,0,0.293165922164917
C022,C,1,295,NaN,1,0,NaN,NaN
C022,C,1,296,1,NaN,NaN,0,0.262253046035767
C022,C,1,297,1,NaN,NaN,0,0.268267154693604
C022,C,1,298,1,NaN,NaN,0,0.350049018859863
C022,C,1,299,1,NaN,NaN,0,0.320420026779175
C022,C,1,300,1,NaN,NaN,0,0.329315900802612
C022,C,1,301,NaN,1,0,NaN,NaN
C022,C,1,302,1,NaN,NaN,0,0.28914213180542
C022,C,1,303,1,NaN,NaN,0,0.246084928512573
C022,C,1,304,1,NaN,NaN,0,0.327434062957764
C022,C,1,305,1,NaN,NaN,0,0.272743940353394
C022,C,1,306,1,NaN,NaN,0,0.327791213989258
C022,C,1,307,1,NaN,NaN,0,0.328287124633789
C022,C,1,308,1,NaN,NaN,0,0.323447942733765
C022,C,1,309,1,NaN,NaN,0,0.285554885864258
C022,C,1,310,1,NaN,NaN,0,0.31608510017395
C022,C,1,311,1,NaN,NaN,0,0.321126937866211
C022,C,1,312,1,NaN,NaN,0,0.307991981506348
C022,C,1,313,NaN,0,1,NaN,NaN
C022,C,1,314,1,NaN,NaN,0,0.262670993804932
C022,C,1,315,1,NaN,NaN,0,0.327867031097412
C022,C,1,316,1,NaN,NaN,0,0.272553205490112
C022,C,1,317,NaN,0,1,NaN,NaN
C022,C,1,318,1,NaN,NaN,0,0.277253866195679
C022,C,1,319,1,NaN,NaN,0,0.29509711265564
C022,C,1,320,1,NaN,NaN,0,0.302860021591187
C022,C,1,321,1,NaN,NaN,0,0.331373929977417
C022,C,1,322,1,NaN,NaN,0,0.324641942977905
C022,C,1,323,1,NaN,NaN,0,0.305567979812622
C022,C,1,324,1,NaN,NaN,0,0.358590841293335
C022,C,1,325,1,NaN,NaN,0,0.330191850662231
C022,C,1,326,1,NaN,NaN,0,0.388164043426514
C022,C,1,327,1,NaN,NaN,0,0.391328096389771
C022,C,1,328,1,NaN,NaN,0,0.397536039352417
C022,C,1,329,1,NaN,NaN,0,0.654298067092896
C022,C,1,330,1,NaN,NaN,0,0.731444120407104
C022,C,1,331,1,NaN,NaN,0,0.62862491607666
C022,C,1,332,NaN,1,0,NaN,NaN
C022,C,1,333,1,NaN,NaN,0,0.297983884811401
C022,C,1,334,1,NaN,NaN,0,0.343552112579346
C022,C,1,335,NaN,0,1,NaN,NaN
C022,C,1,336,1,NaN,NaN,0,0.265759944915771
C022,C,1,337,1,NaN,NaN,0,0.283894062042236
C022,C,1,338,1,NaN,NaN,0,0.360982894897461
C022,C,1,339,1,NaN,NaN,0,0.386237859725952
C022,C,1,340,1,NaN,NaN,0,0.365325927734375
C022,C,1,341,1,NaN,NaN,0,0.620961904525757
C022,C,1,342,1,NaN,NaN,0,0.3870530128479
C022,C,1,343,1,NaN,NaN,0,0.351516962051392
C022,C,1,344,1,NaN,NaN,0,0.336277961730957
C022,C,1,345,1,NaN,NaN,0,0.307770013809204
C022,C,1,346,1,NaN,NaN,0,0.333147048950195
C022,C,1,347,NaN,1,0,NaN,NaN
C022,C,1,348,1,NaN,NaN,0,0.269481182098389
C022,C,1,349,1,NaN,NaN,0,0.242374897003174
C022,C,1,350,1,NaN,NaN,0,0.264715909957886
C022,C,1,351,1,NaN,NaN,0,0.283128976821899
C022,C,1,352,1,NaN,NaN,0,0.24358606338501
C022,C,1,353,1,NaN,NaN,0,0.21104907989502
C022,C,1,354,NaN,0,1,NaN,NaN
C022,C,1,355,1,NaN,NaN,0,0.370610952377319
C022,C,1,356,1,NaN,NaN,0,0.358083963394165
C022,C,1,357,1,NaN,NaN,0,0.336284875869751
C022,C,1,358,1,NaN,NaN,0,0.492402076721191
C022,C,1,359,1,NaN,NaN,0,0.645732879638672
C022,C,1,360,1,NaN,NaN,0,0.46597695350647
C022,C,1,361,1,NaN,NaN,0,0.765856027603149
C022,C,1,362,1,NaN,NaN,0,0.846451044082642
C022,C,1,363,1,NaN,NaN,0,0.759747982025146
C022,C,1,364,NaN,1,0,NaN,NaN
C022,C,1,365,1,NaN,NaN,0,0.34969687461853
C022,C,1,366,1,NaN,NaN,0,0.494663953781128
C022,C,1,367,1,NaN,NaN,0,0.49380898475647
C022,C,1,368,1,NaN,NaN,0,0.546412944793701
C022,C,1,369,1,NaN,NaN,0,0.455281972885132
C022,C,1,370,1,NaN,NaN,0,0.456693887710571
C022,C,1,371,1,NaN,NaN,0,0.373199939727783
C022,C,1,372,1,NaN,NaN,0,0.316999912261963
C022,C,1,373,NaN,0,1,NaN,NaN
C022,C,1,374,1,NaN,NaN,0,0.252825975418091
C022,C,1,375,1,NaN,NaN,0,0.382812023162842
C022,C,1,376,1,NaN,NaN,0,0.423848867416382
C022,C,1,377,1,NaN,NaN,0,0.388551950454712
C022,C,1,378,1,NaN,NaN,0,0.442430973052979
C022,C,1,379,1,NaN,NaN,0,0.407374858856201
C022,C,1,380,1,NaN,NaN,0,0.536821126937866
C022,C,1,381,NaN,1,0,NaN,NaN
C022,C,1,382,1,NaN,NaN,0,0.425112962722778
C022,C,1,383,1,NaN,NaN,0,0.342105150222778
C022,C,1,384,1,NaN,NaN,0,0.304653167724609
C022,C,1,385,1,NaN,NaN,0,0.311257839202881
C022,C,1,386,1,NaN,NaN,0,0.345952987670898
C022,C,1,387,1,NaN,NaN,0,0.382277011871338
C022,C,1,388,1,NaN,NaN,0,0.337204933166504
C022,C,1,389,1,NaN,NaN,0,0.407073974609375
C022,C,1,390,NaN,1,0,NaN,NaN
C022,C,1,391,1,NaN,NaN,0,0.431150913238525
C022,C,1,392,1,NaN,NaN,0,0.367965936660767
C022,C,1,393,1,NaN,NaN,0,0.424975872039795
C022,C,1,394,1,NaN,NaN,0,0.420836925506592
C022,C,1,395,1,NaN,NaN,0,0.370565176010132
C022,C,1,396,1,NaN,NaN,0,0.3765709400177
C022,C,1,397,1,NaN,NaN,0,0.321850061416626
C022,C,1,398,1,NaN,NaN,0,0.378404140472412
C022,C,1,399,1,NaN,NaN,0,0.444227933883667
C022,C,1,400,1,NaN,NaN,0,0.471695899963379
C022,C,1,401,1,NaN,NaN,0,0.340319871902466
C022,C,1,402,1,NaN,NaN,0,0.336104869842529
C022,C,1,403,1,NaN,NaN,0,0.401973962783813
C022,C,1,404,NaN,1,0,NaN,NaN
C022,C,1,405,1,NaN,NaN,0,0.340799808502197
C022,C,1,406,1,NaN,NaN,0,0.334481000900269
C022,C,1,407,1,NaN,NaN,0,0.368335008621216
C022,C,1,408,1,NaN,NaN,0,0.43530011177063
C022,C,1,409,NaN,1,0,NaN,NaN
C022,C,1,410,1,NaN,NaN,0,0.318528890609741
C022,C,1,411,1,NaN,NaN,0,0.2984459400177
C022,C,1,412,1,NaN,NaN,0,0.287365913391113
C022,C,1,413,1,NaN,NaN,0,0.299792051315308
C022,C,1,414,1,NaN,NaN,0,0.360581159591675
C022,C,1,415,1,NaN,NaN,0,0.359273910522461
C022,C,1,416,1,NaN,NaN,0,0.328694105148315
C022,C,1,417,1,NaN,NaN,0,0.39123797416687
C022,C,1,418,1,NaN,NaN,0,0.488419055938721
C022,C,1,419,1,NaN,NaN,0,0.468925952911377
C022,C,1,420,NaN,1,0,NaN,NaN
C022,C,1,421,1,NaN,NaN,0,0.302609920501709
C022,C,1,422,1,NaN,NaN,0,0.319207191467285
C022,C,1,423,1,NaN,NaN,0,0.290127038955688
C022,C,1,424,1,NaN,NaN,0,0.324776172637939
C022,C,1,425,1,NaN,NaN,0,0.321875095367432
C022,C,1,426,1,NaN,NaN,0,0.299968957901001
C022,C,1,427,1,NaN,NaN,0,0.305819034576416
C022,C,1,428,1,NaN,NaN,0,0.415801048278809
C022,C,1,429,1,NaN,NaN,0,0.337017059326172
C022,C,1,430,1,NaN,NaN,0,0.345535039901733
C022,C,1,431,NaN,1,0,NaN,NaN
C022,C,1,432,1,NaN,NaN,0,0.2918860912323
C022,C,1,433,1,NaN,NaN,0,0.271513938903809
C022,C,1,434,1,NaN,NaN,0,0.349222898483276
C022,C,1,435,1,NaN,NaN,0,0.358309984207153
C022,C,1,436,1,NaN,NaN,0,0.331015110015869
C022,C,1,437,1,NaN,NaN,0,0.533223867416382
C022,C,1,438,1,NaN,NaN,0,0.630935907363892
C022,C,1,439,NaN,1,0,NaN,NaN
C022,C,1,440,1,NaN,NaN,0,0.335385084152222
C022,C,1,441,1,NaN,NaN,0,0.571306943893433
C022,C,1,442,1,NaN,NaN,0,0.368474006652832
C022,C,1,443,1,NaN,NaN,0,0.49285101890564
C022,C,1,444,1,NaN,NaN,0,0.371121168136597
C022,C,1,445,NaN,0,1,NaN,NaN
C022,C,1,446,0,NaN,NaN,1,NaN
C022,C,1,447,1,NaN,NaN,0,0.271217107772827
C022,C,1,448,1,NaN,NaN,0,0.261557102203369
C022,C,1,449,1,NaN,NaN,0,0.283466100692749
C022,C,1,450,1,NaN,NaN,0,0.285892963409424
C022,C,1,451,1,NaN,NaN,0,0.253578901290894
C022,C,1,452,1,NaN,NaN,0,0.282772064208984
C022,C,1,453,NaN,1,0,NaN,NaN
C022,C,1,454,1,NaN,NaN,0,0.256586074829102
C022,C,1,455,1,NaN,NaN,0,0.258074998855591
C022,C,1,456,1,NaN,NaN,0,0.267316102981567
C022,C,1,457,1,NaN,NaN,0,0.268099069595337
C022,C,1,458,1,NaN,NaN,0,0.261618137359619
C022,C,1,459,1,NaN,NaN,0,0.305583000183105
C022,C,1,460,1,NaN,NaN,0,0.327167987823486
C022,C,1,461,1,NaN,NaN,0,0.279924154281616
C022,C,1,462,1,NaN,NaN,0,0.275686979293823
C022,C,1,463,1,NaN,NaN,0,0.384917974472046
C022,C,1,464,1,NaN,NaN,0,0.401458024978638
C022,C,1,465,1,NaN,NaN,0,0.353355884552002
C022,C,1,466,NaN,0,1,NaN,NaN
C022,C,1,467,1,NaN,NaN,0,0.285981893539429
C022,C,1,468,1,NaN,NaN,0,0.26834511756897
C022,C,1,469,1,NaN,NaN,0,NaN
C022,C,1,470,1,NaN,NaN,0,0.27018404006958
C022,C,1,471,1,NaN,NaN,0,0.312849998474121
C022,C,1,472,1,NaN,NaN,0,0.496293067932129
C022,C,1,473,NaN,1,0,NaN,NaN
C022,C,1,474,1,NaN,NaN,0,0.656522989273071
C022,C,1,475,1,NaN,NaN,0,0.666047811508179
C022,C,1,476,1,NaN,NaN,0,0.552619934082031
C022,C,1,477,1,NaN,NaN,0,0.637048006057739
C022,C,1,478,1,NaN,NaN,0,0.825961112976074
C022,C,1,479,1,NaN,NaN,0,0.774803876876831
C022,C,1,480,1,NaN,NaN,0,0.667324066162109
C022,C,1,481,NaN,1,0,NaN,NaN
C022,C,1,482,1,NaN,NaN,0,0.394567012786865
C022,C,1,483,1,NaN,NaN,0,0.361370801925659
C022,C,1,484,1,NaN,NaN,0,0.449219942092896
C022,C,1,485,1,NaN,NaN,0,0.410691022872925
C022,C,1,486,1,NaN,NaN,0,0.458338975906372
C022,C,1,487,1,NaN,NaN,0,0.381994962692261
C022,C,1,488,1,NaN,NaN,0,0.366994857788086
C022,C,1,489,1,NaN,NaN,0,0.477581024169922
C022,C,2,1,1,NaN,NaN,0,0.463372945785522
C022,C,2,2,1,NaN,NaN,0,0.384616851806641
C022,C,2,3,1,NaN,NaN,0,0.481949090957642
C022,C,2,4,NaN,1,0,NaN,NaN
C022,C,2,5,1,NaN,NaN,0,0.347631931304932
C022,C,2,6,1,NaN,NaN,0,0.300256013870239
C022,C,2,7,1,NaN,NaN,0,0.313089847564697
C022,C,2,8,1,NaN,NaN,0,0.312844038009644
C022,C,2,9,1,NaN,NaN,0,0.310736894607544
C022,C,2,10,1,NaN,NaN,0,0.313166856765747
C022,C,2,11,1,NaN,NaN,0,0.281822204589844
C022,C,2,12,NaN,0,1,NaN,NaN
C022,C,2,13,1,NaN,NaN,0,0.469552993774414
C022,C,2,14,1,NaN,NaN,0,0.27739691734314
C022,C,2,15,1,NaN,NaN,0,0.297313213348389
C022,C,2,16,1,NaN,NaN,0,0.301339149475098
C022,C,2,17,1,NaN,NaN,0,0.306670904159546
C022,C,2,18,1,NaN,NaN,0,0.262425899505615
C022,C,2,19,1,NaN,NaN,0,0.300746202468872
C022,C,2,20,1,NaN,NaN,0,0.373597145080566
C022,C,2,21,1,NaN,NaN,0,0.317623853683472
C022,C,2,22,1,NaN,NaN,0,0.302278995513916
C022,C,2,23,1,NaN,NaN,0,0.435353994369507
C022,C,2,24,1,NaN,NaN,0,0.354671001434326
C022,C,2,25,NaN,0,1,NaN,NaN
C022,C,2,26,1,NaN,NaN,0,0.275481939315796
C022,C,2,27,1,NaN,NaN,0,0.284609079360962
C022,C,2,28,1,NaN,NaN,0,0.431318998336792
C022,C,2,29,1,NaN,NaN,0,0.614036083221436
C022,C,2,30,1,NaN,NaN,0,0.556421041488647
C022,C,2,31,1,NaN,NaN,0,0.413672924041748
C022,C,2,32,NaN,1,0,NaN,NaN
C022,C,2,33,1,NaN,NaN,0,0.366372108459473
C022,C,2,34,1,NaN,NaN,0,0.295945882797241
C022,C,2,35,1,NaN,NaN,0,0.329550981521606
C022,C,2,36,1,NaN,NaN,0,0.321826219558716
C022,C,2,37,1,NaN,NaN,0,0.3160240650177
C022,C,2,38,1,NaN,NaN,0,0.320085048675537
C022,C,2,39,1,NaN,NaN,0,0.465252161026001
C022,C,2,40,1,NaN,NaN,0,0.774266004562378
C022,C,2,41,1,NaN,NaN,0,0.543537855148315
C022,C,2,42,1,NaN,NaN,0,0.537032842636108
C022,C,2,43,1,NaN,NaN,0,0.517462968826294
C022,C,2,44,NaN,1,0,NaN,NaN
C022,C,2,45,1,NaN,NaN,0,0.362040996551514
C022,C,2,46,1,NaN,NaN,0,0.347697019577026
C022,C,2,47,1,NaN,NaN,0,0.429266214370728
C022,C,2,48,1,NaN,NaN,0,0.460336923599243
C022,C,2,49,1,NaN,NaN,0,0.464919090270996
C022,C,2,50,1,NaN,NaN,0,0.483774900436401
C022,C,2,51,NaN,1,0,NaN,NaN
C022,C,2,52,1,NaN,NaN,0,0.433799982070923
C022,C,2,53,1,NaN,NaN,0,0.518440008163452
C022,C,2,54,1,NaN,NaN,0,0.626731872558594
C022,C,2,55,1,NaN,NaN,0,0.41975998878479
C022,C,2,56,NaN,1,0,NaN,NaN
C022,C,2,57,1,NaN,NaN,0,0.662815093994141
C022,C,2,58,1,NaN,NaN,0,0.532012939453125
C022,C,2,59,1,NaN,NaN,0,0.402083158493042
C022,C,2,60,1,NaN,NaN,0,0.346925973892212
C022,C,2,61,1,NaN,NaN,0,0.584456920623779
C022,C,2,62,1,NaN,NaN,0,0.542572021484375
C022,C,2,63,1,NaN,NaN,0,0.453116893768311
C022,C,2,64,1,NaN,NaN,0,0.428045988082886
C022,C,2,65,1,NaN,NaN,0,0.489580869674683
C022,C,2,66,1,NaN,NaN,0,0.408125162124634
C022,C,2,67,1,NaN,NaN,0,0.402225971221924
C022,C,2,68,1,NaN,NaN,0,0.3960120677948
C022,C,2,69,1,NaN,NaN,0,0.355386972427368
C022,C,2,70,1,NaN,NaN,0,0.324389934539795
C022,C,2,71,NaN,0,1,NaN,NaN
C022,C,2,72,1,NaN,NaN,0,0.265889883041382
C022,C,2,73,1,NaN,NaN,0,0.231577157974243
C022,C,2,74,1,NaN,NaN,0,NaN
C022,C,2,75,NaN,0,1,NaN,NaN
C022,C,2,76,1,NaN,NaN,0,0.306113004684448
C022,C,2,77,1,NaN,NaN,0,0.245393991470337
C022,C,2,78,1,NaN,NaN,0,0.284369945526123
C022,C,2,79,1,NaN,NaN,0,0.293097972869873
C022,C,2,80,1,NaN,NaN,0,0.307104110717773
C022,C,2,81,1,NaN,NaN,0,0.400668859481812
C022,C,2,82,1,NaN,NaN,0,0.363293886184692
C022,C,2,83,1,NaN,NaN,0,0.291048049926758
C022,C,2,84,1,NaN,NaN,0,NaN
C022,C,2,85,1,NaN,NaN,0,0.588275909423828
C022,C,2,86,1,NaN,NaN,0,0.339824914932251
C022,C,2,87,1,NaN,NaN,0,0.335554122924805
C022,C,2,88,1,NaN,NaN,0,0.34365701675415
C022,C,2,89,NaN,1,0,NaN,NaN
C022,C,2,90,1,NaN,NaN,0,0.305722951889038
C022,C,2,91,1,NaN,NaN,0,0.298857927322388
C022,C,2,92,1,NaN,NaN,0,0.349601030349731
C022,C,2,93,1,NaN,NaN,0,0.376047849655151
C022,C,2,94,1,NaN,NaN,0,0.344610929489136
C022,C,2,95,1,NaN,NaN,0,0.205729007720947
C022,C,2,96,NaN,1,0,NaN,NaN
C022,C,2,97,1,NaN,NaN,0,0.420874118804932
C022,C,2,98,1,NaN,NaN,0,0.401123046875
C022,C,2,99,1,NaN,NaN,0,0.49347186088562
C022,C,2,100,1,NaN,NaN,0,0.389734983444214
C022,C,2,101,1,NaN,NaN,0,0.332794904708862
C022,C,2,102,1,NaN,NaN,0,NaN
C022,C,2,103,1,NaN,NaN,0,1.08573698997498
C022,C,2,104,1,NaN,NaN,0,0.628328084945679
C022,C,2,105,NaN,1,0,NaN,NaN
C022,C,2,106,1,NaN,NaN,0,0.605374097824097
C022,C,2,107,1,NaN,NaN,0,0.386981964111328
C022,C,2,108,1,NaN,NaN,0,0.34207010269165
C022,C,2,109,1,NaN,NaN,0,0.371968030929565
C022,C,2,110,1,NaN,NaN,0,0.365157842636108
C022,C,2,111,NaN,0,1,NaN,NaN
C022,C,2,112,1,NaN,NaN,0,0.301987171173096
C022,C,2,113,1,NaN,NaN,0,0.410290956497192
C022,C,2,114,1,NaN,NaN,0,0.304012060165405
C022,C,2,115,1,NaN,NaN,0,0.394415855407715
C022,C,2,116,1,NaN,NaN,0,0.656777858734131
C022,C,2,117,1,NaN,NaN,0,0.374530792236328
C022,C,2,118,1,NaN,NaN,0,0.351149082183838
C022,C,2,119,1,NaN,NaN,0,0.356935977935791
C022,C,2,120,1,NaN,NaN,0,0.402354001998901
C022,C,2,121,NaN,1,0,NaN,NaN
C022,C,2,122,1,NaN,NaN,0,0.419173002243042
C022,C,2,123,1,NaN,NaN,0,0.587189912796021
C022,C,2,124,1,NaN,NaN,0,0.543788909912109
C022,C,2,125,1,NaN,NaN,0,0.624983072280884
C022,C,2,126,1,NaN,NaN,0,0.714268207550049
C022,C,2,127,1,NaN,NaN,0,0.679241895675659
C022,C,2,128,1,NaN,NaN,0,0.557703971862793
C022,C,2,129,NaN,1,0,NaN,NaN
C022,C,2,130,1,NaN,NaN,0,0.367459058761597
C022,C,2,131,1,NaN,NaN,0,0.336483001708984
C022,C,2,132,1,NaN,NaN,0,0.337435960769653
C022,C,2,133,1,NaN,NaN,0,0.349693059921265
C022,C,2,134,1,NaN,NaN,0,0.394858121871948
C022,C,2,135,1,NaN,NaN,0,0.371070146560669
C022,C,2,136,1,NaN,NaN,0,0.358269929885864
C022,C,2,137,1,NaN,NaN,0,0.478176116943359
C022,C,2,138,1,NaN,NaN,0,0.307278871536255
C022,C,2,139,1,NaN,NaN,0,0.344191074371338
C022,C,2,140,1,NaN,NaN,0,0.47686505317688
C022,C,2,141,NaN,1,0,NaN,NaN
C022,C,2,142,1,NaN,NaN,0,0.368351936340332
C022,C,2,143,1,NaN,NaN,0,0.273077964782715
C022,C,2,144,1,NaN,NaN,0,0.322811841964722
C022,C,2,145,1,NaN,NaN,0,0.316547870635986
C022,C,2,146,NaN,0,1,NaN,NaN
C022,C,2,147,1,NaN,NaN,0,0.30437183380127
C022,C,2,148,1,NaN,NaN,0,0.453680038452148
C022,C,2,149,1,NaN,NaN,0,0.490551948547363
C022,C,2,150,1,NaN,NaN,0,0.578037977218628
C022,C,2,151,1,NaN,NaN,0,0.642510890960693
C022,C,2,152,1,NaN,NaN,0,0.594588994979858
C022,C,2,153,1,NaN,NaN,0,0.517189979553223
C022,C,2,154,1,NaN,NaN,0,0.630381107330322
C022,C,2,155,NaN,1,0,NaN,NaN
C022,C,2,156,1,NaN,NaN,0,0.382806062698364
C022,C,2,157,1,NaN,NaN,0,0.3401939868927
C022,C,2,158,1,NaN,NaN,0,0.278861045837402
C022,C,2,159,1,NaN,NaN,0,0.311988115310669
C022,C,2,160,1,NaN,NaN,0,0.30817699432373
C022,C,2,161,1,NaN,NaN,0,0.404695987701416
C022,C,2,162,1,NaN,NaN,0,0.329504013061523
C022,C,2,163,1,NaN,NaN,0,0.37345814704895
C022,C,2,164,1,NaN,NaN,0,0.439519882202148
C022,C,2,165,1,NaN,NaN,0,0.415567874908447
C022,C,2,166,1,NaN,NaN,0,0.383823156356812
C022,C,2,167,1,NaN,NaN,0,0.315542221069336
C022,C,2,168,1,NaN,NaN,0,0.38875412940979
C022,C,2,169,1,NaN,NaN,0,0.454364776611328
C022,C,2,170,NaN,1,0,NaN,NaN
C022,C,2,171,1,NaN,NaN,0,0.378890991210938
C022,C,2,172,1,NaN,NaN,0,0.587651014328003
C022,C,2,173,1,NaN,NaN,0,0.460028886795044
C022,C,2,174,1,NaN,NaN,0,0.540847063064575
C022,C,2,175,1,NaN,NaN,0,0.472429990768433
C022,C,2,176,1,NaN,NaN,0,0.416795969009399
C022,C,2,177,1,NaN,NaN,0,0.404505968093872
C022,C,2,178,NaN,0,1,NaN,NaN
C022,C,2,179,1,NaN,NaN,0,0.374197006225586
C022,C,2,180,1,NaN,NaN,0,0.426575899124146
C022,C,2,181,1,NaN,NaN,0,0.345860004425049
C022,C,2,182,1,NaN,NaN,0,0.278785943984985
C022,C,2,183,1,NaN,NaN,0,0.485864162445068
C022,C,2,184,1,NaN,NaN,0,0.430925846099854
C022,C,2,185,1,NaN,NaN,0,0.325541973114014
C022,C,2,186,1,NaN,NaN,0,0.406212091445923
C022,C,2,187,1,NaN,NaN,0,0.598610162734985
C022,C,2,188,NaN,1,0,NaN,NaN
C022,C,2,189,1,NaN,NaN,0,0.206833839416504
C022,C,2,190,1,NaN,NaN,0,NaN
C022,C,2,191,1,NaN,NaN,0,0.380527019500732
C022,C,2,192,1,NaN,NaN,0,0.316460132598877
C022,C,2,193,1,NaN,NaN,0,0.434928178787231
C022,C,2,194,1,NaN,NaN,0,0.322291851043701
C022,C,2,195,NaN,0,1,NaN,NaN
C022,C,2,196,1,NaN,NaN,0,0.246898889541626
C022,C,2,197,1,NaN,NaN,0,0.296594858169556
C022,C,2,198,1,NaN,NaN,0,0.27321195602417
C022,C,2,199,1,NaN,NaN,0,0.268393993377686
C022,C,2,200,NaN,0,1,NaN,NaN
C022,C,2,201,1,NaN,NaN,0,0.27610182762146
C022,C,2,202,1,NaN,NaN,0,0.3089280128479
C022,C,2,203,1,NaN,NaN,0,0.248510122299194
C022,C,2,204,1,NaN,NaN,0,0.353829860687256
C022,C,2,205,1,NaN,NaN,0,0.328233957290649
C022,C,2,206,1,NaN,NaN,0,0.385394096374512
C022,C,2,207,1,NaN,NaN,0,0.317892074584961
C022,C,2,208,1,NaN,NaN,0,1.02285814285278
C022,C,2,209,1,NaN,NaN,0,0.528034925460815
C022,C,2,210,NaN,1,0,NaN,NaN
C022,C,2,211,1,NaN,NaN,0,0.357363939285278
C022,C,2,212,1,NaN,NaN,0,0.310457944869995
C022,C,2,213,1,NaN,NaN,0,0.303163051605225
C022,C,2,214,1,NaN,NaN,0,0.341571092605591
C022,C,2,215,1,NaN,NaN,0,0.255179166793823
C022,C,2,216,1,NaN,NaN,0,0.301509141921997
C022,C,2,217,1,NaN,NaN,0,0.293600082397461
C022,C,2,218,1,NaN,NaN,0,0.296864032745361
C022,C,2,219,1,NaN,NaN,0,0.292569875717163
C022,C,2,220,1,NaN,NaN,0,0.300291061401367
C022,C,2,221,1,NaN,NaN,0,0.267778873443604
C022,C,2,222,1,NaN,NaN,0,NaN
C022,C,2,223,1,NaN,NaN,0,0.299148082733154
C022,C,2,224,NaN,1,0,NaN,NaN
C022,C,2,225,1,NaN,NaN,0,0.25428295135498
C022,C,2,226,1,NaN,NaN,0,0.262537002563477
C022,C,2,227,1,NaN,NaN,0,0.255725145339966
C022,C,2,228,1,NaN,NaN,0,0.28255820274353
C022,C,2,229,1,NaN,NaN,0,0.341681003570557
C022,C,2,230,NaN,1,0,NaN,NaN
C022,C,2,231,1,NaN,NaN,0,0.226331949234009
C022,C,2,232,1,NaN,NaN,0,0.2899489402771
C022,C,2,233,1,NaN,NaN,0,0.275535106658936
C022,C,2,234,1,NaN,NaN,0,NaN
C022,C,2,235,1,NaN,NaN,0,0.284713983535767
C022,C,2,236,1,NaN,NaN,0,0.264402866363525
C022,C,2,237,1,NaN,NaN,0,0.157811164855957
C022,C,2,238,NaN,1,0,NaN,NaN
C022,C,2,239,1,NaN,NaN,0,0.207584857940674
C022,C,2,240,1,NaN,NaN,0,NaN
C022,C,2,241,1,NaN,NaN,0,NaN
C022,C,2,242,1,NaN,NaN,0,0.343538045883179
C022,C,2,243,1,NaN,NaN,0,0.413098812103271
C022,C,2,244,1,NaN,NaN,0,0.367356061935425
C022,C,2,245,1,NaN,NaN,0,0.364295959472656
C022,C,2,246,1,NaN,NaN,0,0.177181005477905
C022,C,2,247,1,NaN,NaN,0,NaN
C022,C,2,248,1,NaN,NaN,0,NaN
C022,C,2,249,1,NaN,NaN,0,0.21769905090332
C022,C,2,250,NaN,1,0,NaN,NaN
C022,C,2,251,1,NaN,NaN,0,0.361033916473389
C022,C,2,252,1,NaN,NaN,0,0.419344186782837
C022,C,2,253,1,NaN,NaN,0,0.410888910293579
C022,C,2,254,1,NaN,NaN,0,0.460289001464844
C022,C,2,255,1,NaN,NaN,0,0.536072015762329
C022,C,2,256,1,NaN,NaN,0,0.399856090545654
C022,C,2,257,1,NaN,NaN,0,0.288121938705444
C022,C,2,258,1,NaN,NaN,0,0.367510080337524
C022,C,2,259,NaN,1,0,NaN,NaN
C022,C,2,260,1,NaN,NaN,0,0.55696702003479
C022,C,2,261,1,NaN,NaN,0,0.386839866638184
C022,C,2,262,1,NaN,NaN,0,0.389247179031372
C022,C,2,263,1,NaN,NaN,0,0.285328149795532
C022,C,2,264,NaN,0,1,NaN,NaN
C022,C,2,265,1,NaN,NaN,0,0.312592029571533
C022,C,2,266,1,NaN,NaN,0,0.301215887069702
C022,C,2,267,1,NaN,NaN,0,0.279501914978027
C022,C,2,268,1,NaN,NaN,0,0.304324865341187
C022,C,2,269,1,NaN,NaN,0,0.372851848602295
C022,C,2,270,1,NaN,NaN,0,0.313256025314331
C022,C,2,271,1,NaN,NaN,0,0.290069818496704
C022,C,2,272,1,NaN,NaN,0,0.289031028747559
C022,C,2,273,1,NaN,NaN,0,0.363095045089722
C022,C,2,274,1,NaN,NaN,0,0.378875017166138
C022,C,2,275,1,NaN,NaN,0,0.329946041107178
C022,C,2,276,1,NaN,NaN,0,0.323780059814453
C022,C,2,277,1,NaN,NaN,0,0.314831018447876
C022,C,2,278,NaN,0,1,NaN,NaN
C022,C,2,279,1,NaN,NaN,0,0.36474609375
C022,C,2,280,1,NaN,NaN,0,0.271847009658813
C022,C,2,281,1,NaN,NaN,0,0.195336103439331
C022,C,2,282,1,NaN,NaN,0,NaN
C022,C,2,283,1,NaN,NaN,0,0.319922924041748
C022,C,2,284,1,NaN,NaN,0,0.344666004180908
C022,C,2,285,NaN,0,1,NaN,NaN
C022,C,2,286,1,NaN,NaN,0,NaN
C022,C,2,287,1,NaN,NaN,0,0.406388998031616
C022,C,2,288,1,NaN,NaN,0,0.367044925689697
C022,C,2,289,1,NaN,NaN,0,0.37161111831665
C022,C,2,290,1,NaN,NaN,0,0.422380924224854
C022,C,2,291,1,NaN,NaN,0,0.391548871994019
C022,C,2,292,1,NaN,NaN,0,0.32989501953125
C022,C,2,293,1,NaN,NaN,0,0.870593070983887
C022,C,2,294,1,NaN,NaN,0,0.805357217788696
C022,C,2,295,1,NaN,NaN,0,0.794592142105103
C022,C,2,296,NaN,1,0,NaN,NaN
C022,C,2,297,1,NaN,NaN,0,0.41631007194519
C022,C,2,298,1,NaN,NaN,0,0.314250946044922
C022,C,2,299,NaN,0,1,NaN,NaN
C022,C,2,300,1,NaN,NaN,0,0.778769016265869
C022,C,2,301,1,NaN,NaN,0,0.496140956878662
C022,C,2,302,1,NaN,NaN,0,0.386811971664429
C022,C,2,303,1,NaN,NaN,0,0.351357936859131
C022,C,2,304,1,NaN,NaN,0,0.308926105499268
C022,C,2,305,1,NaN,NaN,0,0.349562168121338
C022,C,2,306,1,NaN,NaN,0,0.319801092147827
C022,C,2,307,1,NaN,NaN,0,0.448473930358887
C022,C,2,308,1,NaN,NaN,0,0.343057155609131
C022,C,2,309,1,NaN,NaN,0,0.311058044433594
C022,C,2,310,NaN,1,0,NaN,NaN
C022,C,2,311,1,NaN,NaN,0,0.530786991119385
C022,C,2,312,1,NaN,NaN,0,0.564005851745605
C022,C,2,313,1,NaN,NaN,0,0.533179044723511
C022,C,2,314,1,NaN,NaN,0,0.415265083312988
C022,C,2,315,1,NaN,NaN,0,0.468995094299316
C022,C,2,316,1,NaN,NaN,0,0.517611980438232
C022,C,2,317,1,NaN,NaN,0,0.551774978637695
C022,C,2,318,1,NaN,NaN,0,0.440245866775513
C022,C,2,319,1,NaN,NaN,0,0.483509063720703
C022,C,2,320,1,NaN,NaN,0,0.364894151687622
C022,C,2,321,NaN,0,1,NaN,NaN
C022,C,2,322,1,NaN,NaN,0,0.340121030807495
C022,C,2,323,1,NaN,NaN,0,0.394515991210938
C022,C,2,324,1,NaN,NaN,0,0.323700189590454
C022,C,2,325,1,NaN,NaN,0,0.392651796340942
C022,C,2,326,1,NaN,NaN,0,0.288890838623047
C022,C,2,327,1,NaN,NaN,0,0.311193943023682
C022,C,2,328,1,NaN,NaN,0,0.309205055236816
C022,C,2,329,1,NaN,NaN,0,0.617904901504517
C022,C,2,330,1,NaN,NaN,0,0.466233015060425
C022,C,2,331,1,NaN,NaN,0,0.330953121185303
C022,C,2,332,NaN,0,1,NaN,NaN
C022,C,2,333,1,NaN,NaN,0,0.352327108383179
C022,C,2,334,1,NaN,NaN,0,0.306644916534424
C022,C,2,335,1,NaN,NaN,0,0.308309078216553
C022,C,2,336,0,NaN,NaN,1,NaN
C022,C,2,337,NaN,1,0,NaN,NaN
C022,C,2,338,1,NaN,NaN,0,0.995756149291992
C022,C,2,339,1,NaN,NaN,0,0.566048860549927
C022,C,2,340,1,NaN,NaN,0,0.375314950942993
C022,C,2,341,1,NaN,NaN,0,0.365725040435791
C022,C,2,342,1,NaN,NaN,0,0.435179948806763
C022,C,2,343,1,NaN,NaN,0,0.393140077590942
C022,C,2,344,1,NaN,NaN,0,0.345180988311768
C022,C,2,345,1,NaN,NaN,0,0.33544397354126
C022,C,2,346,1,NaN,NaN,0,0.303000926971436
C022,C,2,347,1,NaN,NaN,0,0.738943099975586
C022,C,2,348,NaN,1,0,NaN,NaN
C022,C,2,349,1,NaN,NaN,0,0.317244052886963
C022,C,2,350,1,NaN,NaN,0,0.334294080734253
C022,C,2,351,1,NaN,NaN,0,0.305114030838013
C022,C,2,352,1,NaN,NaN,0,0.250585794448853
C022,C,2,353,1,NaN,NaN,0,0.296720027923584
C022,C,2,354,1,NaN,NaN,0,0.289643049240112
C022,C,2,355,1,NaN,NaN,0,0.265166044235229
C022,C,2,356,1,NaN,NaN,0,0.334076166152954
C022,C,2,357,NaN,0,1,NaN,NaN
C022,C,2,358,1,NaN,NaN,0,0.25285005569458
C022,C,2,359,1,NaN,NaN,0,0.286634922027588
C022,C,2,360,1,NaN,NaN,0,0.24695086479187
C022,C,2,361,1,NaN,NaN,0,0.212754964828491
C022,C,2,362,1,NaN,NaN,0,0.313426971435547
C022,C,2,363,1,NaN,NaN,0,0.228842973709106
C022,C,2,364,NaN,1,0,NaN,NaN
C022,C,2,365,1,NaN,NaN,0,0.357693195343018
C022,C,2,366,1,NaN,NaN,0,0.275609016418457
C022,C,2,367,1,NaN,NaN,0,0.245123863220215
C022,C,2,368,1,NaN,NaN,0,0.242969036102295
C022,C,2,369,1,NaN,NaN,0,0.28073787689209
C022,C,2,370,1,NaN,NaN,0,1.12140798568726
C022,C,2,371,1,NaN,NaN,0,0.7727370262146
C022,C,2,372,1,NaN,NaN,0,0.426794052124023
C022,C,2,373,1,NaN,NaN,0,0.367815017700195
C022,C,2,374,1,NaN,NaN,0,0.404823064804077
C022,C,2,375,1,NaN,NaN,0,0.37403392791748
C022,C,2,376,1,NaN,NaN,0,0.250795841217041
C022,C,2,377,NaN,0,1,NaN,NaN
C022,C,2,378,1,NaN,NaN,0,0.505840063095093
C022,C,2,379,1,NaN,NaN,0,NaN
C022,C,2,380,NaN,0,1,NaN,NaN
C022,C,2,381,1,NaN,NaN,0,0.351071119308472
C022,C,2,382,1,NaN,NaN,0,0.4845871925354
C022,C,2,383,1,NaN,NaN,0,0.385139942169189
C022,C,2,384,1,NaN,NaN,0,0.469271898269653
C022,C,2,385,1,NaN,NaN,0,0.391937971115112
C022,C,2,386,1,NaN,NaN,0,0.498698949813843
C022,C,2,387,1,NaN,NaN,0,0.520204067230225
C022,C,2,388,1,NaN,NaN,0,0.54606294631958
C022,C,2,389,1,NaN,NaN,0,0.411696910858154
C022,C,2,390,1,NaN,NaN,0,0.423891067504883
C022,C,2,391,1,NaN,NaN,0,0.38476300239563
C022,C,2,392,1,NaN,NaN,0,0.398375034332275
C022,C,2,393,NaN,1,0,NaN,NaN
C022,C,2,394,1,NaN,NaN,0,0.393871068954468
C022,C,2,395,1,NaN,NaN,0,0.351039886474609
C022,C,2,396,1,NaN,NaN,0,0.316002130508423
C022,C,2,397,1,NaN,NaN,0,0.328451871871948
C022,C,2,398,1,NaN,NaN,0,0.307374000549316
C022,C,2,399,1,NaN,NaN,0,0.314697980880737
C022,C,2,400,NaN,0,1,NaN,NaN
C022,C,2,401,1,NaN,NaN,0,0.268178939819336
C022,C,2,402,1,NaN,NaN,0,NaN
C022,C,2,403,1,NaN,NaN,0,0.32897686958313
C022,C,2,404,1,NaN,NaN,0,0.715841054916382
C022,C,2,405,1,NaN,NaN,0,0.565645933151245
C022,C,2,406,1,NaN,NaN,0,0.480999946594238
C022,C,2,407,1,NaN,NaN,0,0.277611017227173
C022,C,2,408,NaN,0,1,NaN,NaN
C022,C,2,409,1,NaN,NaN,0,0.289968013763428
C022,C,2,410,1,NaN,NaN,0,0.28472900390625
C022,C,2,411,1,NaN,NaN,0,0.267717123031616
C022,C,2,412,1,NaN,NaN,0,0.329993009567261
C022,C,2,413,1,NaN,NaN,0,0.320915937423706
C022,C,2,414,1,NaN,NaN,0,0.273874044418335
C022,C,2,415,1,NaN,NaN,0,0.315915107727051
C022,C,2,416,1,NaN,NaN,0,0.295082807540894
C022,C,2,417,NaN,0,1,NaN,NaN
C022,C,2,418,1,NaN,NaN,0,0.34857177734375
C022,C,2,419,1,NaN,NaN,0,0.312170028686523
C022,C,2,420,1,NaN,NaN,0,0.344697952270508
C022,C,2,421,1,NaN,NaN,0,0.227113962173462
C022,C,2,422,1,NaN,NaN,0,0.347989082336426
C022,C,2,423,1,NaN,NaN,0,0.367522954940796
C022,C,2,424,1,NaN,NaN,0,0.503887891769409
C022,C,2,425,1,NaN,NaN,0,0.502526998519897
C022,C,2,426,1,NaN,NaN,0,0.668351173400879
C022,C,2,427,1,NaN,NaN,0,0.515917062759399
C022,C,2,428,1,NaN,NaN,0,0.445868968963623
C022,C,2,429,1,NaN,NaN,0,0.418577909469604
C022,C,2,430,NaN,1,0,NaN,NaN
C022,C,2,431,1,NaN,NaN,0,0.38798189163208
C022,C,2,432,1,NaN,NaN,0,0.324844121932983
C022,C,2,433,1,NaN,NaN,0,0.169406890869141
C022,C,2,434,1,NaN,NaN,0,0.276556015014648
C022,C,2,435,1,NaN,NaN,0,0.188277959823608
C022,C,2,436,1,NaN,NaN,0,0.253576040267944
C022,C,2,437,1,NaN,NaN,0,NaN
C022,C,2,438,1,NaN,NaN,0,0.407344818115234
C022,C,2,439,NaN,0,1,NaN,NaN
C022,C,2,440,1,NaN,NaN,0,0.274634122848511
C022,C,2,441,1,NaN,NaN,0,0.50808310508728
C022,C,2,442,1,NaN,NaN,0,0.34143590927124
C022,C,2,443,1,NaN,NaN,0,0.319536924362183
C022,C,2,444,1,NaN,NaN,0,0.309952974319458
C022,C,2,445,NaN,0,1,NaN,NaN
C022,C,2,446,1,NaN,NaN,0,NaN
C022,C,2,447,1,NaN,NaN,0,0.166006803512573
C022,C,2,448,1,NaN,NaN,0,0.263643980026245
C022,C,2,449,1,NaN,NaN,0,0.270579099655151
C022,C,2,450,1,NaN,NaN,0,0.269991874694824
C022,C,2,451,1,NaN,NaN,0,0.342833995819092
C022,C,2,452,1,NaN,NaN,0,0.338408946990967
C022,C,2,453,1,NaN,NaN,0,0.347199201583862
C022,C,2,454,1,NaN,NaN,0,0.26857590675354
C022,C,2,455,1,NaN,NaN,0,0.307135820388794
C022,C,2,456,1,NaN,NaN,0,0.324320077896118
C022,C,2,457,NaN,0,1,NaN,NaN
C022,C,2,458,1,NaN,NaN,0,0.262178897857666
C022,C,2,459,1,NaN,NaN,0,0.343502998352051
C022,C,2,460,1,NaN,NaN,0,0.443073034286499
C022,C,2,461,1,NaN,NaN,0,0.540289163589478
C022,C,2,462,1,NaN,NaN,0,0.488013029098511
C022,C,2,463,NaN,1,0,NaN,NaN
C022,C,2,464,1,NaN,NaN,0,0.37006402015686
C022,C,2,465,1,NaN,NaN,0,0.426244020462036
C022,C,2,466,1,NaN,NaN,0,0.500211954116821
C022,C,2,467,1,NaN,NaN,0,0.937320947647095
C022,C,2,468,1,NaN,NaN,0,0.493741989135742
C022,C,2,469,1,NaN,NaN,0,0.426333904266357
C022,C,2,470,1,NaN,NaN,0,0.442697048187256
C022,C,2,471,NaN,1,0,NaN,NaN
C022,C,2,472,1,NaN,NaN,0,0.285891056060791
C022,C,2,473,1,NaN,NaN,0,0.344963073730469
C022,C,2,474,1,NaN,NaN,0,0.320352077484131
C022,C,2,475,1,NaN,NaN,0,0.377029895782471
C022,C,2,476,1,NaN,NaN,0,0.358050107955933
C022,C,2,477,1,NaN,NaN,0,0.426854848861694
C022,C,2,478,1,NaN,NaN,0,0.379822015762329
C022,C,2,479,NaN,0,1,NaN,NaN
C022,C,2,480,1,NaN,NaN,0,0.278852939605713
C022,C,2,481,1,NaN,NaN,0,0.296072006225586
C022,C,2,482,1,NaN,NaN,0,0.333994150161743
C022,C,2,483,1,NaN,NaN,0,0.342188835144043
C022,C,2,484,1,NaN,NaN,0,0.412256002426147
C022,C,2,485,1,NaN,NaN,0,0.345727920532227
C022,C,2,486,1,NaN,NaN,0,0.38289213180542
C022,C,2,487,1,NaN,NaN,0,0.404583930969238
C022,C,2,488,1,NaN,NaN,0,1.03795289993286
C022,C,2,489,1,NaN,NaN,0,0.792756080627441
C022,C,3,1,1,NaN,NaN,0,0.411395072937012
C022,C,3,2,1,NaN,NaN,0,0.278105020523071
C022,C,3,3,1,NaN,NaN,0,0.324597120285034
C022,C,3,4,1,NaN,NaN,0,0.529152154922485
C022,C,3,5,1,NaN,NaN,0,0.323176145553589
C022,C,3,6,1,NaN,NaN,0,0.316197872161865
C022,C,3,7,1,NaN,NaN,0,0.314545869827271
C022,C,3,8,NaN,1,0,NaN,NaN
C022,C,3,9,1,NaN,NaN,0,0.260154962539673
C022,C,3,10,1,NaN,NaN,0,0.252304077148438
C022,C,3,11,1,NaN,NaN,0,0.229627847671509
C022,C,3,12,1,NaN,NaN,0,0.286460161209106
C022,C,3,13,1,NaN,NaN,0,0.265261173248291
C022,C,3,14,1,NaN,NaN,0,0.286864995956421
C022,C,3,15,1,NaN,NaN,0,NaN
C022,C,3,16,NaN,0,1,NaN,NaN
C022,C,3,17,1,NaN,NaN,0,0.2816162109375
C022,C,3,18,1,NaN,NaN,0,0.271569967269897
C022,C,3,19,1,NaN,NaN,0,0.15938401222229
C022,C,3,20,1,NaN,NaN,0,0.475041151046753
C022,C,3,21,NaN,1,0,NaN,NaN
C022,C,3,22,1,NaN,NaN,0,0.255789995193481
C022,C,3,23,1,NaN,NaN,0,0.26513409614563
C022,C,3,24,1,NaN,NaN,0,0.295490026473999
C022,C,3,25,1,NaN,NaN,0,0.290704965591431
C022,C,3,26,1,NaN,NaN,0,0.296775817871094
C022,C,3,27,1,NaN,NaN,0,0.265239000320435
C022,C,3,28,1,NaN,NaN,0,0.277611017227173
C022,C,3,29,1,NaN,NaN,0,0.287376165390015
C022,C,3,30,1,NaN,NaN,0,0.371788024902344
C022,C,3,31,1,NaN,NaN,0,0.349568128585815
C022,C,3,32,1,NaN,NaN,0,0.389487028121948
C022,C,3,33,1,NaN,NaN,0,0.341986894607544
C022,C,3,34,1,NaN,NaN,0,0.338845014572144
C022,C,3,35,NaN,0,1,NaN,NaN
C022,C,3,36,1,NaN,NaN,0,0.257414102554321
C022,C,3,37,1,NaN,NaN,0,0.271365880966187
C022,C,3,38,1,NaN,NaN,0,0.307976961135864
C022,C,3,39,NaN,0,1,NaN,NaN
C022,C,3,40,1,NaN,NaN,0,0.490619897842407
C022,C,3,41,1,NaN,NaN,0,0.328370094299316
C022,C,3,42,1,NaN,NaN,0,0.321159839630127
C022,C,3,43,1,NaN,NaN,0,0.343350172042847
C022,C,3,44,1,NaN,NaN,0,0.242818832397461
C022,C,3,45,1,NaN,NaN,0,0.310106039047241
C022,C,3,46,1,NaN,NaN,0,0.306071996688843
C022,C,3,47,1,NaN,NaN,0,0.328925848007202
C022,C,3,48,1,NaN,NaN,0,0.333390951156616
C022,C,3,49,1,NaN,NaN,0,0.287134170532227
C022,C,3,50,1,NaN,NaN,0,0.278826951980591
C022,C,3,51,1,NaN,NaN,0,0.261245012283325
C022,C,3,52,1,NaN,NaN,0,NaN
C022,C,3,53,NaN,1,0,NaN,NaN
C022,C,3,54,1,NaN,NaN,0,0.343653917312622
C022,C,3,55,1,NaN,NaN,0,0.42451810836792
C022,C,3,56,1,NaN,NaN,0,0.329665184020996
C022,C,3,57,1,NaN,NaN,0,0.284912824630737
C022,C,3,58,1,NaN,NaN,0,0.295263051986694
C022,C,3,59,1,NaN,NaN,0,0.285236835479736
C022,C,3,60,NaN,0,1,NaN,NaN
C022,C,3,61,1,NaN,NaN,0,0.298897981643677
C022,C,3,62,1,NaN,NaN,0,1.10348796844482
C022,C,3,63,1,NaN,NaN,0,0.938178062438965
C022,C,3,64,1,NaN,NaN,0,0.599807024002075
C022,C,3,65,1,NaN,NaN,0,0.508379936218262
C022,C,3,66,1,NaN,NaN,0,0.323762178421021
C022,C,3,67,1,NaN,NaN,0,0.340113162994385
C022,C,3,68,1,NaN,NaN,0,0.298252820968628
C022,C,3,69,NaN,1,0,NaN,NaN
C022,C,3,70,1,NaN,NaN,0,0.314943075180054
C022,C,3,71,1,NaN,NaN,0,0.18267297744751
C022,C,3,72,1,NaN,NaN,0,0.30077600479126
C022,C,3,73,1,NaN,NaN,0,0.31758713722229
C022,C,3,74,1,NaN,NaN,0,0.357416152954102
C022,C,3,75,1,NaN,NaN,0,0.390874862670898
C022,C,3,76,1,NaN,NaN,0,0.438261032104492
C022,C,3,77,NaN,0,1,NaN,NaN
C022,C,3,78,1,NaN,NaN,0,0.428382158279419
C022,C,3,79,1,NaN,NaN,0,0.548293113708496
C022,C,3,80,1,NaN,NaN,0,0.352888107299805
C022,C,3,81,1,NaN,NaN,0,0.289122104644775
C022,C,3,82,1,NaN,NaN,0,0.305988788604736
C022,C,3,83,NaN,0,1,NaN,NaN
C022,C,3,84,1,NaN,NaN,0,NaN
C022,C,3,85,1,NaN,NaN,0,0.332212924957275
C022,C,3,86,1,NaN,NaN,0,0.343866109848022
C022,C,3,87,1,NaN,NaN,0,0.263524055480957
C022,C,3,88,1,NaN,NaN,0,0.257959127426147
C022,C,3,89,1,NaN,NaN,0,0.31833291053772
C022,C,3,90,1,NaN,NaN,0,0.327340126037598
C022,C,3,91,1,NaN,NaN,0,0.32821798324585
C022,C,3,92,1,NaN,NaN,0,0.313023090362549
C022,C,3,93,NaN,0,1,NaN,NaN
C022,C,3,94,1,NaN,NaN,0,0.323028802871704
C022,C,3,95,1,NaN,NaN,0,0.253698825836182
C022,C,3,96,1,NaN,NaN,0,0.281870126724243
C022,C,3,97,1,NaN,NaN,0,0.190437793731689
C022,C,3,98,0,NaN,NaN,1,NaN
C022,C,3,99,1,NaN,NaN,0,NaN
C022,C,3,100,1,NaN,NaN,0,0.30888295173645
C022,C,3,101,1,NaN,NaN,0,0.367100954055786
C022,C,3,102,NaN,0,1,NaN,NaN
C022,C,3,103,1,NaN,NaN,0,NaN
C022,C,3,104,1,NaN,NaN,0,0.314183950424194
C022,C,3,105,1,NaN,NaN,0,0.352996110916138
C022,C,3,106,1,NaN,NaN,0,0.400829792022705
C022,C,3,107,1,NaN,NaN,0,0.414865016937256
C022,C,3,108,1,NaN,NaN,0,0.353491067886353
C022,C,3,109,1,NaN,NaN,0,0.562497138977051
C022,C,3,110,NaN,1,0,NaN,NaN
C022,C,3,111,1,NaN,NaN,0,0.313191175460815
C022,C,3,112,1,NaN,NaN,0,0.517651081085205
C022,C,3,113,1,NaN,NaN,0,0.536328077316284
C022,C,3,114,1,NaN,NaN,0,0.597997903823853
C022,C,3,115,1,NaN,NaN,0,0.660147905349731
C022,C,3,116,1,NaN,NaN,0,0.620980978012085
C022,C,3,117,1,NaN,NaN,0,0.615901947021484
C022,C,3,118,1,NaN,NaN,0,0.518189907073975
C022,C,3,119,1,NaN,NaN,0,0.509373188018799
C022,C,3,120,1,NaN,NaN,0,0.60643482208252
C022,C,3,121,1,NaN,NaN,0,0.599230051040649
C022,C,3,122,1,NaN,NaN,0,0.492809057235718
C022,C,3,123,1,NaN,NaN,0,0.574434995651245
C022,C,3,124,1,NaN,NaN,0,0.370620965957642
C022,C,3,125,NaN,0,1,NaN,NaN
C022,C,3,126,1,NaN,NaN,0,0.305972099304199
C022,C,3,127,1,NaN,NaN,0,0.424048900604248
C022,C,3,128,1,NaN,NaN,0,0.352865934371948
C022,C,3,129,NaN,0,1,NaN,NaN
C022,C,3,130,1,NaN,NaN,0,0.330971956253052
C022,C,3,131,1,NaN,NaN,0,0.298352956771851
C022,C,3,132,1,NaN,NaN,0,0.30215311050415
C022,C,3,133,1,NaN,NaN,0,0.448841094970703
C022,C,3,134,1,NaN,NaN,0,0.63775897026062
C022,C,3,135,1,NaN,NaN,0,0.458415985107422
C022,C,3,136,1,NaN,NaN,0,0.408048868179321
C022,C,3,137,1,NaN,NaN,0,0.437144994735718
C022,C,3,138,1,NaN,NaN,0,0.493230104446411
C022,C,3,139,1,NaN,NaN,0,0.665886163711548
C022,C,3,140,1,NaN,NaN,0,0.743133068084717
C022,C,3,141,NaN,0,1,NaN,NaN
C022,C,3,142,1,NaN,NaN,0,0.637233972549438
C022,C,3,143,1,NaN,NaN,0,0.345227003097534
C022,C,3,144,1,NaN,NaN,0,0.332856893539429
C022,C,3,145,1,NaN,NaN,0,0.389605045318604
C022,C,3,146,1,NaN,NaN,0,0.38056492805481
C022,C,3,147,1,NaN,NaN,0,0.335446834564209
C022,C,3,148,1,NaN,NaN,0,0.334035158157349
C022,C,3,149,1,NaN,NaN,0,0.316932201385498
C022,C,3,150,1,NaN,NaN,0,0.353490829467773
C022,C,3,151,1,NaN,NaN,0,0.306571960449219
C022,C,3,152,NaN,0,1,NaN,NaN
C022,C,3,153,1,NaN,NaN,0,0.294953107833862
C022,C,3,154,1,NaN,NaN,0,0.400931119918823
C022,C,3,155,1,NaN,NaN,0,0.413424015045166
C022,C,3,156,1,NaN,NaN,0,0.423218965530396
C022,C,3,157,1,NaN,NaN,0,0.308283090591431
C022,C,3,158,1,NaN,NaN,0,0.572032928466797
C022,C,3,159,1,NaN,NaN,0,0.40172004699707
C022,C,3,160,NaN,1,0,NaN,NaN
C022,C,3,161,1,NaN,NaN,0,0.290802955627441
C022,C,3,162,1,NaN,NaN,0,0.275532960891724
C022,C,3,163,1,NaN,NaN,0,0.208050012588501
C022,C,3,164,1,NaN,NaN,0,0.26906418800354
C022,C,3,165,1,NaN,NaN,0,0.450639963150024
C022,C,3,166,1,NaN,NaN,0,0.288898944854736
C022,C,3,167,1,NaN,NaN,0,0.321837902069092
C022,C,3,168,NaN,1,0,NaN,NaN
C022,C,3,169,1,NaN,NaN,0,0.346399068832397
C022,C,3,170,1,NaN,NaN,0,0.315608978271484
C022,C,3,171,1,NaN,NaN,0,0.440768003463745
C022,C,3,172,1,NaN,NaN,0,0.461326122283936
C022,C,3,173,1,NaN,NaN,0,0.566340923309326
C022,C,3,174,1,NaN,NaN,0,0.635000944137573
C022,C,3,175,1,NaN,NaN,0,0.615655183792114
C022,C,3,176,1,NaN,NaN,0,0.490293979644775
C022,C,3,177,1,NaN,NaN,0,0.536746978759766
C022,C,3,178,NaN,0,1,NaN,NaN
C022,C,3,179,1,NaN,NaN,0,NaN
C022,C,3,180,1,NaN,NaN,0,0.354120016098022
C022,C,3,181,1,NaN,NaN,0,0.378856897354126
C022,C,3,182,1,NaN,NaN,0,0.421713829040527
C022,C,3,183,1,NaN,NaN,0,0.431376934051514
C022,C,3,184,1,NaN,NaN,0,0.521975994110107
C022,C,3,185,1,NaN,NaN,0,0.465041160583496
C022,C,3,186,NaN,1,0,NaN,NaN
C022,C,3,187,1,NaN,NaN,0,0.314905166625977
C022,C,3,188,1,NaN,NaN,0,0.301765918731689
C022,C,3,189,1,NaN,NaN,0,0.288510084152222
C022,C,3,190,1,NaN,NaN,0,0.324987888336182
C022,C,3,191,NaN,0,1,NaN,NaN
C022,C,3,192,1,NaN,NaN,0,0.166491985321045
C022,C,3,193,1,NaN,NaN,0,0.280415058135986
C022,C,3,194,1,NaN,NaN,0,0.482325077056885
C022,C,3,195,1,NaN,NaN,0,0.36077094078064
C022,C,3,196,1,NaN,NaN,0,0.302289962768555
C022,C,3,197,1,NaN,NaN,0,0.503628969192505
C022,C,3,198,1,NaN,NaN,0,0.54492712020874
C022,C,3,199,1,NaN,NaN,0,0.511894941329956
C022,C,3,200,1,NaN,NaN,0,0.521090984344482
C022,C,3,201,1,NaN,NaN,0,0.506381988525391
C022,C,3,202,1,NaN,NaN,0,0.507606029510498
C022,C,3,203,NaN,1,0,NaN,NaN
C022,C,3,204,1,NaN,NaN,0,0.327771902084351
C022,C,3,205,1,NaN,NaN,0,0.33763599395752
C022,C,3,206,1,NaN,NaN,0,0.354420900344849
C022,C,3,207,1,NaN,NaN,0,0.366743803024292
C022,C,3,208,1,NaN,NaN,0,0.449319124221802
C022,C,3,209,1,NaN,NaN,0,0.421303987503052
C022,C,3,210,1,NaN,NaN,0,0.619445085525513
C022,C,3,211,1,NaN,NaN,0,0.753357887268066
C022,C,3,212,1,NaN,NaN,0,0.754105091094971
C022,C,3,213,1,NaN,NaN,0,0.56036901473999
C022,C,3,214,1,NaN,NaN,0,0.408443927764893
C022,C,3,215,NaN,1,0,NaN,NaN
C022,C,3,216,1,NaN,NaN,0,0.407946109771729
C022,C,3,217,1,NaN,NaN,0,0.579773902893066
C022,C,3,218,1,NaN,NaN,0,0.602035045623779
C022,C,3,219,1,NaN,NaN,0,0.56999397277832
C022,C,3,220,1,NaN,NaN,0,0.496465921401978
C022,C,3,221,NaN,1,0,NaN,NaN
C022,C,3,222,1,NaN,NaN,0,0.343204975128174
C022,C,3,223,1,NaN,NaN,0,0.346443176269531
C022,C,3,224,1,NaN,NaN,0,0.497673034667969
C022,C,3,225,1,NaN,NaN,0,0.449138164520264
C022,C,3,226,1,NaN,NaN,0,0.972089052200317
C022,C,3,227,1,NaN,NaN,0,0.771671056747437
C022,C,3,228,NaN,1,0,NaN,NaN
C022,C,3,229,1,NaN,NaN,0,0.59401798248291
C022,C,3,230,1,NaN,NaN,0,0.427027940750122
C022,C,3,231,1,NaN,NaN,0,0.254921913146973
C022,C,3,232,1,NaN,NaN,0,0.211755037307739
C022,C,3,233,1,NaN,NaN,0,0.435131072998047
C022,C,3,234,1,NaN,NaN,0,0.685583829879761
C022,C,3,235,1,NaN,NaN,0,0.401262998580933
C022,C,3,236,1,NaN,NaN,0,0.45824408531189
C022,C,3,237,1,NaN,NaN,0,0.474370956420898
C022,C,3,238,1,NaN,NaN,0,0.403120040893555
C022,C,3,239,1,NaN,NaN,0,0.332517147064209
C022,C,3,240,NaN,0,1,NaN,NaN
C022,C,3,241,1,NaN,NaN,0,0.181980133056641
C022,C,3,242,1,NaN,NaN,0,0.28171706199646
C022,C,3,243,1,NaN,NaN,0,0.366760015487671
C022,C,3,244,1,NaN,NaN,0,0.319339990615845
C022,C,3,245,1,NaN,NaN,0,0.282924890518188
C022,C,3,246,1,NaN,NaN,0,0.307845115661621
C022,C,3,247,NaN,0,1,NaN,NaN
C022,C,3,248,1,NaN,NaN,0,0.518028020858765
C022,C,3,249,1,NaN,NaN,0,0.316887140274048
C022,C,3,250,1,NaN,NaN,0,0.305310964584351
C022,C,3,251,1,NaN,NaN,0,0.310346841812134
C022,C,3,252,1,NaN,NaN,0,0.265017032623291
C022,C,3,253,1,NaN,NaN,0,0.277653217315674
C022,C,3,254,1,NaN,NaN,0,0.290091037750244
C022,C,3,255,NaN,0,1,NaN,NaN
C022,C,3,256,1,NaN,NaN,0,0.309420108795166
C022,C,3,257,1,NaN,NaN,0,0.318835973739624
C022,C,3,258,1,NaN,NaN,0,0.355744123458862
C022,C,3,259,1,NaN,NaN,0,0.363277912139893
C022,C,3,260,1,NaN,NaN,0,0.420226812362671
C022,C,3,261,1,NaN,NaN,0,0.348506927490234
C022,C,3,262,1,NaN,NaN,0,0.329977035522461
C022,C,3,263,1,NaN,NaN,0,0.641726016998291
C022,C,3,264,1,NaN,NaN,0,0.625292062759399
C022,C,3,265,1,NaN,NaN,0,0.369166135787964
C022,C,3,266,1,NaN,NaN,0,0.376585006713867
C022,C,3,267,1,NaN,NaN,0,0.545655965805054
C022,C,3,268,1,NaN,NaN,0,0.477365970611572
C022,C,3,269,NaN,1,0,NaN,NaN
C022,C,3,270,1,NaN,NaN,0,0.239286184310913
C022,C,3,271,1,NaN,NaN,0,0.2881019115448
C022,C,3,272,NaN,0,1,NaN,NaN
C022,C,3,273,1,NaN,NaN,0,0.457648992538452
C022,C,3,274,1,NaN,NaN,0,0.528171062469482
C022,C,3,275,1,NaN,NaN,0,0.398358106613159
C022,C,3,276,1,NaN,NaN,0,0.575438022613525
C022,C,3,277,1,NaN,NaN,0,0.64705491065979
C022,C,3,278,1,NaN,NaN,0,0.694508790969849
C022,C,3,279,1,NaN,NaN,0,0.659970998764038
C022,C,3,280,1,NaN,NaN,0,0.481650114059448
C022,C,3,281,1,NaN,NaN,0,0.40785813331604
C022,C,3,282,NaN,1,0,NaN,NaN
C022,C,3,283,1,NaN,NaN,0,0.297531843185425
C022,C,3,284,1,NaN,NaN,0,0.293616056442261
C022,C,3,285,1,NaN,NaN,0,0.346676111221313
C022,C,3,286,1,NaN,NaN,0,0.383320093154907
C022,C,3,287,1,NaN,NaN,0,0.540388822555542
C022,C,3,288,1,NaN,NaN,0,0.394695997238159
C022,C,3,289,1,NaN,NaN,0,0.431118011474609
C022,C,3,290,1,NaN,NaN,0,0.349771022796631
C022,C,3,291,1,NaN,NaN,0,0.329053163528442
C022,C,3,292,1,NaN,NaN,0,0.330157041549683
C022,C,3,293,1,NaN,NaN,0,0.314110040664673
C022,C,3,294,1,NaN,NaN,0,0.332730770111084
C022,C,3,295,1,NaN,NaN,0,0.281237125396729
C022,C,3,296,NaN,0,1,NaN,NaN
C022,C,3,297,1,NaN,NaN,0,NaN
C022,C,3,298,1,NaN,NaN,0,0.278077840805054
C022,C,3,299,NaN,0,1,NaN,NaN
C022,C,3,300,1,NaN,NaN,0,0.225399971008301
C022,C,3,301,1,NaN,NaN,0,0.298037052154541
C022,C,3,302,1,NaN,NaN,0,0.283046007156372
C022,C,3,303,1,NaN,NaN,0,0.298877000808716
C022,C,3,304,1,NaN,NaN,0,0.657318115234375
C022,C,3,305,1,NaN,NaN,0,0.632023096084595
C022,C,3,306,1,NaN,NaN,0,0.791416168212891
C022,C,3,307,1,NaN,NaN,0,0.667839050292969
C022,C,3,308,1,NaN,NaN,0,0.477485179901123
C022,C,3,309,1,NaN,NaN,0,0.354582071304321
C022,C,3,310,1,NaN,NaN,0,0.382473945617676
C022,C,3,311,1,NaN,NaN,0,0.370860815048218
C022,C,3,312,1,NaN,NaN,0,0.664255142211914
C022,C,3,313,NaN,1,0,NaN,NaN
C022,C,3,314,1,NaN,NaN,0,0.324583053588867
C022,C,3,315,1,NaN,NaN,0,0.338091135025024
C022,C,3,316,1,NaN,NaN,0,0.337384939193726
C022,C,3,317,1,NaN,NaN,0,0.352420806884766
C022,C,3,318,1,NaN,NaN,0,0.354587078094482
C022,C,3,319,NaN,1,0,NaN,NaN
C022,C,3,320,1,NaN,NaN,0,0.548579931259155
C022,C,3,321,1,NaN,NaN,0,0.396228075027466
C022,C,3,322,1,NaN,NaN,0,0.616787910461426
C022,C,3,323,1,NaN,NaN,0,0.465723037719727
C022,C,3,324,1,NaN,NaN,0,0.342963933944702
C022,C,3,325,1,NaN,NaN,0,0.330797910690308
C022,C,3,326,1,NaN,NaN,0,NaN
C022,C,3,327,1,NaN,NaN,0,0.649595975875854
C022,C,3,328,1,NaN,NaN,0,0.488561868667603
C022,C,3,329,1,NaN,NaN,0,0.386950969696045
C022,C,3,330,NaN,1,0,NaN,NaN
C022,C,3,331,1,NaN,NaN,0,0.315219163894653
C022,C,3,332,1,NaN,NaN,0,0.50817084312439
C022,C,3,333,1,NaN,NaN,0,0.367998123168945
C022,C,3,334,1,NaN,NaN,0,0.353352069854736
C022,C,3,335,1,NaN,NaN,0,0.568728923797607
C022,C,3,336,1,NaN,NaN,0,0.546684980392456
C022,C,3,337,1,NaN,NaN,0,0.367148160934448
C022,C,3,338,1,NaN,NaN,0,0.649711132049561
C022,C,3,339,NaN,1,0,NaN,NaN
C022,C,3,340,1,NaN,NaN,0,0.221073865890503
C022,C,3,341,1,NaN,NaN,0,0.298040151596069
C022,C,3,342,1,NaN,NaN,0,0.244777917861938
C022,C,3,343,1,NaN,NaN,0,0.154010057449341
C022,C,3,344,1,NaN,NaN,0,0.363141059875488
C022,C,3,345,NaN,0,1,NaN,NaN
C022,C,3,346,1,NaN,NaN,0,0.480918169021606
C022,C,3,347,1,NaN,NaN,0,0.296396970748901
C022,C,3,348,1,NaN,NaN,0,0.409221887588501
C022,C,3,349,1,NaN,NaN,0,0.465496063232422
C022,C,3,350,1,NaN,NaN,0,0.353724956512451
C022,C,3,351,1,NaN,NaN,0,0.383249998092651
C022,C,3,352,1,NaN,NaN,0,0.314166069030762
C022,C,3,353,1,NaN,NaN,0,0.338177919387817
C022,C,3,354,1,NaN,NaN,0,0.435822010040283
C022,C,3,355,1,NaN,NaN,0,0.341044902801514
C022,C,3,356,1,NaN,NaN,0,0.395993947982788
C022,C,3,357,1,NaN,NaN,0,0.397705078125
C022,C,3,358,1,NaN,NaN,0,0.521324872970581
C022,C,3,359,NaN,0,1,NaN,NaN
C022,C,3,360,1,NaN,NaN,0,0.599286079406738
C022,C,3,361,1,NaN,NaN,0,0.610759019851685
C022,C,3,362,1,NaN,NaN,0,0.63967490196228
C022,C,3,363,1,NaN,NaN,0,0.420083045959473
C022,C,3,364,1,NaN,NaN,0,0.360760927200317
C022,C,3,365,1,NaN,NaN,0,0.371149778366089
C022,C,3,366,1,NaN,NaN,0,0.416740894317627
C022,C,3,367,NaN,1,0,NaN,NaN
C022,C,3,368,1,NaN,NaN,0,0.289896011352539
C022,C,3,369,1,NaN,NaN,0,0.302743196487427
C022,C,3,370,1,NaN,NaN,0,0.453418016433716
C022,C,3,371,1,NaN,NaN,0,0.36186408996582
C022,C,3,372,1,NaN,NaN,0,0.338854074478149
C022,C,3,373,1,NaN,NaN,0,0.317021131515503
C022,C,3,374,1,NaN,NaN,0,0.341315984725952
C022,C,3,375,1,NaN,NaN,0,0.410255908966064
C022,C,3,376,1,NaN,NaN,0,0.271584987640381
C022,C,3,377,NaN,0,1,NaN,NaN
C022,C,3,378,1,NaN,NaN,0,0.190786123275757
C022,C,3,379,1,NaN,NaN,0,0.30542516708374
C022,C,3,380,1,NaN,NaN,0,0.303704977035522
C022,C,3,381,1,NaN,NaN,0,0.414180994033813
C022,C,3,382,1,NaN,NaN,0,0.342639923095703
C022,C,3,383,1,NaN,NaN,0,0.540978908538818
C022,C,3,384,NaN,1,0,NaN,NaN
C022,C,3,385,1,NaN,NaN,0,0.469401121139526
C022,C,3,386,1,NaN,NaN,0,0.382215976715088
C022,C,3,387,1,NaN,NaN,0,0.335805892944336
C022,C,3,388,1,NaN,NaN,0,0.31993293762207
C022,C,3,389,1,NaN,NaN,0,0.43333911895752
C022,C,3,390,1,NaN,NaN,0,0.440860033035278
C022,C,3,391,1,NaN,NaN,0,0.425023078918457
C022,C,3,392,NaN,0,1,NaN,NaN
C022,C,3,393,1,NaN,NaN,0,0.30574107170105
C022,C,3,394,1,NaN,NaN,0,0.263508081436157
C022,C,3,395,1,NaN,NaN,0,0.282246112823486
C022,C,3,396,1,NaN,NaN,0,0.317806959152222
C022,C,3,397,1,NaN,NaN,0,0.338906049728394
C022,C,3,398,1,NaN,NaN,0,0.336750984191895
C022,C,3,399,1,NaN,NaN,0,0.333184957504272
C022,C,3,400,NaN,1,0,NaN,NaN
C022,C,3,401,1,NaN,NaN,0,0.291064977645874
C022,C,3,402,1,NaN,NaN,0,0.336004972457886
C022,C,3,403,1,NaN,NaN,0,0.254430770874023
C022,C,3,404,1,NaN,NaN,0,0.354940891265869
C022,C,3,405,1,NaN,NaN,0,0.738269090652466
C022,C,3,406,1,NaN,NaN,0,0.587700128555298
C022,C,3,407,1,NaN,NaN,0,0.421802997589111
C022,C,3,408,1,NaN,NaN,0,0.451327800750732
C022,C,3,409,1,NaN,NaN,0,0.343406915664673
C022,C,3,410,1,NaN,NaN,0,0.335973024368286
C022,C,3,411,1,NaN,NaN,0,0.501739978790283
C022,C,3,412,1,NaN,NaN,0,0.425056934356689
C022,C,3,413,NaN,1,0,NaN,NaN
C022,C,3,414,1,NaN,NaN,0,0.566873073577881
C022,C,3,415,1,NaN,NaN,0,0.361963987350464
C022,C,3,416,1,NaN,NaN,0,NaN
C022,C,3,417,1,NaN,NaN,0,1.14479804039001
C022,C,3,418,NaN,1,0,NaN,NaN
C022,C,3,419,1,NaN,NaN,0,0.362110137939453
C022,C,3,420,1,NaN,NaN,0,0.367894172668457
C022,C,3,421,1,NaN,NaN,0,0.384082078933716
C022,C,3,422,1,NaN,NaN,0,0.514445066452026
C022,C,3,423,1,NaN,NaN,0,0.552368879318237
C022,C,3,424,1,NaN,NaN,0,0.453793048858643
C022,C,3,425,1,NaN,NaN,0,0.500159025192261
C022,C,3,426,NaN,1,0,NaN,NaN
C022,C,3,427,1,NaN,NaN,0,0.421043157577515
C022,C,3,428,1,NaN,NaN,0,0.341297149658203
C022,C,3,429,1,NaN,NaN,0,0.266215085983276
C022,C,3,430,1,NaN,NaN,0,0.252060174942017
C022,C,3,431,1,NaN,NaN,0,0.196778059005737
C022,C,3,432,1,NaN,NaN,0,0.365211009979248
C022,C,3,433,1,NaN,NaN,0,0.19766092300415
C022,C,3,434,1,NaN,NaN,0,0.357043981552124
C022,C,3,435,NaN,1,0,NaN,NaN
C022,C,3,436,1,NaN,NaN,0,0.268128156661987
C022,C,3,437,1,NaN,NaN,0,0.279433012008667
C022,C,3,438,1,NaN,NaN,0,0.289921045303345
C022,C,3,439,1,NaN,NaN,0,0.358612060546875
C022,C,3,440,1,NaN,NaN,0,0.359816074371338
C022,C,3,441,1,NaN,NaN,0,0.296876907348633
C022,C,3,442,1,NaN,NaN,0,0.43256402015686
C022,C,3,443,1,NaN,NaN,0,0.452727079391479
C022,C,3,444,1,NaN,NaN,0,0.390031814575195
C022,C,3,445,1,NaN,NaN,0,0.39886999130249
C022,C,3,446,1,NaN,NaN,0,0.35991382598877
C022,C,3,447,NaN,0,1,NaN,NaN
C022,C,3,448,1,NaN,NaN,0,0.371586084365845
C022,C,3,449,1,NaN,NaN,0,0.320090055465698
C022,C,3,450,1,NaN,NaN,0,0.40488600730896
C022,C,3,451,1,NaN,NaN,0,0.461989164352417
C022,C,3,452,1,NaN,NaN,0,0.595803022384644
C022,C,3,453,1,NaN,NaN,0,0.464503049850464
C022,C,3,454,1,NaN,NaN,0,0.30416202545166
C022,C,3,455,1,NaN,NaN,0,0.399895906448364
C022,C,3,456,1,NaN,NaN,0,0.482867956161499
C022,C,3,457,NaN,1,0,NaN,NaN
C022,C,3,458,1,NaN,NaN,0,0.176247119903564
C022,C,3,459,1,NaN,NaN,0,NaN
C022,C,3,460,1,NaN,NaN,0,NaN
C022,C,3,461,1,NaN,NaN,0,NaN
C022,C,3,462,1,NaN,NaN,0,0.896708965301514
C022,C,3,463,NaN,1,0,NaN,NaN
C022,C,3,464,1,NaN,NaN,0,NaN
C022,C,3,465,1,NaN,NaN,0,NaN
C022,C,3,466,1,NaN,NaN,0,NaN
C022,C,3,467,1,NaN,NaN,0,0.412754058837891
C022,C,3,468,0,NaN,NaN,1,NaN
C022,C,3,469,1,NaN,NaN,0,0.912471055984497
C022,C,3,470,1,NaN,NaN,0,0.508816957473755
C022,C,3,471,1,NaN,NaN,0,0.340660095214844
C022,C,3,472,1,NaN,NaN,0,0.332550048828125
C022,C,3,473,1,NaN,NaN,0,NaN
C022,C,3,474,1,NaN,NaN,0,0.439971208572388
C022,C,3,475,1,NaN,NaN,0,0.183433055877686
C022,C,3,476,NaN,0,1,NaN,NaN
C022,C,3,477,1,NaN,NaN,0,0.364686012268066
C022,C,3,478,1,NaN,NaN,0,0.215916156768799
C022,C,3,479,1,NaN,NaN,0,0.229871034622192
C022,C,3,480,1,NaN,NaN,0,NaN
C022,C,3,481,1,NaN,NaN,0,0.157766819000244
C022,C,3,482,1,NaN,NaN,0,1.12318587303162
C022,C,3,483,1,NaN,NaN,0,0.794412851333618
C022,C,3,484,NaN,1,0,NaN,NaN
C022,C,3,485,1,NaN,NaN,0,0.260516166687012
C022,C,3,486,1,NaN,NaN,0,0.21210789680481
C022,C,3,487,1,NaN,NaN,0,0.21311092376709
C022,C,3,488,1,NaN,NaN,0,0.549731016159058
C022,C,3,489,1,NaN,NaN,0,0.351862907409668
C022,C,3,490,1,NaN,NaN,0,0.293071985244751
C022,C,3,491,1,NaN,NaN,0,0.189335107803345
C022,C,3,492,NaN,0,1,NaN,NaN
C022,C,3,493,1,NaN,NaN,0,0.17547082901001
C022,C,3,494,1,NaN,NaN,0,0.324077844619751
C022,C,3,495,1,NaN,NaN,0,0.243585109710693
C022,C,3,496,1,NaN,NaN,0,0.204162836074829
C022,C,3,497,1,NaN,NaN,0,NaN
C022,C,3,498,1,NaN,NaN,0,0.867158889770508
C022,C,3,499,1,NaN,NaN,0,0.500398874282837
C022,C,3,500,1,NaN,NaN,0,0.346127033233643
C022,C,3,501,1,NaN,NaN,0,0.350913047790527
C022,C,3,502,NaN,1,0,NaN,NaN
C022,C,3,503,1,NaN,NaN,0,0.277245998382568
C022,C,3,504,1,NaN,NaN,0,0.221275091171265
C022,C,3,505,1,NaN,NaN,0,NaN
C022,C,3,506,1,NaN,NaN,0,0.785944938659668
C022,C,3,507,1,NaN,NaN,0,0.710983991622925
C022,C,3,508,NaN,1,0,NaN,NaN
C022,C,3,509,1,NaN,NaN,0,0.351999044418335
C022,C,3,510,1,NaN,NaN,0,NaN
C022,C,3,511,1,NaN,NaN,0,0.371811151504517
C022,C,3,512,1,NaN,NaN,0,0.57251501083374
C022,C,3,513,1,NaN,NaN,0,NaN
C022,C,3,514,1,NaN,NaN,0,0.345603942871094
C022,C,3,515,1,NaN,NaN,0,0.259722948074341
C022,C,3,516,1,NaN,NaN,0,0.366766929626465
C022,C,3,517,NaN,0,1,NaN,NaN
C022,C,3,518,1,NaN,NaN,0,0.61332893371582
C022,C,3,519,1,NaN,NaN,0,0.383019924163818
C022,C,3,520,1,NaN,NaN,0,1.19085907936096
C022,C,3,521,1,NaN,NaN,0,0.715284824371338
C022,C,3,522,1,NaN,NaN,0,0.460942029953003
C022,C,3,523,1,NaN,NaN,0,0.388132095336914
C022,C,3,524,NaN,0,1,NaN,NaN
C022,C,3,525,1,NaN,NaN,0,0.418856143951416
C022,C,3,526,1,NaN,NaN,0,0.579340934753418
C022,C,4,1,1,NaN,NaN,0,0.488408803939819
C022,C,4,2,1,NaN,NaN,0,0.309255123138428
C022,C,4,3,1,NaN,NaN,0,0.265778779983521
C022,C,4,4,NaN,1,0,NaN,NaN
C022,C,4,5,1,NaN,NaN,0,0.255177021026611
C022,C,4,6,1,NaN,NaN,0,0.319968938827515
C022,C,4,7,1,NaN,NaN,0,0.316070079803467
C022,C,4,8,1,NaN,NaN,0,0.353626012802124
C022,C,4,9,1,NaN,NaN,0,0.36378002166748
C022,C,4,10,1,NaN,NaN,0,0.412599086761475
C022,C,4,11,1,NaN,NaN,0,0.390913009643555
C022,C,4,12,1,NaN,NaN,0,0.295930862426758
C022,C,4,13,1,NaN,NaN,0,0.371732950210571
C022,C,4,14,1,NaN,NaN,0,0.319764137268066
C022,C,4,15,NaN,0,1,NaN,NaN
C022,C,4,16,1,NaN,NaN,0,0.273751020431519
C022,C,4,17,1,NaN,NaN,0,0.319910049438477
C022,C,4,18,1,NaN,NaN,0,0.352056980133057
C022,C,4,19,1,NaN,NaN,0,NaN
C022,C,4,20,1,NaN,NaN,0,0.306689977645874
C022,C,4,21,1,NaN,NaN,0,0.284873008728027
C022,C,4,22,1,NaN,NaN,0,0.283277988433838
C022,C,4,23,1,NaN,NaN,0,0.345731973648071
C022,C,4,24,1,NaN,NaN,0,0.374898195266724
C022,C,4,25,NaN,1,0,NaN,NaN
C022,C,4,26,1,NaN,NaN,0,0.254457950592041
C022,C,4,27,1,NaN,NaN,0,0.26403021812439
C022,C,4,28,1,NaN,NaN,0,0.15536904335022
C022,C,4,29,NaN,0,1,NaN,NaN
C022,C,4,30,1,NaN,NaN,0,0.174784183502197
C022,C,4,31,1,NaN,NaN,0,0.327677965164185
C022,C,4,32,1,NaN,NaN,0,0.300229072570801
C022,C,4,33,1,NaN,NaN,0,0.3332359790802
C022,C,4,34,1,NaN,NaN,0,0.370996952056885
C022,C,4,35,1,NaN,NaN,0,0.335426092147827
C022,C,4,36,1,NaN,NaN,0,0.277116060256958
C022,C,4,37,1,NaN,NaN,0,0.434547901153564
C022,C,4,38,1,NaN,NaN,0,0.374059915542603
C022,C,4,39,1,NaN,NaN,0,0.335289001464844
C022,C,4,40,1,NaN,NaN,0,0.30432391166687
C022,C,4,41,NaN,0,1,NaN,NaN
C022,C,4,42,1,NaN,NaN,0,0.168845891952515
C022,C,4,43,1,NaN,NaN,0,0.325350999832153
C022,C,4,44,1,NaN,NaN,0,0.371045827865601
C022,C,4,45,1,NaN,NaN,0,0.333189964294434
C022,C,4,46,1,NaN,NaN,0,0.293981790542603
C022,C,4,47,1,NaN,NaN,0,0.318665027618408
C022,C,4,48,1,NaN,NaN,0,0.311486959457397
C022,C,4,49,1,NaN,NaN,0,0.295858860015869
C022,C,4,50,NaN,1,0,NaN,NaN
C022,C,4,51,1,NaN,NaN,0,0.300126075744629
C022,C,4,52,1,NaN,NaN,0,0.280227899551392
C022,C,4,53,1,NaN,NaN,0,0.282423973083496
C022,C,4,54,1,NaN,NaN,0,0.289250135421753
C022,C,4,55,1,NaN,NaN,0,0.317662954330444
C022,C,4,56,1,NaN,NaN,0,0.437478065490723
C022,C,4,57,1,NaN,NaN,0,0.317466020584106
C022,C,4,58,1,NaN,NaN,0,0.302597045898438
C022,C,4,59,1,NaN,NaN,0,0.547106981277466
C022,C,4,60,1,NaN,NaN,0,0.393899917602539
C022,C,4,61,NaN,0,1,NaN,NaN
C022,C,4,62,1,NaN,NaN,0,NaN
C022,C,4,63,1,NaN,NaN,0,0.281820058822632
C022,C,4,64,1,NaN,NaN,0,0.279610872268677
C022,C,4,65,NaN,0,1,NaN,NaN
C022,C,4,66,1,NaN,NaN,0,0.276310920715332
C022,C,4,67,1,NaN,NaN,0,0.298640966415405
C022,C,4,68,1,NaN,NaN,0,0.306577920913696
C022,C,4,69,1,NaN,NaN,0,0.290278911590576
C022,C,4,70,1,NaN,NaN,0,0.304794073104858
C022,C,4,71,1,NaN,NaN,0,0.351546049118042
C022,C,4,72,1,NaN,NaN,0,0.318701982498169
C022,C,4,73,1,NaN,NaN,0,0.274734973907471
C022,C,4,74,1,NaN,NaN,0,0.275163173675537
C022,C,4,75,1,NaN,NaN,0,0.299984931945801
C022,C,4,76,1,NaN,NaN,0,0.304418087005615
C022,C,4,77,1,NaN,NaN,0,0.241129159927368
C022,C,4,78,1,NaN,NaN,0,0.255638122558594
C022,C,4,79,1,NaN,NaN,0,0.396595001220703
C022,C,4,80,NaN,1,0,NaN,NaN
C022,C,4,81,1,NaN,NaN,0,0.313134908676147
C022,C,4,82,1,NaN,NaN,0,0.311154127120972
C022,C,4,83,1,NaN,NaN,0,0.204224109649658
C022,C,4,84,1,NaN,NaN,0,0.210093975067139
C022,C,4,85,1,NaN,NaN,0,0.983541965484619
C022,C,4,86,1,NaN,NaN,0,0.577422142028809
C022,C,4,87,1,NaN,NaN,0,0.551074028015137
C022,C,4,88,NaN,1,0,NaN,NaN
C022,C,4,89,1,NaN,NaN,0,0.362259864807129
C022,C,4,90,1,NaN,NaN,0,0.315503120422363
C022,C,4,91,1,NaN,NaN,0,0.299551010131836
C022,C,4,92,1,NaN,NaN,0,0.300067901611328
C022,C,4,93,1,NaN,NaN,0,0.196614027023315
C022,C,4,94,1,NaN,NaN,0,0.197926044464111
C022,C,4,95,NaN,0,1,NaN,NaN
C022,C,4,96,1,NaN,NaN,0,0.293013095855713
C022,C,4,97,1,NaN,NaN,0,0.294348955154419
C022,C,4,98,1,NaN,NaN,0,0.293076038360596
C022,C,4,99,1,NaN,NaN,0,0.310365915298462
C022,C,4,100,1,NaN,NaN,0,0.300780057907104
C022,C,4,101,NaN,0,1,NaN,NaN
C022,C,4,102,1,NaN,NaN,0,0.338783025741577
C022,C,4,103,1,NaN,NaN,0,0.170560121536255
C022,C,4,104,1,NaN,NaN,0,0.735457181930542
C022,C,4,105,1,NaN,NaN,0,0.602783203125
C022,C,4,106,1,NaN,NaN,0,0.544264078140259
C022,C,4,107,1,NaN,NaN,0,0.418983936309814
C022,C,4,108,1,NaN,NaN,0,0.335564136505127
C022,C,4,109,1,NaN,NaN,0,0.646566152572632
C022,C,4,110,1,NaN,NaN,0,0.534363985061646
C022,C,4,111,1,NaN,NaN,0,0.522852897644043
C022,C,4,112,1,NaN,NaN,0,0.532233953475952
C022,C,4,113,1,NaN,NaN,0,0.486440181732178
C022,C,4,114,1,NaN,NaN,0,0.320670127868652
C022,C,4,115,NaN,0,1,NaN,NaN
C022,C,4,116,1,NaN,NaN,0,0.526782989501953
C022,C,4,117,1,NaN,NaN,0,0.374264001846313
C022,C,4,118,1,NaN,NaN,0,0.369518995285034
C022,C,4,119,1,NaN,NaN,0,0.430580854415894
C022,C,4,120,1,NaN,NaN,0,0.489239931106567
C022,C,4,121,1,NaN,NaN,0,0.597629070281982
C022,C,4,122,1,NaN,NaN,0,0.592864990234375
C022,C,4,123,1,NaN,NaN,0,0.622193813323975
C022,C,4,124,NaN,1,0,NaN,NaN
C022,C,4,125,1,NaN,NaN,0,0.349117994308472
C022,C,4,126,1,NaN,NaN,0,0.402589082717896
C022,C,4,127,1,NaN,NaN,0,0.333214998245239
C022,C,4,128,1,NaN,NaN,0,0.415844917297363
C022,C,4,129,1,NaN,NaN,0,0.35895299911499
C022,C,4,130,NaN,0,1,NaN,NaN
C022,C,4,131,1,NaN,NaN,0,0.538679838180542
C022,C,4,132,1,NaN,NaN,0,0.398214817047119
C022,C,4,133,1,NaN,NaN,0,0.437225103378296
C022,C,4,134,1,NaN,NaN,0,0.34807014465332
C022,C,4,135,1,NaN,NaN,0,0.549055099487305
C022,C,4,136,1,NaN,NaN,0,0.462332010269165
C022,C,4,137,1,NaN,NaN,0,0.498044967651367
C022,C,4,138,1,NaN,NaN,0,0.494404077529907
C022,C,4,139,1,NaN,NaN,0,0.438226938247681
C022,C,4,140,NaN,1,0,NaN,NaN
C022,C,4,141,1,NaN,NaN,0,0.258316993713379
C022,C,4,142,1,NaN,NaN,0,0.286571979522705
C022,C,4,143,1,NaN,NaN,0,0.332884073257446
C022,C,4,144,1,NaN,NaN,0,0.382144927978516
C022,C,4,145,1,NaN,NaN,0,0.428002119064331
C022,C,4,146,NaN,1,0,NaN,NaN
C022,C,4,147,1,NaN,NaN,0,0.294694900512695
C022,C,4,148,1,NaN,NaN,0,0.278052091598511
C022,C,4,149,1,NaN,NaN,0,0.363030910491943
C022,C,4,150,1,NaN,NaN,0,0.371849060058594
C022,C,4,151,1,NaN,NaN,0,0.29785680770874
C022,C,4,152,1,NaN,NaN,0,0.358124971389771
C022,C,4,153,1,NaN,NaN,0,0.329824924468994
C022,C,4,154,1,NaN,NaN,0,0.454911947250366
C022,C,4,155,NaN,0,1,NaN,NaN
C022,C,4,156,1,NaN,NaN,0,0.29098916053772
C022,C,4,157,1,NaN,NaN,0,0.253143072128296
C022,C,4,158,1,NaN,NaN,0,0.281808137893677
C022,C,4,159,1,NaN,NaN,0,0.302424192428589
C022,C,4,160,1,NaN,NaN,0,0.217544078826904
C022,C,4,161,1,NaN,NaN,0,0.315186977386475
C022,C,4,162,1,NaN,NaN,0,0.298055171966553
C022,C,4,163,1,NaN,NaN,0,0.319068908691406
C022,C,4,164,1,NaN,NaN,0,0.220854043960571
C022,C,4,165,1,NaN,NaN,0,0.353653192520142
C022,C,4,166,1,NaN,NaN,0,0.30321216583252
C022,C,4,167,1,NaN,NaN,0,0.343902111053467
C022,C,4,168,1,NaN,NaN,0,0.219579935073853
C022,C,4,169,1,NaN,NaN,0,NaN
C022,C,4,170,NaN,1,0,NaN,NaN
C022,C,4,171,1,NaN,NaN,0,0.271497011184692
C022,C,4,172,1,NaN,NaN,0,0.309217929840088
C022,C,4,173,1,NaN,NaN,0,0.726119995117188
C022,C,4,174,NaN,1,0,NaN,NaN
C022,C,4,175,1,NaN,NaN,0,0.326329946517944
C022,C,4,176,1,NaN,NaN,0,0.286044836044312
C022,C,4,177,1,NaN,NaN,0,0.273036956787109
C022,C,4,178,1,NaN,NaN,0,NaN
C022,C,4,179,1,NaN,NaN,0,0.3021240234375
C022,C,4,180,1,NaN,NaN,0,0.30280590057373
C022,C,4,181,1,NaN,NaN,0,0.247515916824341
C022,C,4,182,1,NaN,NaN,0,0.306111097335815
C022,C,4,183,1,NaN,NaN,0,0.279061079025269
C022,C,4,184,1,NaN,NaN,0,1.04040098190308
C022,C,4,185,1,NaN,NaN,0,0.824838876724243
C022,C,4,186,1,NaN,NaN,0,0.444257020950317
C022,C,4,187,1,NaN,NaN,0,0.340826988220215
C022,C,4,188,NaN,0,1,NaN,NaN
C022,C,4,189,1,NaN,NaN,0,0.23225998878479
C022,C,4,190,1,NaN,NaN,0,0.286717891693115
C022,C,4,191,1,NaN,NaN,0,0.182543992996216
C022,C,4,192,1,NaN,NaN,0,0.287834882736206
C022,C,4,193,1,NaN,NaN,0,0.276573181152344
C022,C,4,194,1,NaN,NaN,0,0.309835910797119
C022,C,4,195,1,NaN,NaN,0,0.343070983886719
C022,C,4,196,1,NaN,NaN,0,0.348556995391846
C022,C,4,197,NaN,0,1,NaN,NaN
C022,C,4,198,1,NaN,NaN,0,0.25574803352356
C022,C,4,199,1,NaN,NaN,0,0.296290874481201
C022,C,4,200,1,NaN,NaN,0,0.331013917922974
C022,C,4,201,1,NaN,NaN,0,0.446173906326294
C022,C,4,202,NaN,1,0,NaN,NaN
C022,C,4,203,1,NaN,NaN,0,0.317326068878174
C022,C,4,204,1,NaN,NaN,0,0.845183134078979
C022,C,4,205,1,NaN,NaN,0,0.361799955368042
C022,C,4,206,1,NaN,NaN,0,0.314054012298584
C022,C,4,207,1,NaN,NaN,0,0.55379319190979
C022,C,4,208,1,NaN,NaN,0,0.372139930725098
C022,C,4,209,1,NaN,NaN,0,0.36519193649292
C022,C,4,210,1,NaN,NaN,0,0.458179950714111
C022,C,4,211,1,NaN,NaN,0,0.480958938598633
C022,C,4,212,1,NaN,NaN,0,0.541158199310303
C022,C,4,213,1,NaN,NaN,0,0.585988998413086
C022,C,4,214,NaN,1,0,NaN,NaN
C022,C,4,215,1,NaN,NaN,0,0.21356987953186
C022,C,4,216,1,NaN,NaN,0,0.492412090301514
C022,C,4,217,1,NaN,NaN,0,0.317677021026611
C022,C,4,218,1,NaN,NaN,0,0.315555810928345
C022,C,4,219,1,NaN,NaN,0,0.345248937606812
C022,C,4,220,1,NaN,NaN,0,0.294852018356323
C022,C,4,221,1,NaN,NaN,0,0.320514917373657
C022,C,4,222,NaN,1,0,NaN,NaN
C022,C,4,223,1,NaN,NaN,0,0.276365995407104
C022,C,4,224,1,NaN,NaN,0,0.301759004592896
C022,C,4,225,1,NaN,NaN,0,0.264184951782227
C022,C,4,226,1,NaN,NaN,0,0.350810050964355
C022,C,4,227,1,NaN,NaN,0,0.509210109710693
C022,C,4,228,1,NaN,NaN,0,0.418426990509033
C022,C,4,229,1,NaN,NaN,0,0.350892066955566
C022,C,4,230,1,NaN,NaN,0,0.38179087638855
C022,C,4,231,NaN,1,0,NaN,NaN
C022,C,4,232,1,NaN,NaN,0,0.274810075759888
C022,C,4,233,1,NaN,NaN,0,0.295707941055298
C022,C,4,234,1,NaN,NaN,0,0.458537817001343
C022,C,4,235,1,NaN,NaN,0,0.319561958312988
C022,C,4,236,1,NaN,NaN,0,0.346230983734131
C022,C,4,237,1,NaN,NaN,0,0.389925003051758
C022,C,4,238,1,NaN,NaN,0,0.379195928573608
C022,C,4,239,1,NaN,NaN,0,0.35316801071167
C022,C,4,240,NaN,1,0,NaN,NaN
C022,C,4,241,1,NaN,NaN,0,0.265749931335449
C022,C,4,242,1,NaN,NaN,0,0.247618913650513
C022,C,4,243,1,NaN,NaN,0,0.355452060699463
C022,C,4,244,1,NaN,NaN,0,0.172822952270508
C022,C,4,245,1,NaN,NaN,0,0.323632955551147
C022,C,4,246,1,NaN,NaN,0,0.420872926712036
C022,C,4,247,1,NaN,NaN,0,0.410260915756226
C022,C,4,248,NaN,1,0,NaN,NaN
C022,C,4,249,1,NaN,NaN,0,0.302675008773804
C022,C,4,250,1,NaN,NaN,0,0.272614002227783
C022,C,4,251,1,NaN,NaN,0,0.321444034576416
C022,C,4,252,1,NaN,NaN,0,0.281911134719849
C022,C,4,253,1,NaN,NaN,0,0.283360004425049
C022,C,4,254,1,NaN,NaN,0,0.282623767852783
C022,C,4,255,1,NaN,NaN,0,0.24964714050293
C022,C,4,256,1,NaN,NaN,0,0.28334903717041
C022,C,4,257,NaN,1,0,NaN,NaN
C022,C,4,258,1,NaN,NaN,0,0.278702020645142
C022,C,4,259,1,NaN,NaN,0,0.27186393737793
C022,C,4,260,1,NaN,NaN,0,0.314410924911499
C022,C,4,261,1,NaN,NaN,0,0.283633947372437
C022,C,4,262,1,NaN,NaN,0,NaN
C022,C,4,263,1,NaN,NaN,0,0.527086973190308
C022,C,4,264,1,NaN,NaN,0,0.482931852340698
C022,C,4,265,1,NaN,NaN,0,0.475733041763306
C022,C,4,266,1,NaN,NaN,0,0.296992063522339
C022,C,4,267,1,NaN,NaN,0,0.28548789024353
C022,C,4,268,NaN,1,0,NaN,NaN
C022,C,4,269,1,NaN,NaN,0,0.323673963546753
C022,C,4,270,1,NaN,NaN,0,0.311342000961304
C022,C,4,271,1,NaN,NaN,0,0.432671070098877
C022,C,4,272,NaN,1,0,NaN,NaN
C022,C,4,273,1,NaN,NaN,0,0.325204133987427
C022,C,4,274,1,NaN,NaN,0,0.328773021697998
C022,C,4,275,1,NaN,NaN,0,0.329619169235229
C022,C,4,276,1,NaN,NaN,0,0.614999055862427
C022,C,4,277,1,NaN,NaN,0,0.32411003112793
C022,C,4,278,1,NaN,NaN,0,0.327708959579468
C022,C,4,279,1,NaN,NaN,0,0.549129009246826
C022,C,4,280,1,NaN,NaN,0,0.563793897628784
C022,C,4,281,1,NaN,NaN,0,0.642131090164185
C022,C,4,282,1,NaN,NaN,0,0.538506984710693
C022,C,4,283,1,NaN,NaN,0,0.450906038284302
C022,C,4,284,1,NaN,NaN,0,0.426190137863159
C022,C,4,285,NaN,0,1,NaN,NaN
C022,C,4,286,1,NaN,NaN,0,0.889672994613647
C022,C,4,287,1,NaN,NaN,0,0.546919107437134
C022,C,4,288,1,NaN,NaN,0,0.53161883354187
C022,C,4,289,1,NaN,NaN,0,0.368307113647461
C022,C,4,290,1,NaN,NaN,0,0.573509216308594
C022,C,4,291,1,NaN,NaN,0,0.489866971969604
C022,C,4,292,1,NaN,NaN,0,0.431163787841797
C022,C,4,293,1,NaN,NaN,0,0.384943008422852
C022,C,4,294,1,NaN,NaN,0,0.523940086364746
C022,C,4,295,NaN,1,0,NaN,NaN
C022,C,4,296,1,NaN,NaN,0,0.320282936096191
C022,C,4,297,1,NaN,NaN,0,0.309336185455322
C022,C,4,298,1,NaN,NaN,0,0.223457098007202
C022,C,4,299,1,NaN,NaN,0,0.30883002281189
C022,C,4,300,1,NaN,NaN,0,0.322040796279907
C022,C,4,301,1,NaN,NaN,0,0.302144050598145
C022,C,4,302,1,NaN,NaN,0,0.330048084259033
C022,C,4,303,NaN,0,1,NaN,NaN
C022,C,4,304,1,NaN,NaN,0,0.275783061981201
C022,C,4,305,1,NaN,NaN,0,0.265675067901611
C022,C,4,306,1,NaN,NaN,0,0.28814697265625
C022,C,4,307,1,NaN,NaN,0,0.312976121902466
C022,C,4,308,1,NaN,NaN,0,0.267580032348633
C022,C,4,309,1,NaN,NaN,0,0.330631971359253
C022,C,4,310,1,NaN,NaN,0,0.422257900238037
C022,C,4,311,NaN,1,0,NaN,NaN
C022,C,4,312,1,NaN,NaN,0,0.27328896522522
C022,C,4,313,1,NaN,NaN,0,0.284404993057251
C022,C,4,314,1,NaN,NaN,0,0.313449144363403
C022,C,4,315,1,NaN,NaN,0,0.274938106536865
C022,C,4,316,1,NaN,NaN,0,0.40245795249939
C022,C,4,317,1,NaN,NaN,0,0.319669008255005
C022,C,4,318,1,NaN,NaN,0,0.323681116104126
C022,C,4,319,1,NaN,NaN,0,0.34243106842041
C022,C,4,320,1,NaN,NaN,0,0.444362878799438
C022,C,4,321,1,NaN,NaN,0,0.401989936828613
C022,C,4,322,1,NaN,NaN,0,0.454362154006958
C022,C,4,323,NaN,0,1,NaN,NaN
C022,C,4,324,1,NaN,NaN,0,0.268514156341553
C022,C,4,325,1,NaN,NaN,0,0.773084878921509
C022,C,4,326,1,NaN,NaN,0,0.446585893630981
C022,C,4,327,1,NaN,NaN,0,0.418108940124512
C022,C,4,328,1,NaN,NaN,0,0.335232019424438
C022,C,4,329,1,NaN,NaN,0,0.313637971878052
C022,C,4,330,NaN,1,0,NaN,NaN
C022,C,4,331,1,NaN,NaN,0,0.261725187301636
C022,C,4,332,1,NaN,NaN,0,0.27614688873291
C022,C,4,333,1,NaN,NaN,0,0.232193946838379
C022,C,4,334,1,NaN,NaN,0,0.265331029891968
C022,C,4,335,1,NaN,NaN,0,0.335536003112793
C022,C,4,336,1,NaN,NaN,0,0.311770915985107
C022,C,4,337,1,NaN,NaN,0,0.3972008228302
C022,C,4,338,NaN,0,1,NaN,NaN
C022,C,4,339,1,NaN,NaN,0,0.176892995834351
C022,C,4,340,1,NaN,NaN,0,0.293496131896973
C022,C,4,341,1,NaN,NaN,0,0.262609004974365
C022,C,4,342,1,NaN,NaN,0,0.265059947967529
C022,C,4,343,1,NaN,NaN,0,0.298851013183594
C022,C,4,344,1,NaN,NaN,0,0.26005220413208
C022,C,4,345,1,NaN,NaN,0,0.265621900558472
C022,C,4,346,1,NaN,NaN,0,0.274943113327026
C022,C,4,347,NaN,1,0,NaN,NaN
C022,C,4,348,1,NaN,NaN,0,0.363418102264404
C022,C,4,349,1,NaN,NaN,0,0.296671867370605
C022,C,4,350,1,NaN,NaN,0,0.332916975021362
C022,C,4,351,1,NaN,NaN,0,0.341477870941162
C022,C,4,352,1,NaN,NaN,0,0.27449107170105
C022,C,4,353,1,NaN,NaN,0,0.307269096374512
C022,C,4,354,1,NaN,NaN,0,0.304600954055786
C022,C,4,355,NaN,0,1,NaN,NaN
C022,C,4,356,1,NaN,NaN,0,0.32568883895874
C022,C,4,357,1,NaN,NaN,0,0.308732986450195
C022,C,4,358,1,NaN,NaN,0,0.526463031768799
C022,C,4,359,1,NaN,NaN,0,0.615160942077637
C022,C,4,360,1,NaN,NaN,0,0.564119100570679
C022,C,4,361,1,NaN,NaN,0,0.396202087402344
C022,C,4,362,1,NaN,NaN,0,0.413235187530518
C022,C,4,363,1,NaN,NaN,0,0.538326978683472
C022,C,4,364,1,NaN,NaN,0,0.438002109527588
C022,C,4,365,1,NaN,NaN,0,0.634921073913574
C022,C,4,366,1,NaN,NaN,0,0.650497913360596
C022,C,4,367,NaN,1,0,NaN,NaN
C022,C,4,368,1,NaN,NaN,0,0.413211107254028
C022,C,4,369,1,NaN,NaN,0,0.441154003143311
C022,C,4,370,1,NaN,NaN,0,0.501996040344238
C022,C,4,371,1,NaN,NaN,0,0.601693153381348
C022,C,4,372,1,NaN,NaN,0,0.687518119812012
C022,C,4,373,1,NaN,NaN,0,0.658252000808716
C022,C,4,374,1,NaN,NaN,0,0.656648874282837
C022,C,4,375,NaN,1,0,NaN,NaN
C022,C,4,376,1,NaN,NaN,0,0.167837142944336
C022,C,4,377,1,NaN,NaN,0,0.752348184585571
C022,C,4,378,1,NaN,NaN,0,0.599128007888794
C022,C,4,379,1,NaN,NaN,0,0.661133050918579
C022,C,4,380,1,NaN,NaN,0,0.597048997879028
C022,C,4,381,1,NaN,NaN,0,0.742779016494751
C022,C,4,382,1,NaN,NaN,0,0.614776134490967
C022,C,4,383,1,NaN,NaN,0,0.810628890991211
C022,C,4,384,0,NaN,NaN,1,NaN
C022,C,4,385,NaN,0,1,NaN,NaN
C022,C,4,386,1,NaN,NaN,0,0.506344079971313
C022,C,4,387,1,NaN,NaN,0,0.358247041702271
C022,C,4,388,1,NaN,NaN,0,0.323391914367676
C022,C,4,389,NaN,0,1,NaN,NaN
C022,C,4,390,1,NaN,NaN,0,0.408375024795532
C022,C,4,391,1,NaN,NaN,0,0.437783002853394
C022,C,4,392,1,NaN,NaN,0,0.310675144195557
C022,C,4,393,1,NaN,NaN,0,0.496301889419556
C022,C,4,394,1,NaN,NaN,0,0.468693971633911
C022,C,4,395,1,NaN,NaN,0,0.461806058883667
C022,C,4,396,1,NaN,NaN,0,0.529208898544312
C022,C,4,397,1,NaN,NaN,0,0.374377012252808
C022,C,4,398,1,NaN,NaN,0,0.609009981155396
C022,C,4,399,1,NaN,NaN,0,0.70583701133728
C022,C,4,400,NaN,1,0,NaN,NaN
C022,C,4,401,1,NaN,NaN,0,0.285207986831665
C022,C,4,402,1,NaN,NaN,0,NaN
C022,C,4,403,1,NaN,NaN,0,0.375120878219604
C022,C,4,404,1,NaN,NaN,0,0.358851909637451
C022,C,4,405,0,NaN,NaN,1,NaN
C022,C,4,406,1,NaN,NaN,0,0.502856016159058
C022,C,4,407,NaN,1,0,NaN,NaN
C022,C,4,408,1,NaN,NaN,0,NaN
C022,C,4,409,1,NaN,NaN,0,0.481773138046265
C022,C,4,410,1,NaN,NaN,0,0.564898014068604
C022,C,4,411,1,NaN,NaN,0,0.310492038726807
C022,C,4,412,1,NaN,NaN,0,0.267961025238037
C022,C,4,413,1,NaN,NaN,0,0.336493015289307
C022,C,4,414,1,NaN,NaN,0,0.334433078765869
C022,C,4,415,1,NaN,NaN,0,NaN
C022,C,4,416,1,NaN,NaN,0,0.474090814590454
C022,C,4,417,NaN,1,0,NaN,NaN
C022,C,4,418,1,NaN,NaN,0,0.696381092071533
C022,C,4,419,1,NaN,NaN,0,0.372872114181519
C022,C,4,420,1,NaN,NaN,0,0.328975200653076
C022,C,4,421,1,NaN,NaN,0,0.313476085662842
C022,C,4,422,1,NaN,NaN,0,0.277930974960327
C022,C,4,423,1,NaN,NaN,0,0.429263830184937
C022,C,4,424,1,NaN,NaN,0,0.352892875671387
C022,C,4,425,1,NaN,NaN,0,0.389890909194946
C022,C,4,426,NaN,0,1,NaN,NaN
C022,C,4,427,1,NaN,NaN,0,0.303947925567627
C022,C,4,428,1,NaN,NaN,0,0.295530080795288
C022,C,4,429,1,NaN,NaN,0,0.30328106880188
C022,C,4,430,1,NaN,NaN,0,0.358114004135132
C022,C,4,431,1,NaN,NaN,0,0.292565107345581
C022,C,4,432,1,NaN,NaN,0,0.313654899597168
C022,C,4,433,1,NaN,NaN,0,0.342995166778564
C022,C,4,434,1,NaN,NaN,0,0.302091121673584
C022,C,4,435,1,NaN,NaN,0,0.326344966888428
C022,C,4,436,NaN,1,0,NaN,NaN
C022,C,4,437,1,NaN,NaN,0,0.221995115280151
C022,C,4,438,1,NaN,NaN,0,0.481599092483521
C022,C,4,439,1,NaN,NaN,0,0.371885061264038
C022,C,4,440,1,NaN,NaN,0,NaN
C022,C,4,441,1,NaN,NaN,0,0.309919834136963
C022,C,4,442,1,NaN,NaN,0,0.426146984100342
C022,C,4,443,NaN,1,0,NaN,NaN
C022,C,4,444,1,NaN,NaN,0,0.345347166061401
C022,C,4,445,1,NaN,NaN,0,0.359323024749756
C022,C,4,446,1,NaN,NaN,0,0.316219091415405
C022,C,4,447,1,NaN,NaN,0,0.305788993835449
C022,C,4,448,1,NaN,NaN,0,0.380802869796753
C022,C,4,449,1,NaN,NaN,0,0.325106859207153
C022,C,4,450,1,NaN,NaN,0,0.414018154144287
C022,C,4,451,1,NaN,NaN,0,0.298775911331177
C022,C,4,452,NaN,0,1,NaN,NaN
C022,C,4,453,1,NaN,NaN,0,0.385706901550293
C022,C,4,454,1,NaN,NaN,0,0.342822074890137
C022,C,4,455,1,NaN,NaN,0,0.350579977035522
C022,C,4,456,1,NaN,NaN,0,0.370195865631104
C022,C,4,457,1,NaN,NaN,0,0.332427978515625
C022,C,4,458,1,NaN,NaN,0,0.41364598274231
C022,C,4,459,1,NaN,NaN,0,0.390305995941162
C022,C,4,460,1,NaN,NaN,0,0.474343061447144
C022,C,4,461,1,NaN,NaN,0,0.42352294921875
C022,C,4,462,1,NaN,NaN,0,0.369359016418457
C022,C,4,463,1,NaN,NaN,0,0.525881052017212
C022,C,4,464,1,NaN,NaN,0,0.452677011489868
C022,C,4,465,NaN,1,0,NaN,NaN
C022,C,4,466,0,NaN,NaN,1,NaN
C022,C,4,467,1,NaN,NaN,0,0.391520977020264
C022,C,4,468,1,NaN,NaN,0,0.561697006225586
C022,C,4,469,1,NaN,NaN,0,0.650407075881958
C022,C,4,470,NaN,1,0,NaN,NaN
C022,C,4,471,1,NaN,NaN,0,0.54102611541748
C022,C,4,472,1,NaN,NaN,0,0.408689975738525
C022,C,4,473,1,NaN,NaN,0,0.474148035049438
C022,C,4,474,1,NaN,NaN,0,0.582917928695679
C022,C,4,475,1,NaN,NaN,0,0.594537973403931
C022,C,4,476,1,NaN,NaN,0,0.75568699836731
C022,C,4,477,1,NaN,NaN,0,0.560240030288696
C022,C,4,478,1,NaN,NaN,0,0.801360845565796
C022,C,4,479,1,NaN,NaN,0,0.466474056243896
C022,C,4,480,1,NaN,NaN,0,0.631770133972168
C022,C,4,481,1,NaN,NaN,0,0.449534177780151
C022,C,4,482,1,NaN,NaN,0,0.386489868164062
C022,C,4,483,1,NaN,NaN,0,0.402276992797852
C022,C,4,484,1,NaN,NaN,0,0.321130990982056
C022,C,4,485,NaN,1,0,NaN,NaN
C022,C,4,486,1,NaN,NaN,0,0.312853097915649
C022,C,4,487,1,NaN,NaN,0,0.273380994796753
C022,C,4,488,1,NaN,NaN,0,0.289884805679321
C022,C,4,489,NaN,0,1,NaN,NaN
C022,C,4,490,1,NaN,NaN,0,0.338125944137573
C022,C,4,491,1,NaN,NaN,0,0.26352596282959
C022,C,4,492,1,NaN,NaN,0,0.337579965591431
C022,C,4,493,1,NaN,NaN,0,0.309123039245605
C022,C,4,494,1,NaN,NaN,0,0.390798091888428
C022,C,4,495,1,NaN,NaN,0,0.297934770584106
C022,C,4,496,1,NaN,NaN,0,0.319720983505249
C022,C,4,497,1,NaN,NaN,0,0.423666000366211
C022,C,4,498,1,NaN,NaN,0,0.568399906158447
C022,C,4,499,1,NaN,NaN,0,0.414096117019653
C022,C,4,500,1,NaN,NaN,0,0.35261607170105
C022,C,4,501,1,NaN,NaN,0,0.285753011703491
C022,C,4,502,1,NaN,NaN,0,0.436010122299194
C022,C,4,503,NaN,0,1,NaN,NaN
C022,C,4,504,1,NaN,NaN,0,0.351690053939819
C022,C,4,505,1,NaN,NaN,0,0.285537004470825
C022,C,4,506,1,NaN,NaN,0,0.49109411239624
C022,C,4,507,1,NaN,NaN,0,0.446126937866211
C022,C,4,508,1,NaN,NaN,0,0.613473176956177
C022,C,4,509,1,NaN,NaN,0,0.468836069107056
C022,C,4,510,1,NaN,NaN,0,0.657343864440918
C022,C,4,511,1,NaN,NaN,0,0.617334842681885
C022,C,4,512,NaN,1,0,NaN,NaN
C022,C,4,513,1,NaN,NaN,0,0.341371059417725
C022,C,4,514,1,NaN,NaN,0,0.479918956756592
C022,C,4,515,1,NaN,NaN,0,0.652862071990967
C022,C,4,516,1,NaN,NaN,0,0.560549974441528
C022,C,4,517,NaN,1,0,NaN,NaN
C022,C,4,518,1,NaN,NaN,0,0.285638809204102
C022,C,4,519,1,NaN,NaN,0,0.361935138702393
C022,C,4,520,1,NaN,NaN,0,0.634058952331543
C022,C,4,521,1,NaN,NaN,0,0.597849130630493
C022,C,4,522,1,NaN,NaN,0,0.623495101928711
C022,C,4,523,1,NaN,NaN,0,0.485321044921875
C022,C,4,524,1,NaN,NaN,0,0.654925107955933
C022,C,4,525,1,NaN,NaN,0,0.463412046432495
C022,C,4,526,1,NaN,NaN,0,0.459506034851074
C022,C,4,527,1,NaN,NaN,0,0.416961908340454
C022,C,4,528,NaN,1,0,NaN,NaN
C022,C,4,529,1,NaN,NaN,0,0.333518981933594
C022,C,4,530,1,NaN,NaN,0,0.363513946533203
C022,C,4,531,1,NaN,NaN,0,0.478121995925903
C022,C,4,532,1,NaN,NaN,0,0.35351300239563
C022,C,4,533,1,NaN,NaN,0,0.364667892456055
C022,C,4,534,1,NaN,NaN,0,0.255792856216431
C022,C,4,535,1,NaN,NaN,0,0.322032928466797
C022,C,4,536,1,NaN,NaN,0,0.364598035812378
C022,C,4,537,NaN,1,0,NaN,NaN
C022,C,4,538,1,NaN,NaN,0,0.281660079956055
C022,C,4,539,1,NaN,NaN,0,0.250261068344116
C022,C,4,540,1,NaN,NaN,0,0.347280025482178
C022,C,4,541,1,NaN,NaN,0,0.435431957244873
C022,C,4,542,1,NaN,NaN,0,0.39423394203186
C022,C,4,543,1,NaN,NaN,0,0.387017011642456
C022,C,4,544,1,NaN,NaN,0,0.352662086486816
C022,C,4,545,1,NaN,NaN,0,0.413975954055786
C022,C,4,546,1,NaN,NaN,0,0.502440929412842
C022,C,4,547,1,NaN,NaN,0,0.411895036697388
C022,C,4,548,NaN,1,0,NaN,NaN
C022,C,4,549,1,NaN,NaN,0,0.458296060562134
C022,C,4,550,1,NaN,NaN,0,NaN
C022,C,4,551,1,NaN,NaN,0,0.4512038230896
C022,C,4,552,NaN,0,1,NaN,NaN
C022,C,4,553,1,NaN,NaN,0,0.253815889358521
C022,C,4,554,1,NaN,NaN,0,0.29942512512207
C022,C,4,555,1,NaN,NaN,0,0.304420948028564
C022,C,4,556,1,NaN,NaN,0,0.404934883117676
C022,C,4,557,1,NaN,NaN,0,0.338338851928711
C022,C,4,558,1,NaN,NaN,0,0.287501096725464
C022,C,4,559,1,NaN,NaN,0,0.334784030914307
C022,C,4,560,NaN,0,1,NaN,NaN
C022,C,4,561,1,NaN,NaN,0,NaN
C022,C,4,562,1,NaN,NaN,0,0.308067083358765
C022,C,4,563,1,NaN,NaN,0,0.457081079483032
C022,C,4,564,1,NaN,NaN,0,0.40229606628418
C022,C,4,565,1,NaN,NaN,0,0.368469953536987
C022,C,4,566,1,NaN,NaN,0,0.32074499130249
C022,C,4,567,1,NaN,NaN,0,0.343094110488892
C022,C,4,568,1,NaN,NaN,0,0.315741062164307
C022,C,4,569,1,NaN,NaN,0,0.344039916992188
C022,C,4,570,1,NaN,NaN,0,0.240963935852051
C022,C,4,571,1,NaN,NaN,0,0.331187963485718
C022,C,4,572,NaN,0,1,NaN,NaN
C022,C,4,573,1,NaN,NaN,0,0.332573175430298
C022,C,4,574,1,NaN,NaN,0,0.302128791809082
C022,C,4,575,1,NaN,NaN,0,0.553168058395386
C022,C,4,576,1,NaN,NaN,0,0.580459117889404
C022,C,4,577,1,NaN,NaN,0,0.602714061737061
C022,C,4,578,1,NaN,NaN,0,0.612963914871216
C022,C,4,579,1,NaN,NaN,0,0.597625017166138
C022,C,4,580,1,NaN,NaN,0,0.61919116973877
C022,C,4,581,1,NaN,NaN,0,0.611066102981567
C022,C,4,582,1,NaN,NaN,0,0.463514089584351
C022,C,4,583,NaN,1,0,NaN,NaN
C022,C,4,584,1,NaN,NaN,0,0.397114992141724
C022,C,4,585,1,NaN,NaN,0,0.473874092102051
C022,C,4,586,1,NaN,NaN,0,0.338973999023438
C022,C,4,587,1,NaN,NaN,0,0.500500917434692
