SubID,Group,BlockN,nTrial,GoTrials,NoGoTrials,FA,Misses,RT
A045,A,1,1,1,NaN,NaN,0,0.602476835250854
A045,A,1,2,1,NaN,NaN,0,0.552757978439331
A045,A,1,3,1,NaN,NaN,0,0.567198991775513
A045,A,1,4,1,NaN,NaN,0,0.46407413482666
A045,A,1,5,1,NaN,NaN,0,0.424784898757935
A045,A,1,6,1,NaN,NaN,0,0.499452114105225
A045,A,1,7,1,NaN,NaN,0,0.560662031173706
A045,A,1,8,1,NaN,NaN,0,0.609395027160645
A045,A,1,9,NaN,1,0,NaN,NaN
A045,A,1,10,1,NaN,NaN,0,0.35627818107605
A045,A,1,11,1,NaN,NaN,0,0.320621967315674
A045,A,1,12,1,NaN,NaN,0,0.356452941894531
A045,A,1,13,1,NaN,NaN,0,0.521079063415527
A045,A,1,14,1,NaN,NaN,0,0.625679016113281
A045,A,1,15,NaN,1,0,NaN,NaN
A045,A,1,16,1,NaN,NaN,0,0.353363990783691
A045,A,1,17,1,NaN,NaN,0,0.486602067947388
A045,A,1,18,1,NaN,NaN,0,0.492571115493774
A045,A,1,19,1,NaN,NaN,0,0.60196590423584
A045,A,1,20,1,NaN,NaN,0,0.504270076751709
A045,A,1,21,1,NaN,NaN,0,0.469480991363525
A045,A,1,22,1,NaN,NaN,0,0.566254854202271
A045,A,1,23,1,NaN,NaN,0,0.452682971954346
A045,A,1,24,1,NaN,NaN,0,0.71558690071106
A045,A,1,25,NaN,1,0,NaN,NaN
A045,A,1,26,1,NaN,NaN,0,0.362545013427734
A045,A,1,27,1,NaN,NaN,0,0.393285989761353
A045,A,1,28,1,NaN,NaN,0,0.591295003890991
A045,A,1,29,1,NaN,NaN,0,0.664498805999756
A045,A,1,30,1,NaN,NaN,0,0.593733072280884
A045,A,1,31,1,NaN,NaN,0,0.686368942260742
A045,A,1,32,NaN,1,0,NaN,NaN
A045,A,1,33,1,NaN,NaN,0,0.342719078063965
A045,A,1,34,1,NaN,NaN,0,0.340157032012939
A045,A,1,35,1,NaN,NaN,0,0.528331995010376
A045,A,1,36,1,NaN,NaN,0,0.745884895324707
A045,A,1,37,1,NaN,NaN,0,0.824382066726685
A045,A,1,38,1,NaN,NaN,0,0.917235851287842
A045,A,1,39,1,NaN,NaN,0,1.09889507293701
A045,A,1,40,NaN,1,0,NaN,NaN
A045,A,1,41,1,NaN,NaN,0,0.338810920715332
A045,A,1,42,1,NaN,NaN,0,0.471470832824707
A045,A,1,43,1,NaN,NaN,0,0.409893035888672
A045,A,1,44,1,NaN,NaN,0,0.494594097137451
A045,A,1,45,1,NaN,NaN,0,0.407593011856079
A045,A,1,46,1,NaN,NaN,0,0.397701978683472
A045,A,1,47,1,NaN,NaN,0,0.599017143249512
A045,A,1,48,1,NaN,NaN,0,0.573535919189453
A045,A,1,49,1,NaN,NaN,0,0.551732063293457
A045,A,1,50,1,NaN,NaN,0,0.5888991355896
A045,A,1,51,1,NaN,NaN,0,0.595109939575195
A045,A,1,52,NaN,1,0,NaN,NaN
A045,A,1,53,1,NaN,NaN,0,0.93973708152771
A045,A,1,54,1,NaN,NaN,0,0.878962993621826
A045,A,1,55,1,NaN,NaN,0,0.758145093917847
A045,A,1,56,1,NaN,NaN,0,0.771006107330322
A045,A,1,57,1,NaN,NaN,0,0.788811922073364
A045,A,1,58,1,NaN,NaN,0,0.710676193237305
A045,A,1,59,1,NaN,NaN,0,0.610773086547852
A045,A,1,60,1,NaN,NaN,0,0.500347137451172
A045,A,1,61,1,NaN,NaN,0,0.393915891647339
A045,A,1,62,NaN,1,0,NaN,NaN
A045,A,1,63,1,NaN,NaN,0,0.350396871566772
A045,A,1,64,1,NaN,NaN,0,0.303998947143555
A045,A,1,65,1,NaN,NaN,0,0.313484191894531
A045,A,1,66,1,NaN,NaN,0,0.266180992126465
A045,A,1,67,1,NaN,NaN,0,0.353878974914551
A045,A,1,68,1,NaN,NaN,0,0.288948059082031
A045,A,1,69,NaN,0,1,NaN,NaN
A045,A,1,70,1,NaN,NaN,0,0.675764083862305
A045,A,1,71,1,NaN,NaN,0,0.515336036682129
A045,A,1,72,1,NaN,NaN,0,0.695465087890625
A045,A,1,73,1,NaN,NaN,0,0.807698011398315
A045,A,1,74,1,NaN,NaN,0,0.708870887756348
A045,A,1,75,1,NaN,NaN,0,0.635819911956787
A045,A,1,76,1,NaN,NaN,0,0.616799116134644
A045,A,1,77,NaN,1,0,NaN,NaN
A045,A,1,78,1,NaN,NaN,0,0.391105890274048
A045,A,1,79,1,NaN,NaN,0,0.478146076202393
A045,A,1,80,1,NaN,NaN,0,0.477267980575562
A045,A,1,81,1,NaN,NaN,0,0.564154863357544
A045,A,1,82,1,NaN,NaN,0,0.546972990036011
A045,A,1,83,1,NaN,NaN,0,0.574862003326416
A045,A,1,84,1,NaN,NaN,0,0.691043853759766
A045,A,1,85,1,NaN,NaN,0,0.759539842605591
A045,A,1,86,1,NaN,NaN,0,0.664736986160278
A045,A,1,87,1,NaN,NaN,0,0.692562818527222
A045,A,1,88,1,NaN,NaN,0,0.71187686920166
A045,A,1,89,NaN,1,0,NaN,NaN
A045,A,1,90,1,NaN,NaN,0,0.335376977920532
A045,A,1,91,1,NaN,NaN,0,0.344120979309082
A045,A,1,92,1,NaN,NaN,0,0.403205871582031
A045,A,1,93,1,NaN,NaN,0,0.394020080566406
A045,A,1,94,1,NaN,NaN,0,0.618489980697632
A045,A,1,95,NaN,1,0,NaN,NaN
A045,A,1,96,1,NaN,NaN,0,0.462361812591553
A045,A,1,97,1,NaN,NaN,0,0.581207036972046
A045,A,1,98,1,NaN,NaN,0,0.496854066848755
A045,A,1,99,1,NaN,NaN,0,0.600280046463013
A045,A,1,100,1,NaN,NaN,0,0.696274995803833
A045,A,1,101,1,NaN,NaN,0,0.666846036911011
A045,A,1,102,1,NaN,NaN,0,0.595947027206421
A045,A,1,103,1,NaN,NaN,0,0.567681074142456
A045,A,1,104,NaN,1,0,NaN,NaN
A045,A,1,105,1,NaN,NaN,0,0.812098026275635
A045,A,1,106,1,NaN,NaN,0,0.855694055557251
A045,A,1,107,1,NaN,NaN,0,0.684176921844482
A045,A,1,108,1,NaN,NaN,0,0.444190979003906
A045,A,1,109,1,NaN,NaN,0,0.469359874725342
A045,A,1,110,NaN,1,0,NaN,NaN
A045,A,1,111,1,NaN,NaN,0,0.395076036453247
A045,A,1,112,1,NaN,NaN,0,0.604024887084961
A045,A,1,113,1,NaN,NaN,0,0.738213062286377
A045,A,1,114,1,NaN,NaN,0,0.936661005020142
A045,A,1,115,1,NaN,NaN,0,0.943578958511353
A045,A,1,116,1,NaN,NaN,0,1.04102110862732
A045,A,1,117,1,NaN,NaN,0,0.81245493888855
A045,A,1,118,1,NaN,NaN,0,0.570974826812744
A045,A,1,119,1,NaN,NaN,0,0.606501817703247
A045,A,1,120,1,NaN,NaN,0,0.474775075912476
A045,A,1,121,1,NaN,NaN,0,0.579113960266113
A045,A,1,122,1,NaN,NaN,0,0.599717855453491
A045,A,1,123,1,NaN,NaN,0,0.574959993362427
A045,A,1,124,NaN,1,0,NaN,NaN
A045,A,1,125,1,NaN,NaN,0,0.341310977935791
A045,A,1,126,1,NaN,NaN,0,0.367377996444702
A045,A,1,127,1,NaN,NaN,0,0.332927942276001
A045,A,1,128,NaN,1,0,NaN,NaN
A045,A,1,129,1,NaN,NaN,0,0.369850158691406
A045,A,1,130,1,NaN,NaN,0,0.570145130157471
A045,A,1,131,1,NaN,NaN,0,0.60993504524231
A045,A,1,132,1,NaN,NaN,0,0.727530956268311
A045,A,1,133,1,NaN,NaN,0,0.698097944259644
A045,A,1,134,1,NaN,NaN,0,0.537876129150391
A045,A,1,135,1,NaN,NaN,0,0.591777086257935
A045,A,1,136,1,NaN,NaN,0,0.473015069961548
A045,A,1,137,1,NaN,NaN,0,0.388370037078857
A045,A,1,138,1,NaN,NaN,0,0.361535787582397
A045,A,1,139,1,NaN,NaN,0,0.337832927703857
A045,A,1,140,1,NaN,NaN,0,0.454241037368774
A045,A,1,141,1,NaN,NaN,0,0.378793001174927
A045,A,1,142,NaN,1,0,NaN,NaN
A045,A,1,143,1,NaN,NaN,0,0.332751989364624
A045,A,1,144,1,NaN,NaN,0,0.423583984375
A045,A,1,145,1,NaN,NaN,0,0.327931880950928
A045,A,1,146,1,NaN,NaN,0,0.356866121292114
A045,A,1,147,1,NaN,NaN,0,0.469356060028076
A045,A,1,148,NaN,1,0,NaN,NaN
A045,A,1,149,1,NaN,NaN,0,0.286943197250366
A045,A,1,150,1,NaN,NaN,0,0.329288005828857
A045,A,1,151,1,NaN,NaN,0,0.701966047286987
A045,A,1,152,1,NaN,NaN,0,0.487648963928223
A045,A,1,153,1,NaN,NaN,0,0.452898025512695
A045,A,1,154,1,NaN,NaN,0,0.465226888656616
A045,A,1,155,1,NaN,NaN,0,0.38836407661438
A045,A,1,156,1,NaN,NaN,0,0.489706993103027
A045,A,1,157,NaN,1,0,NaN,NaN
A045,A,1,158,1,NaN,NaN,0,0.350656032562256
A045,A,1,159,1,NaN,NaN,0,0.286189079284668
A045,A,1,160,1,NaN,NaN,0,0.395653963088989
A045,A,1,161,1,NaN,NaN,0,0.601711988449097
A045,A,1,162,1,NaN,NaN,0,0.447164058685303
A045,A,1,163,1,NaN,NaN,0,0.384809970855713
A045,A,1,164,1,NaN,NaN,0,0.329231977462769
A045,A,1,165,1,NaN,NaN,0,0.466290950775146
A045,A,1,166,NaN,1,0,NaN,NaN
A045,A,1,167,1,NaN,NaN,0,0.335022926330566
A045,A,1,168,1,NaN,NaN,0,0.420034170150757
A045,A,1,169,1,NaN,NaN,0,0.350688219070435
A045,A,1,170,1,NaN,NaN,0,0.30998706817627
A045,A,1,171,1,NaN,NaN,0,0.4100501537323
A045,A,1,172,1,NaN,NaN,0,0.6580491065979
A045,A,1,173,NaN,1,0,NaN,NaN
A045,A,1,174,1,NaN,NaN,0,0.298904895782471
A045,A,1,175,1,NaN,NaN,0,0.322494983673096
A045,A,1,176,1,NaN,NaN,0,0.389188051223755
A045,A,1,177,1,NaN,NaN,0,0.647380828857422
A045,A,1,178,1,NaN,NaN,0,0.567315816879272
A045,A,1,179,1,NaN,NaN,0,0.478132963180542
A045,A,1,180,1,NaN,NaN,0,0.428474903106689
A045,A,1,181,1,NaN,NaN,0,0.36015510559082
A045,A,1,182,1,NaN,NaN,0,0.425894021987915
A045,A,1,183,1,NaN,NaN,0,0.399874210357666
A045,A,1,184,NaN,1,0,NaN,NaN
A045,A,1,185,1,NaN,NaN,0,0.351493120193481
A045,A,1,186,1,NaN,NaN,0,0.472016096115112
A045,A,1,187,1,NaN,NaN,0,0.50860595703125
A045,A,1,188,1,NaN,NaN,0,0.398234128952026
A045,A,1,189,1,NaN,NaN,0,0.366565942764282
A045,A,1,190,1,NaN,NaN,0,0.579105854034424
A045,A,1,191,NaN,1,0,NaN,NaN
A045,A,1,192,1,NaN,NaN,0,0.380334138870239
A045,A,1,193,1,NaN,NaN,0,0.516595125198364
A045,A,1,194,1,NaN,NaN,0,0.501859903335571
A045,A,1,195,1,NaN,NaN,0,0.561808824539185
A045,A,1,196,1,NaN,NaN,0,0.571894884109497
A045,A,1,197,1,NaN,NaN,0,0.453045129776001
A045,A,1,198,1,NaN,NaN,0,0.5295090675354
A045,A,1,199,1,NaN,NaN,0,0.661887884140015
A045,A,1,200,1,NaN,NaN,0,0.84815502166748
A045,A,1,201,1,NaN,NaN,0,0.749092102050781
A045,A,1,202,1,NaN,NaN,0,0.556419134140015
A045,A,1,203,1,NaN,NaN,0,0.6579270362854
A045,A,1,204,1,NaN,NaN,0,0.52324390411377
A045,A,1,205,NaN,1,0,NaN,NaN
A045,A,1,206,1,NaN,NaN,0,0.382189035415649
A045,A,1,207,1,NaN,NaN,0,0.442572832107544
A045,A,1,208,1,NaN,NaN,0,0.461529016494751
A045,A,1,209,1,NaN,NaN,0,0.520518064498901
A045,A,1,210,1,NaN,NaN,0,0.389125823974609
A045,A,1,211,1,NaN,NaN,0,0.362318992614746
A045,A,1,212,1,NaN,NaN,0,0.375453948974609
A045,A,1,213,1,NaN,NaN,0,0.41933798789978
A045,A,1,214,1,NaN,NaN,0,0.325382947921753
A045,A,1,215,NaN,1,0,NaN,NaN
A045,A,1,216,1,NaN,NaN,0,0.288417100906372
A045,A,1,217,1,NaN,NaN,0,0.341978073120117
A045,A,1,218,1,NaN,NaN,0,0.291445016860962
A045,A,1,219,NaN,0,1,NaN,NaN
A045,A,1,220,1,NaN,NaN,0,0.397948980331421
A045,A,1,221,1,NaN,NaN,0,0.386061906814575
A045,A,1,222,1,NaN,NaN,0,0.580857038497925
A045,A,1,223,1,NaN,NaN,0,0.753638029098511
A045,A,1,224,1,NaN,NaN,0,0.652482032775879
A045,A,1,225,1,NaN,NaN,0,0.581209182739258
A045,A,1,226,1,NaN,NaN,0,0.636151075363159
A045,A,1,227,1,NaN,NaN,0,0.583719968795776
A045,A,1,228,1,NaN,NaN,0,0.424390077590942
A045,A,1,229,1,NaN,NaN,0,0.456544160842896
A045,A,1,230,1,NaN,NaN,0,0.457641839981079
A045,A,1,231,NaN,1,0,NaN,NaN
A045,A,1,232,1,NaN,NaN,0,0.331276178359985
A045,A,1,233,1,NaN,NaN,0,0.42802906036377
A045,A,1,234,1,NaN,NaN,0,0.361225843429565
A045,A,1,235,1,NaN,NaN,0,0.280037879943848
A045,A,1,236,1,NaN,NaN,0,0.388473987579346
A045,A,1,237,1,NaN,NaN,0,0.440942049026489
A045,A,1,238,1,NaN,NaN,0,0.71045994758606
A045,A,1,239,1,NaN,NaN,0,0.571029901504517
A045,A,1,240,1,NaN,NaN,0,0.505469083786011
A045,A,1,241,1,NaN,NaN,0,0.498739957809448
A045,A,1,242,NaN,1,0,NaN,NaN
A045,A,1,243,1,NaN,NaN,0,0.303725004196167
A045,A,1,244,1,NaN,NaN,0,0.467808961868286
A045,A,1,245,1,NaN,NaN,0,0.36509895324707
A045,A,1,246,1,NaN,NaN,0,0.419000864028931
A045,A,1,247,NaN,1,0,NaN,NaN
A045,A,1,248,1,NaN,NaN,0,0.32341194152832
A045,A,1,249,1,NaN,NaN,0,0.487468957901001
A045,A,1,250,1,NaN,NaN,0,0.578185796737671
A045,A,1,251,1,NaN,NaN,0,0.488924980163574
A045,A,1,252,1,NaN,NaN,0,0.435940027236938
A045,A,1,253,1,NaN,NaN,0,0.553613901138306
A045,A,1,254,1,NaN,NaN,0,0.462579965591431
A045,A,1,255,1,NaN,NaN,0,0.395233154296875
A045,A,1,256,1,NaN,NaN,0,0.388314962387085
A045,A,1,257,1,NaN,NaN,0,0.371854066848755
A045,A,1,258,1,NaN,NaN,0,0.401920080184937
A045,A,1,259,NaN,0,1,NaN,NaN
A045,A,1,260,1,NaN,NaN,0,0.452270030975342
A045,A,1,261,1,NaN,NaN,0,0.516823053359985
A045,A,1,262,1,NaN,NaN,0,0.483055114746094
A045,A,1,263,1,NaN,NaN,0,0.66365385055542
A045,A,1,264,1,NaN,NaN,0,0.821875095367432
A045,A,1,265,1,NaN,NaN,0,0.925579071044922
A045,A,1,266,1,NaN,NaN,0,0.814383029937744
A045,A,1,267,1,NaN,NaN,0,0.574805974960327
A045,A,1,268,NaN,1,0,NaN,NaN
A045,A,1,269,1,NaN,NaN,0,0.382101058959961
A045,A,1,270,1,NaN,NaN,0,0.540179014205933
A045,A,1,271,1,NaN,NaN,0,0.572257995605469
A045,A,1,272,1,NaN,NaN,0,0.670664072036743
A045,A,1,273,1,NaN,NaN,0,0.731611967086792
A045,A,1,274,1,NaN,NaN,0,0.856155872344971
A045,A,1,275,1,NaN,NaN,0,0.793920040130615
A045,A,1,276,NaN,1,0,NaN,NaN
A045,A,1,277,1,NaN,NaN,0,0.457081079483032
A045,A,1,278,1,NaN,NaN,0,0.495647192001343
A045,A,1,279,1,NaN,NaN,0,0.512927055358887
A045,A,1,280,1,NaN,NaN,0,0.545583009719849
A045,A,1,281,1,NaN,NaN,0,0.461052894592285
A045,A,1,282,1,NaN,NaN,0,0.579746007919312
A045,A,1,283,1,NaN,NaN,0,0.533998012542725
A045,A,1,284,1,NaN,NaN,0,0.503939867019653
A045,A,1,285,NaN,1,0,NaN,NaN
A045,A,1,286,1,NaN,NaN,0,0.371029853820801
A045,A,1,287,1,NaN,NaN,0,0.440119981765747
A045,A,1,288,1,NaN,NaN,0,0.52508282661438
A045,A,1,289,1,NaN,NaN,0,0.561444997787476
A045,A,1,290,1,NaN,NaN,0,0.575133800506592
A045,A,1,291,1,NaN,NaN,0,0.57654595375061
A045,A,1,292,1,NaN,NaN,0,0.412975072860718
A045,A,1,293,1,NaN,NaN,0,0.419179916381836
A045,A,1,294,NaN,0,1,NaN,NaN
A045,A,1,295,1,NaN,NaN,0,0.372102975845337
A045,A,1,296,1,NaN,NaN,0,0.383152961730957
A045,A,1,297,1,NaN,NaN,0,0.360398054122925
A045,A,1,298,1,NaN,NaN,0,0.357577085494995
A045,A,1,299,1,NaN,NaN,0,0.46735692024231
A045,A,1,300,1,NaN,NaN,0,0.768855094909668
A045,A,1,301,1,NaN,NaN,0,0.473562955856323
A045,A,1,302,1,NaN,NaN,0,0.383284091949463
A045,A,1,303,NaN,0,1,NaN,NaN
A045,A,1,304,1,NaN,NaN,0,0.284878015518188
A045,A,1,305,1,NaN,NaN,0,0.358279943466187
A045,A,1,306,1,NaN,NaN,0,0.332736015319824
A045,A,1,307,1,NaN,NaN,0,0.461741924285889
A045,A,1,308,1,NaN,NaN,0,0.518517971038818
A045,A,1,309,1,NaN,NaN,0,0.583101034164429
A045,A,1,310,1,NaN,NaN,0,0.370859861373901
A045,A,1,311,NaN,0,1,NaN,NaN
A045,A,1,312,1,NaN,NaN,0,0.337579965591431
A045,A,1,313,1,NaN,NaN,0,0.37447190284729
A045,A,1,314,1,NaN,NaN,0,0.524035930633545
A045,A,1,315,1,NaN,NaN,0,0.477282047271729
A045,A,1,316,1,NaN,NaN,0,0.46445107460022
A045,A,1,317,1,NaN,NaN,0,0.465188026428223
A045,A,1,318,1,NaN,NaN,0,0.566665887832642
A045,A,1,319,1,NaN,NaN,0,0.415843963623047
A045,A,1,320,NaN,1,0,NaN,NaN
A045,A,1,321,1,NaN,NaN,0,0.285145044326782
A045,A,1,322,1,NaN,NaN,0,0.31869101524353
A045,A,1,323,1,NaN,NaN,0,0.344586849212646
A045,A,1,324,1,NaN,NaN,0,0.35510516166687
A045,A,1,325,1,NaN,NaN,0,0.325876951217651
A045,A,1,326,NaN,1,0,NaN,NaN
A045,A,1,327,1,NaN,NaN,0,0.265600204467773
A045,A,1,328,1,NaN,NaN,0,0.475649118423462
A045,A,1,329,1,NaN,NaN,0,0.449079990386963
A045,A,1,330,1,NaN,NaN,0,0.546387910842896
A045,A,1,331,1,NaN,NaN,0,0.510477781295776
A045,A,1,332,1,NaN,NaN,0,0.386953115463257
A045,A,1,333,1,NaN,NaN,0,0.422228097915649
A045,A,1,334,1,NaN,NaN,0,0.484117984771729
A045,A,1,335,1,NaN,NaN,0,0.436465978622437
A045,A,1,336,NaN,1,0,NaN,NaN
A045,A,1,337,1,NaN,NaN,0,0.361357927322388
A045,A,1,338,1,NaN,NaN,0,0.413479804992676
A045,A,1,339,1,NaN,NaN,0,0.646385192871094
A045,A,1,340,1,NaN,NaN,0,0.471275806427002
A045,A,1,341,1,NaN,NaN,0,0.527987003326416
A045,A,1,342,1,NaN,NaN,0,0.383806943893433
A045,A,1,343,1,NaN,NaN,0,0.355349063873291
A045,A,1,344,1,NaN,NaN,0,0.448511123657227
A045,A,1,345,1,NaN,NaN,0,0.428935050964355
A045,A,1,346,1,NaN,NaN,0,0.420760154724121
A045,A,1,347,NaN,1,0,NaN,NaN
A045,A,1,348,1,NaN,NaN,0,0.304813146591187
A045,A,1,349,1,NaN,NaN,0,0.339982986450195
A045,A,1,350,1,NaN,NaN,0,0.332662105560303
A045,A,1,351,1,NaN,NaN,0,0.386132001876831
A045,A,1,352,1,NaN,NaN,0,0.367738008499146
A045,A,1,353,1,NaN,NaN,0,0.348484039306641
A045,A,1,354,1,NaN,NaN,0,0.329791069030762
A045,A,1,355,1,NaN,NaN,0,0.366363048553467
A045,A,1,356,1,NaN,NaN,0,0.511688947677612
A045,A,1,357,NaN,1,0,NaN,NaN
A045,A,1,358,1,NaN,NaN,0,0.26970100402832
A045,A,1,359,1,NaN,NaN,0,0.371964931488037
A045,A,1,360,1,NaN,NaN,0,0.358947992324829
A045,A,1,361,1,NaN,NaN,0,0.314578056335449
A045,A,1,362,1,NaN,NaN,0,0.344995021820068
A045,A,1,363,1,NaN,NaN,0,0.326449155807495
A045,A,1,364,1,NaN,NaN,0,0.419069051742554
A045,A,1,365,1,NaN,NaN,0,0.412804841995239
A045,A,1,366,1,NaN,NaN,0,0.361853837966919
A045,A,1,367,NaN,0,1,NaN,NaN
A045,A,1,368,1,NaN,NaN,0,0.449250936508179
A045,A,1,369,1,NaN,NaN,0,0.400840997695923
A045,A,1,370,1,NaN,NaN,0,0.567095041275024
A045,A,1,371,1,NaN,NaN,0,0.627970933914185
A045,A,1,372,NaN,0,1,NaN,NaN
A045,A,1,373,1,NaN,NaN,0,0.765259981155396
A045,A,1,374,1,NaN,NaN,0,0.799899101257324
A045,A,1,375,1,NaN,NaN,0,0.55010199546814
A045,A,1,376,1,NaN,NaN,0,0.705287933349609
A045,A,1,377,1,NaN,NaN,0,0.498822927474976
A045,A,1,378,1,NaN,NaN,0,0.531386137008667
A045,A,1,379,1,NaN,NaN,0,0.443449974060059
A045,A,1,380,1,NaN,NaN,0,0.401335000991821
A045,A,1,381,1,NaN,NaN,0,0.377110958099365
A045,A,1,382,1,NaN,NaN,0,0.388245820999146
A045,A,1,383,1,NaN,NaN,0,0.42340087890625
A045,A,1,384,NaN,0,1,NaN,NaN
A045,A,1,385,1,NaN,NaN,0,0.453863859176636
A045,A,1,386,1,NaN,NaN,0,0.563701152801514
A045,A,1,387,1,NaN,NaN,0,0.549903869628906
A045,A,1,388,1,NaN,NaN,0,0.430407047271729
A045,A,1,389,1,NaN,NaN,0,0.555820941925049
A045,A,1,390,1,NaN,NaN,0,0.579231977462769
A045,A,1,391,1,NaN,NaN,0,0.566324949264526
A045,A,1,392,1,NaN,NaN,0,0.595221996307373
A045,A,1,393,1,NaN,NaN,0,0.864106893539429
A045,A,1,394,1,NaN,NaN,0,0.699077844619751
A045,A,1,395,NaN,1,0,NaN,NaN
A045,A,1,396,1,NaN,NaN,0,0.378637075424194
A045,A,1,397,1,NaN,NaN,0,0.378294944763184
A045,A,1,398,1,NaN,NaN,0,0.615432024002075
A045,A,1,399,NaN,0,1,NaN,NaN
A045,A,1,400,1,NaN,NaN,0,0.470185995101929
A045,A,1,401,1,NaN,NaN,0,0.347376108169556
A045,A,1,402,1,NaN,NaN,0,0.616482019424438
A045,A,1,403,1,NaN,NaN,0,0.521996974945068
A045,A,1,404,1,NaN,NaN,0,0.389688014984131
A045,A,1,405,1,NaN,NaN,0,0.548507213592529
A045,A,1,406,1,NaN,NaN,0,0.600807905197144
A045,A,1,407,1,NaN,NaN,0,0.626513957977295
A045,A,1,408,1,NaN,NaN,0,0.534092903137207
A045,A,1,409,1,NaN,NaN,0,0.567291021347046
A045,A,1,410,1,NaN,NaN,0,0.718285083770752
A045,A,1,411,1,NaN,NaN,0,0.609356880187988
A045,A,1,412,1,NaN,NaN,0,0.407885074615479
A045,A,1,413,NaN,1,0,NaN,NaN
A045,A,1,414,1,NaN,NaN,0,0.335960865020752
A045,A,1,415,1,NaN,NaN,0,0.402698993682861
A045,A,1,416,1,NaN,NaN,0,0.321595907211304
A045,A,1,417,NaN,0,1,NaN,NaN
A045,A,1,418,1,NaN,NaN,0,0.270963907241821
A045,A,1,419,1,NaN,NaN,0,0.307979822158813
A045,A,1,420,1,NaN,NaN,0,0.353584051132202
A045,A,1,421,1,NaN,NaN,0,0.31742000579834
A045,A,1,422,1,NaN,NaN,0,0.303082942962646
A045,A,1,423,1,NaN,NaN,0,0.315608024597168
A045,A,1,424,1,NaN,NaN,0,0.326359033584595
A045,A,1,425,NaN,1,0,NaN,NaN
A045,A,1,426,1,NaN,NaN,0,0.276494026184082
A045,A,1,427,1,NaN,NaN,0,0.403934955596924
A045,A,1,428,1,NaN,NaN,0,0.499370098114014
A045,A,1,429,1,NaN,NaN,0,0.559636116027832
A045,A,1,430,1,NaN,NaN,0,0.482665061950684
A045,A,1,431,1,NaN,NaN,0,0.424450159072876
A045,A,1,432,1,NaN,NaN,0,0.471762895584106
A045,A,1,433,1,NaN,NaN,0,0.545964002609253
A045,A,1,434,1,NaN,NaN,0,0.585834980010986
A045,A,1,435,1,NaN,NaN,0,0.645018100738525
A045,A,1,436,1,NaN,NaN,0,0.578536033630371
A045,A,1,437,1,NaN,NaN,0,0.511308908462524
A045,A,1,438,NaN,1,0,NaN,NaN
A045,A,1,439,1,NaN,NaN,0,0.333024978637695
A045,A,1,440,1,NaN,NaN,0,0.535335063934326
A045,A,1,441,1,NaN,NaN,0,0.39313793182373
A045,A,1,442,1,NaN,NaN,0,0.480114936828613
A045,A,1,443,1,NaN,NaN,0,0.516746997833252
A045,A,1,444,1,NaN,NaN,0,0.508949995040894
A045,A,1,445,NaN,1,0,NaN,NaN
A045,A,1,446,1,NaN,NaN,0,0.394748210906982
A045,A,1,447,1,NaN,NaN,0,0.387879133224487
A045,A,1,448,1,NaN,NaN,0,0.531516075134277
A045,A,1,449,1,NaN,NaN,0,0.432207107543945
A045,A,1,450,1,NaN,NaN,0,0.363675117492676
A045,A,1,451,1,NaN,NaN,0,0.300788164138794
A045,A,1,452,1,NaN,NaN,0,0.393867969512939
A045,A,1,453,1,NaN,NaN,0,0.397076845169067
A045,A,1,454,1,NaN,NaN,0,0.449665069580078
A045,A,1,455,1,NaN,NaN,0,0.563163042068481
A045,A,1,456,1,NaN,NaN,0,0.460290193557739
A045,A,1,457,1,NaN,NaN,0,0.41724705696106
A045,A,1,458,NaN,1,0,NaN,NaN
A045,A,1,459,1,NaN,NaN,0,0.336410999298096
A045,A,1,460,1,NaN,NaN,0,0.348848104476929
A045,A,1,461,NaN,1,0,NaN,NaN
A045,A,1,462,1,NaN,NaN,0,0.330395936965942
A045,A,1,463,1,NaN,NaN,0,0.380590200424194
A045,A,1,464,1,NaN,NaN,0,0.353697061538696
A045,A,1,465,1,NaN,NaN,0,0.358691930770874
A045,A,1,466,1,NaN,NaN,0,0.368191003799438
A045,A,1,467,1,NaN,NaN,0,0.395578861236572
A045,A,1,468,1,NaN,NaN,0,0.371941089630127
A045,A,1,469,1,NaN,NaN,0,0.471966028213501
A045,A,1,470,1,NaN,NaN,0,0.544862985610962
A045,A,1,471,1,NaN,NaN,0,0.503152132034302
A045,A,1,472,NaN,1,0,NaN,NaN
A045,A,1,473,1,NaN,NaN,0,0.374845027923584
A045,A,1,474,1,NaN,NaN,0,0.52705192565918
A045,A,1,475,1,NaN,NaN,0,0.564750909805298
A045,A,1,476,1,NaN,NaN,0,0.652642965316772
A045,A,1,477,1,NaN,NaN,0,0.57571005821228
A045,A,1,478,1,NaN,NaN,0,0.965537071228027
A045,A,1,479,NaN,1,0,NaN,NaN
A045,A,1,480,1,NaN,NaN,0,0.36020302772522
A045,A,1,481,1,NaN,NaN,0,0.417376041412354
A045,A,1,482,1,NaN,NaN,0,0.601927042007446
A045,A,1,483,1,NaN,NaN,0,0.715587854385376
A045,A,1,484,1,NaN,NaN,0,0.705440044403076
A045,A,1,485,1,NaN,NaN,0,0.611109018325806
A045,A,1,486,1,NaN,NaN,0,0.665826082229614
A045,A,1,487,1,NaN,NaN,0,0.731117010116577
A045,A,1,488,1,NaN,NaN,0,0.427973985671997
A045,A,1,489,1,NaN,NaN,0,0.479227066040039
A045,A,1,490,1,NaN,NaN,0,0.636386871337891
A045,A,1,491,1,NaN,NaN,0,0.653023958206177
A045,A,1,492,NaN,1,0,NaN,NaN
A045,A,1,493,1,NaN,NaN,0,0.392175912857056
A045,A,1,494,1,NaN,NaN,0,0.481169939041138
A045,A,1,495,1,NaN,NaN,0,0.458002805709839
A045,A,1,496,1,NaN,NaN,0,0.429532051086426
A045,A,1,497,1,NaN,NaN,0,0.747093915939331
A045,A,1,498,1,NaN,NaN,0,0.541661024093628
A045,A,1,499,1,NaN,NaN,0,0.436061859130859
A045,A,1,500,NaN,1,0,NaN,NaN
A045,A,1,501,1,NaN,NaN,0,0.38276481628418
A045,A,1,502,1,NaN,NaN,0,0.580103158950806
A045,A,1,503,1,NaN,NaN,0,0.556972026824951
A045,A,1,504,1,NaN,NaN,0,0.638874053955078
A045,A,1,505,1,NaN,NaN,0,0.432030916213989
A045,A,1,506,1,NaN,NaN,0,0.405442953109741
A045,A,1,507,1,NaN,NaN,0,0.402205944061279
A045,A,1,508,1,NaN,NaN,0,0.655576944351196
A045,A,1,509,NaN,1,0,NaN,NaN
A045,A,1,510,1,NaN,NaN,0,0.335422039031982
A045,A,1,511,1,NaN,NaN,0,0.458965063095093
A045,A,1,512,1,NaN,NaN,0,0.615429878234863
A045,A,1,513,1,NaN,NaN,0,0.657686948776245
A045,A,1,514,1,NaN,NaN,0,0.444386959075928
A045,A,1,515,1,NaN,NaN,0,0.576939105987549
A045,A,1,516,1,NaN,NaN,0,0.501935005187988
A045,A,1,517,1,NaN,NaN,0,0.478395938873291
A045,A,1,518,1,NaN,NaN,0,0.451710939407349
A045,A,1,519,1,NaN,NaN,0,0.458284139633179
A045,A,1,520,NaN,1,0,NaN,NaN
A045,A,1,521,1,NaN,NaN,0,0.33171010017395
A045,A,1,522,1,NaN,NaN,0,0.477512836456299
A045,A,1,523,1,NaN,NaN,0,0.592255115509033
A045,A,1,524,NaN,0,1,NaN,NaN
A045,A,1,525,1,NaN,NaN,0,0.39995002746582
A045,A,1,526,1,NaN,NaN,0,0.392859935760498
A045,A,1,527,1,NaN,NaN,0,0.36105489730835
A045,A,1,528,1,NaN,NaN,0,0.443686008453369
A045,A,1,529,1,NaN,NaN,0,0.588422060012817
A045,A,1,530,1,NaN,NaN,0,0.588902950286865
A045,A,1,531,1,NaN,NaN,0,0.514327049255371
A045,A,1,532,1,NaN,NaN,0,0.58818793296814
A045,A,1,533,1,NaN,NaN,0,0.688744068145752
A045,A,1,534,1,NaN,NaN,0,0.481026887893677
A045,A,1,535,1,NaN,NaN,0,0.320815801620483
A045,A,1,536,1,NaN,NaN,0,0.419600963592529
A045,A,1,537,NaN,0,1,NaN,NaN
A045,A,1,538,1,NaN,NaN,0,0.316057920455933
A045,A,1,539,1,NaN,NaN,0,0.420583963394165
A045,A,1,540,1,NaN,NaN,0,0.451491117477417
A045,A,1,541,1,NaN,NaN,0,0.455517053604126
A045,A,1,542,1,NaN,NaN,0,0.464104890823364
A045,A,1,543,NaN,1,0,NaN,NaN
A045,A,1,544,1,NaN,NaN,0,0.196866035461426
A045,A,1,545,1,NaN,NaN,0,0.457792043685913
A045,A,1,546,1,NaN,NaN,0,0.429022073745728
A045,A,1,547,1,NaN,NaN,0,0.561985969543457
A045,A,1,548,1,NaN,NaN,0,0.379796981811523
A045,A,1,549,1,NaN,NaN,0,0.412048101425171
A045,A,2,1,1,NaN,NaN,0,0.693343877792358
A045,A,2,2,1,NaN,NaN,0,0.524528980255127
A045,A,2,3,1,NaN,NaN,0,0.414055109024048
A045,A,2,4,NaN,0,1,NaN,NaN
A045,A,2,5,1,NaN,NaN,0,0.375020980834961
A045,A,2,6,1,NaN,NaN,0,0.37630295753479
A045,A,2,7,1,NaN,NaN,0,0.579605102539062
A045,A,2,8,1,NaN,NaN,0,0.569683074951172
A045,A,2,9,1,NaN,NaN,0,0.387029886245728
A045,A,2,10,1,NaN,NaN,0,0.495798826217651
A045,A,2,11,1,NaN,NaN,0,0.442671060562134
A045,A,2,12,1,NaN,NaN,0,0.587613821029663
A045,A,2,13,NaN,1,0,NaN,NaN
A045,A,2,14,1,NaN,NaN,0,0.327553987503052
A045,A,2,15,1,NaN,NaN,0,0.383496046066284
A045,A,2,16,1,NaN,NaN,0,0.539935111999512
A045,A,2,17,1,NaN,NaN,0,0.524178981781006
A045,A,2,18,1,NaN,NaN,0,0.453538179397583
A045,A,2,19,1,NaN,NaN,0,0.365165948867798
A045,A,2,20,NaN,0,1,NaN,NaN
A045,A,2,21,1,NaN,NaN,0,0.164315938949585
A045,A,2,22,1,NaN,NaN,0,0.277461051940918
A045,A,2,23,1,NaN,NaN,0,0.38316011428833
A045,A,2,24,1,NaN,NaN,0,0.412739038467407
A045,A,2,25,1,NaN,NaN,0,0.395419120788574
A045,A,2,26,1,NaN,NaN,0,0.439575910568237
A045,A,2,27,1,NaN,NaN,0,0.281738042831421
A045,A,2,28,1,NaN,NaN,0,0.351634979248047
A045,A,2,29,1,NaN,NaN,0,0.440457105636597
A045,A,2,30,1,NaN,NaN,0,0.551780939102173
A045,A,2,31,1,NaN,NaN,0,0.600581884384155
A045,A,2,32,NaN,1,0,NaN,NaN
A045,A,2,33,1,NaN,NaN,0,0.271906137466431
A045,A,2,34,1,NaN,NaN,0,0.483075857162476
A045,A,2,35,1,NaN,NaN,0,0.385457038879395
A045,A,2,36,1,NaN,NaN,0,0.421865940093994
A045,A,2,37,1,NaN,NaN,0,0.608205080032349
A045,A,2,38,1,NaN,NaN,0,0.646009922027588
A045,A,2,39,1,NaN,NaN,0,0.467561960220337
A045,A,2,40,1,NaN,NaN,0,0.41004490852356
A045,A,2,41,NaN,1,0,NaN,NaN
A045,A,2,42,1,NaN,NaN,0,0.239305973052979
A045,A,2,43,1,NaN,NaN,0,0.30764102935791
A045,A,2,44,1,NaN,NaN,0,0.278173923492432
A045,A,2,45,1,NaN,NaN,0,0.573238134384155
A045,A,2,46,1,NaN,NaN,0,0.643434047698975
A045,A,2,47,1,NaN,NaN,0,0.801547050476074
A045,A,2,48,NaN,1,0,NaN,NaN
A045,A,2,49,1,NaN,NaN,0,0.288393974304199
A045,A,2,50,1,NaN,NaN,0,0.407626152038574
A045,A,2,51,1,NaN,NaN,0,0.566484928131104
A045,A,2,52,1,NaN,NaN,0,0.403530120849609
A045,A,2,53,1,NaN,NaN,0,0.572490930557251
A045,A,2,54,1,NaN,NaN,0,0.433954954147339
A045,A,2,55,1,NaN,NaN,0,0.37045693397522
A045,A,2,56,1,NaN,NaN,0,0.540399074554443
A045,A,2,57,1,NaN,NaN,0,0.551209926605225
A045,A,2,58,NaN,1,0,NaN,NaN
A045,A,2,59,1,NaN,NaN,0,0.344826936721802
A045,A,2,60,1,NaN,NaN,0,0.439327001571655
A045,A,2,61,1,NaN,NaN,0,0.568021059036255
A045,A,2,62,1,NaN,NaN,0,0.619674921035767
A045,A,2,63,1,NaN,NaN,0,0.648585081100464
A045,A,2,64,1,NaN,NaN,0,0.650052070617676
A045,A,2,65,NaN,1,0,NaN,NaN
A045,A,2,66,1,NaN,NaN,0,0.379683017730713
A045,A,2,67,1,NaN,NaN,0,0.436996936798096
A045,A,2,68,1,NaN,NaN,0,0.461239099502563
A045,A,2,69,1,NaN,NaN,0,0.574028968811035
A045,A,2,70,1,NaN,NaN,0,0.537590026855469
A045,A,2,71,1,NaN,NaN,0,0.67531418800354
A045,A,2,72,1,NaN,NaN,0,0.753314018249512
A045,A,2,73,1,NaN,NaN,0,0.709766149520874
A045,A,2,74,1,NaN,NaN,0,0.589912891387939
A045,A,2,75,1,NaN,NaN,0,0.688483953475952
A045,A,2,76,1,NaN,NaN,0,0.535873174667358
A045,A,2,77,NaN,1,0,NaN,NaN
A045,A,2,78,1,NaN,NaN,0,0.268286943435669
A045,A,2,79,1,NaN,NaN,0,0.332050085067749
A045,A,2,80,1,NaN,NaN,0,0.524878978729248
A045,A,2,81,1,NaN,NaN,0,0.587318897247314
A045,A,2,82,1,NaN,NaN,0,0.672183990478516
A045,A,2,83,1,NaN,NaN,0,0.4477698802948
A045,A,2,84,1,NaN,NaN,0,0.450960159301758
A045,A,2,85,1,NaN,NaN,0,0.327875137329102
A045,A,2,86,1,NaN,NaN,0,0.505625009536743
A045,A,2,87,1,NaN,NaN,0,0.766372919082642
A045,A,2,88,1,NaN,NaN,0,0.645991086959839
A045,A,2,89,NaN,1,0,NaN,NaN
A045,A,2,90,1,NaN,NaN,0,0.455150842666626
A045,A,2,91,1,NaN,NaN,0,0.547075986862183
A045,A,2,92,1,NaN,NaN,0,0.37816596031189
A045,A,2,93,1,NaN,NaN,0,0.317871809005737
A045,A,2,94,1,NaN,NaN,0,0.392078161239624
A045,A,2,95,1,NaN,NaN,0,0.352442979812622
A045,A,2,96,NaN,0,1,NaN,NaN
A045,A,2,97,1,NaN,NaN,0,0.677536010742188
A045,A,2,98,1,NaN,NaN,0,0.670803070068359
A045,A,2,99,1,NaN,NaN,0,0.657037019729614
A045,A,2,100,1,NaN,NaN,0,0.842159986495972
A045,A,2,101,1,NaN,NaN,0,0.710829973220825
A045,A,2,102,1,NaN,NaN,0,0.569525003433228
A045,A,2,103,1,NaN,NaN,0,0.576837062835693
A045,A,2,104,1,NaN,NaN,0,0.466118812561035
A045,A,2,105,NaN,1,0,NaN,NaN
A045,A,2,106,1,NaN,NaN,0,0.275789022445679
A045,A,2,107,1,NaN,NaN,0,0.549113035202026
A045,A,2,108,1,NaN,NaN,0,0.472495079040527
A045,A,2,109,1,NaN,NaN,0,0.361890077590942
A045,A,2,110,1,NaN,NaN,0,0.371186971664429
A045,A,2,111,1,NaN,NaN,0,0.44819712638855
A045,A,2,112,1,NaN,NaN,0,0.577556848526001
A045,A,2,113,1,NaN,NaN,0,0.524633169174194
A045,A,2,114,1,NaN,NaN,0,0.363719940185547
A045,A,2,115,1,NaN,NaN,0,0.440623044967651
A045,A,2,116,NaN,1,0,NaN,NaN
A045,A,2,117,1,NaN,NaN,0,0.258279085159302
A045,A,2,118,1,NaN,NaN,0,0.421321153640747
A045,A,2,119,1,NaN,NaN,0,0.644701957702637
A045,A,2,120,1,NaN,NaN,0,0.623338937759399
A045,A,2,121,NaN,1,0,NaN,NaN
A045,A,2,122,1,NaN,NaN,0,0.284135103225708
A045,A,2,123,1,NaN,NaN,0,0.500450849533081
A045,A,2,124,1,NaN,NaN,0,0.484280109405518
A045,A,2,125,1,NaN,NaN,0,0.688862085342407
A045,A,2,126,1,NaN,NaN,0,0.573567867279053
A045,A,2,127,1,NaN,NaN,0,0.652283906936646
A045,A,2,128,1,NaN,NaN,0,0.610141038894653
A045,A,2,129,1,NaN,NaN,0,0.62943696975708
A045,A,2,130,1,NaN,NaN,0,0.564978837966919
A045,A,2,131,1,NaN,NaN,0,0.613584041595459
A045,A,2,132,1,NaN,NaN,0,0.647641181945801
A045,A,2,133,NaN,1,0,NaN,NaN
A045,A,2,134,1,NaN,NaN,0,0.328927040100098
A045,A,2,135,1,NaN,NaN,0,0.517547130584717
A045,A,2,136,1,NaN,NaN,0,0.627585172653198
A045,A,2,137,NaN,1,0,NaN,NaN
A045,A,2,138,1,NaN,NaN,0,0.324681043624878
A045,A,2,139,1,NaN,NaN,0,0.285663843154907
A045,A,2,140,1,NaN,NaN,0,0.328382015228271
A045,A,2,141,1,NaN,NaN,0,0.405632019042969
A045,A,2,142,1,NaN,NaN,0,0.445153951644897
A045,A,2,143,1,NaN,NaN,0,0.424680948257446
A045,A,2,144,1,NaN,NaN,0,0.433979034423828
A045,A,2,145,1,NaN,NaN,0,0.372632026672363
A045,A,2,146,1,NaN,NaN,0,0.362286806106567
A045,A,2,147,1,NaN,NaN,0,0.398571968078613
A045,A,2,148,1,NaN,NaN,0,0.283311128616333
A045,A,2,149,1,NaN,NaN,0,0.296207189559937
A045,A,2,150,NaN,0,1,NaN,NaN
A045,A,2,151,1,NaN,NaN,0,0.342089891433716
A045,A,2,152,1,NaN,NaN,0,0.423766851425171
A045,A,2,153,1,NaN,NaN,0,0.446611881256104
A045,A,2,154,1,NaN,NaN,0,0.391840934753418
A045,A,2,155,1,NaN,NaN,0,0.32921290397644
A045,A,2,156,1,NaN,NaN,0,0.370620012283325
A045,A,2,157,NaN,0,1,NaN,NaN
A045,A,2,158,1,NaN,NaN,0,0.380900859832764
A045,A,2,159,1,NaN,NaN,0,0.372899055480957
A045,A,2,160,1,NaN,NaN,0,0.434334993362427
A045,A,2,161,1,NaN,NaN,0,0.469515085220337
A045,A,2,162,1,NaN,NaN,0,0.591774940490723
A045,A,2,163,1,NaN,NaN,0,0.607084035873413
A045,A,2,164,1,NaN,NaN,0,0.592304944992065
A045,A,2,165,NaN,1,0,NaN,NaN
A045,A,2,166,1,NaN,NaN,0,0.194898128509521
A045,A,2,167,1,NaN,NaN,0,0.283632040023804
A045,A,2,168,1,NaN,NaN,0,0.304271221160889
A045,A,2,169,1,NaN,NaN,0,1.14450788497925
A045,A,2,170,1,NaN,NaN,0,0.756526947021484
A045,A,2,171,1,NaN,NaN,0,0.446400880813599
A045,A,2,172,1,NaN,NaN,0,0.359901905059814
A045,A,2,173,1,NaN,NaN,0,0.460477113723755
A045,A,2,174,1,NaN,NaN,0,0.519455909729004
A045,A,2,175,1,NaN,NaN,0,0.700973033905029
A045,A,2,176,NaN,1,0,NaN,NaN
A045,A,2,177,1,NaN,NaN,0,0.309245109558105
A045,A,2,178,1,NaN,NaN,0,0.384727001190186
A045,A,2,179,1,NaN,NaN,0,0.40171480178833
A045,A,2,180,1,NaN,NaN,0,0.382776021957397
A045,A,2,181,1,NaN,NaN,0,0.465893983840942
A045,A,2,182,NaN,0,1,NaN,NaN
A045,A,2,183,1,NaN,NaN,0,0.29789400100708
A045,A,2,184,1,NaN,NaN,0,0.264784097671509
A045,A,2,185,1,NaN,NaN,0,0.333491086959839
A045,A,2,186,1,NaN,NaN,0,0.403771877288818
A045,A,2,187,1,NaN,NaN,0,0.305694103240967
A045,A,2,188,1,NaN,NaN,0,0.502695798873901
A045,A,2,189,1,NaN,NaN,0,0.327558040618896
A045,A,2,190,1,NaN,NaN,0,0.297379016876221
A045,A,2,191,1,NaN,NaN,0,0.324673175811768
A045,A,2,192,1,NaN,NaN,0,0.327686786651611
A045,A,2,193,1,NaN,NaN,0,0.344551086425781
A045,A,2,194,NaN,0,1,NaN,NaN
A045,A,2,195,1,NaN,NaN,0,0.239364862442017
A045,A,2,196,1,NaN,NaN,0,0.385780096054077
A045,A,2,197,1,NaN,NaN,0,0.40516996383667
A045,A,2,198,1,NaN,NaN,0,0.44483494758606
A045,A,2,199,1,NaN,NaN,0,0.694912910461426
A045,A,2,200,1,NaN,NaN,0,0.495884895324707
A045,A,2,201,1,NaN,NaN,0,0.497591972351074
A045,A,2,202,1,NaN,NaN,0,0.644253015518188
A045,A,2,203,1,NaN,NaN,0,0.533055067062378
A045,A,2,204,1,NaN,NaN,0,0.510881900787354
A045,A,2,205,NaN,1,0,NaN,NaN
A045,A,2,206,1,NaN,NaN,0,0.317068815231323
A045,A,2,207,1,NaN,NaN,0,0.613087892532349
A045,A,2,208,1,NaN,NaN,0,0.656375169754028
A045,A,2,209,1,NaN,NaN,0,0.672510147094727
A045,A,2,210,1,NaN,NaN,0,0.717004060745239
A045,A,2,211,1,NaN,NaN,0,0.548644065856934
A045,A,2,212,1,NaN,NaN,0,0.589874029159546
A045,A,2,213,NaN,1,0,NaN,NaN
A045,A,2,214,1,NaN,NaN,0,0.207133054733276
A045,A,2,215,1,NaN,NaN,0,0.2483229637146
A045,A,2,216,1,NaN,NaN,0,0.292670965194702
A045,A,2,217,1,NaN,NaN,0,0.361264944076538
A045,A,2,218,1,NaN,NaN,0,0.371511936187744
A045,A,2,219,1,NaN,NaN,0,0.335865020751953
A045,A,2,220,1,NaN,NaN,0,0.416530132293701
A045,A,2,221,1,NaN,NaN,0,0.500552892684937
A045,A,2,222,1,NaN,NaN,0,0.302950859069824
A045,A,2,223,NaN,1,0,NaN,NaN
A045,A,2,224,1,NaN,NaN,0,NaN
A045,A,2,225,1,NaN,NaN,0,0.292723894119263
A045,A,2,226,1,NaN,NaN,0,0.28917407989502
A045,A,2,227,1,NaN,NaN,0,0.334358930587769
A045,A,2,228,1,NaN,NaN,0,0.327730178833008
A045,A,2,229,1,NaN,NaN,0,0.40170693397522
A045,A,2,230,1,NaN,NaN,0,0.351740121841431
A045,A,2,231,1,NaN,NaN,0,0.38870096206665
A045,A,2,232,1,NaN,NaN,0,0.471474885940552
A045,A,2,233,NaN,0,1,NaN,NaN
A045,A,2,234,0,NaN,NaN,1,NaN
A045,A,2,235,1,NaN,NaN,0,0.372775793075562
A045,A,2,236,1,NaN,NaN,0,0.353253841400146
A045,A,2,237,NaN,1,0,NaN,NaN
A045,A,2,238,1,NaN,NaN,0,0.263421058654785
A045,A,2,239,1,NaN,NaN,0,0.396994113922119
A045,A,2,240,1,NaN,NaN,0,0.376940011978149
A045,A,2,241,1,NaN,NaN,0,0.518182039260864
A045,A,2,242,1,NaN,NaN,0,0.421169996261597
A045,A,2,243,1,NaN,NaN,0,0.571593046188354
A045,A,2,244,1,NaN,NaN,0,0.454118967056274
A045,A,2,245,1,NaN,NaN,0,0.353755950927734
A045,A,2,246,1,NaN,NaN,0,0.440690040588379
A045,A,2,247,1,NaN,NaN,0,0.390455961227417
A045,A,2,248,1,NaN,NaN,0,0.357650995254517
A045,A,2,249,NaN,0,1,NaN,NaN
A045,A,2,250,1,NaN,NaN,0,0.34092116355896
A045,A,2,251,1,NaN,NaN,0,0.305362939834595
A045,A,2,252,1,NaN,NaN,0,0.35283088684082
A045,A,2,253,1,NaN,NaN,0,0.501198053359985
A045,A,2,254,1,NaN,NaN,0,0.541054010391235
A045,A,2,255,1,NaN,NaN,0,0.423879861831665
A045,A,2,256,1,NaN,NaN,0,0.397049903869629
A045,A,2,257,1,NaN,NaN,0,0.522372007369995
A045,A,2,258,NaN,1,0,NaN,NaN
A045,A,2,259,1,NaN,NaN,0,0.28872013092041
A045,A,2,260,1,NaN,NaN,0,0.307322025299072
A045,A,2,261,1,NaN,NaN,0,0.335437059402466
A045,A,2,262,1,NaN,NaN,0,0.371438026428223
A045,A,2,263,1,NaN,NaN,0,0.340394020080566
A045,A,2,264,1,NaN,NaN,0,0.37348198890686
A045,A,2,265,1,NaN,NaN,0,0.352824926376343
A045,A,2,266,1,NaN,NaN,0,0.542236089706421
A045,A,2,267,1,NaN,NaN,0,0.482875823974609
A045,A,2,268,NaN,1,0,NaN,NaN
A045,A,2,269,1,NaN,NaN,0,NaN
A045,A,2,270,1,NaN,NaN,0,0.408018112182617
A045,A,2,271,1,NaN,NaN,0,0.384370803833008
A045,A,2,272,NaN,0,1,NaN,NaN
A045,A,2,273,1,NaN,NaN,0,0.435533046722412
A045,A,2,274,1,NaN,NaN,0,0.449084997177124
A045,A,2,275,1,NaN,NaN,0,0.374408960342407
A045,A,2,276,1,NaN,NaN,0,0.364261865615845
A045,A,2,277,1,NaN,NaN,0,0.426605939865112
A045,A,2,278,1,NaN,NaN,0,0.295769929885864
A045,A,2,279,1,NaN,NaN,0,0.377161026000977
A045,A,2,280,1,NaN,NaN,0,0.451687097549438
A045,A,2,281,1,NaN,NaN,0,0.195874929428101
A045,A,2,282,1,NaN,NaN,0,0.39725399017334
A045,A,2,283,1,NaN,NaN,0,0.345876932144165
A045,A,2,284,1,NaN,NaN,0,0.34800910949707
A045,A,2,285,1,NaN,NaN,0,0.457612991333008
A045,A,2,286,1,NaN,NaN,0,0.346764087677002
A045,A,2,287,NaN,0,1,NaN,NaN
A045,A,2,288,1,NaN,NaN,0,0.328639030456543
A045,A,2,289,1,NaN,NaN,0,0.365695953369141
A045,A,2,290,1,NaN,NaN,0,0.405503034591675
A045,A,2,291,1,NaN,NaN,0,0.423532962799072
A045,A,2,292,1,NaN,NaN,0,0.491274118423462
A045,A,2,293,1,NaN,NaN,0,0.529338121414185
A045,A,2,294,1,NaN,NaN,0,0.610507011413574
A045,A,2,295,1,NaN,NaN,0,0.545984029769897
A045,A,2,296,NaN,1,0,NaN,NaN
A045,A,2,297,1,NaN,NaN,0,0.294408082962036
A045,A,2,298,1,NaN,NaN,0,0.31815505027771
A045,A,2,299,1,NaN,NaN,0,0.300323963165283
A045,A,2,300,1,NaN,NaN,0,0.328720092773438
A045,A,2,301,NaN,0,1,NaN,NaN
A045,A,2,302,1,NaN,NaN,0,0.375440120697021
A045,A,2,303,1,NaN,NaN,0,0.456216096878052
A045,A,2,304,1,NaN,NaN,0,0.401055097579956
A045,A,2,305,1,NaN,NaN,0,0.396355867385864
A045,A,2,306,1,NaN,NaN,0,0.372926950454712
A045,A,2,307,1,NaN,NaN,0,0.846848011016846
A045,A,2,308,1,NaN,NaN,0,0.626082897186279
A045,A,2,309,0,NaN,NaN,1,NaN
A045,A,2,310,1,NaN,NaN,0,NaN
A045,A,2,311,1,NaN,NaN,0,0.400772094726562
A045,A,2,312,1,NaN,NaN,0,0.40836501121521
A045,A,2,313,NaN,1,0,NaN,NaN
A045,A,2,314,1,NaN,NaN,0,0.243618011474609
A045,A,2,315,1,NaN,NaN,0,0.275102853775024
A045,A,2,316,1,NaN,NaN,0,0.297888994216919
A045,A,2,317,1,NaN,NaN,0,0.43023419380188
A045,A,2,318,1,NaN,NaN,0,0.341349840164185
A045,A,2,319,1,NaN,NaN,0,0.352663040161133
A045,A,2,320,1,NaN,NaN,0,0.291379928588867
A045,A,2,321,1,NaN,NaN,0,0.321336030960083
A045,A,2,322,NaN,0,1,NaN,NaN
A045,A,2,323,1,NaN,NaN,0,0.392045021057129
A045,A,2,324,1,NaN,NaN,0,0.425194025039673
A045,A,2,325,1,NaN,NaN,0,0.394879817962646
A045,A,2,326,1,NaN,NaN,0,0.427850008010864
A045,A,2,327,1,NaN,NaN,0,0.507577896118164
A045,A,2,328,NaN,1,0,NaN,NaN
A045,A,2,329,1,NaN,NaN,0,0.428514957427979
A045,A,2,330,1,NaN,NaN,0,0.414082050323486
A045,A,2,331,1,NaN,NaN,0,0.595165967941284
A045,A,2,332,1,NaN,NaN,0,0.609066009521484
A045,A,2,333,1,NaN,NaN,0,0.552647113800049
A045,A,2,334,1,NaN,NaN,0,0.426676988601685
A045,A,2,335,NaN,0,1,NaN,NaN
A045,A,2,336,1,NaN,NaN,0,0.402465105056763
A045,A,2,337,1,NaN,NaN,0,0.368906021118164
A045,A,2,338,1,NaN,NaN,0,0.409539937973022
A045,A,2,339,1,NaN,NaN,0,0.494004964828491
A045,A,2,340,1,NaN,NaN,0,0.412415981292725
A045,A,2,341,1,NaN,NaN,0,0.379750967025757
A045,A,2,342,1,NaN,NaN,0,0.428773880004883
A045,A,2,343,1,NaN,NaN,0,0.372219800949097
A045,A,2,344,1,NaN,NaN,0,0.469661951065063
A045,A,2,345,1,NaN,NaN,0,0.55096697807312
A045,A,2,346,NaN,0,1,NaN,NaN
A045,A,2,347,1,NaN,NaN,0,0.366424083709717
A045,A,2,348,1,NaN,NaN,0,0.559108018875122
A045,A,2,349,1,NaN,NaN,0,0.601138114929199
A045,A,2,350,1,NaN,NaN,0,0.852479934692383
A045,A,2,351,1,NaN,NaN,0,1.10642719268799
A045,A,2,352,1,NaN,NaN,0,0.91196608543396
A045,A,2,353,NaN,1,0,NaN,NaN
A045,A,2,354,1,NaN,NaN,0,0.38477897644043
A045,A,2,355,1,NaN,NaN,0,0.38555908203125
A045,A,2,356,1,NaN,NaN,0,0.394782066345215
A045,A,2,357,1,NaN,NaN,0,0.375330924987793
A045,A,2,358,1,NaN,NaN,0,0.376581907272339
A045,A,2,359,1,NaN,NaN,0,0.394859075546265
A045,A,2,360,1,NaN,NaN,0,0.470483064651489
A045,A,2,361,1,NaN,NaN,0,0.383657932281494
A045,A,2,362,1,NaN,NaN,0,0.447099924087524
A045,A,2,363,1,NaN,NaN,0,0.428213834762573
A045,A,2,364,1,NaN,NaN,0,0.405866146087646
A045,A,2,365,1,NaN,NaN,0,0.364633083343506
A045,A,2,366,1,NaN,NaN,0,0.356571912765503
A045,A,2,367,1,NaN,NaN,0,0.468533039093018
A045,A,2,368,NaN,1,0,NaN,NaN
A045,A,2,369,1,NaN,NaN,0,0.305171012878418
A045,A,2,370,1,NaN,NaN,0,0.311666011810303
A045,A,2,371,1,NaN,NaN,0,0.295455932617188
A045,A,2,372,NaN,0,1,NaN,NaN
A045,A,2,373,1,NaN,NaN,0,0.246280908584595
A045,A,2,374,1,NaN,NaN,0,0.276249170303345
A045,A,2,375,1,NaN,NaN,0,NaN
A045,A,2,376,0,NaN,NaN,1,NaN
A045,A,2,377,1,NaN,NaN,0,0.311895132064819
A045,A,2,378,1,NaN,NaN,0,0.284527063369751
A045,A,2,379,1,NaN,NaN,0,0.314239025115967
A045,A,2,380,1,NaN,NaN,0,0.205806970596313
A045,A,2,381,1,NaN,NaN,0,0.292202949523926
A045,A,2,382,1,NaN,NaN,0,0.21616792678833
A045,A,2,383,1,NaN,NaN,0,0.316790103912354
A045,A,2,384,1,NaN,NaN,0,0.355310916900635
A045,A,2,385,1,NaN,NaN,0,0.438004016876221
A045,A,2,386,NaN,0,1,NaN,NaN
A045,A,2,387,1,NaN,NaN,0,0.263682842254639
A045,A,2,388,1,NaN,NaN,0,0.399523973464966
A045,A,2,389,1,NaN,NaN,0,0.350668907165527
A045,A,2,390,1,NaN,NaN,0,0.432096004486084
A045,A,2,391,1,NaN,NaN,0,0.449939966201782
A045,A,2,392,1,NaN,NaN,0,0.437152862548828
A045,A,2,393,1,NaN,NaN,0,0.495788812637329
A045,A,2,394,1,NaN,NaN,0,0.42388916015625
A045,A,2,395,NaN,0,1,NaN,NaN
A045,A,2,396,1,NaN,NaN,0,0.409613132476807
A045,A,2,397,1,NaN,NaN,0,0.421870946884155
A045,A,2,398,1,NaN,NaN,0,0.396052837371826
A045,A,2,399,1,NaN,NaN,0,0.34618091583252
A045,A,2,400,1,NaN,NaN,0,0.318055152893066
A045,A,2,401,1,NaN,NaN,0,0.333141088485718
A045,A,2,402,1,NaN,NaN,0,0.318551778793335
A045,A,2,403,NaN,0,1,NaN,NaN
A045,A,2,404,1,NaN,NaN,0,0.544255018234253
A045,A,2,405,1,NaN,NaN,0,0.348015069961548
A045,A,2,406,1,NaN,NaN,0,0.441848993301392
A045,A,2,407,1,NaN,NaN,0,0.339375019073486
A045,A,2,408,1,NaN,NaN,0,0.384744167327881
A045,A,2,409,1,NaN,NaN,0,0.374659061431885
A045,A,2,410,1,NaN,NaN,0,0.695286989212036
A045,A,2,411,1,NaN,NaN,0,0.792752981185913
A045,A,2,412,NaN,1,0,NaN,NaN
A045,A,2,413,1,NaN,NaN,0,0.224658966064453
A045,A,2,414,1,NaN,NaN,0,0.328404188156128
A045,A,2,415,1,NaN,NaN,0,0.372794151306152
A045,A,2,416,1,NaN,NaN,0,0.382498025894165
A045,A,2,417,1,NaN,NaN,0,0.372498989105225
A045,A,2,418,NaN,1,0,NaN,NaN
A045,A,2,419,1,NaN,NaN,0,NaN
A045,A,2,420,1,NaN,NaN,0,0.201820850372314
A045,A,2,421,1,NaN,NaN,0,0.284970998764038
A045,A,2,422,1,NaN,NaN,0,0.241060018539429
A045,A,2,423,1,NaN,NaN,0,0.355641841888428
A045,A,2,424,1,NaN,NaN,0,0.444622993469238
A045,A,2,425,1,NaN,NaN,0,0.324575901031494
A045,A,2,426,1,NaN,NaN,0,0.312034130096436
A045,A,2,427,1,NaN,NaN,0,0.308686971664429
A045,A,2,428,1,NaN,NaN,0,0.365422010421753
A045,A,2,429,1,NaN,NaN,0,0.353653192520142
A045,A,2,430,NaN,0,1,NaN,NaN
A045,A,2,431,1,NaN,NaN,0,0.236813068389893
A045,A,2,432,1,NaN,NaN,0,0.33721399307251
A045,A,2,433,1,NaN,NaN,0,0.399527788162231
A045,A,2,434,1,NaN,NaN,0,0.185173034667969
A045,A,2,435,NaN,0,1,NaN,NaN
A045,A,2,436,1,NaN,NaN,0,0.198305130004883
A045,A,2,437,1,NaN,NaN,0,0.347024917602539
A045,A,2,438,1,NaN,NaN,0,0.317250967025757
A045,A,2,439,1,NaN,NaN,0,0.460536956787109
A045,A,2,440,1,NaN,NaN,0,0.486812114715576
A045,A,2,441,1,NaN,NaN,0,0.399760007858276
A045,A,2,442,1,NaN,NaN,0,0.606461048126221
A045,A,2,443,1,NaN,NaN,0,0.428021907806396
A045,A,2,444,1,NaN,NaN,0,0.34850001335144
A045,A,2,445,1,NaN,NaN,0,0.321291923522949
A045,A,2,446,1,NaN,NaN,0,0.72440505027771
A045,A,2,447,1,NaN,NaN,0,0.388955116271973
A045,A,2,448,1,NaN,NaN,0,0.315407037734985
A045,A,2,449,NaN,0,1,NaN,NaN
A045,A,2,450,1,NaN,NaN,0,0.279342889785767
A045,A,2,451,1,NaN,NaN,0,0.253251791000366
A045,A,2,452,1,NaN,NaN,0,0.361356973648071
A045,A,2,453,1,NaN,NaN,0,0.362629890441895
A045,A,2,454,1,NaN,NaN,0,0.450992822647095
A045,A,2,455,1,NaN,NaN,0,0.420248031616211
A045,A,2,456,1,NaN,NaN,0,0.389051914215088
A045,A,2,457,1,NaN,NaN,0,0.405838012695312
A045,A,2,458,NaN,1,0,NaN,NaN
A045,A,2,459,1,NaN,NaN,0,0.186055898666382
A045,A,2,460,1,NaN,NaN,0,0.344359874725342
A045,A,2,461,1,NaN,NaN,0,0.307738780975342
A045,A,2,462,1,NaN,NaN,0,0.34445595741272
A045,A,2,463,1,NaN,NaN,0,0.322754859924316
A045,A,2,464,1,NaN,NaN,0,0.307989835739136
A045,A,2,465,NaN,0,1,NaN,NaN
A045,A,2,466,1,NaN,NaN,0,0.296772956848145
A045,A,2,467,1,NaN,NaN,0,0.390317916870117
A045,A,2,468,1,NaN,NaN,0,0.340322017669678
A045,A,2,469,1,NaN,NaN,0,0.35342001914978
A045,A,2,470,1,NaN,NaN,0,0.491382122039795
A045,A,2,471,1,NaN,NaN,0,0.364338874816895
A045,A,2,472,1,NaN,NaN,0,0.407485961914062
A045,A,2,473,NaN,1,0,NaN,NaN
A045,A,2,474,1,NaN,NaN,0,0.275773048400879
A045,A,2,475,1,NaN,NaN,0,0.357155799865723
A045,A,2,476,1,NaN,NaN,0,0.554083108901978
A045,A,2,477,1,NaN,NaN,0,0.547719955444336
A045,A,2,478,1,NaN,NaN,0,0.601672887802124
A045,A,2,479,1,NaN,NaN,0,0.498444080352783
A045,A,2,480,1,NaN,NaN,0,0.471876859664917
A045,A,2,481,1,NaN,NaN,0,0.366016864776611
A045,A,2,482,1,NaN,NaN,0,0.391324996948242
A045,A,2,483,1,NaN,NaN,0,0.311424970626831
A045,A,2,484,NaN,0,1,NaN,NaN
A045,A,2,485,1,NaN,NaN,0,0.182131052017212
A045,A,2,486,1,NaN,NaN,0,0.294734001159668
A045,A,2,487,1,NaN,NaN,0,0.395791053771973
A045,A,2,488,1,NaN,NaN,0,0.388478994369507
A045,A,2,489,1,NaN,NaN,0,0.340264081954956
A045,A,2,490,NaN,0,1,NaN,NaN
A045,A,2,491,1,NaN,NaN,0,0.26298999786377
A045,A,2,492,1,NaN,NaN,0,0.27149510383606
A045,A,2,493,1,NaN,NaN,0,0.379787921905518
A045,A,2,494,1,NaN,NaN,0,0.469738960266113
A045,A,2,495,1,NaN,NaN,0,0.430548906326294
A045,A,2,496,1,NaN,NaN,0,0.455328941345215
A045,A,2,497,1,NaN,NaN,0,0.388123035430908
A045,A,2,498,1,NaN,NaN,0,0.379424095153809
A045,A,2,499,1,NaN,NaN,0,0.573315858840942
A045,A,2,500,NaN,1,0,NaN,NaN
A045,A,2,501,1,NaN,NaN,0,NaN
A045,A,3,1,1,NaN,NaN,0,0.42169189453125
A045,A,3,2,1,NaN,NaN,0,0.5002601146698
A045,A,3,3,1,NaN,NaN,0,0.336297988891602
A045,A,3,4,NaN,0,1,NaN,NaN
A045,A,3,5,0,NaN,NaN,1,NaN
A045,A,3,6,1,NaN,NaN,0,NaN
A045,A,3,7,1,NaN,NaN,0,0.321160793304443
A045,A,3,8,1,NaN,NaN,0,0.350175142288208
A045,A,3,9,1,NaN,NaN,0,0.299231052398682
A045,A,3,10,1,NaN,NaN,0,0.415556907653809
A045,A,3,11,1,NaN,NaN,0,0.337508916854858
A045,A,3,12,1,NaN,NaN,0,0.39447808265686
A045,A,3,13,1,NaN,NaN,0,0.469624042510986
A045,A,3,14,1,NaN,NaN,0,0.516854047775269
A045,A,3,15,NaN,1,0,NaN,NaN
A045,A,3,16,1,NaN,NaN,0,0.329504013061523
A045,A,3,17,1,NaN,NaN,0,0.340548038482666
A045,A,3,18,1,NaN,NaN,0,0.361232042312622
A045,A,3,19,1,NaN,NaN,0,0.348207950592041
A045,A,3,20,1,NaN,NaN,0,0.301681041717529
A045,A,3,21,1,NaN,NaN,0,0.169641971588135
A045,A,3,22,1,NaN,NaN,0,0.25287914276123
A045,A,3,23,1,NaN,NaN,0,0.282254934310913
A045,A,3,24,1,NaN,NaN,0,0.314646005630493
A045,A,3,25,NaN,0,1,NaN,NaN
A045,A,3,26,1,NaN,NaN,0,0.551005125045776
A045,A,3,27,1,NaN,NaN,0,0.467859029769897
A045,A,3,28,1,NaN,NaN,0,0.411769151687622
A045,A,3,29,1,NaN,NaN,0,0.407356023788452
A045,A,3,30,NaN,0,1,NaN,NaN
A045,A,3,31,1,NaN,NaN,0,0.374758005142212
A045,A,3,32,1,NaN,NaN,0,0.324189186096191
A045,A,3,33,1,NaN,NaN,0,0.766854047775269
A045,A,3,34,1,NaN,NaN,0,0.615316152572632
A045,A,3,35,1,NaN,NaN,0,0.55255389213562
A045,A,3,36,1,NaN,NaN,0,0.716763019561768
A045,A,3,37,1,NaN,NaN,0,0.430381059646606
A045,A,3,38,1,NaN,NaN,0,0.332731008529663
A045,A,3,39,NaN,1,0,NaN,NaN
A045,A,3,40,1,NaN,NaN,0,0.282501935958862
A045,A,3,41,1,NaN,NaN,0,0.308336019515991
A045,A,3,42,1,NaN,NaN,0,0.290637016296387
A045,A,3,43,1,NaN,NaN,0,0.308857917785645
A045,A,3,44,1,NaN,NaN,0,0.335071802139282
A045,A,3,45,1,NaN,NaN,0,0.367559194564819
A045,A,3,46,1,NaN,NaN,0,0.389417886734009
A045,A,3,47,1,NaN,NaN,0,0.458969116210938
A045,A,3,48,1,NaN,NaN,0,0.305155992507935
A045,A,3,49,1,NaN,NaN,0,0.319774866104126
A045,A,3,50,NaN,0,1,NaN,NaN
A045,A,3,51,1,NaN,NaN,0,0.283669948577881
A045,A,3,52,1,NaN,NaN,0,0.293797969818115
A045,A,3,53,1,NaN,NaN,0,0.294785976409912
A045,A,3,54,1,NaN,NaN,0,0.358540058135986
A045,A,3,55,1,NaN,NaN,0,0.29913592338562
A045,A,3,56,1,NaN,NaN,0,0.305608034133911
A045,A,3,57,1,NaN,NaN,0,0.354384899139404
A045,A,3,58,1,NaN,NaN,0,0.162110090255737
A045,A,3,59,1,NaN,NaN,0,0.233539819717407
A045,A,3,60,NaN,1,0,NaN,NaN
A045,A,3,61,1,NaN,NaN,0,0.324539184570312
A045,A,3,62,1,NaN,NaN,0,0.2584068775177
A045,A,3,63,1,NaN,NaN,0,0.450093984603882
A045,A,3,64,1,NaN,NaN,0,0.378942966461182
A045,A,3,65,1,NaN,NaN,0,0.313503980636597
A045,A,3,66,1,NaN,NaN,0,0.558966875076294
A045,A,3,67,NaN,1,0,NaN,NaN
A045,A,3,68,1,NaN,NaN,0,0.235257863998413
A045,A,3,69,1,NaN,NaN,0,0.325589895248413
A045,A,3,70,1,NaN,NaN,0,0.330989122390747
A045,A,3,71,1,NaN,NaN,0,0.37575101852417
A045,A,3,72,1,NaN,NaN,0,0.905004978179932
A045,A,3,73,1,NaN,NaN,0,0.651771068572998
A045,A,3,74,1,NaN,NaN,0,0.539668083190918
A045,A,3,75,1,NaN,NaN,0,0.351287126541138
A045,A,3,76,NaN,0,1,NaN,NaN
A045,A,3,77,1,NaN,NaN,0,0.276616096496582
A045,A,3,78,1,NaN,NaN,0,NaN
A045,A,3,79,1,NaN,NaN,0,NaN
A045,A,3,80,1,NaN,NaN,0,NaN
A045,A,3,81,1,NaN,NaN,0,NaN
A045,A,3,82,0,NaN,NaN,1,NaN
A045,A,3,83,1,NaN,NaN,0,0.26947283744812
A045,A,3,84,1,NaN,NaN,0,0.301743030548096
A045,A,3,85,NaN,0,1,NaN,NaN
A045,A,3,86,1,NaN,NaN,0,0.335033893585205
A045,A,3,87,1,NaN,NaN,0,0.387996196746826
A045,A,3,88,1,NaN,NaN,0,0.302314043045044
A045,A,3,89,1,NaN,NaN,0,0.296316146850586
A045,A,3,90,1,NaN,NaN,0,0.23521089553833
A045,A,3,91,1,NaN,NaN,0,0.330478191375732
A045,A,3,92,1,NaN,NaN,0,0.442968130111694
A045,A,3,93,1,NaN,NaN,0,0.468239068984985
A045,A,3,94,1,NaN,NaN,0,0.607424974441528
A045,A,3,95,1,NaN,NaN,0,0.399817228317261
A045,A,3,96,1,NaN,NaN,0,0.286311864852905
A045,A,3,97,1,NaN,NaN,0,0.278978109359741
A045,A,3,98,NaN,0,1,NaN,NaN
A045,A,3,99,1,NaN,NaN,0,0.386557102203369
A045,A,3,100,1,NaN,NaN,0,0.35292387008667
A045,A,3,101,1,NaN,NaN,0,0.416229963302612
A045,A,3,102,1,NaN,NaN,0,0.400332927703857
A045,A,3,103,1,NaN,NaN,0,0.399926900863647
A045,A,3,104,1,NaN,NaN,0,0.431076049804688
A045,A,3,105,1,NaN,NaN,0,0.56621789932251
A045,A,3,106,1,NaN,NaN,0,0.603684186935425
A045,A,3,107,NaN,1,0,NaN,NaN
A045,A,3,108,1,NaN,NaN,0,0.268332004547119
A045,A,3,109,1,NaN,NaN,0,0.626852035522461
A045,A,3,110,1,NaN,NaN,0,0.512338161468506
A045,A,3,111,1,NaN,NaN,0,0.407898187637329
A045,A,3,112,1,NaN,NaN,0,0.357316970825195
A045,A,3,113,NaN,1,0,NaN,NaN
A045,A,3,114,1,NaN,NaN,0,0.320335149765015
A045,A,3,115,1,NaN,NaN,0,0.346405982971191
A045,A,3,116,1,NaN,NaN,0,0.373979091644287
A045,A,3,117,1,NaN,NaN,0,0.435068845748901
A045,A,3,118,1,NaN,NaN,0,0.336107015609741
A045,A,3,119,1,NaN,NaN,0,0.40192985534668
A045,A,3,120,1,NaN,NaN,0,0.506745100021362
A045,A,3,121,NaN,0,1,NaN,NaN
A045,A,3,122,0,NaN,NaN,1,NaN
A045,A,3,123,1,NaN,NaN,0,0.257313013076782
A045,A,3,124,1,NaN,NaN,0,0.311683893203735
A045,A,3,125,1,NaN,NaN,0,0.384878873825073
A045,A,3,126,1,NaN,NaN,0,0.374667882919312
A045,A,3,127,1,NaN,NaN,0,0.58495020866394
A045,A,3,128,1,NaN,NaN,0,0.285477161407471
A045,A,3,129,1,NaN,NaN,0,0.239747047424316
A045,A,3,130,1,NaN,NaN,0,0.224720001220703
A045,A,3,131,1,NaN,NaN,0,NaN
A045,A,3,132,NaN,0,1,NaN,NaN
A045,A,3,133,1,NaN,NaN,0,NaN
A045,A,3,134,1,NaN,NaN,0,NaN
A045,A,3,135,1,NaN,NaN,0,0.252929925918579
A045,A,3,136,1,NaN,NaN,0,0.319187879562378
A045,A,3,137,NaN,0,1,NaN,NaN
A045,A,3,138,0,NaN,NaN,1,NaN
A045,A,3,139,1,NaN,NaN,0,0.16339898109436
A045,A,3,140,1,NaN,NaN,0,NaN
A045,A,3,141,1,NaN,NaN,0,NaN
A045,A,3,142,1,NaN,NaN,0,0.183237075805664
A045,A,3,143,1,NaN,NaN,0,0.272845029830933
A045,A,3,144,1,NaN,NaN,0,0.192828178405762
A045,A,3,145,1,NaN,NaN,0,0.16740894317627
A045,A,3,146,1,NaN,NaN,0,0.36222505569458
A045,A,3,147,1,NaN,NaN,0,0.215292930603027
A045,A,3,148,1,NaN,NaN,0,0.211781978607178
A045,A,3,149,1,NaN,NaN,0,0.349628925323486
A045,A,3,150,1,NaN,NaN,0,0.304318904876709
A045,A,3,151,NaN,0,1,NaN,NaN
A045,A,3,152,1,NaN,NaN,0,NaN
A045,A,3,153,1,NaN,NaN,0,0.250065088272095
A045,A,3,154,1,NaN,NaN,0,NaN
A045,A,3,155,1,NaN,NaN,0,NaN
A045,A,3,156,1,NaN,NaN,0,NaN
A045,A,3,157,1,NaN,NaN,0,NaN
A045,A,3,158,1,NaN,NaN,0,NaN
A045,A,3,159,1,NaN,NaN,0,0.253391981124878
A045,A,3,160,1,NaN,NaN,0,0.361893892288208
A045,A,3,161,NaN,1,0,NaN,NaN
A045,A,3,162,1,NaN,NaN,0,0.305109977722168
A045,A,3,163,1,NaN,NaN,0,0.581371068954468
A045,A,3,164,NaN,0,1,NaN,NaN
A045,A,3,165,1,NaN,NaN,0,0.399111986160278
A045,A,3,166,1,NaN,NaN,0,0.44014310836792
A045,A,3,167,1,NaN,NaN,0,0.493117809295654
A045,A,3,168,1,NaN,NaN,0,0.55062198638916
A045,A,3,169,1,NaN,NaN,0,0.640090942382812
A045,A,3,170,1,NaN,NaN,0,0.364197969436646
A045,A,3,171,1,NaN,NaN,0,0.406535148620605
A045,A,3,172,1,NaN,NaN,0,0.426186084747314
A045,A,3,173,1,NaN,NaN,0,0.402951955795288
A045,A,3,174,NaN,0,1,NaN,NaN
A045,A,3,175,1,NaN,NaN,0,0.33238697052002
A045,A,3,176,1,NaN,NaN,0,0.388849020004272
A045,A,3,177,1,NaN,NaN,0,0.562160968780518
A045,A,3,178,1,NaN,NaN,0,0.320211887359619
A045,A,3,179,1,NaN,NaN,0,0.250626087188721
A045,A,3,180,1,NaN,NaN,0,NaN
A045,A,3,181,1,NaN,NaN,0,NaN
A045,A,3,182,NaN,1,0,NaN,NaN
A045,A,3,183,1,NaN,NaN,0,NaN
A045,A,3,184,0,NaN,NaN,1,NaN
A045,A,3,185,1,NaN,NaN,0,0.273617029190063
A045,A,3,186,1,NaN,NaN,0,0.285713911056519
A045,A,3,187,1,NaN,NaN,0,0.365094900131226
A045,A,3,188,1,NaN,NaN,0,0.294015884399414
A045,A,3,189,1,NaN,NaN,0,0.359617948532104
A045,A,3,190,1,NaN,NaN,0,0.345708131790161
A045,A,3,191,1,NaN,NaN,0,0.26413893699646
A045,A,3,192,1,NaN,NaN,0,0.409142017364502
A045,A,3,193,1,NaN,NaN,0,0.277940034866333
A045,A,3,194,1,NaN,NaN,0,0.207143068313599
A045,A,3,195,NaN,0,1,NaN,NaN
A045,A,3,196,1,NaN,NaN,0,0.290690898895264
A045,A,3,197,1,NaN,NaN,0,0.347190141677856
A045,A,3,198,1,NaN,NaN,0,0.305292129516602
A045,A,3,199,1,NaN,NaN,0,0.286696195602417
A045,A,3,200,1,NaN,NaN,0,0.379149198532104
A045,A,3,201,NaN,1,0,NaN,NaN
A045,A,3,202,1,NaN,NaN,0,0.280909061431885
A045,A,3,203,1,NaN,NaN,0,0.379450798034668
A045,A,3,204,1,NaN,NaN,0,0.470348834991455
A045,A,3,205,1,NaN,NaN,0,0.469251155853271
A045,A,3,206,1,NaN,NaN,0,0.678107976913452
A045,A,3,207,1,NaN,NaN,0,0.466631889343262
A045,A,3,208,1,NaN,NaN,0,0.443932056427002
A045,A,3,209,1,NaN,NaN,0,0.393411874771118
A045,A,3,210,1,NaN,NaN,0,0.517014980316162
A045,A,3,211,1,NaN,NaN,0,0.65406608581543
A045,A,3,212,NaN,0,1,NaN,NaN
A045,A,3,213,1,NaN,NaN,0,0.381027936935425
A045,A,3,214,1,NaN,NaN,0,0.346336126327515
A045,A,3,215,1,NaN,NaN,0,0.323230028152466
A045,A,3,216,1,NaN,NaN,0,0.27679705619812
A045,A,3,217,1,NaN,NaN,0,0.316989898681641
A045,A,3,218,1,NaN,NaN,0,0.44209885597229
A045,A,3,219,1,NaN,NaN,0,0.64403510093689
A045,A,3,220,1,NaN,NaN,0,0.348613023757935
A045,A,3,221,1,NaN,NaN,0,0.239084959030151
A045,A,3,222,1,NaN,NaN,0,0.23912501335144
A045,A,3,223,1,NaN,NaN,0,0.253708839416504
A045,A,3,224,NaN,0,1,NaN,NaN
A045,A,3,225,1,NaN,NaN,0,0.170342922210693
A045,A,3,226,1,NaN,NaN,0,NaN
A045,A,3,227,1,NaN,NaN,0,NaN
A045,A,3,228,1,NaN,NaN,0,0.304003000259399
A045,A,3,229,1,NaN,NaN,0,NaN
A045,A,3,230,1,NaN,NaN,0,0.177134990692139
A045,A,3,231,NaN,0,1,NaN,NaN
A045,A,3,232,1,NaN,NaN,0,0.213673830032349
A045,A,3,233,1,NaN,NaN,0,NaN
A045,A,3,234,1,NaN,NaN,0,NaN
A045,A,3,235,1,NaN,NaN,0,0.177887916564941
A045,A,3,236,NaN,0,1,NaN,NaN
A045,A,3,237,1,NaN,NaN,0,0.289063930511475
A045,A,3,238,1,NaN,NaN,0,0.325302124023438
A045,A,3,239,1,NaN,NaN,0,0.35660195350647
A045,A,3,240,1,NaN,NaN,0,0.308519124984741
A045,A,3,241,1,NaN,NaN,0,0.378880023956299
A045,A,3,242,1,NaN,NaN,0,0.387944936752319
A045,A,3,243,1,NaN,NaN,0,0.268173217773438
A045,A,3,244,1,NaN,NaN,0,0.405046939849854
A045,A,3,245,NaN,1,0,NaN,NaN
A045,A,3,246,1,NaN,NaN,0,0.261554956436157
A045,A,3,247,1,NaN,NaN,0,0.393049001693726
A045,A,3,248,1,NaN,NaN,0,0.349474906921387
A045,A,3,249,1,NaN,NaN,0,0.474740028381348
A045,A,3,250,1,NaN,NaN,0,0.422887086868286
A045,A,3,251,1,NaN,NaN,0,0.33289098739624
A045,A,3,252,1,NaN,NaN,0,0.332458972930908
A045,A,3,253,1,NaN,NaN,0,0.277601957321167
A045,A,3,254,NaN,0,1,NaN,NaN
A045,A,3,255,1,NaN,NaN,0,NaN
A045,A,3,256,1,NaN,NaN,0,0.277837038040161
A045,A,3,257,1,NaN,NaN,0,0.522389888763428
A045,A,3,258,1,NaN,NaN,0,0.387574911117554
A045,A,3,259,1,NaN,NaN,0,0.394207000732422
A045,A,3,260,1,NaN,NaN,0,0.371041059494019
A045,A,3,261,1,NaN,NaN,0,0.323161840438843
A045,A,3,262,1,NaN,NaN,0,0.340086936950684
A045,A,3,263,1,NaN,NaN,0,0.452205896377563
A045,A,3,264,NaN,0,1,NaN,NaN
A045,A,3,265,1,NaN,NaN,0,0.375550985336304
A045,A,3,266,1,NaN,NaN,0,0.331954956054688
A045,A,3,267,1,NaN,NaN,0,0.270027160644531
A045,A,3,268,1,NaN,NaN,0,0.5641930103302
A045,A,3,269,1,NaN,NaN,0,0.408316850662231
A045,A,3,270,1,NaN,NaN,0,0.308895826339722
A045,A,3,271,1,NaN,NaN,0,0.366512060165405
A045,A,3,272,1,NaN,NaN,0,0.431663990020752
A045,A,3,273,1,NaN,NaN,0,0.34973406791687
A045,A,3,274,NaN,1,0,NaN,NaN
A045,A,3,275,1,NaN,NaN,0,0.274789094924927
A045,A,3,276,1,NaN,NaN,0,0.287097930908203
A045,A,3,277,1,NaN,NaN,0,0.396483898162842
A045,A,3,278,1,NaN,NaN,0,0.428076028823853
A045,A,3,279,1,NaN,NaN,0,0.368669986724854
A045,A,3,280,1,NaN,NaN,0,0.377680063247681
A045,A,3,281,1,NaN,NaN,0,0.311089038848877
A045,A,3,282,NaN,0,1,NaN,NaN
A045,A,3,283,1,NaN,NaN,0,0.283010005950928
A045,A,3,284,1,NaN,NaN,0,0.333109140396118
A045,A,3,285,1,NaN,NaN,0,0.378295183181763
A045,A,3,286,1,NaN,NaN,0,0.373405933380127
A045,A,3,287,1,NaN,NaN,0,0.403210163116455
A045,A,3,288,1,NaN,NaN,0,0.363981962203979
A045,A,3,289,1,NaN,NaN,0,0.352679014205933
A045,A,3,290,1,NaN,NaN,0,0.389149904251099
A045,A,3,291,1,NaN,NaN,0,0.403517961502075
A045,A,3,292,1,NaN,NaN,0,0.476392030715942
A045,A,3,293,1,NaN,NaN,0,0.408091068267822
A045,A,3,294,1,NaN,NaN,0,0.35499382019043
A045,A,3,295,1,NaN,NaN,0,0.295763969421387
A045,A,3,296,NaN,0,1,NaN,NaN
A045,A,3,297,1,NaN,NaN,0,0.372418880462646
A045,A,3,298,1,NaN,NaN,0,0.32530689239502
A045,A,3,299,1,NaN,NaN,0,0.329793930053711
A045,A,3,300,1,NaN,NaN,0,0.384296894073486
A045,A,3,301,1,NaN,NaN,0,0.379077911376953
A045,A,3,302,NaN,0,1,NaN,NaN
A045,A,3,303,1,NaN,NaN,0,0.365065097808838
A045,A,3,304,1,NaN,NaN,0,0.326412916183472
A045,A,3,305,1,NaN,NaN,0,0.355848789215088
A045,A,3,306,1,NaN,NaN,0,0.371232986450195
A045,A,3,307,1,NaN,NaN,0,0.376498937606812
A045,A,3,308,1,NaN,NaN,0,0.353776931762695
A045,A,3,309,1,NaN,NaN,0,0.423062086105347
A045,A,3,310,1,NaN,NaN,0,0.369091987609863
A045,A,3,311,1,NaN,NaN,0,0.407587051391602
A045,A,3,312,1,NaN,NaN,0,0.516970157623291
A045,A,3,313,NaN,0,1,NaN,NaN
A045,A,3,314,1,NaN,NaN,0,0.3315749168396
A045,A,3,315,1,NaN,NaN,0,0.332258939743042
A045,A,3,316,1,NaN,NaN,0,0.479434967041016
A045,A,3,317,1,NaN,NaN,0,0.420839071273804
A045,A,3,318,1,NaN,NaN,0,0.415205955505371
A045,A,3,319,1,NaN,NaN,0,0.395159006118774
A045,A,3,320,1,NaN,NaN,0,0.42040491104126
A045,A,3,321,NaN,0,1,NaN,NaN
A045,A,3,322,0,NaN,NaN,1,NaN
A045,A,3,323,1,NaN,NaN,0,0.277064085006714
A045,A,3,324,1,NaN,NaN,0,0.313627004623413
A045,A,3,325,1,NaN,NaN,0,0.422147035598755
A045,A,3,326,NaN,0,1,NaN,NaN
A045,A,3,327,1,NaN,NaN,0,0.270402908325195
A045,A,3,328,1,NaN,NaN,0,0.26128101348877
A045,A,3,329,1,NaN,NaN,0,0.284059047698975
A045,A,3,330,1,NaN,NaN,0,0.374262809753418
A045,A,3,331,1,NaN,NaN,0,0.247036933898926
A045,A,3,332,1,NaN,NaN,0,0.370288133621216
A045,A,3,333,1,NaN,NaN,0,0.29803204536438
A045,A,3,334,1,NaN,NaN,0,0.309225082397461
A045,A,3,335,1,NaN,NaN,0,0.285269021987915
A045,A,3,336,NaN,0,1,NaN,NaN
A045,A,3,337,1,NaN,NaN,0,0.281387805938721
A045,A,3,338,1,NaN,NaN,0,0.291406154632568
A045,A,3,339,1,NaN,NaN,0,0.339410066604614
A045,A,3,340,1,NaN,NaN,0,0.372305870056152
A045,A,3,341,1,NaN,NaN,0,0.321437120437622
A045,A,3,342,1,NaN,NaN,0,0.214375019073486
A045,A,3,343,1,NaN,NaN,0,0.351655960083008
A045,A,3,344,1,NaN,NaN,0,0.380177021026611
A045,A,3,345,1,NaN,NaN,0,0.341935157775879
A045,A,3,346,NaN,0,1,NaN,NaN
A045,A,3,347,1,NaN,NaN,0,0.387983083724976
A045,A,3,348,1,NaN,NaN,0,0.373824119567871
A045,A,3,349,1,NaN,NaN,0,0.456218957901001
A045,A,3,350,1,NaN,NaN,0,0.359045028686523
A045,A,3,351,1,NaN,NaN,0,0.563951969146729
A045,A,3,352,1,NaN,NaN,0,0.454941034317017
A045,A,3,353,1,NaN,NaN,0,0.349777221679688
A045,A,3,354,1,NaN,NaN,0,0.336390972137451
A045,A,3,355,1,NaN,NaN,0,0.596588850021362
A045,A,3,356,1,NaN,NaN,0,0.339690923690796
A045,A,3,357,NaN,0,1,NaN,NaN
A045,A,3,358,1,NaN,NaN,0,0.234661102294922
A045,A,3,359,1,NaN,NaN,0,0.235974073410034
A045,A,3,360,1,NaN,NaN,0,0.307294845581055
A045,A,3,361,1,NaN,NaN,0,0.295639038085938
A045,A,3,362,1,NaN,NaN,0,0.300304889678955
A045,A,3,363,1,NaN,NaN,0,0.319599151611328
A045,A,3,364,1,NaN,NaN,0,0.260213136672974
A045,A,3,365,NaN,0,1,NaN,NaN
A045,A,3,366,1,NaN,NaN,0,0.235294103622437
A045,A,3,367,1,NaN,NaN,0,NaN
A045,A,3,368,1,NaN,NaN,0,NaN
A045,A,3,369,1,NaN,NaN,0,0.164521932601929
A045,A,3,370,1,NaN,NaN,0,NaN
A045,A,3,371,1,NaN,NaN,0,0.25003981590271
A045,A,3,372,1,NaN,NaN,0,0.339318037033081
A045,A,3,373,1,NaN,NaN,0,0.289361953735352
A045,A,3,374,1,NaN,NaN,0,0.285645961761475
A045,A,3,375,NaN,0,1,NaN,NaN
A045,A,3,376,1,NaN,NaN,0,0.247510194778442
A045,A,3,377,1,NaN,NaN,0,0.221823930740356
A045,A,3,378,1,NaN,NaN,0,0.391170978546143
A045,A,3,379,1,NaN,NaN,0,0.428254127502441
A045,A,3,380,NaN,0,1,NaN,NaN
A045,A,3,381,1,NaN,NaN,0,0.370582818984985
A045,A,3,382,1,NaN,NaN,0,0.306421041488647
A045,A,3,383,1,NaN,NaN,0,0.33769702911377
A045,A,3,384,1,NaN,NaN,0,0.2708740234375
A045,A,3,385,1,NaN,NaN,0,0.675364971160889
A045,A,3,386,1,NaN,NaN,0,0.283830881118774
A045,A,3,387,1,NaN,NaN,0,0.357280015945435
A045,A,3,388,1,NaN,NaN,0,0.506302833557129
A045,A,3,389,1,NaN,NaN,0,0.375394105911255
A045,A,3,390,1,NaN,NaN,0,0.560159921646118
A045,A,3,391,1,NaN,NaN,0,0.567779064178467
A045,A,3,392,NaN,1,0,NaN,NaN
A045,A,3,393,1,NaN,NaN,0,NaN
A045,A,3,394,1,NaN,NaN,0,0.323365926742554
A045,A,3,395,1,NaN,NaN,0,0.42108678817749
A045,A,3,396,1,NaN,NaN,0,0.293497085571289
A045,A,3,397,1,NaN,NaN,0,0.198909997940063
A045,A,3,398,NaN,0,1,NaN,NaN
A045,A,3,399,1,NaN,NaN,0,0.382638216018677
A045,A,3,400,1,NaN,NaN,0,0.365242958068848
A045,A,3,401,1,NaN,NaN,0,0.378251075744629
A045,A,3,402,1,NaN,NaN,0,0.398159027099609
A045,A,3,403,1,NaN,NaN,0,0.251250982284546
A045,A,3,404,1,NaN,NaN,0,0.232787132263184
A045,A,3,405,1,NaN,NaN,0,0.248664140701294
A045,A,3,406,1,NaN,NaN,0,0.34666919708252
A045,A,3,407,1,NaN,NaN,0,0.44643497467041
A045,A,3,408,NaN,0,1,NaN,NaN
A045,A,3,409,1,NaN,NaN,0,0.273414850234985
A045,A,3,410,1,NaN,NaN,0,0.153786897659302
A045,A,3,411,1,NaN,NaN,0,NaN
A045,A,3,412,1,NaN,NaN,0,NaN
A045,A,3,413,1,NaN,NaN,0,0.461669206619263
A045,A,3,414,1,NaN,NaN,0,0.443564891815186
A045,A,3,415,1,NaN,NaN,0,0.567615985870361
A045,A,3,416,NaN,0,1,NaN,NaN
A045,A,3,417,1,NaN,NaN,0,0.406232833862305
A045,A,3,418,1,NaN,NaN,0,0.657471179962158
A045,A,3,419,1,NaN,NaN,0,0.390460014343262
A045,A,3,420,1,NaN,NaN,0,0.335278987884521
A045,A,3,421,1,NaN,NaN,0,0.551855087280273
A045,A,3,422,1,NaN,NaN,0,0.64050817489624
A045,A,3,423,1,NaN,NaN,0,0.521228075027466
A045,A,3,424,1,NaN,NaN,0,0.408704996109009
A045,A,3,425,1,NaN,NaN,0,0.455107927322388
A045,A,3,426,1,NaN,NaN,0,0.268373966217041
A045,A,3,427,1,NaN,NaN,0,0.465842962265015
A045,A,3,428,1,NaN,NaN,0,0.524495124816895
A045,A,3,429,1,NaN,NaN,0,0.353772163391113
A045,A,3,430,1,NaN,NaN,0,0.598233938217163
A045,A,3,431,NaN,1,0,NaN,NaN
A045,A,3,432,1,NaN,NaN,0,0.319507837295532
A045,A,3,433,1,NaN,NaN,0,0.249414920806885
A045,A,3,434,1,NaN,NaN,0,0.242460966110229
A045,A,3,435,1,NaN,NaN,0,NaN
A045,A,3,436,1,NaN,NaN,0,0.340958118438721
A045,A,3,437,1,NaN,NaN,0,0.326152801513672
A045,A,3,438,1,NaN,NaN,0,0.280813932418823
A045,A,3,439,1,NaN,NaN,0,0.355464220046997
A045,A,3,440,NaN,0,1,NaN,NaN
A045,A,3,441,1,NaN,NaN,0,0.281069040298462
A045,A,3,442,1,NaN,NaN,0,0.321621894836426
A045,A,3,443,1,NaN,NaN,0,0.367109060287476
A045,A,3,444,NaN,0,1,NaN,NaN
A045,A,3,445,1,NaN,NaN,0,0.306632041931152
A045,A,3,446,1,NaN,NaN,0,0.500708103179932
A045,A,3,447,1,NaN,NaN,0,0.425433158874512
A045,A,3,448,1,NaN,NaN,0,0.366766929626465
A045,A,3,449,1,NaN,NaN,0,0.576186895370483
A045,A,3,450,1,NaN,NaN,0,0.396624088287354
A045,A,3,451,1,NaN,NaN,0,0.468396902084351
A045,A,3,452,1,NaN,NaN,0,0.42156195640564
A045,A,3,453,1,NaN,NaN,0,0.310409069061279
A045,A,3,454,1,NaN,NaN,0,0.334502935409546
A045,A,3,455,NaN,0,1,NaN,NaN
A045,A,3,456,1,NaN,NaN,0,0.282451152801514
A045,A,3,457,1,NaN,NaN,0,0.485732078552246
A045,A,3,458,1,NaN,NaN,0,0.461807012557983
A045,A,3,459,1,NaN,NaN,0,0.340198993682861
A045,A,3,460,1,NaN,NaN,0,0.322244167327881
A045,A,3,461,1,NaN,NaN,0,0.171051979064941
A045,A,3,462,1,NaN,NaN,0,NaN
A045,A,3,463,NaN,0,1,NaN,NaN
A045,A,3,464,1,NaN,NaN,0,0.34272289276123
A045,A,3,465,1,NaN,NaN,0,0.585292100906372
A045,A,3,466,1,NaN,NaN,0,0.438314914703369
A045,A,3,467,1,NaN,NaN,0,0.173681974411011
A045,A,3,468,1,NaN,NaN,0,0.150255918502808
A045,A,3,469,1,NaN,NaN,0,0.4758141040802
A045,A,3,470,1,NaN,NaN,0,0.576705932617188
A045,A,3,471,1,NaN,NaN,0,0.524674892425537
A045,A,3,472,1,NaN,NaN,0,0.265650987625122
A045,A,3,473,1,NaN,NaN,0,0.338198900222778
A045,A,3,474,NaN,0,1,NaN,NaN
A045,A,3,475,1,NaN,NaN,0,0.274263143539429
A045,A,3,476,1,NaN,NaN,0,0.226351022720337
A045,A,3,477,1,NaN,NaN,0,0.287474870681763
A045,A,3,478,1,NaN,NaN,0,0.336795091629028
A045,A,3,479,1,NaN,NaN,0,0.184175968170166
A045,A,3,480,1,NaN,NaN,0,0.407045125961304
A045,A,3,481,1,NaN,NaN,0,0.358983993530273
A045,A,3,482,1,NaN,NaN,0,0.371148109436035
A045,A,3,483,1,NaN,NaN,0,0.420804977416992
A045,A,3,484,1,NaN,NaN,0,0.50192403793335
A045,A,3,485,NaN,0,1,NaN,NaN
A045,A,3,486,1,NaN,NaN,0,0.497503995895386
A045,A,3,487,1,NaN,NaN,0,0.398920059204102
A045,A,3,488,1,NaN,NaN,0,0.362549781799316
A045,A,3,489,1,NaN,NaN,0,NaN
A045,A,3,490,1,NaN,NaN,0,0.371461153030396
A045,A,3,491,1,NaN,NaN,0,0.255965232849121
A045,A,3,492,1,NaN,NaN,0,0.3352370262146
A045,A,3,493,1,NaN,NaN,0,0.212763786315918
A045,A,3,494,NaN,0,1,NaN,NaN
A045,A,3,495,1,NaN,NaN,0,0.222628116607666
A045,A,4,1,1,NaN,NaN,0,0.637301921844482
A045,A,4,2,1,NaN,NaN,0,0.439775943756104
A045,A,4,3,1,NaN,NaN,0,0.319488048553467
A045,A,4,4,1,NaN,NaN,0,0.434797048568726
A045,A,4,5,1,NaN,NaN,0,0.458182096481323
A045,A,4,6,NaN,0,1,NaN,NaN
A045,A,4,7,1,NaN,NaN,0,0.303941011428833
A045,A,4,8,1,NaN,NaN,0,0.328145980834961
A045,A,4,9,1,NaN,NaN,0,0.414321899414062
A045,A,4,10,1,NaN,NaN,0,0.321741104125977
A045,A,4,11,1,NaN,NaN,0,0.327455043792725
A045,A,4,12,1,NaN,NaN,0,0.32035493850708
A045,A,4,13,1,NaN,NaN,0,0.319628000259399
A045,A,4,14,1,NaN,NaN,0,0.339977025985718
A045,A,4,15,NaN,0,1,NaN,NaN
A045,A,4,16,1,NaN,NaN,0,0.338392972946167
A045,A,4,17,1,NaN,NaN,0,0.336261034011841
A045,A,4,18,1,NaN,NaN,0,0.448952913284302
A045,A,4,19,1,NaN,NaN,0,0.260254144668579
A045,A,4,20,1,NaN,NaN,0,0.257416963577271
A045,A,4,21,1,NaN,NaN,0,0.25748610496521
A045,A,4,22,1,NaN,NaN,0,0.331123828887939
A045,A,4,23,1,NaN,NaN,0,0.444720983505249
A045,A,4,24,1,NaN,NaN,0,0.581494808197021
A045,A,4,25,1,NaN,NaN,0,0.378118991851807
A045,A,4,26,NaN,0,1,NaN,NaN
A045,A,4,27,1,NaN,NaN,0,0.389811992645264
A045,A,4,28,1,NaN,NaN,0,0.31359601020813
A045,A,4,29,1,NaN,NaN,0,0.241406917572021
A045,A,4,30,NaN,0,1,NaN,NaN
A045,A,4,31,1,NaN,NaN,0,NaN
A045,A,4,32,1,NaN,NaN,0,1.03231906890869
A045,A,4,33,0,NaN,NaN,1,NaN
A045,A,4,34,1,NaN,NaN,0,0.227637052536011
A045,A,4,35,1,NaN,NaN,0,0.292543172836304
A045,A,4,36,1,NaN,NaN,0,0.35468602180481
A045,A,4,37,1,NaN,NaN,0,0.4186110496521
A045,A,4,38,1,NaN,NaN,0,0.399353981018066
A045,A,4,39,1,NaN,NaN,0,0.427766799926758
A045,A,4,40,1,NaN,NaN,0,0.490679025650024
A045,A,4,41,1,NaN,NaN,0,0.969576120376587
A045,A,4,42,NaN,1,0,NaN,NaN
A045,A,4,43,1,NaN,NaN,0,0.32955002784729
A045,A,4,44,1,NaN,NaN,0,0.331197023391724
A045,A,4,45,1,NaN,NaN,0,0.276430130004883
A045,A,4,46,1,NaN,NaN,0,0.249586820602417
A045,A,4,47,1,NaN,NaN,0,0.270587921142578
A045,A,4,48,1,NaN,NaN,0,0.246716976165771
A045,A,4,49,NaN,0,1,NaN,NaN
A045,A,4,50,1,NaN,NaN,0,0.294082164764404
A045,A,4,51,1,NaN,NaN,0,0.279030084609985
A045,A,4,52,1,NaN,NaN,0,0.292756080627441
A045,A,4,53,1,NaN,NaN,0,0.268754959106445
A045,A,4,54,1,NaN,NaN,0,0.3019700050354
A045,A,4,55,1,NaN,NaN,0,0.263566970825195
A045,A,4,56,1,NaN,NaN,0,0.168868064880371
A045,A,4,57,1,NaN,NaN,0,1.14112186431885
A045,A,4,58,0,NaN,NaN,1,NaN
A045,A,4,59,1,NaN,NaN,0,NaN
A045,A,4,60,1,NaN,NaN,0,0.255938053131104
A045,A,4,61,1,NaN,NaN,0,0.175606966018677
A045,A,4,62,NaN,0,1,NaN,NaN
A045,A,4,63,1,NaN,NaN,0,NaN
A045,A,4,64,1,NaN,NaN,0,0.312580823898315
A045,A,4,65,1,NaN,NaN,0,0.329738140106201
A045,A,4,66,1,NaN,NaN,0,0.260473012924194
A045,A,4,67,1,NaN,NaN,0,0.316869974136353
A045,A,4,68,1,NaN,NaN,0,0.338281869888306
A045,A,4,69,1,NaN,NaN,0,0.381007194519043
A045,A,4,70,NaN,1,0,NaN,NaN
A045,A,4,71,1,NaN,NaN,0,0.239912986755371
A045,A,4,72,1,NaN,NaN,0,0.348395109176636
A045,A,4,73,1,NaN,NaN,0,0.330430030822754
A045,A,4,74,1,NaN,NaN,0,0.367366075515747
A045,A,4,75,1,NaN,NaN,0,0.307490110397339
A045,A,4,76,1,NaN,NaN,0,0.268351078033447
A045,A,4,77,1,NaN,NaN,0,0.329675197601318
A045,A,4,78,1,NaN,NaN,0,0.384142160415649
A045,A,4,79,1,NaN,NaN,0,0.32908821105957
A045,A,4,80,NaN,0,1,NaN,NaN
A045,A,4,81,1,NaN,NaN,0,0.153680086135864
A045,A,4,82,1,NaN,NaN,0,NaN
A045,A,4,83,1,NaN,NaN,0,0.258714914321899
A045,A,4,84,1,NaN,NaN,0,0.333083152770996
A045,A,4,85,1,NaN,NaN,0,0.613620042800903
A045,A,4,86,1,NaN,NaN,0,0.377347946166992
A045,A,4,87,1,NaN,NaN,0,0.341763019561768
A045,A,4,88,1,NaN,NaN,0,0.428452014923096
A045,A,4,89,NaN,1,0,NaN,NaN
A045,A,4,90,1,NaN,NaN,0,0.385714054107666
A045,A,4,91,1,NaN,NaN,0,0.482532024383545
A045,A,4,92,1,NaN,NaN,0,0.700554132461548
A045,A,4,93,1,NaN,NaN,0,0.72995400428772
A045,A,4,94,1,NaN,NaN,0,0.580428838729858
A045,A,4,95,1,NaN,NaN,0,0.537474870681763
A045,A,4,96,1,NaN,NaN,0,0.738641977310181
A045,A,4,97,NaN,0,1,NaN,NaN
A045,A,4,98,1,NaN,NaN,0,0.582156896591187
A045,A,4,99,1,NaN,NaN,0,0.33607006072998
A045,A,4,100,1,NaN,NaN,0,0.356945991516113
A045,A,4,101,1,NaN,NaN,0,0.439857006072998
A045,A,4,102,1,NaN,NaN,0,0.583987951278687
A045,A,4,103,1,NaN,NaN,0,0.327857971191406
A045,A,4,104,1,NaN,NaN,0,0.372947931289673
A045,A,4,105,1,NaN,NaN,0,0.533720016479492
A045,A,4,106,NaN,0,1,NaN,NaN
A045,A,4,107,1,NaN,NaN,0,0.269419193267822
A045,A,4,108,0,NaN,NaN,1,NaN
A045,A,4,109,1,NaN,NaN,0,0.283786058425903
A045,A,4,110,1,NaN,NaN,0,0.177742004394531
A045,A,4,111,1,NaN,NaN,0,0.997469902038574
A045,A,4,112,1,NaN,NaN,0,1.08421087265015
A045,A,4,113,NaN,1,0,NaN,NaN
A045,A,4,114,1,NaN,NaN,0,NaN
A045,A,4,115,1,NaN,NaN,0,0.359081029891968
A045,A,4,116,1,NaN,NaN,0,0.313650846481323
A045,A,4,117,1,NaN,NaN,0,0.273822069168091
A045,A,4,118,1,NaN,NaN,0,0.310600996017456
A045,A,4,119,1,NaN,NaN,0,0.303965091705322
A045,A,4,120,1,NaN,NaN,0,0.321926116943359
A045,A,4,121,1,NaN,NaN,0,0.286773920059204
A045,A,4,122,NaN,0,1,NaN,NaN
A045,A,4,123,1,NaN,NaN,0,0.328222036361694
A045,A,4,124,1,NaN,NaN,0,0.301743984222412
A045,A,4,125,1,NaN,NaN,0,0.43562388420105
A045,A,4,126,1,NaN,NaN,0,0.317851066589355
A045,A,4,127,1,NaN,NaN,0,0.583639860153198
A045,A,4,128,1,NaN,NaN,0,0.462634801864624
A045,A,4,129,1,NaN,NaN,0,0.715030908584595
A045,A,4,130,1,NaN,NaN,0,0.444327116012573
A045,A,4,131,1,NaN,NaN,0,0.49757194519043
A045,A,4,132,1,NaN,NaN,0,0.467597007751465
A045,A,4,133,NaN,0,1,NaN,NaN
A045,A,4,134,1,NaN,NaN,0,0.593552827835083
A045,A,4,135,1,NaN,NaN,0,0.722969055175781
A045,A,4,136,1,NaN,NaN,0,0.566543102264404
A045,A,4,137,1,NaN,NaN,0,0.569821834564209
A045,A,4,138,NaN,1,0,NaN,NaN
A045,A,4,139,0,NaN,NaN,1,NaN
A045,A,4,140,1,NaN,NaN,0,0.235603094100952
A045,A,4,141,1,NaN,NaN,0,0.313025951385498
A045,A,4,142,1,NaN,NaN,0,0.379270076751709
A045,A,4,143,1,NaN,NaN,0,0.360372066497803
A045,A,4,144,1,NaN,NaN,0,0.370389938354492
A045,A,4,145,1,NaN,NaN,0,0.44376015663147
A045,A,4,146,NaN,1,0,NaN,NaN
A045,A,4,147,1,NaN,NaN,0,NaN
A045,A,4,148,1,NaN,NaN,0,0.334537982940674
A045,A,4,149,1,NaN,NaN,0,0.468490123748779
A045,A,4,150,1,NaN,NaN,0,0.845878124237061
A045,A,4,151,1,NaN,NaN,0,0.572894096374512
A045,A,4,152,1,NaN,NaN,0,0.5364830493927
A045,A,4,153,1,NaN,NaN,0,0.571380853652954
A045,A,4,154,1,NaN,NaN,0,0.487791061401367
A045,A,4,155,NaN,1,0,NaN,NaN
A045,A,4,156,1,NaN,NaN,0,0.35016393661499
A045,A,4,157,1,NaN,NaN,0,0.226213932037354
A045,A,4,158,1,NaN,NaN,0,0.283836126327515
A045,A,4,159,1,NaN,NaN,0,0.340616941452026
A045,A,4,160,1,NaN,NaN,0,0.390686988830566
A045,A,4,161,1,NaN,NaN,0,0.427851915359497
A045,A,4,162,1,NaN,NaN,0,0.396948099136353
A045,A,4,163,1,NaN,NaN,0,0.357431888580322
A045,A,4,164,1,NaN,NaN,0,0.415054798126221
A045,A,4,165,1,NaN,NaN,0,0.407865047454834
A045,A,4,166,1,NaN,NaN,0,0.40018892288208
A045,A,4,167,1,NaN,NaN,0,0.507172107696533
A045,A,4,168,NaN,0,1,NaN,NaN
A045,A,4,169,1,NaN,NaN,0,0.397819042205811
A045,A,4,170,1,NaN,NaN,0,0.347532987594604
A045,A,4,171,1,NaN,NaN,0,0.509727001190186
A045,A,4,172,1,NaN,NaN,0,0.513986825942993
A045,A,4,173,1,NaN,NaN,0,0.395089149475098
A045,A,4,174,NaN,1,0,NaN,NaN
A045,A,4,175,1,NaN,NaN,0,0.315110921859741
A045,A,4,176,1,NaN,NaN,0,0.353899002075195
A045,A,4,177,1,NaN,NaN,0,0.358613014221191
A045,A,4,178,1,NaN,NaN,0,0.483694076538086
A045,A,4,179,1,NaN,NaN,0,0.426975011825562
A045,A,4,180,1,NaN,NaN,0,0.442826986312866
A045,A,4,181,1,NaN,NaN,0,0.567799806594849
A045,A,4,182,1,NaN,NaN,0,0.682601928710938
A045,A,4,183,NaN,0,1,NaN,NaN
A045,A,4,184,1,NaN,NaN,0,0.31657886505127
A045,A,4,185,1,NaN,NaN,0,0.429709911346436
A045,A,4,186,1,NaN,NaN,0,0.310151100158691
A045,A,4,187,1,NaN,NaN,0,0.462415933609009
A045,A,4,188,1,NaN,NaN,0,0.4253830909729
A045,A,4,189,1,NaN,NaN,0,0.366030931472778
A045,A,4,190,1,NaN,NaN,0,0.274662971496582
A045,A,4,191,NaN,0,1,NaN,NaN
A045,A,4,192,1,NaN,NaN,0,0.449765920639038
A045,A,4,193,1,NaN,NaN,0,0.282036066055298
A045,A,4,194,1,NaN,NaN,0,0.329844951629639
A045,A,4,195,1,NaN,NaN,0,0.366505146026611
A045,A,4,196,1,NaN,NaN,0,0.297586917877197
A045,A,4,197,1,NaN,NaN,0,0.296874046325684
A045,A,4,198,1,NaN,NaN,0,0.285459995269775
A045,A,4,199,1,NaN,NaN,0,0.217599153518677
A045,A,4,200,NaN,0,1,NaN,NaN
A045,A,4,201,1,NaN,NaN,0,NaN
A045,A,4,202,1,NaN,NaN,0,NaN
A045,A,4,203,1,NaN,NaN,0,0.200128078460693
A045,A,4,204,1,NaN,NaN,0,0.376932144165039
A045,A,4,205,1,NaN,NaN,0,0.350710868835449
A045,A,4,206,1,NaN,NaN,0,0.303632020950317
A045,A,4,207,1,NaN,NaN,0,0.224515914916992
A045,A,4,208,1,NaN,NaN,0,0.311022996902466
A045,A,4,209,1,NaN,NaN,0,0.315723180770874
A045,A,4,210,1,NaN,NaN,0,0.442698955535889
A045,A,4,211,1,NaN,NaN,0,0.514835834503174
A045,A,4,212,1,NaN,NaN,0,0.191794157028198
A045,A,4,213,1,NaN,NaN,0,NaN
A045,A,4,214,1,NaN,NaN,0,0.278578996658325
A045,A,4,215,NaN,0,1,NaN,NaN
A045,A,4,216,0,NaN,NaN,1,NaN
A045,A,4,217,1,NaN,NaN,0,0.204649925231934
A045,A,4,218,1,NaN,NaN,0,0.249272108078003
A045,A,4,219,1,NaN,NaN,0,0.337931156158447
A045,A,4,220,1,NaN,NaN,0,0.347032070159912
A045,A,4,221,1,NaN,NaN,0,0.2601158618927
A045,A,4,222,NaN,0,1,NaN,NaN
A045,A,4,223,1,NaN,NaN,0,0.176621913909912
A045,A,4,224,1,NaN,NaN,0,NaN
A045,A,4,225,0,NaN,NaN,1,NaN
A045,A,4,226,1,NaN,NaN,0,NaN
A045,A,4,227,NaN,0,1,NaN,NaN
A045,A,4,228,1,NaN,NaN,0,0.627424955368042
A045,A,4,229,1,NaN,NaN,0,1.04363298416138
A045,A,4,230,0,NaN,NaN,1,NaN
A045,A,4,231,1,NaN,NaN,0,0.442522048950195
A045,A,4,232,1,NaN,NaN,0,0.370319128036499
A045,A,4,233,1,NaN,NaN,0,0.347154855728149
A045,A,4,234,1,NaN,NaN,0,0.332242012023926
A045,A,4,235,1,NaN,NaN,0,0.428280830383301
A045,A,4,236,1,NaN,NaN,0,0.426187038421631
A045,A,4,237,1,NaN,NaN,0,0.31076717376709
A045,A,4,238,1,NaN,NaN,0,0.396764993667603
A045,A,4,239,1,NaN,NaN,0,0.529301881790161
A045,A,4,240,1,NaN,NaN,0,0.416833162307739
A045,A,4,241,1,NaN,NaN,0,0.426793098449707
A045,A,4,242,NaN,0,1,NaN,NaN
A045,A,4,243,1,NaN,NaN,0,0.255162954330444
A045,A,4,244,1,NaN,NaN,0,0.407025814056396
A045,A,4,245,1,NaN,NaN,0,0.710456848144531
A045,A,4,246,1,NaN,NaN,0,1.05873680114746
A045,A,4,247,1,NaN,NaN,0,0.484871864318848
A045,A,4,248,1,NaN,NaN,0,0.353872060775757
A045,A,4,249,1,NaN,NaN,0,0.358795166015625
A045,A,4,250,NaN,0,1,NaN,NaN
A045,A,4,251,0,NaN,NaN,1,NaN
A045,A,4,252,1,NaN,NaN,0,NaN
A045,A,4,253,1,NaN,NaN,0,NaN
A045,A,4,254,NaN,0,1,NaN,NaN
A045,A,4,255,1,NaN,NaN,0,NaN
A045,A,4,256,1,NaN,NaN,0,0.213911056518555
A045,A,4,257,1,NaN,NaN,0,0.227232933044434
A045,A,4,258,1,NaN,NaN,0,0.567801952362061
A045,A,4,259,1,NaN,NaN,0,0.419389009475708
A045,A,4,260,1,NaN,NaN,0,0.265002965927124
A045,A,4,261,1,NaN,NaN,0,0.171735048294067
A045,A,4,262,1,NaN,NaN,0,0.186697006225586
A045,A,4,263,1,NaN,NaN,0,0.288908004760742
A045,A,4,264,1,NaN,NaN,0,0.26589298248291
A045,A,4,265,1,NaN,NaN,0,NaN
A045,A,4,266,1,NaN,NaN,0,0.463103055953979
A045,A,4,267,NaN,0,1,NaN,NaN
A045,A,4,268,1,NaN,NaN,0,0.298671960830688
A045,A,4,269,1,NaN,NaN,0,NaN
A045,A,4,270,1,NaN,NaN,0,0.193859815597534
A045,A,4,271,1,NaN,NaN,0,NaN
A045,A,4,272,1,NaN,NaN,0,NaN
A045,A,4,273,1,NaN,NaN,0,0.731806993484497
A045,A,4,274,1,NaN,NaN,0,0.390763998031616
A045,A,4,275,1,NaN,NaN,0,0.404340028762817
A045,A,4,276,NaN,0,1,NaN,NaN
A045,A,4,277,1,NaN,NaN,0,0.208693981170654
A045,A,4,278,1,NaN,NaN,0,0.373579025268555
A045,A,4,279,1,NaN,NaN,0,0.17090892791748
A045,A,4,280,1,NaN,NaN,0,NaN
A045,A,4,281,1,NaN,NaN,0,0.181423187255859
A045,A,4,282,1,NaN,NaN,0,NaN
A045,A,4,283,1,NaN,NaN,0,0.199145078659058
A045,A,4,284,1,NaN,NaN,0,0.256170034408569
A045,A,4,285,NaN,0,1,NaN,NaN
A045,A,4,286,1,NaN,NaN,0,0.152776002883911
A045,A,4,287,1,NaN,NaN,0,NaN
A045,A,4,288,1,NaN,NaN,0,0.375435829162598
A045,A,4,289,1,NaN,NaN,0,0.315576076507568
A045,A,4,290,1,NaN,NaN,0,0.295711994171143
A045,A,4,291,NaN,0,1,NaN,NaN
A045,A,4,292,1,NaN,NaN,0,0.274178981781006
A045,A,4,293,1,NaN,NaN,0,0.277704954147339
A045,A,4,294,1,NaN,NaN,0,0.346485137939453
A045,A,4,295,1,NaN,NaN,0,0.527535200119019
A045,A,4,296,1,NaN,NaN,0,0.322014093399048
A045,A,4,297,1,NaN,NaN,0,NaN
A045,A,4,298,1,NaN,NaN,0,0.531198024749756
A045,A,4,299,1,NaN,NaN,0,0.289644002914429
A045,A,4,300,NaN,0,1,NaN,NaN
A045,A,4,301,1,NaN,NaN,0,0.265255928039551
A045,A,4,302,1,NaN,NaN,0,NaN
A045,A,4,303,1,NaN,NaN,0,0.223679780960083
A045,A,4,304,1,NaN,NaN,0,0.21649694442749
A045,A,4,305,1,NaN,NaN,0,NaN
A045,A,4,306,0,NaN,NaN,1,NaN
A045,A,4,307,1,NaN,NaN,0,NaN
A045,A,4,308,0,NaN,NaN,1,NaN
A045,A,4,309,1,NaN,NaN,0,NaN
A045,A,4,310,NaN,0,1,NaN,NaN
A045,A,4,311,1,NaN,NaN,0,0.206707954406738
A045,A,4,312,1,NaN,NaN,0,0.280107975006104
A045,A,4,313,1,NaN,NaN,0,0.381204128265381
A045,A,4,314,1,NaN,NaN,0,0.326396942138672
A045,A,4,315,1,NaN,NaN,0,0.533105134963989
A045,A,4,316,1,NaN,NaN,0,0.377433061599731
A045,A,4,317,1,NaN,NaN,0,0.654480934143066
A045,A,4,318,NaN,0,1,NaN,NaN
A045,A,4,319,0,NaN,NaN,1,NaN
A045,A,4,320,1,NaN,NaN,0,NaN
A045,A,4,321,1,NaN,NaN,0,1.14218020439148
A045,A,4,322,0,NaN,NaN,1,NaN
A045,A,4,323,1,NaN,NaN,0,0.293148994445801
A045,A,4,324,1,NaN,NaN,0,0.300958156585693
A045,A,4,325,1,NaN,NaN,0,0.32260799407959
A045,A,4,326,1,NaN,NaN,0,0.299509048461914
A045,A,4,327,1,NaN,NaN,0,0.260700941085815
A045,A,4,328,NaN,0,1,NaN,NaN
A045,A,4,329,1,NaN,NaN,0,0.907596111297607
A045,A,4,330,0,NaN,NaN,1,NaN
A045,A,4,331,1,NaN,NaN,0,NaN
A045,A,4,332,1,NaN,NaN,0,0.301594972610474
A045,A,4,333,1,NaN,NaN,0,0.390764951705933
A045,A,4,334,1,NaN,NaN,0,0.259500026702881
A045,A,4,335,1,NaN,NaN,0,NaN
A045,A,4,336,0,NaN,NaN,1,NaN
A045,A,4,337,1,NaN,NaN,0,0.19821310043335
A045,A,4,338,1,NaN,NaN,0,0.27684497833252
A045,A,4,339,NaN,0,1,NaN,NaN
A045,A,4,340,1,NaN,NaN,0,0.261105060577393
A045,A,4,341,1,NaN,NaN,0,NaN
A045,A,4,342,1,NaN,NaN,0,NaN
A045,A,4,343,1,NaN,NaN,0,0.260411024093628
A045,A,4,344,1,NaN,NaN,0,0.433270931243896
A045,A,4,345,1,NaN,NaN,0,0.364670038223267
A045,A,4,346,1,NaN,NaN,0,0.362007141113281
A045,A,4,347,NaN,0,1,NaN,NaN
A045,A,4,348,1,NaN,NaN,0,0.325381994247437
A045,A,4,349,1,NaN,NaN,0,0.18824291229248
A045,A,4,350,1,NaN,NaN,0,0.42761492729187
A045,A,4,351,1,NaN,NaN,0,0.432375907897949
A045,A,4,352,1,NaN,NaN,0,0.500402927398682
A045,A,4,353,1,NaN,NaN,0,0.528948783874512
A045,A,4,354,1,NaN,NaN,0,0.545557022094727
A045,A,4,355,NaN,1,0,NaN,NaN
A045,A,4,356,1,NaN,NaN,0,0.327794075012207
A045,A,4,357,1,NaN,NaN,0,NaN
A045,A,4,358,1,NaN,NaN,0,NaN
A045,A,4,359,1,NaN,NaN,0,0.3769850730896
A045,A,4,360,1,NaN,NaN,0,0.414340019226074
A045,A,4,361,1,NaN,NaN,0,0.517250061035156
A045,A,4,362,1,NaN,NaN,0,0.343828916549683
A045,A,4,363,0,NaN,NaN,1,NaN
A045,A,4,364,1,NaN,NaN,0,NaN
A045,A,4,365,1,NaN,NaN,0,NaN
A045,A,4,366,NaN,0,1,NaN,NaN
A045,A,4,367,1,NaN,NaN,0,NaN
A045,A,4,368,1,NaN,NaN,0,0.270598173141479
A045,A,4,369,1,NaN,NaN,0,0.268122911453247
A045,A,4,370,1,NaN,NaN,0,0.364784002304077
A045,A,4,371,1,NaN,NaN,0,0.260749101638794
A045,A,4,372,1,NaN,NaN,0,0.281270980834961
A045,A,4,373,1,NaN,NaN,0,0.275593996047974
A045,A,4,374,1,NaN,NaN,0,0.256537914276123
A045,A,4,375,NaN,0,1,NaN,NaN
A045,A,4,376,1,NaN,NaN,0,0.296901941299438
A045,A,4,377,1,NaN,NaN,0,0.339406967163086
A045,A,4,378,1,NaN,NaN,0,0.298022985458374
A045,A,4,379,1,NaN,NaN,0,0.165886878967285
A045,A,4,380,NaN,0,1,NaN,NaN
A045,A,4,381,1,NaN,NaN,0,NaN
A045,A,4,382,1,NaN,NaN,0,0.263924121856689
A045,A,4,383,1,NaN,NaN,0,0.305079936981201
A045,A,4,384,1,NaN,NaN,0,0.347710847854614
A045,A,4,385,1,NaN,NaN,0,0.202176094055176
A045,A,4,386,1,NaN,NaN,0,0.350366830825806
A045,A,4,387,1,NaN,NaN,0,0.382757186889648
A045,A,4,388,1,NaN,NaN,0,0.390161991119385
A045,A,4,389,1,NaN,NaN,0,0.362496137619019
A045,A,4,390,1,NaN,NaN,0,0.757281064987183
A045,A,4,391,NaN,1,0,NaN,NaN
A045,A,4,392,1,NaN,NaN,0,0.266858100891113
A045,A,4,393,1,NaN,NaN,0,0.401668787002563
A045,A,4,394,1,NaN,NaN,0,0.415285110473633
A045,A,4,395,1,NaN,NaN,0,0.569291114807129
A045,A,4,396,1,NaN,NaN,0,0.594503164291382
A045,A,4,397,1,NaN,NaN,0,0.449882984161377
A045,A,4,398,1,NaN,NaN,0,0.510798931121826
A045,A,4,399,1,NaN,NaN,0,0.634462118148804
A045,A,4,400,1,NaN,NaN,0,0.595149040222168
A045,A,4,401,1,NaN,NaN,0,0.570605039596558
A045,A,4,402,NaN,1,0,NaN,NaN
A045,A,4,403,1,NaN,NaN,0,0.309350967407227
A045,A,4,404,1,NaN,NaN,0,0.481876850128174
A045,A,4,405,1,NaN,NaN,0,0.431784152984619
A045,A,4,406,1,NaN,NaN,0,0.452723979949951
A045,A,4,407,1,NaN,NaN,0,0.428455829620361
A045,A,4,408,1,NaN,NaN,0,0.577243804931641
A045,A,4,409,1,NaN,NaN,0,0.416056871414185
A045,A,4,410,1,NaN,NaN,0,0.385879993438721
A045,A,4,411,1,NaN,NaN,0,0.358333110809326
A045,A,4,412,NaN,0,1,NaN,NaN
A045,A,4,413,1,NaN,NaN,0,0.6736159324646
A045,A,4,414,1,NaN,NaN,0,0.395493984222412
A045,A,4,415,1,NaN,NaN,0,NaN
A045,A,4,416,1,NaN,NaN,0,0.682928085327148
A045,A,4,417,1,NaN,NaN,0,0.359339952468872
A045,A,4,418,1,NaN,NaN,0,NaN
A045,A,4,419,NaN,0,1,NaN,NaN
A045,A,4,420,1,NaN,NaN,0,0.363171100616455
A045,A,4,421,1,NaN,NaN,0,0.375306129455566
A045,A,4,422,1,NaN,NaN,0,0.345941781997681
A045,A,4,423,1,NaN,NaN,0,0.338884115219116
A045,A,4,424,1,NaN,NaN,0,0.385226964950562
A045,A,4,425,1,NaN,NaN,0,0.290210962295532
A045,A,4,426,1,NaN,NaN,0,0.29692006111145
A045,A,4,427,NaN,0,1,NaN,NaN
A045,A,4,428,1,NaN,NaN,0,0.263763189315796
A045,A,4,429,1,NaN,NaN,0,0.34355902671814
A045,A,4,430,1,NaN,NaN,0,0.298340082168579
A045,A,4,431,1,NaN,NaN,0,0.260957002639771
A045,A,4,432,1,NaN,NaN,0,0.353801965713501
A045,A,4,433,1,NaN,NaN,0,0.286375999450684
A045,A,4,434,1,NaN,NaN,0,0.34210205078125
A045,A,4,435,1,NaN,NaN,0,0.329360961914062
A045,A,4,436,1,NaN,NaN,0,0.380212068557739
A045,A,4,437,NaN,0,1,NaN,NaN
A045,A,4,438,1,NaN,NaN,0,NaN
A045,A,4,439,1,NaN,NaN,0,0.228339910507202
A045,A,4,440,1,NaN,NaN,0,0.321753978729248
A045,A,4,441,1,NaN,NaN,0,0.229897022247314
A045,A,4,442,1,NaN,NaN,0,0.671239852905273
A045,A,4,443,1,NaN,NaN,0,0.280838012695312
A045,A,4,444,1,NaN,NaN,0,0.316443920135498
A045,A,4,445,1,NaN,NaN,0,0.37747597694397
A045,A,4,446,1,NaN,NaN,0,0.419617891311646
A045,A,4,447,1,NaN,NaN,0,0.423634052276611
A045,A,4,448,1,NaN,NaN,0,0.375615119934082
A045,A,4,449,NaN,0,1,NaN,NaN
A045,A,4,450,1,NaN,NaN,0,0.311314105987549
A045,A,4,451,1,NaN,NaN,0,0.336484909057617
A045,A,4,452,1,NaN,NaN,0,0.193846940994263
A045,A,4,453,1,NaN,NaN,0,0.378099203109741
A045,A,4,454,1,NaN,NaN,0,0.362906932830811
A045,A,4,455,1,NaN,NaN,0,0.358144044876099
A045,A,4,456,NaN,0,1,NaN,NaN
A045,A,4,457,1,NaN,NaN,0,NaN
A045,A,4,458,1,NaN,NaN,0,NaN
A045,A,4,459,1,NaN,NaN,0,0.19037914276123
A045,A,4,460,1,NaN,NaN,0,NaN
A045,A,4,461,1,NaN,NaN,0,0.293040037155151
A045,A,4,462,1,NaN,NaN,0,0.223610877990723
A045,A,4,463,NaN,0,1,NaN,NaN
A045,A,4,464,1,NaN,NaN,0,0.43986701965332
A045,A,4,465,1,NaN,NaN,0,0.3173508644104
A045,A,4,466,1,NaN,NaN,0,0.325150012969971
A045,A,4,467,1,NaN,NaN,0,0.314990043640137
A045,A,4,468,1,NaN,NaN,0,0.172839164733887
A045,A,4,469,0,NaN,NaN,1,NaN
A045,A,4,470,1,NaN,NaN,0,NaN
A045,A,4,471,NaN,0,1,NaN,NaN
A045,A,4,472,1,NaN,NaN,0,0.246056795120239
A045,A,4,473,1,NaN,NaN,0,0.171024084091187
A045,A,4,474,1,NaN,NaN,0,1.18035387992859
A045,A,4,475,0,NaN,NaN,1,NaN
A045,A,4,476,1,NaN,NaN,0,0.328845977783203
A045,A,4,477,1,NaN,NaN,0,0.311002016067505
A045,A,4,478,1,NaN,NaN,0,NaN
A045,A,4,479,1,NaN,NaN,0,0.289792060852051
A045,A,4,480,NaN,0,1,NaN,NaN
A045,A,4,481,1,NaN,NaN,0,0.227097988128662
A045,A,4,482,1,NaN,NaN,0,0.172232866287231
A045,A,4,483,1,NaN,NaN,0,0.325726985931396
A045,A,4,484,1,NaN,NaN,0,0.36899209022522
A045,A,4,485,1,NaN,NaN,0,0.369285106658936
A045,A,4,486,1,NaN,NaN,0,0.307851791381836
A045,A,4,487,1,NaN,NaN,0,0.362482070922852
A045,A,4,488,1,NaN,NaN,0,0.427358865737915
A045,A,4,489,NaN,1,0,NaN,NaN
A045,A,4,490,1,NaN,NaN,0,NaN
A045,A,4,491,0,NaN,NaN,1,NaN
A045,A,4,492,1,NaN,NaN,0,NaN
A045,A,4,493,1,NaN,NaN,0,NaN
A045,A,4,494,1,NaN,NaN,0,NaN
A045,A,4,495,1,NaN,NaN,0,NaN
A045,A,4,496,1,NaN,NaN,0,0.259487867355347
A045,A,4,497,1,NaN,NaN,0,NaN
A045,A,4,498,1,NaN,NaN,0,0.308861970901489
A045,A,4,499,1,NaN,NaN,0,1.10551404953003
A045,A,4,500,1,NaN,NaN,0,0.973721027374268
A045,A,4,501,NaN,0,1,NaN,NaN
A045,A,4,502,1,NaN,NaN,0,0.62261700630188
A045,A,4,503,1,NaN,NaN,0,0.340197086334229
A045,A,4,504,1,NaN,NaN,0,0.352218866348267
A045,A,4,505,1,NaN,NaN,0,0.385700941085815
A045,A,4,506,1,NaN,NaN,0,0.340785026550293
A045,A,4,507,1,NaN,NaN,0,0.37053394317627
A045,A,4,508,1,NaN,NaN,0,0.660700082778931
A045,A,4,509,1,NaN,NaN,0,0.387002944946289
A045,A,4,510,1,NaN,NaN,0,0.239911079406738
A045,A,4,511,0,NaN,NaN,1,NaN
A045,A,4,512,NaN,0,1,NaN,NaN
A045,A,4,513,1,NaN,NaN,0,0.320245027542114
A045,A,4,514,1,NaN,NaN,0,NaN
A045,A,4,515,1,NaN,NaN,0,0.416037082672119
A045,A,4,516,1,NaN,NaN,0,0.374944925308228
A045,A,4,517,1,NaN,NaN,0,0.59931492805481
A045,A,4,518,1,NaN,NaN,0,0.355991125106812
A045,A,4,519,1,NaN,NaN,0,0.345196962356567
A045,A,4,520,NaN,0,1,NaN,NaN
A045,A,4,521,1,NaN,NaN,0,NaN
A045,A,4,522,1,NaN,NaN,0,0.27828311920166
A045,A,4,523,1,NaN,NaN,0,NaN
A045,A,4,524,1,NaN,NaN,0,0.345999956130981
A045,A,4,525,1,NaN,NaN,0,0.367631912231445
A045,A,4,526,NaN,1,0,NaN,NaN
A045,A,4,527,1,NaN,NaN,0,0.312847137451172
A045,A,4,528,1,NaN,NaN,0,0.359222888946533
A045,A,4,529,1,NaN,NaN,0,0.354547023773193
A045,A,4,530,1,NaN,NaN,0,0.396088838577271
A045,A,4,531,1,NaN,NaN,0,0.418857097625732
A045,A,4,532,1,NaN,NaN,0,0.486310958862305
A045,A,4,533,1,NaN,NaN,0,0.427082777023315
A045,A,4,534,NaN,1,0,NaN,NaN
A045,A,4,535,1,NaN,NaN,0,NaN
A045,A,4,536,1,NaN,NaN,0,0.319268941879272
A045,A,4,537,1,NaN,NaN,0,0.360359907150269
A045,A,4,538,1,NaN,NaN,0,0.358392000198364
A045,A,4,539,1,NaN,NaN,0,0.418740034103394
A045,A,4,540,1,NaN,NaN,0,0.352522850036621
A045,A,4,541,1,NaN,NaN,0,0.385274887084961
A045,A,4,542,1,NaN,NaN,0,0.433137893676758
A045,A,4,543,1,NaN,NaN,0,0.353871822357178
A045,A,4,544,1,NaN,NaN,0,0.370550870895386
A045,A,4,545,1,NaN,NaN,0,0.387920141220093
A045,A,4,546,1,NaN,NaN,0,0.29497504234314
A045,A,4,547,1,NaN,NaN,0,0.267836093902588
A045,A,4,548,NaN,0,1,NaN,NaN
