SubID,Group,BlockN,nTrial,GoTrials,NoGoTrials,FA,Misses,RT
C031,C,1,1,1,NaN,NaN,0,0.521602869033813
C031,C,1,2,1,NaN,NaN,0,0.384032011032104
C031,C,1,3,1,NaN,NaN,0,0.286625146865845
C031,C,1,4,1,NaN,NaN,0,0.381162881851196
C031,C,1,5,1,NaN,NaN,0,0.288228988647461
C031,C,1,6,1,NaN,NaN,0,0.333834171295166
C031,C,1,7,1,NaN,NaN,0,0.371304988861084
C031,C,1,8,1,NaN,NaN,0,0.34876012802124
C031,C,1,9,NaN,1,0,NaN,NaN
C031,C,1,10,1,NaN,NaN,0,0.294312000274658
C031,C,1,11,1,NaN,NaN,0,0.299516201019287
C031,C,1,12,1,NaN,NaN,0,0.297461986541748
C031,C,1,13,1,NaN,NaN,0,0.380469083786011
C031,C,1,14,1,NaN,NaN,0,0.299699068069458
C031,C,1,15,1,NaN,NaN,0,0.305614948272705
C031,C,1,16,1,NaN,NaN,0,0.43384313583374
C031,C,1,17,NaN,1,0,NaN,NaN
C031,C,1,18,1,NaN,NaN,0,0.281270027160645
C031,C,1,19,1,NaN,NaN,0,0.289975881576538
C031,C,1,20,1,NaN,NaN,0,0.279335975646973
C031,C,1,21,1,NaN,NaN,0,0.288732051849365
C031,C,1,22,1,NaN,NaN,0,0.299789190292358
C031,C,1,23,NaN,1,0,NaN,NaN
C031,C,1,24,1,NaN,NaN,0,0.411067962646484
C031,C,1,25,1,NaN,NaN,0,0.276527166366577
C031,C,1,26,1,NaN,NaN,0,0.287036895751953
C031,C,1,27,1,NaN,NaN,0,0.28756308555603
C031,C,1,28,1,NaN,NaN,0,0.30859899520874
C031,C,1,29,1,NaN,NaN,0,0.253839015960693
C031,C,1,30,1,NaN,NaN,0,0.283190011978149
C031,C,1,31,1,NaN,NaN,0,0.280266046524048
C031,C,1,32,1,NaN,NaN,0,0.273021936416626
C031,C,1,33,1,NaN,NaN,0,0.258469104766846
C031,C,1,34,1,NaN,NaN,0,0.240802049636841
C031,C,1,35,NaN,0,1,NaN,NaN
C031,C,1,36,1,NaN,NaN,0,0.289424896240234
C031,C,1,37,1,NaN,NaN,0,0.282665014266968
C031,C,1,38,NaN,1,0,NaN,NaN
C031,C,1,39,1,NaN,NaN,0,0.422703981399536
C031,C,1,40,1,NaN,NaN,0,0.31377911567688
C031,C,1,41,1,NaN,NaN,0,0.287036180496216
C031,C,1,42,1,NaN,NaN,0,0.264863967895508
C031,C,1,43,1,NaN,NaN,0,0.292712926864624
C031,C,1,44,1,NaN,NaN,0,0.29590892791748
C031,C,1,45,1,NaN,NaN,0,0.280669927597046
C031,C,1,46,1,NaN,NaN,0,0.260854959487915
C031,C,1,47,1,NaN,NaN,0,0.351467847824097
C031,C,1,48,1,NaN,NaN,0,0.324109077453613
C031,C,1,49,1,NaN,NaN,0,0.271564960479736
C031,C,1,50,1,NaN,NaN,0,0.333036184310913
C031,C,1,51,NaN,1,0,NaN,NaN
C031,C,1,52,1,NaN,NaN,0,0.26308798789978
C031,C,1,53,1,NaN,NaN,0,0.236350059509277
C031,C,1,54,1,NaN,NaN,0,0.370166063308716
C031,C,1,55,1,NaN,NaN,0,0.255261898040771
C031,C,1,56,1,NaN,NaN,0,0.325124025344849
C031,C,1,57,1,NaN,NaN,0,0.460543870925903
C031,C,1,58,1,NaN,NaN,0,0.305413961410522
C031,C,1,59,1,NaN,NaN,0,0.384154081344604
C031,C,1,60,NaN,1,0,NaN,NaN
C031,C,1,61,1,NaN,NaN,0,0.296047925949097
C031,C,1,62,1,NaN,NaN,0,0.259828805923462
C031,C,1,63,1,NaN,NaN,0,0.279834985733032
C031,C,1,64,1,NaN,NaN,0,0.333905935287476
C031,C,1,65,1,NaN,NaN,0,0.410024166107178
C031,C,1,66,1,NaN,NaN,0,0.342832088470459
C031,C,1,67,1,NaN,NaN,0,0.352699995040894
C031,C,1,68,NaN,1,0,NaN,NaN
C031,C,1,69,1,NaN,NaN,0,0.284187078475952
C031,C,1,70,1,NaN,NaN,0,0.251532077789307
C031,C,1,71,1,NaN,NaN,0,0.345485210418701
C031,C,1,72,1,NaN,NaN,0,0.36887788772583
C031,C,1,73,1,NaN,NaN,0,0.361537218093872
C031,C,1,74,1,NaN,NaN,0,0.325650930404663
C031,C,1,75,1,NaN,NaN,0,0.288010120391846
C031,C,1,76,1,NaN,NaN,0,0.268522024154663
C031,C,1,77,1,NaN,NaN,0,0.30895209312439
C031,C,1,78,1,NaN,NaN,0,0.28276801109314
C031,C,1,79,NaN,0,1,NaN,NaN
C031,C,1,80,1,NaN,NaN,0,0.331485986709595
C031,C,1,81,1,NaN,NaN,0,0.508183002471924
C031,C,1,82,1,NaN,NaN,0,0.280110836029053
C031,C,1,83,1,NaN,NaN,0,0.274049997329712
C031,C,1,84,1,NaN,NaN,0,0.369488000869751
C031,C,1,85,1,NaN,NaN,0,0.38710618019104
C031,C,1,86,1,NaN,NaN,0,0.476495981216431
C031,C,1,87,1,NaN,NaN,0,0.382741212844849
C031,C,1,88,1,NaN,NaN,0,0.353731870651245
C031,C,1,89,NaN,1,0,NaN,NaN
C031,C,1,90,1,NaN,NaN,0,0.264066934585571
C031,C,1,91,1,NaN,NaN,0,0.257753133773804
C031,C,1,92,1,NaN,NaN,0,0.195160865783691
C031,C,1,93,1,NaN,NaN,0,0.610100030899048
C031,C,1,94,1,NaN,NaN,0,0.375441074371338
C031,C,1,95,1,NaN,NaN,0,0.288806915283203
C031,C,1,96,1,NaN,NaN,0,0.341765880584717
C031,C,1,97,NaN,1,0,NaN,NaN
C031,C,1,98,1,NaN,NaN,0,0.274696826934814
C031,C,1,99,1,NaN,NaN,0,0.351670980453491
C031,C,1,100,1,NaN,NaN,0,0.41687798500061
C031,C,1,101,1,NaN,NaN,0,0.381855964660645
C031,C,1,102,1,NaN,NaN,0,0.385483026504517
C031,C,1,103,NaN,1,0,NaN,NaN
C031,C,1,104,1,NaN,NaN,0,0.310409069061279
C031,C,1,105,1,NaN,NaN,0,0.335126161575317
C031,C,1,106,1,NaN,NaN,0,0.286902189254761
C031,C,1,107,1,NaN,NaN,0,0.33863091468811
C031,C,1,108,1,NaN,NaN,0,0.28820013999939
C031,C,1,109,1,NaN,NaN,0,0.258359909057617
C031,C,1,110,1,NaN,NaN,0,0.291934013366699
C031,C,1,111,1,NaN,NaN,0,0.327533006668091
C031,C,1,112,1,NaN,NaN,0,0.354856014251709
C031,C,1,113,NaN,1,0,NaN,NaN
C031,C,1,114,1,NaN,NaN,0,0.297120094299316
C031,C,1,115,1,NaN,NaN,0,0.334805011749268
C031,C,1,116,1,NaN,NaN,0,0.339303016662598
C031,C,1,117,1,NaN,NaN,0,0.285013914108276
C031,C,1,118,1,NaN,NaN,0,0.293493986129761
C031,C,1,119,1,NaN,NaN,0,0.351644039154053
C031,C,1,120,1,NaN,NaN,0,0.304280996322632
C031,C,1,121,NaN,1,0,NaN,NaN
C031,C,1,122,1,NaN,NaN,0,0.328423023223877
C031,C,1,123,1,NaN,NaN,0,0.317163944244385
C031,C,1,124,1,NaN,NaN,0,0.304257869720459
C031,C,1,125,1,NaN,NaN,0,0.174561977386475
C031,C,1,126,1,NaN,NaN,0,0.761451005935669
C031,C,1,127,1,NaN,NaN,0,0.353003978729248
C031,C,1,128,1,NaN,NaN,0,0.28385591506958
C031,C,1,129,1,NaN,NaN,0,0.392252922058105
C031,C,1,130,NaN,1,0,NaN,NaN
C031,C,1,131,1,NaN,NaN,0,0.310015916824341
C031,C,1,132,1,NaN,NaN,0,0.275051116943359
C031,C,1,133,1,NaN,NaN,0,0.602535963058472
C031,C,1,134,1,NaN,NaN,0,0.400315046310425
C031,C,1,135,1,NaN,NaN,0,0.398641109466553
C031,C,1,136,1,NaN,NaN,0,0.416015148162842
C031,C,1,137,1,NaN,NaN,0,0.481784105300903
C031,C,1,138,1,NaN,NaN,0,0.478755950927734
C031,C,1,139,1,NaN,NaN,0,0.47124719619751
C031,C,1,140,1,NaN,NaN,0,0.384191989898682
C031,C,1,141,NaN,1,0,NaN,NaN
C031,C,1,142,1,NaN,NaN,0,0.436227083206177
C031,C,1,143,1,NaN,NaN,0,0.257640838623047
C031,C,1,144,1,NaN,NaN,0,0.314855098724365
C031,C,1,145,1,NaN,NaN,0,0.288918972015381
C031,C,1,146,1,NaN,NaN,0,0.277446985244751
C031,C,1,147,1,NaN,NaN,0,0.247591972351074
C031,C,1,148,1,NaN,NaN,0,0.318994045257568
C031,C,1,149,1,NaN,NaN,0,0.32542896270752
C031,C,1,150,NaN,1,0,NaN,NaN
C031,C,1,151,1,NaN,NaN,0,0.291012048721313
C031,C,1,152,1,NaN,NaN,0,0.240621089935303
C031,C,1,153,1,NaN,NaN,0,NaN
C031,C,1,154,1,NaN,NaN,0,0.430426120758057
C031,C,1,155,1,NaN,NaN,0,0.303668022155762
C031,C,1,156,1,NaN,NaN,0,0.342882871627808
C031,C,1,157,1,NaN,NaN,0,0.284198999404907
C031,C,1,158,NaN,1,0,NaN,NaN
C031,C,1,159,1,NaN,NaN,0,0.29120397567749
C031,C,1,160,1,NaN,NaN,0,0.27602481842041
C031,C,1,161,1,NaN,NaN,0,0.34343695640564
C031,C,1,162,1,NaN,NaN,0,0.342592000961304
C031,C,1,163,1,NaN,NaN,0,0.300762176513672
C031,C,1,164,1,NaN,NaN,0,0.339911937713623
C031,C,1,165,1,NaN,NaN,0,0.293152093887329
C031,C,1,166,1,NaN,NaN,0,0.307559013366699
C031,C,1,167,1,NaN,NaN,0,0.332981109619141
C031,C,1,168,NaN,0,1,NaN,NaN
C031,C,1,169,1,NaN,NaN,0,0.340276002883911
C031,C,1,170,1,NaN,NaN,0,0.233202934265137
C031,C,1,171,1,NaN,NaN,0,0.419316053390503
C031,C,1,172,1,NaN,NaN,0,0.405895948410034
C031,C,1,173,NaN,1,0,NaN,NaN
C031,C,1,174,1,NaN,NaN,0,0.348011016845703
C031,C,1,175,1,NaN,NaN,0,0.279594898223877
C031,C,1,176,1,NaN,NaN,0,0.209719181060791
C031,C,1,177,1,NaN,NaN,0,0.390602111816406
C031,C,1,178,1,NaN,NaN,0,0.321978092193604
C031,C,1,179,1,NaN,NaN,0,0.314276933670044
C031,C,1,180,1,NaN,NaN,0,0.372538089752197
C031,C,1,181,1,NaN,NaN,0,0.309688091278076
C031,C,1,182,NaN,0,1,NaN,NaN
C031,C,1,183,1,NaN,NaN,0,0.331455945968628
C031,C,1,184,1,NaN,NaN,0,0.369854927062988
C031,C,1,185,1,NaN,NaN,0,0.283195018768311
C031,C,1,186,1,NaN,NaN,0,0.328638076782227
C031,C,1,187,1,NaN,NaN,0,0.384637117385864
C031,C,1,188,1,NaN,NaN,0,0.32761287689209
C031,C,1,189,1,NaN,NaN,0,0.347193956375122
C031,C,1,190,1,NaN,NaN,0,0.383645057678223
C031,C,1,191,1,NaN,NaN,0,0.392812967300415
C031,C,1,192,1,NaN,NaN,0,0.345752000808716
C031,C,1,193,1,NaN,NaN,0,0.38447904586792
C031,C,1,194,1,NaN,NaN,0,0.329735040664673
C031,C,1,195,1,NaN,NaN,0,0.343009948730469
C031,C,1,196,NaN,1,0,NaN,NaN
C031,C,1,197,1,NaN,NaN,0,0.264883995056152
C031,C,1,198,1,NaN,NaN,0,0.293432950973511
C031,C,1,199,1,NaN,NaN,0,0.27524209022522
C031,C,1,200,1,NaN,NaN,0,0.27851390838623
C031,C,1,201,NaN,0,1,NaN,NaN
C031,C,1,202,1,NaN,NaN,0,0.333860158920288
C031,C,1,203,1,NaN,NaN,0,0.28941798210144
C031,C,1,204,1,NaN,NaN,0,0.241834878921509
C031,C,1,205,1,NaN,NaN,0,0.298228979110718
C031,C,1,206,1,NaN,NaN,0,0.390034198760986
C031,C,1,207,1,NaN,NaN,0,0.423697948455811
C031,C,1,208,1,NaN,NaN,0,0.34948205947876
C031,C,1,209,1,NaN,NaN,0,0.383341789245605
C031,C,1,210,1,NaN,NaN,0,0.442370891571045
C031,C,1,211,1,NaN,NaN,0,0.42775821685791
C031,C,1,212,NaN,1,0,NaN,NaN
C031,C,1,213,1,NaN,NaN,0,0.319762945175171
C031,C,1,214,1,NaN,NaN,0,0.302482128143311
C031,C,1,215,1,NaN,NaN,0,0.399101972579956
C031,C,1,216,1,NaN,NaN,0,0.548326015472412
C031,C,1,217,1,NaN,NaN,0,0.520875930786133
C031,C,1,218,1,NaN,NaN,0,0.617302179336548
C031,C,1,219,1,NaN,NaN,0,0.482093095779419
C031,C,1,220,1,NaN,NaN,0,0.636398077011108
C031,C,1,221,1,NaN,NaN,0,0.544554948806763
C031,C,1,222,1,NaN,NaN,0,0.367980003356934
C031,C,1,223,NaN,1,0,NaN,NaN
C031,C,1,224,1,NaN,NaN,0,0.26270580291748
C031,C,1,225,1,NaN,NaN,0,0.284402132034302
C031,C,1,226,1,NaN,NaN,0,0.305629014968872
C031,C,1,227,1,NaN,NaN,0,0.319827079772949
C031,C,1,228,1,NaN,NaN,0,0.324875116348267
C031,C,1,229,1,NaN,NaN,0,0.353929996490479
C031,C,1,230,1,NaN,NaN,0,0.34148097038269
C031,C,1,231,1,NaN,NaN,0,0.307363033294678
C031,C,1,232,NaN,0,1,NaN,NaN
C031,C,1,233,1,NaN,NaN,0,0.296773910522461
C031,C,1,234,1,NaN,NaN,0,0.349140882492065
C031,C,1,235,1,NaN,NaN,0,0.304800033569336
C031,C,1,236,1,NaN,NaN,0,0.330074071884155
C031,C,1,237,1,NaN,NaN,0,0.466490030288696
C031,C,1,238,1,NaN,NaN,0,0.535032987594604
C031,C,1,239,1,NaN,NaN,0,0.378228187561035
C031,C,1,240,1,NaN,NaN,0,0.310657978057861
C031,C,1,241,NaN,1,0,NaN,NaN
C031,C,1,242,1,NaN,NaN,0,0.3001708984375
C031,C,1,243,1,NaN,NaN,0,0.336747884750366
C031,C,1,244,1,NaN,NaN,0,0.417913913726807
C031,C,1,245,1,NaN,NaN,0,0.438517093658447
C031,C,1,246,1,NaN,NaN,0,0.601156949996948
C031,C,1,247,NaN,1,0,NaN,NaN
C031,C,1,248,1,NaN,NaN,0,0.354463815689087
C031,C,1,249,1,NaN,NaN,0,0.491578102111816
C031,C,1,250,1,NaN,NaN,0,0.464046001434326
C031,C,1,251,1,NaN,NaN,0,0.479631900787354
C031,C,1,252,1,NaN,NaN,0,0.479819059371948
C031,C,1,253,1,NaN,NaN,0,0.382286071777344
C031,C,1,254,NaN,1,0,NaN,NaN
C031,C,1,255,1,NaN,NaN,0,0.273309946060181
C031,C,1,256,1,NaN,NaN,0,0.274909973144531
C031,C,1,257,1,NaN,NaN,0,0.291463851928711
C031,C,1,258,1,NaN,NaN,0,0.26387619972229
C031,C,1,259,1,NaN,NaN,0,0.326733827590942
C031,C,1,260,1,NaN,NaN,0,0.322021961212158
C031,C,1,261,1,NaN,NaN,0,0.334891080856323
C031,C,1,262,1,NaN,NaN,0,0.356024980545044
C031,C,1,263,1,NaN,NaN,0,0.348803043365479
C031,C,1,264,1,NaN,NaN,0,0.325472116470337
C031,C,1,265,1,NaN,NaN,0,0.338215112686157
C031,C,1,266,NaN,0,1,NaN,NaN
C031,C,1,267,1,NaN,NaN,0,0.29102087020874
C031,C,1,268,1,NaN,NaN,0,0.279953956604004
C031,C,1,269,1,NaN,NaN,0,0.304661989212036
C031,C,1,270,1,NaN,NaN,0,0.442214965820312
C031,C,1,271,1,NaN,NaN,0,0.513386964797974
C031,C,1,272,1,NaN,NaN,0,0.518855094909668
C031,C,1,273,1,NaN,NaN,0,0.376080989837646
C031,C,1,274,1,NaN,NaN,0,0.370326995849609
C031,C,1,275,1,NaN,NaN,0,0.405404090881348
C031,C,1,276,1,NaN,NaN,0,0.400241136550903
C031,C,1,277,1,NaN,NaN,0,0.436241865158081
C031,C,1,278,NaN,1,0,NaN,NaN
C031,C,1,279,1,NaN,NaN,0,0.300479173660278
C031,C,1,280,1,NaN,NaN,0,0.322376012802124
C031,C,1,281,1,NaN,NaN,0,0.371170997619629
C031,C,1,282,1,NaN,NaN,0,0.364628076553345
C031,C,1,283,1,NaN,NaN,0,0.494150161743164
C031,C,1,284,1,NaN,NaN,0,0.374040126800537
C031,C,1,285,NaN,1,0,NaN,NaN
C031,C,1,286,1,NaN,NaN,0,0.284343957901001
C031,C,1,287,1,NaN,NaN,0,0.551048994064331
C031,C,1,288,1,NaN,NaN,0,0.332452058792114
C031,C,1,289,1,NaN,NaN,0,0.387916803359985
C031,C,1,290,1,NaN,NaN,0,0.425022840499878
C031,C,1,291,1,NaN,NaN,0,0.389377117156982
C031,C,1,292,1,NaN,NaN,0,0.337383031845093
C031,C,1,293,1,NaN,NaN,0,0.386935949325562
C031,C,1,294,NaN,1,0,NaN,NaN
C031,C,1,295,1,NaN,NaN,0,0.401691913604736
C031,C,1,296,1,NaN,NaN,0,0.391414880752563
C031,C,1,297,1,NaN,NaN,0,0.4321129322052
C031,C,1,298,1,NaN,NaN,0,0.309252977371216
C031,C,1,299,1,NaN,NaN,0,0.298737049102783
C031,C,1,300,1,NaN,NaN,0,0.42461895942688
C031,C,1,301,1,NaN,NaN,0,0.293514013290405
C031,C,1,302,1,NaN,NaN,0,0.353410959243774
C031,C,1,303,1,NaN,NaN,0,0.299372911453247
C031,C,1,304,NaN,1,0,NaN,NaN
C031,C,1,305,1,NaN,NaN,0,0.393017053604126
C031,C,1,306,1,NaN,NaN,0,0.305423974990845
C031,C,1,307,1,NaN,NaN,0,0.324986934661865
C031,C,1,308,1,NaN,NaN,0,0.277837038040161
C031,C,1,309,1,NaN,NaN,0,0.299832820892334
C031,C,1,310,NaN,1,0,NaN,NaN
C031,C,1,311,1,NaN,NaN,0,0.288548231124878
C031,C,1,312,1,NaN,NaN,0,0.292213916778564
C031,C,1,313,1,NaN,NaN,0,0.291122913360596
C031,C,1,314,1,NaN,NaN,0,0.255697011947632
C031,C,1,315,1,NaN,NaN,0,0.289480209350586
C031,C,1,316,1,NaN,NaN,0,0.305294990539551
C031,C,1,317,1,NaN,NaN,0,0.337808132171631
C031,C,1,318,1,NaN,NaN,0,0.457435131072998
C031,C,1,319,1,NaN,NaN,0,0.41082501411438
C031,C,1,320,1,NaN,NaN,0,0.385198831558228
C031,C,1,321,1,NaN,NaN,0,0.345969200134277
C031,C,1,322,NaN,1,0,NaN,NaN
C031,C,1,323,1,NaN,NaN,0,0.269468069076538
C031,C,1,324,1,NaN,NaN,0,0.370070934295654
C031,C,1,325,1,NaN,NaN,0,0.326498031616211
C031,C,1,326,1,NaN,NaN,0,0.391432046890259
C031,C,1,327,1,NaN,NaN,0,0.344715118408203
C031,C,1,328,1,NaN,NaN,0,0.321831941604614
C031,C,1,329,1,NaN,NaN,0,0.348536968231201
C031,C,1,330,1,NaN,NaN,0,0.340719223022461
C031,C,1,331,1,NaN,NaN,0,0.308321952819824
C031,C,1,332,NaN,0,1,NaN,NaN
C031,C,1,333,1,NaN,NaN,0,0.270509958267212
C031,C,1,334,1,NaN,NaN,0,0.300760984420776
C031,C,1,335,1,NaN,NaN,0,0.322396039962769
C031,C,1,336,1,NaN,NaN,0,0.310791015625
C031,C,1,337,1,NaN,NaN,0,0.362278938293457
C031,C,1,338,1,NaN,NaN,0,0.291747093200684
C031,C,1,339,1,NaN,NaN,0,0.433188915252686
C031,C,1,340,NaN,0,1,NaN,NaN
C031,C,1,341,1,NaN,NaN,0,0.311221837997437
C031,C,1,342,1,NaN,NaN,0,0.348483800888062
C031,C,1,343,1,NaN,NaN,0,0.297135829925537
C031,C,1,344,1,NaN,NaN,0,0.294563055038452
C031,C,1,345,NaN,0,1,NaN,NaN
C031,C,1,346,1,NaN,NaN,0,0.340541124343872
C031,C,1,347,1,NaN,NaN,0,0.301802158355713
C031,C,1,348,1,NaN,NaN,0,0.32141900062561
C031,C,1,349,1,NaN,NaN,0,0.331623077392578
C031,C,1,350,1,NaN,NaN,0,0.36733603477478
C031,C,1,351,1,NaN,NaN,0,0.51762580871582
C031,C,1,352,1,NaN,NaN,0,0.421475887298584
C031,C,1,353,1,NaN,NaN,0,0.378459930419922
C031,C,1,354,1,NaN,NaN,0,0.479927062988281
C031,C,1,355,1,NaN,NaN,0,0.367545127868652
C031,C,1,356,1,NaN,NaN,0,0.416678905487061
C031,C,1,357,1,NaN,NaN,0,0.35437798500061
C031,C,1,358,1,NaN,NaN,0,0.378390073776245
C031,C,1,359,NaN,1,0,NaN,NaN
C031,C,1,360,1,NaN,NaN,0,0.316312074661255
C031,C,1,361,1,NaN,NaN,0,0.317931890487671
C031,C,1,362,1,NaN,NaN,0,0.350718021392822
C031,C,1,363,1,NaN,NaN,0,0.383169174194336
C031,C,1,364,NaN,1,0,NaN,NaN
C031,C,1,365,1,NaN,NaN,0,0.283011913299561
C031,C,1,366,1,NaN,NaN,0,0.152569055557251
C031,C,1,367,1,NaN,NaN,0,0.326929807662964
C031,C,1,368,1,NaN,NaN,0,0.437405109405518
C031,C,1,369,1,NaN,NaN,0,0.46242094039917
C031,C,1,370,1,NaN,NaN,0,0.374687910079956
C031,C,1,371,1,NaN,NaN,0,0.618127107620239
C031,C,1,372,1,NaN,NaN,0,0.574937105178833
C031,C,1,373,NaN,1,0,NaN,NaN
C031,C,1,374,1,NaN,NaN,0,0.322803974151611
C031,C,1,375,1,NaN,NaN,0,0.353847026824951
C031,C,1,376,1,NaN,NaN,0,0.406816005706787
C031,C,1,377,1,NaN,NaN,0,0.403280019760132
C031,C,1,378,1,NaN,NaN,0,0.492235898971558
C031,C,1,379,1,NaN,NaN,0,0.357486009597778
C031,C,1,380,1,NaN,NaN,0,0.38309383392334
C031,C,1,381,1,NaN,NaN,0,0.395669937133789
C031,C,1,382,1,NaN,NaN,0,0.366450071334839
C031,C,1,383,1,NaN,NaN,0,0.615962028503418
C031,C,1,384,1,NaN,NaN,0,0.364119052886963
C031,C,1,385,NaN,1,0,NaN,NaN
C031,C,1,386,1,NaN,NaN,0,0.313637971878052
C031,C,1,387,1,NaN,NaN,0,0.335673093795776
C031,C,1,388,1,NaN,NaN,0,0.364316940307617
C031,C,1,389,1,NaN,NaN,0,0.319222927093506
C031,C,1,390,1,NaN,NaN,0,0.35160493850708
C031,C,1,391,1,NaN,NaN,0,0.312027931213379
C031,C,1,392,1,NaN,NaN,0,0.444595098495483
C031,C,1,393,1,NaN,NaN,0,0.453617095947266
C031,C,1,394,NaN,1,0,NaN,NaN
C031,C,1,395,1,NaN,NaN,0,0.404988765716553
C031,C,1,396,1,NaN,NaN,0,0.436431884765625
C031,C,1,397,1,NaN,NaN,0,0.528712034225464
C031,C,1,398,1,NaN,NaN,0,0.424749851226807
C031,C,1,399,1,NaN,NaN,0,0.622344970703125
C031,C,1,400,1,NaN,NaN,0,0.434294939041138
C031,C,1,401,1,NaN,NaN,0,0.442623138427734
C031,C,1,402,NaN,1,0,NaN,NaN
C031,C,1,403,1,NaN,NaN,0,0.341491937637329
C031,C,1,404,1,NaN,NaN,0,0.367321014404297
C031,C,1,405,1,NaN,NaN,0,0.373034954071045
C031,C,1,406,1,NaN,NaN,0,0.359881162643433
C031,C,1,407,1,NaN,NaN,0,0.338160037994385
C031,C,1,408,1,NaN,NaN,0,0.402459859848022
C031,C,1,409,NaN,1,0,NaN,NaN
C031,C,1,410,1,NaN,NaN,0,0.299968004226685
C031,C,1,411,1,NaN,NaN,0,0.293392896652222
C031,C,1,412,1,NaN,NaN,0,0.324383020401001
C031,C,1,413,1,NaN,NaN,0,0.306666851043701
C031,C,1,414,1,NaN,NaN,0,0.35309886932373
C031,C,1,415,1,NaN,NaN,0,0.428331136703491
C031,C,1,416,1,NaN,NaN,0,0.417754173278809
C031,C,1,417,1,NaN,NaN,0,0.346205949783325
C031,C,1,418,1,NaN,NaN,0,0.529284954071045
C031,C,1,419,1,NaN,NaN,0,0.523859024047852
C031,C,1,420,NaN,1,0,NaN,NaN
C031,C,1,421,1,NaN,NaN,0,0.352713108062744
C031,C,1,422,1,NaN,NaN,0,0.449667930603027
C031,C,1,423,1,NaN,NaN,0,0.390408992767334
C031,C,1,424,1,NaN,NaN,0,0.63358211517334
C031,C,1,425,1,NaN,NaN,0,0.397783994674683
C031,C,1,426,NaN,1,0,NaN,NaN
C031,C,1,427,1,NaN,NaN,0,0.289361000061035
C031,C,1,428,1,NaN,NaN,0,0.302645921707153
C031,C,1,429,1,NaN,NaN,0,0.323381900787354
C031,C,1,430,1,NaN,NaN,0,0.306954145431519
C031,C,1,431,1,NaN,NaN,0,0.323158979415894
C031,C,1,432,1,NaN,NaN,0,0.337286949157715
C031,C,1,433,1,NaN,NaN,0,0.420225858688354
C031,C,1,434,1,NaN,NaN,0,0.319004774093628
C031,C,1,435,1,NaN,NaN,0,0.352759838104248
C031,C,1,436,1,NaN,NaN,0,0.388024091720581
C031,C,1,437,1,NaN,NaN,0,0.422147989273071
C031,C,1,438,NaN,1,0,NaN,NaN
C031,C,1,439,1,NaN,NaN,0,0.273636817932129
C031,C,1,440,1,NaN,NaN,0,0.222594976425171
C031,C,1,441,1,NaN,NaN,0,0.355691909790039
C031,C,1,442,1,NaN,NaN,0,0.298499822616577
C031,C,1,443,1,NaN,NaN,0,0.464704990386963
C031,C,1,444,1,NaN,NaN,0,0.405757904052734
C031,C,1,445,1,NaN,NaN,0,0.318497180938721
C031,C,1,446,NaN,0,1,NaN,NaN
C031,C,1,447,1,NaN,NaN,0,0.356353998184204
C031,C,1,448,1,NaN,NaN,0,0.312760829925537
C031,C,1,449,1,NaN,NaN,0,0.31207799911499
C031,C,1,450,1,NaN,NaN,0,0.244562149047852
C031,C,1,451,1,NaN,NaN,0,0.399209976196289
C031,C,1,452,1,NaN,NaN,0,0.338551998138428
C031,C,1,453,1,NaN,NaN,0,0.525723934173584
C031,C,1,454,1,NaN,NaN,0,0.387228965759277
C031,C,1,455,1,NaN,NaN,0,0.390866041183472
C031,C,1,456,NaN,1,0,NaN,NaN
C031,C,1,457,1,NaN,NaN,0,0.258497953414917
C031,C,1,458,1,NaN,NaN,0,0.293091058731079
C031,C,1,459,1,NaN,NaN,0,0.337403774261475
C031,C,1,460,1,NaN,NaN,0,0.291369199752808
C031,C,1,461,1,NaN,NaN,0,0.369594812393188
C031,C,1,462,1,NaN,NaN,0,0.3209068775177
C031,C,1,463,1,NaN,NaN,0,0.493907928466797
C031,C,1,464,NaN,1,0,NaN,NaN
C031,C,1,465,1,NaN,NaN,0,0.280229806900024
C031,C,1,466,1,NaN,NaN,0,0.31571102142334
C031,C,1,467,1,NaN,NaN,0,0.337085008621216
C031,C,1,468,1,NaN,NaN,0,0.394069194793701
C031,C,1,469,1,NaN,NaN,0,0.330806970596313
C031,C,1,470,1,NaN,NaN,0,0.379551887512207
C031,C,1,471,1,NaN,NaN,0,0.346138000488281
C031,C,1,472,1,NaN,NaN,0,0.383207082748413
C031,C,1,473,1,NaN,NaN,0,0.406369924545288
C031,C,1,474,1,NaN,NaN,0,0.338873147964478
C031,C,1,475,NaN,1,0,NaN,NaN
C031,C,1,476,1,NaN,NaN,0,0.39161205291748
C031,C,1,477,1,NaN,NaN,0,0.303693056106567
C031,C,1,478,1,NaN,NaN,0,0.304252862930298
C031,C,1,479,1,NaN,NaN,0,0.356147050857544
C031,C,1,480,1,NaN,NaN,0,0.437686920166016
C031,C,1,481,1,NaN,NaN,0,0.608582019805908
C031,C,1,482,1,NaN,NaN,0,0.461455106735229
C031,C,1,483,NaN,1,0,NaN,NaN
C031,C,1,484,1,NaN,NaN,0,0.360036134719849
C031,C,1,485,1,NaN,NaN,0,0.477076053619385
C031,C,1,486,1,NaN,NaN,0,0.371106147766113
C031,C,1,487,1,NaN,NaN,0,0.928477048873901
C031,C,1,488,1,NaN,NaN,0,0.634263038635254
C031,C,1,489,1,NaN,NaN,0,0.464679956436157
C031,C,1,490,1,NaN,NaN,0,0.830352067947388
C031,C,1,491,1,NaN,NaN,0,0.583247900009155
C031,C,1,492,1,NaN,NaN,0,0.341621160507202
C031,C,1,493,1,NaN,NaN,0,0.455200910568237
C031,C,1,494,NaN,1,0,NaN,NaN
C031,C,1,495,1,NaN,NaN,0,0.335727214813232
C031,C,1,496,1,NaN,NaN,0,0.473932981491089
C031,C,1,497,NaN,1,0,NaN,NaN
C031,C,1,498,1,NaN,NaN,0,0.325278043746948
C031,C,1,499,1,NaN,NaN,0,0.339765071868896
C031,C,1,500,1,NaN,NaN,0,0.315920114517212
C031,C,1,501,1,NaN,NaN,0,0.364964962005615
C031,C,1,502,1,NaN,NaN,0,0.366091012954712
C031,C,1,503,1,NaN,NaN,0,0.353888988494873
C031,C,1,504,1,NaN,NaN,0,0.446680068969727
C031,C,1,505,1,NaN,NaN,0,0.506901025772095
C031,C,1,506,1,NaN,NaN,0,0.422350883483887
C031,C,1,507,NaN,1,0,NaN,NaN
C031,C,1,508,1,NaN,NaN,0,0.312569141387939
C031,C,1,509,1,NaN,NaN,0,0.321415901184082
C031,C,1,510,1,NaN,NaN,0,0.430014133453369
C031,C,1,511,1,NaN,NaN,0,0.430365085601807
C031,C,1,512,1,NaN,NaN,0,0.370834827423096
C031,C,1,513,1,NaN,NaN,0,0.453439950942993
C031,C,1,514,1,NaN,NaN,0,0.36197304725647
C031,C,1,515,NaN,0,1,NaN,NaN
C031,C,1,516,1,NaN,NaN,0,0.317383050918579
C031,C,1,517,1,NaN,NaN,0,NaN
C031,C,1,518,1,NaN,NaN,0,0.337542057037354
C031,C,1,519,1,NaN,NaN,0,0.426297903060913
C031,C,1,520,1,NaN,NaN,0,0.349804878234863
C031,C,1,521,1,NaN,NaN,0,0.375143051147461
C031,C,1,522,1,NaN,NaN,0,0.460167169570923
C031,C,1,523,1,NaN,NaN,0,0.397868156433105
C031,C,1,524,1,NaN,NaN,0,0.364043951034546
C031,C,1,525,1,NaN,NaN,0,0.373258829116821
C031,C,2,1,1,NaN,NaN,0,0.594775915145874
C031,C,2,2,1,NaN,NaN,0,0.361426115036011
C031,C,2,3,NaN,0,1,NaN,NaN
C031,C,2,4,1,NaN,NaN,0,0.289236068725586
C031,C,2,5,1,NaN,NaN,0,0.346168041229248
C031,C,2,6,1,NaN,NaN,0,0.323064088821411
C031,C,2,7,1,NaN,NaN,0,0.310735940933228
C031,C,2,8,1,NaN,NaN,0,0.265753984451294
C031,C,2,9,1,NaN,NaN,0,0.346433162689209
C031,C,2,10,1,NaN,NaN,0,0.352300882339478
C031,C,2,11,1,NaN,NaN,0,0.339123964309692
C031,C,2,12,1,NaN,NaN,0,0.323982954025269
C031,C,2,13,1,NaN,NaN,0,0.336169958114624
C031,C,2,14,1,NaN,NaN,0,0.41220498085022
C031,C,2,15,1,NaN,NaN,0,0.320750951766968
C031,C,2,16,NaN,1,0,NaN,NaN
C031,C,2,17,1,NaN,NaN,0,0.322257995605469
C031,C,2,18,1,NaN,NaN,0,0.320461988449097
C031,C,2,19,1,NaN,NaN,0,0.32585597038269
C031,C,2,20,1,NaN,NaN,0,0.3350989818573
C031,C,2,21,1,NaN,NaN,0,0.336464881896973
C031,C,2,22,NaN,1,0,NaN,NaN
C031,C,2,23,1,NaN,NaN,0,0.310078859329224
C031,C,2,24,1,NaN,NaN,0,0.272755861282349
C031,C,2,25,1,NaN,NaN,0,0.296251058578491
C031,C,2,26,1,NaN,NaN,0,0.417176008224487
C031,C,2,27,1,NaN,NaN,0,0.349503040313721
C031,C,2,28,1,NaN,NaN,0,0.395340919494629
C031,C,2,29,NaN,1,0,NaN,NaN
C031,C,2,30,1,NaN,NaN,0,0.309100866317749
C031,C,2,31,1,NaN,NaN,0,0.314682006835938
C031,C,2,32,1,NaN,NaN,0,0.425041913986206
C031,C,2,33,1,NaN,NaN,0,0.352863073348999
C031,C,2,34,1,NaN,NaN,0,0.526090145111084
C031,C,2,35,1,NaN,NaN,0,0.441078901290894
C031,C,2,36,1,NaN,NaN,0,0.360519170761108
C031,C,2,37,1,NaN,NaN,0,0.36129093170166
C031,C,2,38,1,NaN,NaN,0,0.525521039962769
C031,C,2,39,1,NaN,NaN,0,0.626698970794678
C031,C,2,40,1,NaN,NaN,0,0.383526802062988
C031,C,2,41,1,NaN,NaN,0,0.488744974136353
C031,C,2,42,1,NaN,NaN,0,0.472404003143311
C031,C,2,43,NaN,1,0,NaN,NaN
C031,C,2,44,1,NaN,NaN,0,0.369676828384399
C031,C,2,45,1,NaN,NaN,0,0.339184045791626
C031,C,2,46,1,NaN,NaN,0,0.341683864593506
C031,C,2,47,1,NaN,NaN,0,0.370140075683594
C031,C,2,48,1,NaN,NaN,0,0.335247039794922
C031,C,2,49,1,NaN,NaN,0,0.312602996826172
C031,C,2,50,1,NaN,NaN,0,0.356216907501221
C031,C,2,51,1,NaN,NaN,0,0.35131311416626
C031,C,2,52,NaN,1,0,NaN,NaN
C031,C,2,53,1,NaN,NaN,0,0.300969123840332
C031,C,2,54,1,NaN,NaN,0,0.342443227767944
C031,C,2,55,1,NaN,NaN,0,0.668776988983154
C031,C,2,56,NaN,1,0,NaN,NaN
C031,C,2,57,1,NaN,NaN,0,0.297674894332886
C031,C,2,58,1,NaN,NaN,0,0.339178085327148
C031,C,2,59,1,NaN,NaN,0,0.357772827148438
C031,C,2,60,1,NaN,NaN,0,0.343621969223022
C031,C,2,61,1,NaN,NaN,0,0.38496208190918
C031,C,2,62,1,NaN,NaN,0,0.305490970611572
C031,C,2,63,1,NaN,NaN,0,0.318464994430542
C031,C,2,64,1,NaN,NaN,0,0.283173084259033
C031,C,2,65,1,NaN,NaN,0,0.297331094741821
C031,C,2,66,NaN,0,1,NaN,NaN
C031,C,2,67,1,NaN,NaN,0,0.394532918930054
C031,C,2,68,1,NaN,NaN,0,0.239809036254883
C031,C,2,69,1,NaN,NaN,0,0.380113840103149
C031,C,2,70,1,NaN,NaN,0,0.37076997756958
C031,C,2,71,1,NaN,NaN,0,0.377741098403931
C031,C,2,72,1,NaN,NaN,0,0.481245994567871
C031,C,2,73,1,NaN,NaN,0,0.294852018356323
C031,C,2,74,1,NaN,NaN,0,0.353592157363892
C031,C,2,75,NaN,1,0,NaN,NaN
C031,C,2,76,1,NaN,NaN,0,0.352276086807251
C031,C,2,77,1,NaN,NaN,0,0.310340166091919
C031,C,2,78,1,NaN,NaN,0,0.323333024978638
C031,C,2,79,1,NaN,NaN,0,0.337854862213135
C031,C,2,80,1,NaN,NaN,0,0.337247133255005
C031,C,2,81,1,NaN,NaN,0,0.30233907699585
C031,C,2,82,1,NaN,NaN,0,0.363888025283813
C031,C,2,83,1,NaN,NaN,0,0.244210958480835
C031,C,2,84,1,NaN,NaN,0,0.289438009262085
C031,C,2,85,1,NaN,NaN,0,0.323703050613403
C031,C,2,86,NaN,0,1,NaN,NaN
C031,C,2,87,0,NaN,NaN,1,NaN
C031,C,2,88,1,NaN,NaN,0,0.371864080429077
C031,C,2,89,1,NaN,NaN,0,0.373522996902466
C031,C,2,90,1,NaN,NaN,0,0.328295946121216
C031,C,2,91,1,NaN,NaN,0,0.39386510848999
C031,C,2,92,1,NaN,NaN,0,0.333647966384888
C031,C,2,93,NaN,1,0,NaN,NaN
C031,C,2,94,1,NaN,NaN,0,0.307458877563477
C031,C,2,95,1,NaN,NaN,0,0.376298904418945
C031,C,2,96,1,NaN,NaN,0,0.313694953918457
C031,C,2,97,1,NaN,NaN,0,0.313732862472534
C031,C,2,98,1,NaN,NaN,0,0.313385963439941
C031,C,2,99,1,NaN,NaN,0,0.344763994216919
C031,C,2,100,1,NaN,NaN,0,0.443322896957397
C031,C,2,101,NaN,1,0,NaN,NaN
C031,C,2,102,1,NaN,NaN,0,NaN
C031,C,2,103,1,NaN,NaN,0,0.306426048278809
C031,C,2,104,1,NaN,NaN,0,0.320333003997803
C031,C,2,105,1,NaN,NaN,0,0.468693971633911
C031,C,2,106,1,NaN,NaN,0,0.34557580947876
C031,C,2,107,1,NaN,NaN,0,0.274116992950439
C031,C,2,108,1,NaN,NaN,0,0.358493089675903
C031,C,2,109,1,NaN,NaN,0,0.387320041656494
C031,C,2,110,1,NaN,NaN,0,0.464071989059448
C031,C,2,111,1,NaN,NaN,0,0.320719957351685
C031,C,2,112,1,NaN,NaN,0,0.34319806098938
C031,C,2,113,NaN,1,0,NaN,NaN
C031,C,2,114,1,NaN,NaN,0,0.305913925170898
C031,C,2,115,1,NaN,NaN,0,0.327255964279175
C031,C,2,116,1,NaN,NaN,0,0.286678791046143
C031,C,2,117,1,NaN,NaN,0,0.175408840179443
C031,C,2,118,1,NaN,NaN,0,0.316477060317993
C031,C,2,119,1,NaN,NaN,0,0.387418031692505
C031,C,2,120,1,NaN,NaN,0,0.35263991355896
C031,C,2,121,NaN,1,0,NaN,NaN
C031,C,2,122,1,NaN,NaN,0,0.255098819732666
C031,C,2,123,1,NaN,NaN,0,0.273964881896973
C031,C,2,124,1,NaN,NaN,0,0.335385084152222
C031,C,2,125,1,NaN,NaN,0,0.26057505607605
C031,C,2,126,1,NaN,NaN,0,0.413287878036499
C031,C,2,127,1,NaN,NaN,0,0.589154005050659
C031,C,2,128,1,NaN,NaN,0,0.350361108779907
C031,C,2,129,1,NaN,NaN,0,0.297219038009644
C031,C,2,130,1,NaN,NaN,0,0.414222955703735
C031,C,2,131,1,NaN,NaN,0,0.349133014678955
C031,C,2,132,NaN,1,0,NaN,NaN
C031,C,2,133,1,NaN,NaN,0,0.293505907058716
C031,C,2,134,1,NaN,NaN,0,0.434784889221191
C031,C,2,135,1,NaN,NaN,0,0.372890949249268
C031,C,2,136,1,NaN,NaN,0,0.447206020355225
C031,C,2,137,1,NaN,NaN,0,0.42109203338623
C031,C,2,138,1,NaN,NaN,0,0.442154169082642
C031,C,2,139,NaN,1,0,NaN,NaN
C031,C,2,140,1,NaN,NaN,0,0.364936828613281
C031,C,2,141,1,NaN,NaN,0,0.304529905319214
C031,C,2,142,1,NaN,NaN,0,0.312988996505737
C031,C,2,143,1,NaN,NaN,0,0.28122878074646
C031,C,2,144,1,NaN,NaN,0,0.370133876800537
C031,C,2,145,1,NaN,NaN,0,0.36661696434021
C031,C,2,146,NaN,0,1,NaN,NaN
C031,C,2,147,1,NaN,NaN,0,0.309361934661865
C031,C,2,148,1,NaN,NaN,0,0.341164112091064
C031,C,2,149,1,NaN,NaN,0,0.355695962905884
C031,C,2,150,1,NaN,NaN,0,0.320617914199829
C031,C,2,151,1,NaN,NaN,0,0.527635097503662
C031,C,2,152,1,NaN,NaN,0,0.441066026687622
C031,C,2,153,1,NaN,NaN,0,0.699147939682007
C031,C,2,154,1,NaN,NaN,0,0.476307153701782
C031,C,2,155,1,NaN,NaN,0,0.381092071533203
C031,C,2,156,1,NaN,NaN,0,0.351782083511353
C031,C,2,157,NaN,1,0,NaN,NaN
C031,C,2,158,1,NaN,NaN,0,0.610452175140381
C031,C,2,159,1,NaN,NaN,0,0.331614971160889
C031,C,2,160,1,NaN,NaN,0,0.388934850692749
C031,C,2,161,1,NaN,NaN,0,0.374202966690063
C031,C,2,162,1,NaN,NaN,0,0.380464792251587
C031,C,2,163,1,NaN,NaN,0,0.316206932067871
C031,C,2,164,1,NaN,NaN,0,0.369158983230591
C031,C,2,165,NaN,1,0,NaN,NaN
C031,C,2,166,1,NaN,NaN,0,0.319492816925049
C031,C,2,167,1,NaN,NaN,0,0.253823041915894
C031,C,2,168,1,NaN,NaN,0,0.326844930648804
C031,C,2,169,1,NaN,NaN,0,0.412548065185547
C031,C,2,170,1,NaN,NaN,0,0.475028991699219
C031,C,2,171,1,NaN,NaN,0,0.350160837173462
C031,C,2,172,1,NaN,NaN,0,0.67230486869812
C031,C,2,173,1,NaN,NaN,0,0.406943082809448
C031,C,2,174,1,NaN,NaN,0,0.37825608253479
C031,C,2,175,1,NaN,NaN,0,0.391195058822632
C031,C,2,176,1,NaN,NaN,0,0.357909917831421
C031,C,2,177,1,NaN,NaN,0,0.371320009231567
C031,C,2,178,NaN,1,0,NaN,NaN
C031,C,2,179,1,NaN,NaN,0,0.464489936828613
C031,C,2,180,1,NaN,NaN,0,0.286189079284668
C031,C,2,181,1,NaN,NaN,0,0.384490013122559
C031,C,2,182,1,NaN,NaN,0,0.394460916519165
C031,C,2,183,1,NaN,NaN,0,0.436289072036743
C031,C,2,184,1,NaN,NaN,0,0.509130954742432
C031,C,2,185,NaN,1,0,NaN,NaN
C031,C,2,186,1,NaN,NaN,0,0.307839870452881
C031,C,2,187,1,NaN,NaN,0,0.399420976638794
C031,C,2,188,1,NaN,NaN,0,0.533371925354004
C031,C,2,189,1,NaN,NaN,0,0.368436813354492
C031,C,2,190,1,NaN,NaN,0,0.317013025283813
C031,C,2,191,NaN,1,0,NaN,NaN
C031,C,2,192,1,NaN,NaN,0,0.265601873397827
C031,C,2,193,1,NaN,NaN,0,0.3140709400177
C031,C,2,194,1,NaN,NaN,0,0.384031057357788
C031,C,2,195,1,NaN,NaN,0,0.38084602355957
C031,C,2,196,1,NaN,NaN,0,0.567065000534058
C031,C,2,197,1,NaN,NaN,0,0.539845943450928
C031,C,2,198,1,NaN,NaN,0,0.530212879180908
C031,C,2,199,1,NaN,NaN,0,0.330053091049194
C031,C,2,200,1,NaN,NaN,0,0.416102886199951
C031,C,2,201,1,NaN,NaN,0,0.407825946807861
C031,C,2,202,NaN,1,0,NaN,NaN
C031,C,2,203,1,NaN,NaN,0,0.346197128295898
C031,C,2,204,1,NaN,NaN,0,0.310461044311523
C031,C,2,205,1,NaN,NaN,0,0.306599140167236
C031,C,2,206,1,NaN,NaN,0,0.286196947097778
C031,C,2,207,1,NaN,NaN,0,0.372699975967407
C031,C,2,208,1,NaN,NaN,0,0.434065103530884
C031,C,2,209,1,NaN,NaN,0,0.256910085678101
C031,C,2,210,1,NaN,NaN,0,0.27171802520752
C031,C,2,211,1,NaN,NaN,0,0.330680131912231
C031,C,2,212,1,NaN,NaN,0,0.367614984512329
C031,C,2,213,NaN,0,1,NaN,NaN
C031,C,2,214,1,NaN,NaN,0,0.349515199661255
C031,C,2,215,1,NaN,NaN,0,0.569907188415527
C031,C,2,216,1,NaN,NaN,0,0.367033958435059
C031,C,2,217,1,NaN,NaN,0,0.346189022064209
C031,C,2,218,1,NaN,NaN,0,0.484750032424927
C031,C,2,219,1,NaN,NaN,0,0.452666997909546
C031,C,2,220,1,NaN,NaN,0,0.366302013397217
C031,C,2,221,NaN,1,0,NaN,NaN
C031,C,2,222,1,NaN,NaN,0,0.331318140029907
C031,C,2,223,1,NaN,NaN,0,0.290803909301758
C031,C,2,224,1,NaN,NaN,0,0.324084997177124
C031,C,2,225,1,NaN,NaN,0,0.269243955612183
C031,C,2,226,1,NaN,NaN,0,0.285446882247925
C031,C,2,227,1,NaN,NaN,0,0.291571855545044
C031,C,2,228,1,NaN,NaN,0,0.306298017501831
C031,C,2,229,NaN,0,1,NaN,NaN
C031,C,2,230,1,NaN,NaN,0,0.352133989334106
C031,C,2,231,1,NaN,NaN,0,0.294159889221191
C031,C,2,232,1,NaN,NaN,0,0.37785816192627
C031,C,2,233,1,NaN,NaN,0,0.331218004226685
C031,C,2,234,1,NaN,NaN,0,0.366468906402588
C031,C,2,235,1,NaN,NaN,0,0.28859806060791
C031,C,2,236,1,NaN,NaN,0,0.282585859298706
C031,C,2,237,1,NaN,NaN,0,0.425280094146729
C031,C,2,238,1,NaN,NaN,0,0.432590007781982
C031,C,2,239,NaN,1,0,NaN,NaN
C031,C,2,240,1,NaN,NaN,0,NaN
C031,C,2,241,1,NaN,NaN,0,0.321775197982788
C031,C,2,242,1,NaN,NaN,0,0.259270906448364
C031,C,2,243,1,NaN,NaN,0,0.296838045120239
C031,C,2,244,1,NaN,NaN,0,0.32985782623291
C031,C,2,245,1,NaN,NaN,0,0.412604093551636
C031,C,2,246,1,NaN,NaN,0,0.334933042526245
C031,C,2,247,1,NaN,NaN,0,0.441198110580444
C031,C,2,248,1,NaN,NaN,0,0.447021007537842
C031,C,2,249,1,NaN,NaN,0,0.495512962341309
C031,C,2,250,NaN,1,0,NaN,NaN
C031,C,2,251,1,NaN,NaN,0,0.302557945251465
C031,C,2,252,1,NaN,NaN,0,0.337188005447388
C031,C,2,253,1,NaN,NaN,0,0.513787031173706
C031,C,2,254,1,NaN,NaN,0,0.381925821304321
C031,C,2,255,1,NaN,NaN,0,0.382807016372681
C031,C,2,256,1,NaN,NaN,0,0.380969047546387
C031,C,2,257,NaN,1,0,NaN,NaN
C031,C,2,258,1,NaN,NaN,0,0.313135147094727
C031,C,2,259,1,NaN,NaN,0,0.394367933273315
C031,C,2,260,1,NaN,NaN,0,0.38306713104248
C031,C,2,261,1,NaN,NaN,0,0.366613149642944
C031,C,2,262,1,NaN,NaN,0,0.418886184692383
C031,C,2,263,NaN,1,0,NaN,NaN
C031,C,2,264,1,NaN,NaN,0,0.279665946960449
C031,C,2,265,1,NaN,NaN,0,0.315024852752686
C031,C,2,266,1,NaN,NaN,0,0.331192016601562
C031,C,2,267,1,NaN,NaN,0,0.355269908905029
C031,C,2,268,1,NaN,NaN,0,0.366347074508667
C031,C,2,269,1,NaN,NaN,0,0.339816093444824
C031,C,2,270,1,NaN,NaN,0,0.334959983825684
C031,C,2,271,1,NaN,NaN,0,0.302370071411133
C031,C,2,272,NaN,1,0,NaN,NaN
C031,C,2,273,1,NaN,NaN,0,0.325767040252686
C031,C,2,274,1,NaN,NaN,0,0.410243988037109
C031,C,2,275,1,NaN,NaN,0,0.256190061569214
C031,C,2,276,1,NaN,NaN,0,0.248831033706665
C031,C,2,277,1,NaN,NaN,0,0.300400972366333
C031,C,2,278,1,NaN,NaN,0,0.313323974609375
C031,C,2,279,1,NaN,NaN,0,0.301172018051147
C031,C,2,280,1,NaN,NaN,0,0.348493099212646
C031,C,2,281,1,NaN,NaN,0,0.353157997131348
C031,C,2,282,1,NaN,NaN,0,0.338927030563354
C031,C,2,283,1,NaN,NaN,0,0.332326889038086
C031,C,2,284,1,NaN,NaN,0,0.335477113723755
C031,C,2,285,1,NaN,NaN,0,0.428233861923218
C031,C,2,286,1,NaN,NaN,0,0.373441934585571
C031,C,2,287,NaN,1,0,NaN,NaN
C031,C,2,288,1,NaN,NaN,0,0.368458032608032
C031,C,2,289,1,NaN,NaN,0,0.309931039810181
C031,C,2,290,1,NaN,NaN,0,0.283151865005493
C031,C,2,291,1,NaN,NaN,0,0.304547071456909
C031,C,2,292,1,NaN,NaN,0,0.360851049423218
C031,C,2,293,1,NaN,NaN,0,0.357304811477661
C031,C,2,294,1,NaN,NaN,0,0.335125207901001
C031,C,2,295,1,NaN,NaN,0,0.380116939544678
C031,C,2,296,NaN,0,1,NaN,NaN
C031,C,2,297,1,NaN,NaN,0,0.601135015487671
C031,C,2,298,1,NaN,NaN,0,0.382503986358643
C031,C,2,299,NaN,0,1,NaN,NaN
C031,C,2,300,1,NaN,NaN,0,0.363090991973877
C031,C,2,301,1,NaN,NaN,0,0.365327119827271
C031,C,2,302,1,NaN,NaN,0,0.312442064285278
C031,C,2,303,1,NaN,NaN,0,0.30854606628418
C031,C,2,304,1,NaN,NaN,0,0.430791139602661
C031,C,2,305,1,NaN,NaN,0,0.35149097442627
C031,C,2,306,1,NaN,NaN,0,0.549893140792847
C031,C,2,307,1,NaN,NaN,0,0.432024955749512
C031,C,2,308,1,NaN,NaN,0,0.515833139419556
C031,C,2,309,1,NaN,NaN,0,0.430793046951294
C031,C,2,310,1,NaN,NaN,0,0.412725925445557
C031,C,2,311,1,NaN,NaN,0,0.335502147674561
C031,C,2,312,NaN,1,0,NaN,NaN
C031,C,2,313,1,NaN,NaN,0,0.277348041534424
C031,C,2,314,1,NaN,NaN,0,0.350129842758179
C031,C,2,315,1,NaN,NaN,0,0.406879901885986
C031,C,2,316,1,NaN,NaN,0,0.305184841156006
C031,C,2,317,1,NaN,NaN,0,0.353103876113892
C031,C,2,318,1,NaN,NaN,0,0.340602874755859
C031,C,2,319,1,NaN,NaN,0,0.426608085632324
C031,C,2,320,1,NaN,NaN,0,0.516303062438965
C031,C,2,321,NaN,1,0,NaN,NaN
C031,C,2,322,1,NaN,NaN,0,0.313169956207275
C031,C,2,323,1,NaN,NaN,0,0.537805795669556
C031,C,2,324,1,NaN,NaN,0,0.58263111114502
C031,C,2,325,1,NaN,NaN,0,0.849550008773804
C031,C,2,326,1,NaN,NaN,0,0.758727073669434
C031,C,2,327,NaN,1,0,NaN,NaN
C031,C,2,328,1,NaN,NaN,0,0.65632700920105
C031,C,2,329,1,NaN,NaN,0,0.670620203018188
C031,C,2,330,1,NaN,NaN,0,0.287860870361328
C031,C,2,331,1,NaN,NaN,0,0.45786190032959
C031,C,2,332,1,NaN,NaN,0,0.400669097900391
C031,C,2,333,1,NaN,NaN,0,0.390084981918335
C031,C,2,334,1,NaN,NaN,0,0.443650960922241
C031,C,2,335,1,NaN,NaN,0,0.380934000015259
C031,C,2,336,1,NaN,NaN,0,0.522236824035645
C031,C,2,337,1,NaN,NaN,0,0.398465871810913
C031,C,2,338,1,NaN,NaN,0,0.378653049468994
C031,C,2,339,1,NaN,NaN,0,0.375221967697144
C031,C,2,340,NaN,1,0,NaN,NaN
C031,C,2,341,1,NaN,NaN,0,0.378756046295166
C031,C,2,342,1,NaN,NaN,0,0.288444995880127
C031,C,2,343,1,NaN,NaN,0,0.269297122955322
C031,C,2,344,1,NaN,NaN,0,0.362276077270508
C031,C,2,345,1,NaN,NaN,0,0.42006516456604
C031,C,2,346,1,NaN,NaN,0,0.293192863464355
C031,C,2,347,NaN,1,0,NaN,NaN
C031,C,2,348,1,NaN,NaN,0,0.326431035995483
C031,C,2,349,1,NaN,NaN,0,0.432494878768921
C031,C,2,350,1,NaN,NaN,0,0.511979818344116
C031,C,2,351,1,NaN,NaN,0,0.382481813430786
C031,C,2,352,1,NaN,NaN,0,0.448064088821411
C031,C,2,353,1,NaN,NaN,0,0.559880018234253
C031,C,2,354,1,NaN,NaN,0,0.436094045639038
C031,C,2,355,NaN,1,0,NaN,NaN
C031,C,2,356,1,NaN,NaN,0,0.425350189208984
C031,C,2,357,1,NaN,NaN,0,0.450445890426636
C031,C,2,358,1,NaN,NaN,0,0.307787895202637
C031,C,2,359,1,NaN,NaN,0,0.386242151260376
C031,C,2,360,1,NaN,NaN,0,0.42462682723999
C031,C,2,361,1,NaN,NaN,0,0.447212219238281
C031,C,2,362,1,NaN,NaN,0,0.424958944320679
C031,C,2,363,1,NaN,NaN,0,0.452836036682129
C031,C,2,364,1,NaN,NaN,0,0.406298160552979
C031,C,2,365,1,NaN,NaN,0,0.367527961730957
C031,C,2,366,1,NaN,NaN,0,0.388953924179077
C031,C,2,367,1,NaN,NaN,0,0.401870012283325
C031,C,2,368,NaN,1,0,NaN,NaN
C031,C,2,369,1,NaN,NaN,0,0.270355939865112
C031,C,2,370,1,NaN,NaN,0,0.291610956192017
C031,C,2,371,1,NaN,NaN,0,0.520581007003784
C031,C,2,372,1,NaN,NaN,0,0.342936992645264
C031,C,2,373,1,NaN,NaN,0,0.340569972991943
C031,C,2,374,1,NaN,NaN,0,0.365665912628174
C031,C,2,375,1,NaN,NaN,0,0.373991012573242
C031,C,2,376,1,NaN,NaN,0,0.463306188583374
C031,C,2,377,NaN,1,0,NaN,NaN
C031,C,2,378,1,NaN,NaN,0,0.340763092041016
C031,C,2,379,1,NaN,NaN,0,0.292526960372925
C031,C,2,380,1,NaN,NaN,0,0.33721399307251
C031,C,2,381,1,NaN,NaN,0,0.437381029129028
C031,C,2,382,1,NaN,NaN,0,0.428154945373535
C031,C,2,383,NaN,1,0,NaN,NaN
C031,C,2,384,1,NaN,NaN,0,0.294283151626587
C031,C,2,385,1,NaN,NaN,0,0.482290983200073
C031,C,2,386,1,NaN,NaN,0,0.40320086479187
C031,C,2,387,1,NaN,NaN,0,0.437716007232666
C031,C,2,388,1,NaN,NaN,0,0.49103307723999
C031,C,2,389,1,NaN,NaN,0,0.448674917221069
C031,C,2,390,1,NaN,NaN,0,0.442132949829102
C031,C,2,391,1,NaN,NaN,0,0.665792942047119
C031,C,2,392,1,NaN,NaN,0,0.437402963638306
C031,C,2,393,1,NaN,NaN,0,0.397318840026855
C031,C,2,394,1,NaN,NaN,0,0.465012073516846
C031,C,2,395,NaN,1,0,NaN,NaN
C031,C,2,396,1,NaN,NaN,0,0.207937002182007
C031,C,2,397,1,NaN,NaN,0,0.42639684677124
C031,C,2,398,1,NaN,NaN,0,0.435701131820679
C031,C,2,399,1,NaN,NaN,0,0.348986148834229
C031,C,2,400,1,NaN,NaN,0,0.418552875518799
C031,C,2,401,1,NaN,NaN,0,0.387578010559082
C031,C,2,402,1,NaN,NaN,0,0.379431962966919
C031,C,2,403,NaN,1,0,NaN,NaN
C031,C,2,404,1,NaN,NaN,0,0.336318016052246
C031,C,2,405,1,NaN,NaN,0,0.279752016067505
C031,C,2,406,1,NaN,NaN,0,0.347322940826416
C031,C,2,407,1,NaN,NaN,0,0.480012178421021
C031,C,2,408,1,NaN,NaN,0,0.351302862167358
C031,C,2,409,1,NaN,NaN,0,0.327660083770752
C031,C,2,410,1,NaN,NaN,0,0.364675998687744
C031,C,2,411,1,NaN,NaN,0,0.474204063415527
C031,C,2,412,1,NaN,NaN,0,0.458268880844116
C031,C,2,413,NaN,1,0,NaN,NaN
C031,C,2,414,1,NaN,NaN,0,0.341586112976074
C031,C,2,415,1,NaN,NaN,0,0.387386083602905
C031,C,2,416,NaN,1,0,NaN,NaN
C031,C,2,417,1,NaN,NaN,0,0.366564989089966
C031,C,2,418,1,NaN,NaN,0,0.354312896728516
C031,C,2,419,1,NaN,NaN,0,0.384016990661621
C031,C,2,420,1,NaN,NaN,0,0.45033597946167
C031,C,2,421,1,NaN,NaN,0,0.380995035171509
C031,C,2,422,1,NaN,NaN,0,0.345906019210815
C031,C,2,423,1,NaN,NaN,0,0.410969018936157
C031,C,2,424,1,NaN,NaN,0,0.336086988449097
C031,C,2,425,1,NaN,NaN,0,0.337231874465942
C031,C,2,426,1,NaN,NaN,0,0.678761005401611
C031,C,2,427,1,NaN,NaN,0,0.329735994338989
C031,C,2,428,1,NaN,NaN,0,0.360774993896484
C031,C,2,429,NaN,0,1,NaN,NaN
C031,C,2,430,1,NaN,NaN,0,0.311476945877075
C031,C,2,431,1,NaN,NaN,0,0.285413026809692
C031,C,2,432,1,NaN,NaN,0,0.378046035766602
C031,C,2,433,1,NaN,NaN,0,0.49350905418396
C031,C,2,434,NaN,1,0,NaN,NaN
C031,C,2,435,1,NaN,NaN,0,0.265429973602295
C031,C,2,436,1,NaN,NaN,0,0.543982982635498
C031,C,2,437,1,NaN,NaN,0,0.557354927062988
C031,C,2,438,1,NaN,NaN,0,0.327088117599487
C031,C,2,439,1,NaN,NaN,0,0.317631959915161
C031,C,2,440,1,NaN,NaN,0,0.550930023193359
C031,C,2,441,1,NaN,NaN,0,0.488291025161743
C031,C,2,442,1,NaN,NaN,0,0.397109985351562
C031,C,2,443,1,NaN,NaN,0,0.455260038375854
C031,C,2,444,1,NaN,NaN,0,0.420077085494995
C031,C,2,445,1,NaN,NaN,0,0.415061950683594
C031,C,2,446,1,NaN,NaN,0,0.36598801612854
C031,C,2,447,1,NaN,NaN,0,0.383692026138306
C031,C,2,448,NaN,1,0,NaN,NaN
C031,C,2,449,1,NaN,NaN,0,0.34477710723877
C031,C,2,450,1,NaN,NaN,0,0.341000080108643
C031,C,2,451,1,NaN,NaN,0,0.399044036865234
C031,C,2,452,NaN,1,0,NaN,NaN
C031,C,2,453,1,NaN,NaN,0,0.250561952590942
C031,C,2,454,1,NaN,NaN,0,0.303094148635864
C031,C,2,455,1,NaN,NaN,0,0.399959087371826
C031,C,2,456,1,NaN,NaN,0,0.81452202796936
C031,C,2,457,1,NaN,NaN,0,0.343955039978027
C031,C,2,458,1,NaN,NaN,0,0.37165904045105
C031,C,2,459,1,NaN,NaN,0,0.35602593421936
C031,C,2,460,1,NaN,NaN,0,0.372833967208862
C031,C,2,461,NaN,1,0,NaN,NaN
C031,C,2,462,1,NaN,NaN,0,0.331578969955444
C031,C,2,463,1,NaN,NaN,0,0.337319135665894
C031,C,2,464,1,NaN,NaN,0,0.56449294090271
C031,C,2,465,1,NaN,NaN,0,0.743029117584229
C031,C,2,466,0,NaN,NaN,1,NaN
C031,C,2,467,1,NaN,NaN,0,1.00697302818298
C031,C,2,468,1,NaN,NaN,0,0.424367904663086
C031,C,2,469,1,NaN,NaN,0,0.333615064620972
C031,C,2,470,1,NaN,NaN,0,0.493089914321899
C031,C,2,471,1,NaN,NaN,0,0.754074096679688
C031,C,2,472,NaN,1,0,NaN,NaN
C031,C,2,473,1,NaN,NaN,0,0.409893989562988
C031,C,2,474,1,NaN,NaN,0,0.369645833969116
C031,C,2,475,1,NaN,NaN,0,0.525606870651245
C031,C,2,476,1,NaN,NaN,0,0.3939049243927
C031,C,2,477,1,NaN,NaN,0,0.538159132003784
C031,C,2,478,1,NaN,NaN,0,0.577185869216919
C031,C,2,479,NaN,1,0,NaN,NaN
C031,C,2,480,1,NaN,NaN,0,0.40533185005188
C031,C,2,481,1,NaN,NaN,0,0.622639894485474
C031,C,2,482,1,NaN,NaN,0,0.432125091552734
C031,C,2,483,1,NaN,NaN,0,0.681380987167358
C031,C,2,484,0,NaN,NaN,1,NaN
C031,C,2,485,1,NaN,NaN,0,0.223604202270508
C031,C,2,486,1,NaN,NaN,0,0.754606962203979
C031,C,2,487,1,NaN,NaN,0,0.613420963287354
C031,C,2,488,1,NaN,NaN,0,0.432044982910156
C031,C,2,489,1,NaN,NaN,0,0.401043891906738
C031,C,2,490,1,NaN,NaN,0,0.548842906951904
C031,C,2,491,1,NaN,NaN,0,0.467660903930664
C031,C,2,492,NaN,1,0,NaN,NaN
C031,C,2,493,1,NaN,NaN,0,0.315935134887695
C031,C,2,494,1,NaN,NaN,0,0.392563819885254
C031,C,2,495,1,NaN,NaN,0,0.468163967132568
C031,C,2,496,1,NaN,NaN,0,0.555219888687134
C031,C,2,497,1,NaN,NaN,0,0.488660097122192
C031,C,2,498,1,NaN,NaN,0,0.417207002639771
C031,C,2,499,1,NaN,NaN,0,0.435546875
C031,C,2,500,NaN,1,0,NaN,NaN
C031,C,2,501,1,NaN,NaN,0,0.493224859237671
C031,C,2,502,1,NaN,NaN,0,0.412113904953003
C031,C,2,503,1,NaN,NaN,0,0.380709886550903
C031,C,2,504,1,NaN,NaN,0,0.394223213195801
C031,C,2,505,1,NaN,NaN,0,0.734791994094849
C031,C,2,506,1,NaN,NaN,0,0.424070835113525
C031,C,2,507,1,NaN,NaN,0,0.38915491104126
C031,C,2,508,1,NaN,NaN,0,0.569135904312134
C031,C,2,509,1,NaN,NaN,0,0.394257783889771
C031,C,2,510,NaN,1,0,NaN,NaN
C031,C,2,511,1,NaN,NaN,0,0.360708951950073
C031,C,2,512,1,NaN,NaN,0,0.384235858917236
C031,C,2,513,1,NaN,NaN,0,0.332730054855347
C031,C,2,514,1,NaN,NaN,0,0.364453077316284
C031,C,2,515,1,NaN,NaN,0,0.379354953765869
C031,C,2,516,1,NaN,NaN,0,0.408316135406494
C031,C,2,517,1,NaN,NaN,0,0.38198184967041
C031,C,2,518,1,NaN,NaN,0,0.40494704246521
C031,C,2,519,NaN,1,0,NaN,NaN
C031,C,2,520,1,NaN,NaN,0,0.360303163528442
C031,C,2,521,1,NaN,NaN,0,0.309968948364258
C031,C,2,522,1,NaN,NaN,0,0.398409128189087
C031,C,2,523,1,NaN,NaN,0,0.403280973434448
C031,C,2,524,1,NaN,NaN,0,0.36068320274353
C031,C,2,525,NaN,1,0,NaN,NaN
C031,C,2,526,1,NaN,NaN,0,0.327455043792725
C031,C,2,527,1,NaN,NaN,0,0.412113904953003
C031,C,2,528,1,NaN,NaN,0,0.381058931350708
C031,C,2,529,1,NaN,NaN,0,0.392010927200317
C031,C,2,530,1,NaN,NaN,0,0.450170993804932
C031,C,2,531,1,NaN,NaN,0,0.345166206359863
C031,C,2,532,1,NaN,NaN,0,0.377816915512085
C031,C,2,533,1,NaN,NaN,0,0.375762939453125
C031,C,2,534,1,NaN,NaN,0,0.438590049743652
C031,C,2,535,1,NaN,NaN,0,0.410318851470947
C031,C,2,536,1,NaN,NaN,0,0.371234893798828
C031,C,2,537,NaN,1,0,NaN,NaN
C031,C,2,538,1,NaN,NaN,0,0.338035106658936
C031,C,2,539,1,NaN,NaN,0,0.396517038345337
C031,C,2,540,1,NaN,NaN,0,0.40348482131958
C031,C,2,541,1,NaN,NaN,0,0.383554935455322
C031,C,2,542,1,NaN,NaN,0,0.485743999481201
C031,C,2,543,1,NaN,NaN,0,0.452075958251953
C031,C,2,544,1,NaN,NaN,0,0.309522867202759
C031,C,2,545,1,NaN,NaN,0,0.399557828903198
C031,C,2,546,1,NaN,NaN,0,0.372548818588257
C031,C,2,547,NaN,1,0,NaN,NaN
C031,C,2,548,1,NaN,NaN,0,0.345721006393433
C031,C,2,549,1,NaN,NaN,0,0.327351093292236
C031,C,2,550,1,NaN,NaN,0,0.346405029296875
C031,C,2,551,NaN,0,1,NaN,NaN
C031,C,2,552,1,NaN,NaN,0,0.365525960922241
C031,C,2,553,1,NaN,NaN,0,0.387512922286987
C031,C,2,554,1,NaN,NaN,0,0.332228183746338
C031,C,3,1,1,NaN,NaN,0,0.521507024765015
C031,C,3,2,1,NaN,NaN,0,0.354881048202515
C031,C,3,3,1,NaN,NaN,0,0.394819021224976
C031,C,3,4,NaN,1,0,NaN,NaN
C031,C,3,5,1,NaN,NaN,0,0.310019016265869
C031,C,3,6,1,NaN,NaN,0,0.263446092605591
C031,C,3,7,1,NaN,NaN,0,0.276232957839966
C031,C,3,8,1,NaN,NaN,0,0.285117864608765
C031,C,3,9,1,NaN,NaN,0,0.28117299079895
C031,C,3,10,1,NaN,NaN,0,0.355558156967163
C031,C,3,11,1,NaN,NaN,0,0.307125091552734
C031,C,3,12,1,NaN,NaN,0,0.408259153366089
C031,C,3,13,NaN,1,0,NaN,NaN
C031,C,3,14,1,NaN,NaN,0,0.301874160766602
C031,C,3,15,1,NaN,NaN,0,0.295154094696045
C031,C,3,16,1,NaN,NaN,0,0.311968088150024
C031,C,3,17,1,NaN,NaN,0,0.293619155883789
C031,C,3,18,1,NaN,NaN,0,0.330105066299438
C031,C,3,19,1,NaN,NaN,0,0.346865892410278
C031,C,3,20,NaN,1,0,NaN,NaN
C031,C,3,21,1,NaN,NaN,0,0.264572143554688
C031,C,3,22,1,NaN,NaN,0,0.281859159469604
C031,C,3,23,1,NaN,NaN,0,0.374839782714844
C031,C,3,24,1,NaN,NaN,0,0.329132080078125
C031,C,3,25,1,NaN,NaN,0,0.339887857437134
C031,C,3,26,1,NaN,NaN,0,0.379072904586792
C031,C,3,27,1,NaN,NaN,0,0.343597888946533
C031,C,3,28,1,NaN,NaN,0,0.37506103515625
C031,C,3,29,1,NaN,NaN,0,0.342314958572388
C031,C,3,30,1,NaN,NaN,0,0.319530963897705
C031,C,3,31,NaN,0,1,NaN,NaN
C031,C,3,32,1,NaN,NaN,0,0.296381950378418
C031,C,3,33,1,NaN,NaN,0,0.301564931869507
C031,C,3,34,1,NaN,NaN,0,0.318295955657959
C031,C,3,35,1,NaN,NaN,0,0.337890863418579
C031,C,3,36,1,NaN,NaN,0,0.390448093414307
C031,C,3,37,1,NaN,NaN,0,0.395126104354858
C031,C,3,38,1,NaN,NaN,0,0.405340909957886
C031,C,3,39,1,NaN,NaN,0,0.339123964309692
C031,C,3,40,1,NaN,NaN,0,0.352263927459717
C031,C,3,41,1,NaN,NaN,0,0.352263927459717
C031,C,3,42,1,NaN,NaN,0,0.328058958053589
C031,C,3,43,NaN,0,1,NaN,NaN
C031,C,3,44,1,NaN,NaN,0,0.347433090209961
C031,C,3,45,1,NaN,NaN,0,0.28416895866394
C031,C,3,46,1,NaN,NaN,0,0.161999940872192
C031,C,3,47,1,NaN,NaN,0,0.292083024978638
C031,C,3,48,1,NaN,NaN,0,0.550700902938843
C031,C,3,49,1,NaN,NaN,0,0.494765996932983
C031,C,3,50,1,NaN,NaN,0,0.508723020553589
C031,C,3,51,1,NaN,NaN,0,0.373898029327393
C031,C,3,52,NaN,1,0,NaN,NaN
C031,C,3,53,1,NaN,NaN,0,0.38075590133667
C031,C,3,54,1,NaN,NaN,0,0.346068859100342
C031,C,3,55,1,NaN,NaN,0,0.339375019073486
C031,C,3,56,NaN,1,0,NaN,NaN
C031,C,3,57,1,NaN,NaN,0,0.228539943695068
C031,C,3,58,1,NaN,NaN,0,0.373414039611816
C031,C,3,59,1,NaN,NaN,0,0.314337015151978
C031,C,3,60,1,NaN,NaN,0,0.379619121551514
C031,C,3,61,1,NaN,NaN,0,0.410976886749268
C031,C,3,62,1,NaN,NaN,0,0.397103071212769
C031,C,3,63,1,NaN,NaN,0,0.435263872146606
C031,C,3,64,1,NaN,NaN,0,0.381327867507935
C031,C,3,65,1,NaN,NaN,0,0.395256996154785
C031,C,3,66,1,NaN,NaN,0,0.486763954162598
C031,C,3,67,1,NaN,NaN,0,0.395334005355835
C031,C,3,68,1,NaN,NaN,0,0.357151031494141
C031,C,3,69,1,NaN,NaN,0,0.406481981277466
C031,C,3,70,1,NaN,NaN,0,0.405211925506592
C031,C,3,71,NaN,1,0,NaN,NaN
C031,C,3,72,1,NaN,NaN,0,0.295983791351318
C031,C,3,73,1,NaN,NaN,0,0.322479009628296
C031,C,3,74,1,NaN,NaN,0,0.335281848907471
C031,C,3,75,1,NaN,NaN,0,0.351747035980225
C031,C,3,76,1,NaN,NaN,0,0.353540897369385
C031,C,3,77,1,NaN,NaN,0,0.333093881607056
C031,C,3,78,NaN,1,0,NaN,NaN
C031,C,3,79,1,NaN,NaN,0,0.345003128051758
C031,C,3,80,1,NaN,NaN,0,0.318068027496338
C031,C,3,81,1,NaN,NaN,0,0.352627992630005
C031,C,3,82,1,NaN,NaN,0,0.347129106521606
C031,C,3,83,1,NaN,NaN,0,0.397217035293579
C031,C,3,84,NaN,1,0,NaN,NaN
C031,C,3,85,1,NaN,NaN,0,0.228799104690552
C031,C,3,86,1,NaN,NaN,0,0.304940938949585
C031,C,3,87,1,NaN,NaN,0,0.296821117401123
C031,C,3,88,1,NaN,NaN,0,0.379760980606079
C031,C,3,89,1,NaN,NaN,0,0.342360973358154
C031,C,3,90,1,NaN,NaN,0,0.419495820999146
C031,C,3,91,1,NaN,NaN,0,0.42540717124939
C031,C,3,92,1,NaN,NaN,0,0.338494062423706
C031,C,3,93,1,NaN,NaN,0,0.302983999252319
C031,C,3,94,NaN,1,0,NaN,NaN
C031,C,3,95,1,NaN,NaN,0,0.296499013900757
C031,C,3,96,1,NaN,NaN,0,0.348797082901001
C031,C,3,97,1,NaN,NaN,0,0.333706855773926
C031,C,3,98,1,NaN,NaN,0,0.292073965072632
C031,C,3,99,1,NaN,NaN,0,0.318696975708008
C031,C,3,100,1,NaN,NaN,0,0.371423959732056
C031,C,3,101,1,NaN,NaN,0,0.297651052474976
C031,C,3,102,1,NaN,NaN,0,0.342385053634644
C031,C,3,103,1,NaN,NaN,0,0.287275075912476
C031,C,3,104,1,NaN,NaN,0,0.264698028564453
C031,C,3,105,1,NaN,NaN,0,0.344053983688354
C031,C,3,106,NaN,0,1,NaN,NaN
C031,C,3,107,1,NaN,NaN,0,0.346390962600708
C031,C,3,108,1,NaN,NaN,0,0.368773937225342
C031,C,3,109,1,NaN,NaN,0,0.293390989303589
C031,C,3,110,1,NaN,NaN,0,0.39246678352356
C031,C,3,111,1,NaN,NaN,0,0.373976945877075
C031,C,3,112,1,NaN,NaN,0,0.38678503036499
C031,C,3,113,1,NaN,NaN,0,0.45084810256958
C031,C,3,114,1,NaN,NaN,0,0.433520078659058
C031,C,3,115,NaN,0,1,NaN,NaN
C031,C,3,116,1,NaN,NaN,0,0.532655000686646
C031,C,3,117,1,NaN,NaN,0,0.818598031997681
C031,C,3,118,0,NaN,NaN,1,NaN
C031,C,3,119,1,NaN,NaN,0,0.986515998840332
C031,C,3,120,1,NaN,NaN,0,0.327821969985962
C031,C,3,121,1,NaN,NaN,0,0.484724044799805
C031,C,3,122,1,NaN,NaN,0,0.597778797149658
C031,C,3,123,1,NaN,NaN,0,0.596989154815674
C031,C,3,124,NaN,1,0,NaN,NaN
C031,C,3,125,1,NaN,NaN,0,0.312035083770752
C031,C,3,126,1,NaN,NaN,0,0.429509878158569
C031,C,3,127,1,NaN,NaN,0,0.526064872741699
C031,C,3,128,1,NaN,NaN,0,0.410078048706055
C031,C,3,129,1,NaN,NaN,0,0.323156833648682
C031,C,3,130,1,NaN,NaN,0,0.458132982254028
C031,C,3,131,NaN,1,0,NaN,NaN
C031,C,3,132,1,NaN,NaN,0,0.277663946151733
C031,C,3,133,1,NaN,NaN,0,0.334503889083862
C031,C,3,134,1,NaN,NaN,0,0.427479028701782
C031,C,3,135,1,NaN,NaN,0,0.354574918746948
C031,C,3,136,1,NaN,NaN,0,0.333487987518311
C031,C,3,137,1,NaN,NaN,0,0.454412937164307
C031,C,3,138,NaN,1,0,NaN,NaN
C031,C,3,139,1,NaN,NaN,0,0.320621967315674
C031,C,3,140,1,NaN,NaN,0,0.31597900390625
C031,C,3,141,1,NaN,NaN,0,0.312931060791016
C031,C,3,142,1,NaN,NaN,0,0.338376045227051
C031,C,3,143,1,NaN,NaN,0,0.353606939315796
C031,C,3,144,1,NaN,NaN,0,0.396044015884399
C031,C,3,145,1,NaN,NaN,0,0.322343111038208
C031,C,3,146,1,NaN,NaN,0,0.401765108108521
C031,C,3,147,1,NaN,NaN,0,0.655325889587402
C031,C,3,148,1,NaN,NaN,0,0.353003978729248
C031,C,3,149,1,NaN,NaN,0,0.334372997283936
C031,C,3,150,1,NaN,NaN,0,0.322953939437866
C031,C,3,151,1,NaN,NaN,0,0.372151136398315
C031,C,3,152,NaN,1,0,NaN,NaN
C031,C,3,153,1,NaN,NaN,0,0.293652057647705
C031,C,3,154,1,NaN,NaN,0,0.341634035110474
C031,C,3,155,1,NaN,NaN,0,0.301049947738647
C031,C,3,156,1,NaN,NaN,0,0.345386028289795
C031,C,3,157,1,NaN,NaN,0,0.338521003723145
C031,C,3,158,1,NaN,NaN,0,0.341898918151855
C031,C,3,159,NaN,1,0,NaN,NaN
C031,C,3,160,1,NaN,NaN,0,0.33831787109375
C031,C,3,161,1,NaN,NaN,0,0.314970970153809
C031,C,3,162,1,NaN,NaN,0,0.316135168075562
C031,C,3,163,1,NaN,NaN,0,0.341231822967529
C031,C,3,164,1,NaN,NaN,0,0.406219959259033
C031,C,3,165,1,NaN,NaN,0,0.402913093566895
C031,C,3,166,NaN,1,0,NaN,NaN
C031,C,3,167,1,NaN,NaN,0,0.390799999237061
C031,C,3,168,1,NaN,NaN,0,0.371371030807495
C031,C,3,169,1,NaN,NaN,0,0.364184856414795
C031,C,3,170,1,NaN,NaN,0,0.340542078018188
C031,C,3,171,1,NaN,NaN,0,0.403955936431885
C031,C,3,172,1,NaN,NaN,0,0.357670068740845
C031,C,3,173,1,NaN,NaN,0,0.310809850692749
C031,C,3,174,1,NaN,NaN,0,0.387785911560059
C031,C,3,175,1,NaN,NaN,0,0.401802062988281
C031,C,3,176,1,NaN,NaN,0,0.453155040740967
C031,C,3,177,1,NaN,NaN,0,0.349861860275269
C031,C,3,178,1,NaN,NaN,0,0.343517065048218
C031,C,3,179,NaN,1,0,NaN,NaN
C031,C,3,180,1,NaN,NaN,0,0.554113864898682
C031,C,3,181,1,NaN,NaN,0,0.455201864242554
C031,C,3,182,1,NaN,NaN,0,0.492252111434937
C031,C,3,183,1,NaN,NaN,0,0.536605834960938
C031,C,3,184,1,NaN,NaN,0,0.586043119430542
C031,C,3,185,NaN,1,0,NaN,NaN
C031,C,3,186,1,NaN,NaN,0,0.37399697303772
C031,C,3,187,1,NaN,NaN,0,0.381208181381226
C031,C,3,188,1,NaN,NaN,0,0.585896968841553
C031,C,3,189,1,NaN,NaN,0,0.414473056793213
C031,C,3,190,1,NaN,NaN,0,0.375607967376709
C031,C,3,191,NaN,1,0,NaN,NaN
C031,C,3,192,1,NaN,NaN,0,0.356142044067383
C031,C,3,193,1,NaN,NaN,0,0.347082853317261
C031,C,3,194,1,NaN,NaN,0,0.361867904663086
C031,C,3,195,1,NaN,NaN,0,0.382286071777344
C031,C,3,196,1,NaN,NaN,0,0.351058959960938
C031,C,3,197,1,NaN,NaN,0,0.391824007034302
C031,C,3,198,1,NaN,NaN,0,0.362321853637695
C031,C,3,199,1,NaN,NaN,0,0.527840137481689
C031,C,3,200,1,NaN,NaN,0,0.336058855056763
C031,C,3,201,1,NaN,NaN,0,0.412609100341797
C031,C,3,202,1,NaN,NaN,0,0.309783935546875
C031,C,3,203,1,NaN,NaN,0,0.365796804428101
C031,C,3,204,NaN,1,0,NaN,NaN
C031,C,3,205,1,NaN,NaN,0,0.337964057922363
C031,C,3,206,1,NaN,NaN,0,0.339190006256104
C031,C,3,207,1,NaN,NaN,0,0.347853899002075
C031,C,3,208,1,NaN,NaN,0,0.352635145187378
C031,C,3,209,1,NaN,NaN,0,0.406187772750854
C031,C,3,210,1,NaN,NaN,0,0.334943056106567
C031,C,3,211,1,NaN,NaN,0,0.334094047546387
C031,C,3,212,1,NaN,NaN,0,0.354734182357788
C031,C,3,213,1,NaN,NaN,0,0.344828128814697
C031,C,3,214,1,NaN,NaN,0,0.377636194229126
C031,C,3,215,NaN,1,0,NaN,NaN
C031,C,3,216,1,NaN,NaN,0,0.338296890258789
C031,C,3,217,1,NaN,NaN,0,0.302944898605347
C031,C,3,218,NaN,1,0,NaN,NaN
C031,C,3,219,1,NaN,NaN,0,0.378239870071411
C031,C,3,220,1,NaN,NaN,0,0.394701957702637
C031,C,3,221,1,NaN,NaN,0,0.389784097671509
C031,C,3,222,1,NaN,NaN,0,0.330425024032593
C031,C,3,223,1,NaN,NaN,0,0.326541900634766
C031,C,3,224,1,NaN,NaN,0,NaN
C031,C,3,225,1,NaN,NaN,0,0.36395788192749
C031,C,3,226,1,NaN,NaN,0,0.33774995803833
C031,C,3,227,1,NaN,NaN,0,0.389348983764648
C031,C,3,228,NaN,1,0,NaN,NaN
C031,C,3,229,1,NaN,NaN,0,0.441309928894043
C031,C,3,230,1,NaN,NaN,0,0.333874940872192
C031,C,3,231,1,NaN,NaN,0,0.374747037887573
C031,C,3,232,1,NaN,NaN,0,0.409458875656128
C031,C,3,233,1,NaN,NaN,0,0.376182794570923
C031,C,3,234,1,NaN,NaN,0,0.260946989059448
C031,C,3,235,1,NaN,NaN,0,0.333137035369873
C031,C,3,236,1,NaN,NaN,0,0.356977939605713
C031,C,3,237,1,NaN,NaN,0,0.383008003234863
C031,C,3,238,1,NaN,NaN,0,0.360909938812256
C031,C,3,239,1,NaN,NaN,0,0.349570035934448
C031,C,3,240,NaN,1,0,NaN,NaN
C031,C,3,241,1,NaN,NaN,0,0.322388887405396
C031,C,3,242,1,NaN,NaN,0,0.303755044937134
C031,C,3,243,1,NaN,NaN,0,0.372383832931519
C031,C,3,244,1,NaN,NaN,0,0.364740133285522
C031,C,3,245,1,NaN,NaN,0,0.352471828460693
C031,C,3,246,1,NaN,NaN,0,0.348023891448975
C031,C,3,247,NaN,1,0,NaN,NaN
C031,C,3,248,1,NaN,NaN,0,0.456092834472656
C031,C,3,249,1,NaN,NaN,0,0.365067005157471
C031,C,3,250,1,NaN,NaN,0,0.27736496925354
C031,C,3,251,1,NaN,NaN,0,0.315960168838501
C031,C,3,252,1,NaN,NaN,0,0.333092927932739
C031,C,3,253,1,NaN,NaN,0,0.335268974304199
C031,C,3,254,1,NaN,NaN,0,0.371362924575806
C031,C,3,255,1,NaN,NaN,0,0.355415821075439
C031,C,3,256,1,NaN,NaN,0,0.333246946334839
C031,C,3,257,1,NaN,NaN,0,0.334618091583252
C031,C,3,258,1,NaN,NaN,0,0.406527042388916
C031,C,3,259,1,NaN,NaN,0,0.352119922637939
C031,C,3,260,NaN,1,0,NaN,NaN
C031,C,3,261,1,NaN,NaN,0,0.392478942871094
C031,C,3,262,1,NaN,NaN,0,0.297312021255493
C031,C,3,263,1,NaN,NaN,0,0.285871028900146
C031,C,3,264,NaN,1,0,NaN,NaN
C031,C,3,265,1,NaN,NaN,0,0.274723052978516
C031,C,3,266,1,NaN,NaN,0,0.297176122665405
C031,C,3,267,1,NaN,NaN,0,0.349139928817749
C031,C,3,268,1,NaN,NaN,0,0.377902030944824
C031,C,3,269,1,NaN,NaN,0,0.458999156951904
C031,C,3,270,1,NaN,NaN,0,0.452785968780518
C031,C,3,271,1,NaN,NaN,0,0.514961004257202
C031,C,3,272,NaN,0,1,NaN,NaN
C031,C,3,273,1,NaN,NaN,0,0.321868896484375
C031,C,3,274,1,NaN,NaN,0,0.355376005172729
C031,C,3,275,1,NaN,NaN,0,0.340962886810303
C031,C,3,276,1,NaN,NaN,0,0.40253210067749
C031,C,3,277,1,NaN,NaN,0,0.33299994468689
C031,C,3,278,1,NaN,NaN,0,0.335631132125854
C031,C,3,279,1,NaN,NaN,0,0.413710117340088
C031,C,3,280,1,NaN,NaN,0,0.345181941986084
C031,C,3,281,1,NaN,NaN,0,0.352346897125244
C031,C,3,282,1,NaN,NaN,0,0.419779777526855
C031,C,3,283,NaN,1,0,NaN,NaN
C031,C,3,284,1,NaN,NaN,0,0.285900115966797
C031,C,3,285,1,NaN,NaN,0,0.259625911712646
C031,C,3,286,1,NaN,NaN,0,0.337578058242798
C031,C,3,287,1,NaN,NaN,0,0.188374042510986
C031,C,3,288,1,NaN,NaN,0,0.285652160644531
C031,C,3,289,1,NaN,NaN,0,0.316658020019531
C031,C,3,290,NaN,0,1,NaN,NaN
C031,C,3,291,1,NaN,NaN,0,0.346442222595215
C031,C,3,292,1,NaN,NaN,0,0.327339887619019
C031,C,3,293,1,NaN,NaN,0,0.256613969802856
C031,C,3,294,1,NaN,NaN,0,0.241216897964478
C031,C,3,295,1,NaN,NaN,0,0.3593590259552
C031,C,3,296,1,NaN,NaN,0,0.356933832168579
C031,C,3,297,1,NaN,NaN,0,0.405572175979614
C031,C,3,298,1,NaN,NaN,0,0.369075059890747
C031,C,3,299,1,NaN,NaN,0,0.606838941574097
C031,C,3,300,1,NaN,NaN,0,0.452744007110596
C031,C,3,301,1,NaN,NaN,0,0.387137174606323
C031,C,3,302,NaN,0,1,NaN,NaN
C031,C,3,303,1,NaN,NaN,0,0.377421855926514
C031,C,3,304,1,NaN,NaN,0,0.294981956481934
C031,C,3,305,1,NaN,NaN,0,0.342683076858521
C031,C,3,306,1,NaN,NaN,0,0.328190088272095
C031,C,3,307,1,NaN,NaN,0,0.350915908813477
C031,C,3,308,1,NaN,NaN,0,0.382403135299683
C031,C,3,309,1,NaN,NaN,0,0.274460077285767
C031,C,3,310,1,NaN,NaN,0,0.360261201858521
C031,C,3,311,1,NaN,NaN,0,0.395746946334839
C031,C,3,312,NaN,1,0,NaN,NaN
C031,C,3,313,1,NaN,NaN,0,0.338272094726562
C031,C,3,314,1,NaN,NaN,0,0.392101049423218
C031,C,3,315,1,NaN,NaN,0,0.33293604850769
C031,C,3,316,1,NaN,NaN,0,0.341630935668945
C031,C,3,317,1,NaN,NaN,0,0.354049921035767
C031,C,3,318,NaN,1,0,NaN,NaN
C031,C,3,319,1,NaN,NaN,0,NaN
C031,C,3,320,1,NaN,NaN,0,0.329381942749023
C031,C,3,321,1,NaN,NaN,0,0.315058946609497
C031,C,3,322,1,NaN,NaN,0,0.42031717300415
C031,C,3,323,1,NaN,NaN,0,0.377048015594482
C031,C,3,324,1,NaN,NaN,0,0.419651031494141
C031,C,3,325,1,NaN,NaN,0,0.672867059707642
C031,C,3,326,1,NaN,NaN,0,0.376847982406616
C031,C,3,327,1,NaN,NaN,0,0.285398006439209
C031,C,3,328,1,NaN,NaN,0,0.351142168045044
C031,C,3,329,1,NaN,NaN,0,0.402039051055908
C031,C,3,330,NaN,1,0,NaN,NaN
C031,C,3,331,1,NaN,NaN,0,0.399478197097778
C031,C,3,332,1,NaN,NaN,0,0.38707709312439
C031,C,3,333,1,NaN,NaN,0,NaN
C031,C,3,334,1,NaN,NaN,0,0.167645931243896
C031,C,3,335,1,NaN,NaN,0,0.293620109558105
C031,C,3,336,1,NaN,NaN,0,0.308830976486206
C031,C,3,337,1,NaN,NaN,0,0.334064960479736
C031,C,3,338,1,NaN,NaN,0,0.439055919647217
C031,C,3,339,1,NaN,NaN,0,0.471832036972046
C031,C,3,340,NaN,1,0,NaN,NaN
C031,C,3,341,1,NaN,NaN,0,0.342842817306519
C031,C,3,342,1,NaN,NaN,0,0.260020017623901
C031,C,3,343,1,NaN,NaN,0,0.380967855453491
C031,C,3,344,NaN,0,1,NaN,NaN
C031,C,3,345,1,NaN,NaN,0,0.402706146240234
C031,C,3,346,1,NaN,NaN,0,0.167253971099854
C031,C,3,347,1,NaN,NaN,0,0.320233821868896
C031,C,3,348,1,NaN,NaN,0,NaN
C031,C,3,349,1,NaN,NaN,0,0.301927804946899
C031,C,3,350,1,NaN,NaN,0,0.377312898635864
C031,C,3,351,1,NaN,NaN,0,0.268157005310059
C031,C,3,352,1,NaN,NaN,0,0.372974872589111
C031,C,3,353,NaN,1,0,NaN,NaN
C031,C,3,354,1,NaN,NaN,0,0.29234504699707
C031,C,3,355,1,NaN,NaN,0,0.349167108535767
C031,C,3,356,1,NaN,NaN,0,0.320468187332153
C031,C,3,357,1,NaN,NaN,0,0.310082912445068
C031,C,3,358,1,NaN,NaN,0,0.330420017242432
C031,C,3,359,1,NaN,NaN,0,0.347490072250366
C031,C,3,360,1,NaN,NaN,0,0.348444938659668
C031,C,3,361,1,NaN,NaN,0,0.381150007247925
C031,C,3,362,1,NaN,NaN,0,0.359982013702393
C031,C,3,363,1,NaN,NaN,0,0.375874996185303
C031,C,3,364,1,NaN,NaN,0,0.460859060287476
C031,C,3,365,1,NaN,NaN,0,0.470119953155518
C031,C,3,366,1,NaN,NaN,0,0.407557010650635
C031,C,3,367,NaN,0,1,NaN,NaN
C031,C,3,368,1,NaN,NaN,0,0.896499872207642
C031,C,3,369,1,NaN,NaN,0,0.608028888702393
C031,C,3,370,1,NaN,NaN,0,0.32875394821167
C031,C,3,371,1,NaN,NaN,0,0.390830993652344
C031,C,3,372,1,NaN,NaN,0,0.369749069213867
C031,C,3,373,1,NaN,NaN,0,0.406713008880615
C031,C,3,374,1,NaN,NaN,0,0.31502103805542
C031,C,3,375,1,NaN,NaN,0,0.496999979019165
C031,C,3,376,1,NaN,NaN,0,0.416377067565918
C031,C,3,377,NaN,0,1,NaN,NaN
C031,C,3,378,1,NaN,NaN,0,0.366167068481445
C031,C,3,379,1,NaN,NaN,0,0.302241086959839
C031,C,3,380,1,NaN,NaN,0,0.307024002075195
C031,C,3,381,1,NaN,NaN,0,0.18346095085144
C031,C,3,382,1,NaN,NaN,0,0.236739873886108
C031,C,3,383,1,NaN,NaN,0,NaN
C031,C,3,384,NaN,0,1,NaN,NaN
C031,C,3,385,1,NaN,NaN,0,0.646263122558594
C031,C,3,386,1,NaN,NaN,0,0.339658975601196
C031,C,3,387,1,NaN,NaN,0,0.218034982681274
C031,C,3,388,1,NaN,NaN,0,NaN
C031,C,3,389,1,NaN,NaN,0,0.372034072875977
C031,C,3,390,NaN,1,0,NaN,NaN
C031,C,3,391,1,NaN,NaN,0,0.358278036117554
C031,C,3,392,1,NaN,NaN,0,0.327709913253784
C031,C,3,393,1,NaN,NaN,0,0.3246750831604
C031,C,3,394,1,NaN,NaN,0,0.342339038848877
C031,C,3,395,1,NaN,NaN,0,0.423846006393433
C031,C,3,396,1,NaN,NaN,0,0.316898107528687
C031,C,3,397,1,NaN,NaN,0,0.271946907043457
C031,C,3,398,1,NaN,NaN,0,0.235512018203735
C031,C,3,399,1,NaN,NaN,0,NaN
C031,C,3,400,1,NaN,NaN,0,0.376958847045898
C031,C,3,401,1,NaN,NaN,0,0.429841995239258
C031,C,3,402,1,NaN,NaN,0,0.404803991317749
C031,C,3,403,1,NaN,NaN,0,0.394498825073242
C031,C,3,404,NaN,0,1,NaN,NaN
C031,C,3,405,1,NaN,NaN,0,0.318283081054688
C031,C,3,406,1,NaN,NaN,0,0.310506820678711
C031,C,3,407,1,NaN,NaN,0,0.382369041442871
C031,C,3,408,1,NaN,NaN,0,0.336922883987427
C031,C,3,409,NaN,0,1,NaN,NaN
C031,C,3,410,0,NaN,NaN,1,NaN
C031,C,3,411,1,NaN,NaN,0,0.597337007522583
C031,C,3,412,1,NaN,NaN,0,NaN
C031,C,3,413,1,NaN,NaN,0,0.750643968582153
C031,C,3,414,1,NaN,NaN,0,0.335124969482422
C031,C,3,415,1,NaN,NaN,0,0.363310813903809
C031,C,3,416,1,NaN,NaN,0,0.376937866210938
C031,C,3,417,1,NaN,NaN,0,0.345688819885254
C031,C,3,418,1,NaN,NaN,0,0.428300142288208
C031,C,3,419,1,NaN,NaN,0,0.383320093154907
C031,C,3,420,1,NaN,NaN,0,0.377571105957031
C031,C,3,421,1,NaN,NaN,0,0.422544002532959
C031,C,3,422,NaN,1,0,NaN,NaN
C031,C,3,423,1,NaN,NaN,0,0.325713157653809
C031,C,3,424,1,NaN,NaN,0,0.325758934020996
C031,C,3,425,1,NaN,NaN,0,0.329253911972046
C031,C,3,426,1,NaN,NaN,0,0.303677082061768
C031,C,3,427,1,NaN,NaN,0,0.368005990982056
C031,C,3,428,NaN,0,1,NaN,NaN
C031,C,3,429,1,NaN,NaN,0,0.342018842697144
C031,C,3,430,1,NaN,NaN,0,0.686813116073608
C031,C,3,431,1,NaN,NaN,0,0.428534030914307
C031,C,3,432,1,NaN,NaN,0,0.381298065185547
C031,C,3,433,1,NaN,NaN,0,0.588760852813721
C031,C,3,434,1,NaN,NaN,0,0.447321891784668
C031,C,3,435,1,NaN,NaN,0,0.427958965301514
C031,C,3,436,1,NaN,NaN,0,0.478615999221802
C031,C,3,437,1,NaN,NaN,0,0.449381828308105
C031,C,3,438,1,NaN,NaN,0,0.427638053894043
C031,C,3,439,1,NaN,NaN,0,0.391009092330933
C031,C,3,440,NaN,1,0,NaN,NaN
C031,C,3,441,1,NaN,NaN,0,NaN
C031,C,3,442,1,NaN,NaN,0,0.353503227233887
C031,C,3,443,1,NaN,NaN,0,0.369863986968994
C031,C,3,444,NaN,0,1,NaN,NaN
C031,C,3,445,1,NaN,NaN,0,0.440518856048584
C031,C,3,446,1,NaN,NaN,0,0.369176149368286
C031,C,3,447,1,NaN,NaN,0,0.376916170120239
C031,C,3,448,1,NaN,NaN,0,0.281906843185425
C031,C,3,449,1,NaN,NaN,0,0.31862211227417
C031,C,3,450,1,NaN,NaN,0,0.266132831573486
C031,C,3,451,1,NaN,NaN,0,0.272998094558716
C031,C,3,452,NaN,1,0,NaN,NaN
C031,C,3,453,1,NaN,NaN,0,0.213981151580811
C031,C,3,454,1,NaN,NaN,0,0.334819078445435
C031,C,3,455,1,NaN,NaN,0,0.355340003967285
C031,C,3,456,1,NaN,NaN,0,0.369724035263062
C031,C,3,457,1,NaN,NaN,0,0.703012943267822
C031,C,3,458,1,NaN,NaN,0,0.370861053466797
C031,C,3,459,1,NaN,NaN,0,0.361124038696289
C031,C,3,460,1,NaN,NaN,0,0.43797492980957
C031,C,3,461,1,NaN,NaN,0,0.421817064285278
C031,C,3,462,1,NaN,NaN,0,0.372878074645996
C031,C,3,463,1,NaN,NaN,0,0.479403018951416
C031,C,3,464,1,NaN,NaN,0,0.392119169235229
C031,C,3,465,1,NaN,NaN,0,0.363000154495239
C031,C,3,466,NaN,1,0,NaN,NaN
C031,C,3,467,1,NaN,NaN,0,0.386262178421021
C031,C,3,468,1,NaN,NaN,0,0.395381927490234
C031,C,3,469,1,NaN,NaN,0,0.315747022628784
C031,C,3,470,1,NaN,NaN,0,0.410164833068848
C031,C,3,471,1,NaN,NaN,0,0.468415021896362
C031,C,3,472,1,NaN,NaN,0,0.902928113937378
C031,C,3,473,1,NaN,NaN,0,0.447835206985474
C031,C,3,474,1,NaN,NaN,0,0.336752891540527
C031,C,3,475,1,NaN,NaN,0,0.417086124420166
C031,C,3,476,NaN,1,0,NaN,NaN
C031,C,3,477,1,NaN,NaN,0,0.354274034500122
C031,C,3,478,1,NaN,NaN,0,0.467255830764771
C031,C,3,479,1,NaN,NaN,0,0.425091981887817
C031,C,3,480,NaN,0,1,NaN,NaN
C031,C,3,481,1,NaN,NaN,0,0.376888036727905
C031,C,3,482,1,NaN,NaN,0,0.381619215011597
C031,C,3,483,1,NaN,NaN,0,0.458479166030884
C031,C,3,484,1,NaN,NaN,0,0.519456148147583
C031,C,3,485,1,NaN,NaN,0,0.404897928237915
C031,C,3,486,1,NaN,NaN,0,0.530982971191406
C031,C,3,487,1,NaN,NaN,0,0.496469020843506
C031,C,3,488,NaN,1,0,NaN,NaN
C031,C,3,489,1,NaN,NaN,0,0.288304090499878
C031,C,3,490,1,NaN,NaN,0,0.402207136154175
C031,C,3,491,1,NaN,NaN,0,0.460601091384888
C031,C,3,492,1,NaN,NaN,0,0.551663875579834
C031,C,3,493,1,NaN,NaN,0,0.603195190429688
C031,C,3,494,1,NaN,NaN,0,0.387712001800537
C031,C,3,495,1,NaN,NaN,0,0.328300952911377
C031,C,3,496,1,NaN,NaN,0,0.409657001495361
C031,C,3,497,1,NaN,NaN,0,0.578216075897217
C031,C,3,498,NaN,0,1,NaN,NaN
C031,C,3,499,1,NaN,NaN,0,0.279133796691895
C031,C,3,500,1,NaN,NaN,0,0.350669860839844
C031,C,3,501,1,NaN,NaN,0,0.282600879669189
C031,C,3,502,1,NaN,NaN,0,0.359383106231689
C031,C,3,503,1,NaN,NaN,0,0.35617208480835
C031,C,3,504,1,NaN,NaN,0,0.482455968856812
C031,C,3,505,1,NaN,NaN,0,0.361087083816528
C031,C,3,506,1,NaN,NaN,0,0.22212290763855
C031,C,3,507,1,NaN,NaN,0,0.51850414276123
C031,C,3,508,1,NaN,NaN,0,0.540136098861694
C031,C,3,509,NaN,1,0,NaN,NaN
C031,C,3,510,1,NaN,NaN,0,0.468539953231812
C031,C,3,511,1,NaN,NaN,0,0.362390995025635
C031,C,3,512,1,NaN,NaN,0,0.494557857513428
C031,C,3,513,1,NaN,NaN,0,0.371110916137695
C031,C,3,514,1,NaN,NaN,0,0.372718095779419
C031,C,3,515,1,NaN,NaN,0,0.378190994262695
C031,C,3,516,1,NaN,NaN,0,0.345756053924561
C031,C,3,517,NaN,1,0,NaN,NaN
C031,C,3,518,1,NaN,NaN,0,0.388175964355469
C031,C,3,519,1,NaN,NaN,0,0.306478977203369
C031,C,3,520,1,NaN,NaN,0,0.376964092254639
C031,C,3,521,1,NaN,NaN,0,0.41728401184082
C031,C,3,522,1,NaN,NaN,0,0.364824056625366
C031,C,3,523,1,NaN,NaN,0,0.341733932495117
C031,C,3,524,1,NaN,NaN,0,0.432603120803833
C031,C,3,525,1,NaN,NaN,0,0.406412124633789
C031,C,3,526,1,NaN,NaN,0,0.410133123397827
C031,C,3,527,NaN,1,0,NaN,NaN
C031,C,3,528,1,NaN,NaN,0,0.36114501953125
C031,C,3,529,1,NaN,NaN,0,0.312651872634888
C031,C,3,530,1,NaN,NaN,0,0.338624000549316
C031,C,3,531,1,NaN,NaN,0,0.34766411781311
C031,C,3,532,1,NaN,NaN,0,0.206598997116089
C031,C,3,533,NaN,0,1,NaN,NaN
C031,C,3,534,1,NaN,NaN,0,0.382648944854736
C031,C,3,535,1,NaN,NaN,0,0.292182207107544
C031,C,3,536,1,NaN,NaN,0,0.365226030349731
C031,C,3,537,1,NaN,NaN,0,0.326192855834961
C031,C,3,538,1,NaN,NaN,0,0.394460916519165
C031,C,3,539,1,NaN,NaN,0,0.393017053604126
C031,C,3,540,1,NaN,NaN,0,0.432991027832031
C031,C,3,541,1,NaN,NaN,0,0.466130971908569
C031,C,3,542,1,NaN,NaN,0,0.555160045623779
C031,C,3,543,1,NaN,NaN,0,0.385977983474731
C031,C,3,544,1,NaN,NaN,0,0.444172143936157
C031,C,3,545,1,NaN,NaN,0,0.280265808105469
C031,C,3,546,1,NaN,NaN,0,0.22960901260376
C031,C,3,547,NaN,1,0,NaN,NaN
C031,C,3,548,1,NaN,NaN,0,0.288686990737915
C031,C,3,549,1,NaN,NaN,0,0.305243968963623
C031,C,3,550,1,NaN,NaN,0,0.418112993240356
C031,C,3,551,1,NaN,NaN,0,0.377141952514648
C031,C,3,552,1,NaN,NaN,0,0.314689159393311
C031,C,3,553,NaN,1,0,NaN,NaN
C031,C,4,1,1,NaN,NaN,0,0.804275989532471
C031,C,4,2,1,NaN,NaN,0,0.450336933135986
C031,C,4,3,1,NaN,NaN,0,0.37195897102356
C031,C,4,4,1,NaN,NaN,0,0.376918077468872
C031,C,4,5,1,NaN,NaN,0,0.423285961151123
C031,C,4,6,1,NaN,NaN,0,0.401531934738159
C031,C,4,7,NaN,1,0,NaN,NaN
C031,C,4,8,1,NaN,NaN,0,0.382230997085571
C031,C,4,9,1,NaN,NaN,0,0.315845966339111
C031,C,4,10,1,NaN,NaN,0,0.346184015274048
C031,C,4,11,1,NaN,NaN,0,0.323171138763428
C031,C,4,12,1,NaN,NaN,0,0.379886865615845
C031,C,4,13,1,NaN,NaN,0,0.306795120239258
C031,C,4,14,1,NaN,NaN,0,0.35008692741394
C031,C,4,15,1,NaN,NaN,0,0.371926069259644
C031,C,4,16,NaN,1,0,NaN,NaN
C031,C,4,17,1,NaN,NaN,0,0.356158971786499
C031,C,4,18,1,NaN,NaN,0,0.308449029922485
C031,C,4,19,1,NaN,NaN,0,0.362882137298584
C031,C,4,20,1,NaN,NaN,0,0.452661037445068
C031,C,4,21,NaN,1,0,NaN,NaN
C031,C,4,22,1,NaN,NaN,0,0.345112085342407
C031,C,4,23,1,NaN,NaN,0,0.342382907867432
C031,C,4,24,1,NaN,NaN,0,0.195977210998535
C031,C,4,25,1,NaN,NaN,0,0.400142908096313
C031,C,4,26,1,NaN,NaN,0,0.433624029159546
C031,C,4,27,1,NaN,NaN,0,0.326989889144897
C031,C,4,28,1,NaN,NaN,0,0.576375007629395
C031,C,4,29,1,NaN,NaN,0,0.40475606918335
C031,C,4,30,1,NaN,NaN,0,0.4917151927948
C031,C,4,31,1,NaN,NaN,0,0.423614978790283
C031,C,4,32,1,NaN,NaN,0,0.399513959884644
C031,C,4,33,NaN,0,1,NaN,NaN
C031,C,4,34,1,NaN,NaN,0,0.356212139129639
C031,C,4,35,1,NaN,NaN,0,0.39067816734314
C031,C,4,36,1,NaN,NaN,0,0.28744101524353
C031,C,4,37,1,NaN,NaN,0,0.206464767456055
C031,C,4,38,0,NaN,NaN,1,NaN
C031,C,4,39,1,NaN,NaN,0,0.303099870681763
C031,C,4,40,1,NaN,NaN,0,0.329866886138916
C031,C,4,41,NaN,1,0,NaN,NaN
C031,C,4,42,1,NaN,NaN,0,0.238209009170532
C031,C,4,43,1,NaN,NaN,0,0.393725156784058
C031,C,4,44,1,NaN,NaN,0,0.317541122436523
C031,C,4,45,1,NaN,NaN,0,0.293256998062134
C031,C,4,46,1,NaN,NaN,0,0.325207948684692
C031,C,4,47,1,NaN,NaN,0,0.390403032302856
C031,C,4,48,1,NaN,NaN,0,0.519998073577881
C031,C,4,49,1,NaN,NaN,0,0.529629945755005
C031,C,4,50,1,NaN,NaN,0,0.358473062515259
C031,C,4,51,1,NaN,NaN,0,0.338392019271851
C031,C,4,52,NaN,0,1,NaN,NaN
C031,C,4,53,1,NaN,NaN,0,0.362192869186401
C031,C,4,54,1,NaN,NaN,0,0.399338006973267
C031,C,4,55,1,NaN,NaN,0,0.443642854690552
C031,C,4,56,1,NaN,NaN,0,0.351018905639648
C031,C,4,57,NaN,1,0,NaN,NaN
C031,C,4,58,1,NaN,NaN,0,0.712135076522827
C031,C,4,59,1,NaN,NaN,0,0.400202989578247
C031,C,4,60,1,NaN,NaN,0,0.435544967651367
C031,C,4,61,1,NaN,NaN,0,0.322752952575684
C031,C,4,62,1,NaN,NaN,0,0.323869943618774
C031,C,4,63,1,NaN,NaN,0,0.301150798797607
C031,C,4,64,1,NaN,NaN,0,0.29753303527832
C031,C,4,65,1,NaN,NaN,0,0.376631021499634
C031,C,4,66,1,NaN,NaN,0,0.386036157608032
C031,C,4,67,NaN,1,0,NaN,NaN
C031,C,4,68,1,NaN,NaN,0,0.308874130249023
C031,C,4,69,1,NaN,NaN,0,0.287979125976562
C031,C,4,70,1,NaN,NaN,0,0.341145992279053
C031,C,4,71,1,NaN,NaN,0,0.26430082321167
C031,C,4,72,1,NaN,NaN,0,0.371662855148315
C031,C,4,73,1,NaN,NaN,0,0.34418511390686
C031,C,4,74,1,NaN,NaN,0,0.35552191734314
C031,C,4,75,1,NaN,NaN,0,0.353348970413208
C031,C,4,76,1,NaN,NaN,0,0.385751962661743
C031,C,4,77,1,NaN,NaN,0,0.446079015731812
C031,C,4,78,1,NaN,NaN,0,0.505799770355225
C031,C,4,79,1,NaN,NaN,0,0.470503091812134
C031,C,4,80,NaN,1,0,NaN,NaN
C031,C,4,81,1,NaN,NaN,0,0.37090802192688
C031,C,4,82,1,NaN,NaN,0,0.395730018615723
C031,C,4,83,1,NaN,NaN,0,0.394105911254883
C031,C,4,84,1,NaN,NaN,0,0.418791055679321
C031,C,4,85,NaN,1,0,NaN,NaN
C031,C,4,86,1,NaN,NaN,0,0.279809951782227
C031,C,4,87,1,NaN,NaN,0,0.334995985031128
C031,C,4,88,1,NaN,NaN,0,0.375066995620728
C031,C,4,89,1,NaN,NaN,0,0.435943126678467
C031,C,4,90,1,NaN,NaN,0,0.429414033889771
C031,C,4,91,1,NaN,NaN,0,0.434972047805786
C031,C,4,92,1,NaN,NaN,0,0.451774120330811
C031,C,4,93,1,NaN,NaN,0,0.412938117980957
C031,C,4,94,1,NaN,NaN,0,0.371133089065552
C031,C,4,95,1,NaN,NaN,0,0.496012926101685
C031,C,4,96,1,NaN,NaN,0,0.431447982788086
C031,C,4,97,1,NaN,NaN,0,0.403321981430054
C031,C,4,98,NaN,1,0,NaN,NaN
C031,C,4,99,1,NaN,NaN,0,0.321037769317627
C031,C,4,100,1,NaN,NaN,0,0.36471700668335
C031,C,4,101,1,NaN,NaN,0,0.479110956192017
C031,C,4,102,1,NaN,NaN,0,0.364367961883545
C031,C,4,103,1,NaN,NaN,0,0.393791913986206
C031,C,4,104,1,NaN,NaN,0,0.440587043762207
C031,C,4,105,1,NaN,NaN,0,0.415075063705444
C031,C,4,106,1,NaN,NaN,0,0.380425930023193
C031,C,4,107,NaN,1,0,NaN,NaN
C031,C,4,108,1,NaN,NaN,0,0.343040943145752
C031,C,4,109,1,NaN,NaN,0,0.384703874588013
C031,C,4,110,1,NaN,NaN,0,0.357050895690918
C031,C,4,111,1,NaN,NaN,0,0.407326936721802
C031,C,4,112,NaN,1,0,NaN,NaN
C031,C,4,113,1,NaN,NaN,0,NaN
C031,C,4,114,1,NaN,NaN,0,0.386638164520264
C031,C,4,115,1,NaN,NaN,0,0.397037982940674
C031,C,4,116,1,NaN,NaN,0,0.384292125701904
C031,C,4,117,1,NaN,NaN,0,0.38154411315918
C031,C,4,118,1,NaN,NaN,0,0.411200046539307
C031,C,4,119,1,NaN,NaN,0,0.486230134963989
C031,C,4,120,1,NaN,NaN,0,0.369338035583496
C031,C,4,121,1,NaN,NaN,0,0.306307077407837
C031,C,4,122,NaN,1,0,NaN,NaN
C031,C,4,123,1,NaN,NaN,0,0.380887985229492
C031,C,4,124,1,NaN,NaN,0,0.339684963226318
C031,C,4,125,1,NaN,NaN,0,0.367355108261108
C031,C,4,126,1,NaN,NaN,0,0.339447021484375
C031,C,4,127,1,NaN,NaN,0,0.328423976898193
C031,C,4,128,1,NaN,NaN,0,0.360833883285522
C031,C,4,129,1,NaN,NaN,0,0.301897048950195
C031,C,4,130,1,NaN,NaN,0,0.372361898422241
C031,C,4,131,1,NaN,NaN,0,0.405639171600342
C031,C,4,132,1,NaN,NaN,0,0.372874975204468
C031,C,4,133,NaN,0,1,NaN,NaN
C031,C,4,134,1,NaN,NaN,0,0.360628128051758
C031,C,4,135,1,NaN,NaN,0,0.382351875305176
C031,C,4,136,1,NaN,NaN,0,0.354053020477295
C031,C,4,137,1,NaN,NaN,0,0.269736051559448
C031,C,4,138,1,NaN,NaN,0,0.354769945144653
C031,C,4,139,1,NaN,NaN,0,0.34429407119751
C031,C,4,140,NaN,1,0,NaN,NaN
C031,C,4,141,1,NaN,NaN,0,0.374943971633911
C031,C,4,142,1,NaN,NaN,0,0.379091024398804
C031,C,4,143,1,NaN,NaN,0,0.395380020141602
C031,C,4,144,1,NaN,NaN,0,0.403864145278931
C031,C,4,145,1,NaN,NaN,0,0.453587055206299
C031,C,4,146,1,NaN,NaN,0,0.310387134552002
C031,C,4,147,1,NaN,NaN,0,0.378814220428467
C031,C,4,148,1,NaN,NaN,0,0.407073974609375
C031,C,4,149,1,NaN,NaN,0,0.37390398979187
C031,C,4,150,1,NaN,NaN,0,0.326512813568115
C031,C,4,151,1,NaN,NaN,0,0.420670032501221
C031,C,4,152,NaN,0,1,NaN,NaN
C031,C,4,153,1,NaN,NaN,0,0.513570070266724
C031,C,4,154,1,NaN,NaN,0,0.415982961654663
C031,C,4,155,1,NaN,NaN,0,0.339043855667114
C031,C,4,156,1,NaN,NaN,0,0.391631126403809
C031,C,4,157,1,NaN,NaN,0,0.373189926147461
C031,C,4,158,1,NaN,NaN,0,0.419157981872559
C031,C,4,159,1,NaN,NaN,0,0.393391847610474
C031,C,4,160,NaN,1,0,NaN,NaN
C031,C,4,161,1,NaN,NaN,0,0.249554872512817
C031,C,4,162,1,NaN,NaN,0,0.488531112670898
C031,C,4,163,1,NaN,NaN,0,0.422332048416138
C031,C,4,164,1,NaN,NaN,0,1.04134607315063
C031,C,4,165,NaN,0,1,NaN,NaN
C031,C,4,166,1,NaN,NaN,0,0.358119964599609
C031,C,4,167,1,NaN,NaN,0,0.308604955673218
C031,C,4,168,1,NaN,NaN,0,0.373437166213989
C031,C,4,169,1,NaN,NaN,0,0.305475950241089
C031,C,4,170,1,NaN,NaN,0,0.345180034637451
C031,C,4,171,1,NaN,NaN,0,0.371396064758301
C031,C,4,172,1,NaN,NaN,0,0.54552698135376
C031,C,4,173,1,NaN,NaN,0,0.373441934585571
C031,C,4,174,1,NaN,NaN,0,0.401279211044312
C031,C,4,175,1,NaN,NaN,0,0.531898021697998
C031,C,4,176,1,NaN,NaN,0,0.476680994033813
C031,C,4,177,1,NaN,NaN,0,0.396327972412109
C031,C,4,178,1,NaN,NaN,0,0.487575054168701
C031,C,4,179,NaN,1,0,NaN,NaN
C031,C,4,180,1,NaN,NaN,0,0.317902088165283
C031,C,4,181,1,NaN,NaN,0,0.38739800453186
C031,C,4,182,1,NaN,NaN,0,0.626690149307251
C031,C,4,183,1,NaN,NaN,0,0.549016952514648
C031,C,4,184,1,NaN,NaN,0,0.432239055633545
C031,C,4,185,NaN,1,0,NaN,NaN
C031,C,4,186,1,NaN,NaN,0,0.418564081192017
C031,C,4,187,1,NaN,NaN,0,0.319280862808228
C031,C,4,188,1,NaN,NaN,0,0.341048955917358
C031,C,4,189,1,NaN,NaN,0,1.08122992515564
C031,C,4,190,1,NaN,NaN,0,0.416892051696777
C031,C,4,191,1,NaN,NaN,0,0.312674045562744
C031,C,4,192,NaN,0,1,NaN,NaN
C031,C,4,193,1,NaN,NaN,0,0.391906023025513
C031,C,4,194,1,NaN,NaN,0,0.34095311164856
C031,C,4,195,1,NaN,NaN,0,0.38957405090332
C031,C,4,196,1,NaN,NaN,0,0.469204902648926
C031,C,4,197,1,NaN,NaN,0,0.580819129943848
C031,C,4,198,1,NaN,NaN,0,0.366692066192627
C031,C,4,199,1,NaN,NaN,0,0.435578107833862
C031,C,4,200,1,NaN,NaN,0,0.448585987091064
C031,C,4,201,1,NaN,NaN,0,0.549690008163452
C031,C,4,202,1,NaN,NaN,0,0.485513925552368
C031,C,4,203,NaN,1,0,NaN,NaN
C031,C,4,204,1,NaN,NaN,0,0.346035003662109
C031,C,4,205,1,NaN,NaN,0,0.604199886322021
C031,C,4,206,1,NaN,NaN,0,0.587599992752075
C031,C,4,207,1,NaN,NaN,0,0.37601900100708
C031,C,4,208,1,NaN,NaN,0,0.171810150146484
C031,C,4,209,1,NaN,NaN,0,0.529190063476562
C031,C,4,210,1,NaN,NaN,0,0.345640182495117
C031,C,4,211,NaN,1,0,NaN,NaN
C031,C,4,212,1,NaN,NaN,0,0.307770013809204
C031,C,4,213,1,NaN,NaN,0,0.370826005935669
C031,C,4,214,1,NaN,NaN,0,0.764240980148315
C031,C,4,215,1,NaN,NaN,0,0.359224081039429
C031,C,4,216,1,NaN,NaN,0,0.397274971008301
C031,C,4,217,1,NaN,NaN,0,0.3663170337677
C031,C,4,218,1,NaN,NaN,0,0.463590145111084
C031,C,4,219,NaN,0,1,NaN,NaN
C031,C,4,220,1,NaN,NaN,0,0.310560941696167
C031,C,4,221,1,NaN,NaN,0,0.395659923553467
C031,C,4,222,1,NaN,NaN,0,0.306904077529907
C031,C,4,223,1,NaN,NaN,0,0.439933061599731
C031,C,4,224,1,NaN,NaN,0,0.444864988327026
C031,C,4,225,1,NaN,NaN,0,0.43018102645874
C031,C,4,226,1,NaN,NaN,0,0.354947090148926
C031,C,4,227,1,NaN,NaN,0,0.268136024475098
C031,C,4,228,0,NaN,NaN,1,NaN
C031,C,4,229,1,NaN,NaN,0,0.357900142669678
C031,C,4,230,1,NaN,NaN,0,0.452287912368774
C031,C,4,231,1,NaN,NaN,0,0.473016977310181
C031,C,4,232,1,NaN,NaN,0,0.457036972045898
C031,C,4,233,NaN,1,0,NaN,NaN
C031,C,4,234,1,NaN,NaN,0,0.427168130874634
C031,C,4,235,1,NaN,NaN,0,0.450588941574097
C031,C,4,236,1,NaN,NaN,0,0.637561082839966
C031,C,4,237,1,NaN,NaN,0,0.433839797973633
C031,C,4,238,1,NaN,NaN,0,0.389673948287964
C031,C,4,239,1,NaN,NaN,0,0.649743795394897
C031,C,4,240,1,NaN,NaN,0,0.763316869735718
C031,C,4,241,NaN,1,0,NaN,NaN
C031,C,4,242,1,NaN,NaN,0,0.304682970046997
C031,C,4,243,1,NaN,NaN,0,0.31351900100708
C031,C,4,244,1,NaN,NaN,0,0.362430095672607
C031,C,4,245,1,NaN,NaN,0,0.328562021255493
C031,C,4,246,1,NaN,NaN,0,0.27491307258606
C031,C,4,247,1,NaN,NaN,0,0.366873025894165
C031,C,4,248,NaN,1,0,NaN,NaN
C031,C,4,249,1,NaN,NaN,0,0.329977989196777
C031,C,4,250,1,NaN,NaN,0,0.462361812591553
C031,C,4,251,1,NaN,NaN,0,0.391377925872803
C031,C,4,252,1,NaN,NaN,0,0.652358055114746
C031,C,4,253,1,NaN,NaN,0,0.385242938995361
C031,C,4,254,1,NaN,NaN,0,0.422364950180054
C031,C,4,255,1,NaN,NaN,0,0.438401937484741
C031,C,4,256,1,NaN,NaN,0,0.972234010696411
C031,C,4,257,NaN,0,1,NaN,NaN
C031,C,4,258,1,NaN,NaN,0,0.277153015136719
C031,C,4,259,1,NaN,NaN,0,0.289710998535156
C031,C,4,260,1,NaN,NaN,0,0.348904132843018
C031,C,4,261,1,NaN,NaN,0,0.514733076095581
C031,C,4,262,1,NaN,NaN,0,0.415027856826782
C031,C,4,263,0,NaN,NaN,1,NaN
C031,C,4,264,1,NaN,NaN,0,NaN
C031,C,4,265,NaN,1,0,NaN,NaN
C031,C,4,266,1,NaN,NaN,0,0.381670951843262
C031,C,4,267,1,NaN,NaN,0,0.308725833892822
C031,C,4,268,1,NaN,NaN,0,0.368453979492188
C031,C,4,269,1,NaN,NaN,0,0.595673084259033
C031,C,4,270,1,NaN,NaN,0,0.428492069244385
C031,C,4,271,1,NaN,NaN,0,0.473850965499878
C031,C,4,272,1,NaN,NaN,0,0.492370128631592
C031,C,4,273,1,NaN,NaN,0,0.397752046585083
C031,C,4,274,1,NaN,NaN,0,0.431445121765137
C031,C,4,275,NaN,0,1,NaN,NaN
C031,C,4,276,1,NaN,NaN,0,0.662293195724487
C031,C,4,277,1,NaN,NaN,0,0.341271162033081
C031,C,4,278,1,NaN,NaN,0,0.337376117706299
C031,C,4,279,1,NaN,NaN,0,0.337211132049561
C031,C,4,280,1,NaN,NaN,0,0.33099102973938
C031,C,4,281,1,NaN,NaN,0,0.321855783462524
C031,C,4,282,1,NaN,NaN,0,0.345631122589111
C031,C,4,283,1,NaN,NaN,0,0.341340780258179
C031,C,4,284,1,NaN,NaN,0,0.454598188400269
C031,C,4,285,1,NaN,NaN,0,0.387355089187622
C031,C,4,286,1,NaN,NaN,0,0.369533777236938
C031,C,4,287,NaN,1,0,NaN,NaN
C031,C,4,288,1,NaN,NaN,0,0.287806987762451
C031,C,4,289,1,NaN,NaN,0,0.299048900604248
C031,C,4,290,1,NaN,NaN,0,0.30574893951416
C031,C,4,291,1,NaN,NaN,0,0.314244031906128
C031,C,4,292,1,NaN,NaN,0,0.383620023727417
C031,C,4,293,NaN,0,1,NaN,NaN
C031,C,4,294,1,NaN,NaN,0,NaN
C031,C,4,295,1,NaN,NaN,0,0.424888849258423
C031,C,4,296,1,NaN,NaN,0,0.309713125228882
C031,C,4,297,1,NaN,NaN,0,0.37175989151001
C031,C,4,298,1,NaN,NaN,0,0.374242067337036
C031,C,4,299,1,NaN,NaN,0,0.364744901657104
C031,C,4,300,1,NaN,NaN,0,0.385760068893433
C031,C,4,301,1,NaN,NaN,0,0.361566066741943
C031,C,4,302,1,NaN,NaN,0,0.422689914703369
C031,C,4,303,1,NaN,NaN,0,0.347557067871094
C031,C,4,304,1,NaN,NaN,0,0.384619951248169
C031,C,4,305,NaN,1,0,NaN,NaN
C031,C,4,306,1,NaN,NaN,0,0.333017826080322
C031,C,4,307,1,NaN,NaN,0,0.356579065322876
C031,C,4,308,1,NaN,NaN,0,0.296276807785034
C031,C,4,309,1,NaN,NaN,0,0.340602874755859
C031,C,4,310,1,NaN,NaN,0,0.37725305557251
C031,C,4,311,1,NaN,NaN,0,0.477721929550171
C031,C,4,312,NaN,1,0,NaN,NaN
C031,C,4,313,1,NaN,NaN,0,0.294780969619751
C031,C,4,314,1,NaN,NaN,0,0.341804981231689
C031,C,4,315,1,NaN,NaN,0,0.402698993682861
C031,C,4,316,1,NaN,NaN,0,0.298601865768433
C031,C,4,317,1,NaN,NaN,0,0.307507038116455
C031,C,4,318,NaN,0,1,NaN,NaN
C031,C,4,319,1,NaN,NaN,0,0.465205907821655
C031,C,4,320,1,NaN,NaN,0,0.54613184928894
C031,C,4,321,1,NaN,NaN,0,0.448752880096436
C031,C,4,322,1,NaN,NaN,0,0.357001066207886
C031,C,4,323,1,NaN,NaN,0,0.422642946243286
C031,C,4,324,1,NaN,NaN,0,0.4183669090271
C031,C,4,325,1,NaN,NaN,0,0.357558965682983
C031,C,4,326,1,NaN,NaN,0,0.768728971481323
C031,C,4,327,1,NaN,NaN,0,0.383820056915283
C031,C,4,328,1,NaN,NaN,0,0.391891956329346
C031,C,4,329,1,NaN,NaN,0,0.388772964477539
C031,C,4,330,1,NaN,NaN,0,0.362741947174072
C031,C,4,331,1,NaN,NaN,0,0.384443044662476
C031,C,4,332,NaN,1,0,NaN,NaN
C031,C,4,333,1,NaN,NaN,0,0.377921104431152
C031,C,4,334,1,NaN,NaN,0,0.403040170669556
C031,C,4,335,1,NaN,NaN,0,0.38959002494812
C031,C,4,336,1,NaN,NaN,0,0.407041072845459
C031,C,4,337,1,NaN,NaN,0,0.44678807258606
C031,C,4,338,1,NaN,NaN,0,0.598284006118774
C031,C,4,339,1,NaN,NaN,0,0.735761880874634
C031,C,4,340,1,NaN,NaN,0,0.353088140487671
C031,C,4,341,NaN,1,0,NaN,NaN
C031,C,4,342,1,NaN,NaN,0,0.338872194290161
C031,C,4,343,1,NaN,NaN,0,0.349992036819458
C031,C,4,344,1,NaN,NaN,0,0.335227966308594
C031,C,4,345,1,NaN,NaN,0,0.358659029006958
C031,C,4,346,NaN,0,1,NaN,NaN
C031,C,4,347,1,NaN,NaN,0,0.391360998153687
C031,C,4,348,1,NaN,NaN,0,0.352453947067261
C031,C,4,349,1,NaN,NaN,0,0.33305811882019
C031,C,4,350,1,NaN,NaN,0,0.658653020858765
C031,C,4,351,1,NaN,NaN,0,0.491360902786255
C031,C,4,352,1,NaN,NaN,0,0.394815921783447
C031,C,4,353,1,NaN,NaN,0,0.404488801956177
C031,C,4,354,1,NaN,NaN,0,0.480939865112305
C031,C,4,355,1,NaN,NaN,0,0.493546009063721
C031,C,4,356,1,NaN,NaN,0,0.431235074996948
C031,C,4,357,NaN,1,0,NaN,NaN
C031,C,4,358,1,NaN,NaN,0,0.432291984558105
C031,C,4,359,1,NaN,NaN,0,0.440439939498901
C031,C,4,360,1,NaN,NaN,0,0.880189180374146
C031,C,4,361,1,NaN,NaN,0,0.404870986938477
C031,C,4,362,1,NaN,NaN,0,0.349557876586914
C031,C,4,363,1,NaN,NaN,0,0.366138935089111
C031,C,4,364,1,NaN,NaN,0,0.395223140716553
C031,C,4,365,1,NaN,NaN,0,0.426482200622559
C031,C,4,366,1,NaN,NaN,0,0.866428136825562
C031,C,4,367,NaN,1,0,NaN,NaN
C031,C,4,368,1,NaN,NaN,0,0.320922136306763
C031,C,4,369,1,NaN,NaN,0,0.373882055282593
C031,C,4,370,1,NaN,NaN,0,0.322847127914429
C031,C,4,371,1,NaN,NaN,0,0.417366981506348
C031,C,4,372,NaN,0,1,NaN,NaN
C031,C,4,373,1,NaN,NaN,0,0.341455936431885
C031,C,4,374,1,NaN,NaN,0,0.551493167877197
C031,C,4,375,1,NaN,NaN,0,0.348574161529541
C031,C,4,376,1,NaN,NaN,0,0.3455810546875
C031,C,4,377,1,NaN,NaN,0,0.405584096908569
C031,C,4,378,1,NaN,NaN,0,0.487016201019287
C031,C,4,379,1,NaN,NaN,0,0.404474020004272
C031,C,4,380,1,NaN,NaN,0,0.38766884803772
C031,C,4,381,NaN,1,0,NaN,NaN
C031,C,4,382,1,NaN,NaN,0,0.317337036132812
C031,C,4,383,1,NaN,NaN,0,0.357656002044678
C031,C,4,384,1,NaN,NaN,0,0.386136054992676
C031,C,4,385,1,NaN,NaN,0,0.383161067962646
C031,C,4,386,1,NaN,NaN,0,0.364239931106567
C031,C,4,387,1,NaN,NaN,0,0.634634971618652
C031,C,4,388,1,NaN,NaN,0,0.336116075515747
C031,C,4,389,1,NaN,NaN,0,0.380063056945801
C031,C,4,390,1,NaN,NaN,0,0.351978063583374
C031,C,4,391,1,NaN,NaN,0,0.395762920379639
C031,C,4,392,1,NaN,NaN,0,0.448472023010254
C031,C,4,393,1,NaN,NaN,0,0.365155935287476
C031,C,4,394,1,NaN,NaN,0,0.48170804977417
C031,C,4,395,NaN,1,0,NaN,NaN
C031,C,4,396,1,NaN,NaN,0,0.387186050415039
C031,C,4,397,1,NaN,NaN,0,0.348335027694702
C031,C,4,398,1,NaN,NaN,0,0.366928100585938
C031,C,4,399,1,NaN,NaN,0,0.370995998382568
C031,C,4,400,1,NaN,NaN,0,0.311055183410645
C031,C,4,401,1,NaN,NaN,0,0.387584209442139
C031,C,4,402,NaN,1,0,NaN,NaN
C031,C,4,403,1,NaN,NaN,0,0.319091081619263
C031,C,4,404,1,NaN,NaN,0,0.350543022155762
C031,C,4,405,1,NaN,NaN,0,0.363327980041504
C031,C,4,406,1,NaN,NaN,0,0.444705009460449
C031,C,4,407,1,NaN,NaN,0,0.385507106781006
C031,C,4,408,1,NaN,NaN,0,0.373979806900024
C031,C,4,409,1,NaN,NaN,0,0.364640951156616
C031,C,4,410,1,NaN,NaN,0,0.365262031555176
C031,C,4,411,1,NaN,NaN,0,0.405865907669067
C031,C,4,412,1,NaN,NaN,0,0.463760137557983
C031,C,4,413,NaN,1,0,NaN,NaN
C031,C,4,414,1,NaN,NaN,0,0.311845064163208
C031,C,4,415,1,NaN,NaN,0,0.380535840988159
C031,C,4,416,1,NaN,NaN,0,0.480830907821655
C031,C,4,417,1,NaN,NaN,0,0.49444317817688
C031,C,4,418,1,NaN,NaN,0,0.53987193107605
C031,C,4,419,1,NaN,NaN,0,0.518519878387451
C031,C,4,420,NaN,1,0,NaN,NaN
C031,C,4,421,1,NaN,NaN,0,0.29918098449707
C031,C,4,422,1,NaN,NaN,0,0.176470041275024
C031,C,4,423,1,NaN,NaN,0,0.350548982620239
C031,C,4,424,1,NaN,NaN,0,0.42282509803772
C031,C,4,425,1,NaN,NaN,0,0.537245035171509
C031,C,4,426,1,NaN,NaN,0,0.465814113616943
C031,C,4,427,1,NaN,NaN,0,0.419053077697754
C031,C,4,428,1,NaN,NaN,0,0.348453998565674
C031,C,4,429,1,NaN,NaN,0,0.414921998977661
C031,C,4,430,NaN,1,0,NaN,NaN
C031,C,4,431,1,NaN,NaN,0,0.997402906417847
C031,C,4,432,1,NaN,NaN,0,0.770591020584106
C031,C,4,433,1,NaN,NaN,0,0.476677894592285
C031,C,4,434,1,NaN,NaN,0,0.344841003417969
C031,C,4,435,1,NaN,NaN,0,0.38136100769043
C031,C,4,436,1,NaN,NaN,0,0.330451011657715
C031,C,4,437,1,NaN,NaN,0,0.36073899269104
C031,C,4,438,NaN,1,0,NaN,NaN
C031,C,4,439,1,NaN,NaN,0,0.358953952789307
C031,C,4,440,1,NaN,NaN,0,0.338099956512451
C031,C,4,441,1,NaN,NaN,0,0.322994232177734
C031,C,4,442,1,NaN,NaN,0,0.376523017883301
C031,C,4,443,1,NaN,NaN,0,0.4374840259552
C031,C,4,444,1,NaN,NaN,0,0.417098045349121
C031,C,4,445,1,NaN,NaN,0,0.446861982345581
C031,C,4,446,1,NaN,NaN,0,0.404131889343262
C031,C,4,447,NaN,1,0,NaN,NaN
C031,C,4,448,1,NaN,NaN,0,0.301688194274902
C031,C,4,449,1,NaN,NaN,0,0.382009983062744
C031,C,4,450,1,NaN,NaN,0,0.45184588432312
C031,C,4,451,1,NaN,NaN,0,0.353301048278809
C031,C,4,452,1,NaN,NaN,0,0.379823923110962
C031,C,4,453,1,NaN,NaN,0,0.395451068878174
C031,C,4,454,1,NaN,NaN,0,0.375786066055298
C031,C,4,455,1,NaN,NaN,0,0.390652179718018
C031,C,4,456,1,NaN,NaN,0,0.445012807846069
C031,C,4,457,NaN,1,0,NaN,NaN
C031,C,4,458,1,NaN,NaN,0,0.406341075897217
C031,C,4,459,1,NaN,NaN,0,0.371978044509888
C031,C,4,460,1,NaN,NaN,0,0.429250001907349
C031,C,4,461,1,NaN,NaN,0,0.456650018692017
C031,C,4,462,NaN,1,0,NaN,NaN
C031,C,4,463,1,NaN,NaN,0,0.373396873474121
C031,C,4,464,1,NaN,NaN,0,0.438379049301147
C031,C,4,465,1,NaN,NaN,0,0.399249076843262
C031,C,4,466,1,NaN,NaN,0,0.44399094581604
C031,C,4,467,1,NaN,NaN,0,0.408745050430298
C031,C,4,468,1,NaN,NaN,0,0.439494132995605
C031,C,4,469,1,NaN,NaN,0,0.480077981948853
C031,C,4,470,1,NaN,NaN,0,0.47226619720459
C031,C,4,471,1,NaN,NaN,0,0.540179014205933
C031,C,4,472,1,NaN,NaN,0,0.466569900512695
C031,C,4,473,1,NaN,NaN,0,0.487218856811523
C031,C,4,474,1,NaN,NaN,0,0.581738948822021
C031,C,4,475,1,NaN,NaN,0,0.462545871734619
C031,C,4,476,NaN,1,0,NaN,NaN
C031,C,4,477,1,NaN,NaN,0,0.345678806304932
C031,C,4,478,1,NaN,NaN,0,0.403584003448486
C031,C,4,479,1,NaN,NaN,0,0.427069187164307
C031,C,4,480,1,NaN,NaN,0,0.674857139587402
C031,C,4,481,1,NaN,NaN,0,0.382550001144409
C031,C,4,482,1,NaN,NaN,0,0.338863134384155
C031,C,4,483,NaN,1,0,NaN,NaN
C031,C,4,484,1,NaN,NaN,0,0.313652038574219
C031,C,4,485,1,NaN,NaN,0,0.371176958084106
C031,C,4,486,1,NaN,NaN,0,0.37673282623291
C031,C,4,487,1,NaN,NaN,0,0.425863027572632
C031,C,4,488,1,NaN,NaN,0,0.370665788650513
C031,C,4,489,1,NaN,NaN,0,0.388430833816528
C031,C,4,490,1,NaN,NaN,0,0.353888988494873
C031,C,4,491,1,NaN,NaN,0,0.47142505645752
C031,C,4,492,NaN,1,0,NaN,NaN
C031,C,4,493,1,NaN,NaN,0,0.555790901184082
C031,C,4,494,1,NaN,NaN,0,0.330788850784302
C031,C,4,495,1,NaN,NaN,0,0.372282028198242
C031,C,4,496,1,NaN,NaN,0,0.333409070968628
C031,C,4,497,1,NaN,NaN,0,0.349647998809814
C031,C,4,498,NaN,1,0,NaN,NaN
C031,C,4,499,1,NaN,NaN,0,0.41130518913269
C031,C,4,500,1,NaN,NaN,0,0.343850135803223
C031,C,4,501,1,NaN,NaN,0,0.397629022598267
C031,C,4,502,1,NaN,NaN,0,0.389295101165771
C031,C,4,503,1,NaN,NaN,0,0.333065986633301
C031,C,4,504,1,NaN,NaN,0,0.389674186706543
C031,C,4,505,1,NaN,NaN,0,0.492599010467529
C031,C,4,506,1,NaN,NaN,0,0.55169415473938
C031,C,4,507,1,NaN,NaN,0,0.812103986740112
C031,C,4,508,1,NaN,NaN,0,0.429592132568359
C031,C,4,509,1,NaN,NaN,0,0.343913078308105
C031,C,4,510,NaN,1,0,NaN,NaN
C031,C,4,511,1,NaN,NaN,0,0.394636154174805
C031,C,4,512,1,NaN,NaN,0,0.381401777267456
C031,C,4,513,1,NaN,NaN,0,0.505094051361084
C031,C,4,514,1,NaN,NaN,0,0.30881404876709
C031,C,4,515,1,NaN,NaN,0,0.442638874053955
C031,C,4,516,NaN,1,0,NaN,NaN
C031,C,4,517,1,NaN,NaN,0,0.409626960754395
C031,C,4,518,1,NaN,NaN,0,0.398757934570312
C031,C,4,519,1,NaN,NaN,0,0.407649993896484
C031,C,4,520,1,NaN,NaN,0,0.471501111984253
C031,C,4,521,1,NaN,NaN,0,0.343506097793579
C031,C,4,522,1,NaN,NaN,0,0.363412141799927
C031,C,4,523,1,NaN,NaN,0,0.457294940948486
C031,C,4,524,1,NaN,NaN,0,0.450824022293091
C031,C,4,525,1,NaN,NaN,0,0.339221954345703
C031,C,4,526,1,NaN,NaN,0,0.349305868148804
C031,C,4,527,1,NaN,NaN,0,0.362794876098633
C031,C,4,528,NaN,1,0,NaN,NaN
C031,C,4,529,1,NaN,NaN,0,0.275578022003174
C031,C,4,530,1,NaN,NaN,0,0.330169916152954
C031,C,4,531,1,NaN,NaN,0,0.521698951721191
C031,C,4,532,1,NaN,NaN,0,0.361550092697144
C031,C,4,533,1,NaN,NaN,0,0.351516962051392
C031,C,4,534,NaN,1,0,NaN,NaN
C031,C,4,535,1,NaN,NaN,0,0.328257083892822
C031,C,4,536,1,NaN,NaN,0,0.351893901824951
C031,C,4,537,1,NaN,NaN,0,0.460380077362061
C031,C,4,538,1,NaN,NaN,0,0.409425973892212
C031,C,4,539,1,NaN,NaN,0,0.422456979751587
C031,C,4,540,1,NaN,NaN,0,0.430938005447388
C031,C,4,541,1,NaN,NaN,0,0.339854955673218
C031,C,4,542,1,NaN,NaN,0,0.404193878173828
C031,C,4,543,1,NaN,NaN,0,0.502739906311035
C031,C,4,544,1,NaN,NaN,0,0.363028049468994
C031,C,4,545,NaN,1,0,NaN,NaN
C031,C,4,546,1,NaN,NaN,0,0.382256031036377
C031,C,4,547,1,NaN,NaN,0,0.441349983215332
C031,C,4,548,1,NaN,NaN,0,0.754443883895874
C031,C,4,549,1,NaN,NaN,0,0.486179113388062
C031,C,4,550,1,NaN,NaN,0,0.34257698059082
C031,C,4,551,1,NaN,NaN,0,0.392105102539062
C031,C,4,552,1,NaN,NaN,0,0.369481086730957
C031,C,4,553,1,NaN,NaN,0,0.453865051269531
C031,C,4,554,1,NaN,NaN,0,0.393673896789551
C031,C,4,555,NaN,1,0,NaN,NaN
C031,C,4,556,1,NaN,NaN,0,0.386051893234253
C031,C,4,557,1,NaN,NaN,0,0.443336009979248
C031,C,4,558,1,NaN,NaN,0,0.304254055023193
C031,C,4,559,1,NaN,NaN,0,0.58030891418457
C031,C,4,560,1,NaN,NaN,0,0.419991970062256
C031,C,4,561,NaN,1,0,NaN,NaN
C031,C,4,562,1,NaN,NaN,0,0.976682186126709
C031,C,4,563,1,NaN,NaN,0,0.4859619140625
C031,C,4,564,1,NaN,NaN,0,0.355028867721558
C031,C,4,565,1,NaN,NaN,0,0.345499038696289
C031,C,4,566,1,NaN,NaN,0,0.487529993057251
C031,C,4,567,1,NaN,NaN,0,0.766969919204712
C031,C,4,568,1,NaN,NaN,0,0.343114852905273
C031,C,4,569,1,NaN,NaN,0,0.39654278755188
C031,C,4,570,NaN,0,1,NaN,NaN
C031,C,4,571,1,NaN,NaN,0,0.301815986633301
C031,C,4,572,1,NaN,NaN,0,0.406985998153687
