SubID,Group,BlockN,nTrial,GoTrials,NoGoTrials,FA,Misses,RT
A007,A,1,NaN,NaN,NaN,0,0,0.453503847122192
A007,A,NaN,1,0,NaN,NaN,0,NaN
A007,A,1,NaN,NaN,NaN,0,0,0.454882860183716
A007,A,1,NaN,NaN,NaN,0,0,0.464448928833008
A007,A,1,NaN,NaN,NaN,0,0,0.476235151290894
A007,A,1,NaN,NaN,NaN,0,0,0.49389386177063
A007,A,1,NaN,NaN,NaN,0,0,0.493324995040894
A007,A,1,NaN,NaN,NaN,0,0,0.570844888687134
A007,A,1,NaN,NaN,NaN,0,0,0.541324853897095
A007,A,1,NaN,NaN,NaN,0,0,0.458333969116211
A007,A,1,NaN,NaN,NaN,0,0,0.489244937896729
A007,A,1,NaN,NaN,NaN,0,0,0.446047782897949
A007,A,1,NaN,NaN,NaN,0,0,0.472279071807861
A007,A,NaN,1,0,NaN,NaN,0,NaN
A007,A,1,NaN,NaN,NaN,0,0,0.398586988449097
A007,A,1,NaN,NaN,NaN,0,0,0.304008960723877
A007,A,1,NaN,NaN,NaN,0,0,0.347094058990479
A007,A,1,NaN,NaN,NaN,0,0,0.487510919570923
A007,A,1,NaN,NaN,NaN,0,0,0.468936920166016
A007,A,1,NaN,NaN,NaN,0,0,0.497880935668945
A007,A,1,NaN,NaN,NaN,0,0,0.45084810256958
A007,A,1,NaN,NaN,NaN,0,0,0.429832935333252
A007,A,1,NaN,NaN,NaN,0,0,0.414829015731812
A007,A,1,NaN,NaN,NaN,0,0,0.447108030319214
A007,A,1,NaN,NaN,NaN,0,0,0.4877769947052
A007,A,NaN,1,0,NaN,NaN,0,NaN
A007,A,1,NaN,NaN,NaN,0,0,0.322839021682739
A007,A,1,NaN,NaN,NaN,0,0,0.320688009262085
A007,A,1,NaN,NaN,NaN,0,0,0.2452712059021
A007,A,1,NaN,NaN,NaN,0,0,0.282409906387329
A007,A,1,NaN,NaN,NaN,0,0,0.350486993789673
A007,A,NaN,1,0,NaN,NaN,0,NaN
A007,A,1,NaN,NaN,NaN,0,0,0.296717882156372
A007,A,1,NaN,NaN,NaN,0,0,0.265928030014038
A007,A,1,NaN,NaN,NaN,0,0,0.309523105621338
A007,A,1,NaN,NaN,NaN,0,0,0.318734169006348
A007,A,1,NaN,NaN,NaN,0,0,0.513241052627563
A007,A,1,NaN,NaN,NaN,0,0,0.49780797958374
A007,A,1,NaN,NaN,NaN,0,0,0.502002000808716
A007,A,1,NaN,NaN,NaN,0,0,0.471206903457642
A007,A,NaN,1,0,NaN,NaN,0,NaN
A007,A,1,NaN,NaN,NaN,0,0,0.430872917175293
A007,A,1,NaN,NaN,NaN,0,0,0.404271125793457
A007,A,1,NaN,NaN,NaN,0,0,0.355788946151733
A007,A,1,NaN,NaN,NaN,0,0,0.449196100234985
A007,A,1,NaN,NaN,NaN,0,0,0.438582897186279
A007,A,NaN,1,0,NaN,NaN,0,NaN
A007,A,1,NaN,NaN,NaN,0,0,0.919826984405518
A007,A,1,NaN,NaN,NaN,0,0,0.681938886642456
A007,A,1,NaN,NaN,NaN,0,0,0.486077070236206
A007,A,1,NaN,NaN,NaN,0,0,0.400908946990967
A007,A,1,NaN,NaN,NaN,0,0,0.33853816986084
A007,A,1,NaN,NaN,NaN,0,0,0.332854986190796
A007,A,1,NaN,NaN,NaN,0,0,0.314239025115967
A007,A,1,NaN,NaN,NaN,0,0,0.371080875396729
A007,A,1,NaN,NaN,NaN,0,0,0.31158185005188
A007,A,NaN,1,0,NaN,NaN,0,NaN
A007,A,1,NaN,NaN,NaN,0,0,0.289194107055664
A007,A,1,NaN,NaN,NaN,0,0,0.266649007797241
A007,A,1,NaN,NaN,NaN,0,0,0.222222805023193
A007,A,1,NaN,NaN,NaN,0,0,0.268505096435547
A007,A,1,NaN,NaN,NaN,0,0,0.329290151596069
A007,A,1,NaN,NaN,NaN,0,0,0.343787908554077
A007,A,1,NaN,NaN,NaN,0,0,0.348916053771973
A007,A,1,NaN,NaN,NaN,0,0,0.314087152481079
A007,A,1,NaN,NaN,NaN,0,0,0.343139171600342
A007,A,NaN,1,0,NaN,NaN,0,NaN
A007,A,1,NaN,NaN,NaN,0,0,0.29093599319458
A007,A,1,NaN,NaN,NaN,0,0,0.23039984703064
A007,A,1,NaN,NaN,NaN,0,0,0.370830059051514
A007,A,1,NaN,NaN,NaN,0,0,0.479973077774048
A007,A,1,NaN,NaN,NaN,0,0,0.656814813613892
A007,A,1,NaN,NaN,NaN,0,0,0.54054594039917
A007,A,1,NaN,NaN,NaN,0,0,0.500119924545288
A007,A,1,NaN,NaN,NaN,0,0,0.54644513130188
A007,A,1,NaN,NaN,NaN,0,0,0.501513004302979
A007,A,1,NaN,NaN,NaN,0,0,0.322642087936401
A007,A,NaN,0,1,NaN,NaN,0,NaN
A007,A,1,NaN,NaN,NaN,0,0,0.581622123718262
A007,A,1,NaN,NaN,NaN,0,0,0.483039140701294
A007,A,1,NaN,NaN,NaN,0,0,0.243448972702026
A007,A,1,NaN,NaN,NaN,0,0,0.252790927886963
A007,A,1,NaN,NaN,NaN,0,0,0.23560094833374
A007,A,NaN,0,1,NaN,NaN,0,NaN
A007,A,1,NaN,NaN,NaN,0,0,0.490724086761475
A007,A,1,NaN,NaN,NaN,0,0,0.303868055343628
A007,A,1,NaN,NaN,NaN,0,0,0.264907836914062
A007,A,1,NaN,NaN,NaN,0,0,0.241780042648315
A007,A,1,NaN,NaN,NaN,0,0,0.284570217132568
A007,A,1,NaN,NaN,NaN,0,0,0.362746000289917
A007,A,1,NaN,NaN,NaN,0,0,0.661422967910767
A007,A,NaN,1,0,NaN,NaN,0,NaN
A007,A,1,NaN,NaN,NaN,0,0,0.48773193359375
A007,A,1,NaN,NaN,NaN,0,0,0.42843222618103
A007,A,1,NaN,NaN,NaN,0,0,0.345813989639282
A007,A,1,NaN,NaN,NaN,0,0,0.269345045089722
A007,A,1,NaN,NaN,NaN,0,0,0.345724105834961
A007,A,1,NaN,NaN,NaN,0,0,0.428705930709839
A007,A,1,NaN,NaN,NaN,0,0,0.629403829574585
A007,A,1,NaN,NaN,NaN,0,0,0.285801887512207
A007,A,1,NaN,NaN,NaN,0,0,0.292365789413452
A007,A,1,NaN,NaN,NaN,0,0,0.3854820728302
A007,A,1,NaN,NaN,NaN,0,0,0.366743803024292
A007,A,1,NaN,NaN,NaN,0,0,0.366050004959106
A007,A,1,NaN,NaN,NaN,0,0,0.301532030105591
A007,A,NaN,1,0,NaN,NaN,0,NaN
A007,A,1,NaN,NaN,NaN,0,0,0.358964920043945
A007,A,1,NaN,NaN,NaN,0,0,0.276381015777588
A007,A,1,NaN,NaN,NaN,0,0,0.259761095046997
A007,A,1,NaN,NaN,NaN,0,0,0.336794853210449
A007,A,1,NaN,NaN,NaN,0,0,0.297728061676025
A007,A,1,NaN,NaN,NaN,0,0,0.37407398223877
A007,A,1,NaN,NaN,NaN,0,0,0.295410871505737
A007,A,NaN,0,1,NaN,NaN,0,NaN
A007,A,1,NaN,NaN,NaN,0,0,0.419049024581909
A007,A,1,NaN,NaN,NaN,0,0,0.467407941818237
A007,A,1,NaN,NaN,NaN,0,0,0.325222015380859
A007,A,1,NaN,NaN,NaN,0,0,0.289944887161255
A007,A,NaN,0,1,NaN,NaN,0,NaN
A007,A,1,NaN,NaN,NaN,0,0,0.606389999389648
A007,A,1,NaN,NaN,NaN,0,0,0.376865863800049
A007,A,1,NaN,NaN,NaN,0,0,0.236610889434814
A007,A,1,NaN,NaN,NaN,0,0,0.282473087310791
A007,A,1,NaN,NaN,NaN,0,0,0.343183040618896
A007,A,1,NaN,NaN,NaN,0,0,0.440805912017822
A007,A,1,NaN,NaN,NaN,0,0,0.369505882263184
A007,A,1,NaN,NaN,NaN,0,0,0.452216148376465
A007,A,1,NaN,NaN,NaN,0,0,0.320780992507935
A007,A,1,NaN,NaN,NaN,0,0,0.477699995040894
A007,A,NaN,0,1,NaN,NaN,0,NaN
A007,A,1,NaN,NaN,NaN,0,0,0.483457088470459
A007,A,1,NaN,NaN,NaN,0,0,0.3124680519104
A007,A,1,NaN,NaN,NaN,0,0,0.267945051193237
A007,A,1,NaN,NaN,NaN,0,0,0.296579837799072
A007,A,1,NaN,NaN,NaN,0,0,0.276612997055054
A007,A,1,NaN,NaN,NaN,0,0,0.281113862991333
A007,A,1,NaN,NaN,NaN,0,0,0.347309112548828
A007,A,1,NaN,NaN,NaN,0,0,0.268654108047485
A007,A,NaN,1,0,NaN,NaN,0,NaN
A007,A,1,NaN,NaN,NaN,0,0,0.27253794670105
A007,A,1,NaN,NaN,NaN,0,0,0.253602981567383
A007,A,1,NaN,NaN,NaN,0,0,0.274805068969727
A007,A,1,NaN,NaN,NaN,0,0,0.415394067764282
A007,A,1,NaN,NaN,NaN,0,0,0.352490901947021
A007,A,1,NaN,NaN,NaN,0,0,0.436933994293213
A007,A,1,NaN,NaN,NaN,0,0,0.331791162490845
A007,A,1,NaN,NaN,NaN,0,0,0.689851045608521
A007,A,1,NaN,NaN,NaN,0,0,0.367235898971558
A007,A,NaN,1,0,NaN,NaN,0,NaN
A007,A,1,NaN,NaN,NaN,0,0,0.370965003967285
A007,A,1,NaN,NaN,NaN,0,0,0.295814990997314
A007,A,1,NaN,NaN,NaN,0,0,0.314548015594482
A007,A,1,NaN,NaN,NaN,0,0,0.270575046539307
A007,A,1,NaN,NaN,NaN,0,0,0.318943977355957
A007,A,NaN,0,1,NaN,NaN,0,NaN
A007,A,1,NaN,NaN,NaN,0,0,0.247538089752197
A007,A,1,NaN,NaN,NaN,0,0,0.274764060974121
A007,A,1,NaN,NaN,NaN,0,0,0.636224031448364
A007,A,1,NaN,NaN,NaN,0,0,0.340307950973511
A007,A,1,NaN,NaN,NaN,0,0,0.282301902770996
A007,A,1,NaN,NaN,NaN,0,0,0.321194887161255
A007,A,1,NaN,NaN,NaN,0,0,0.34181809425354
A007,A,1,NaN,NaN,NaN,0,0,0.36847996711731
A007,A,1,NaN,NaN,NaN,0,0,0.496818065643311
A007,A,1,NaN,NaN,NaN,0,0,0.490555047988892
A007,A,1,NaN,NaN,NaN,0,0,0.363249063491821
A007,A,1,NaN,NaN,NaN,0,0,0.41602087020874
A007,A,1,NaN,NaN,NaN,0,0,0.468750953674316
A007,A,NaN,1,0,NaN,NaN,0,NaN
A007,A,1,NaN,NaN,NaN,0,0,0.310980796813965
A007,A,1,NaN,NaN,NaN,0,0,0.266628980636597
A007,A,1,NaN,NaN,NaN,0,0,0.318648099899292
A007,A,1,NaN,NaN,NaN,0,0,0.289247989654541
A007,A,1,NaN,NaN,NaN,0,0,0.295093059539795
A007,A,1,NaN,NaN,NaN,0,0,0.293248176574707
A007,A,1,NaN,NaN,NaN,0,0,0.311311006546021
A007,A,1,NaN,NaN,NaN,0,0,0.372469902038574
A007,A,1,NaN,NaN,NaN,0,0,0.297384023666382
A007,A,NaN,0,1,NaN,NaN,0,NaN
A007,A,1,NaN,NaN,NaN,0,0,NaN
A007,A,1,NaN,NaN,NaN,0,0,0.253804206848145
A007,A,NaN,0,1,NaN,NaN,0,NaN
A007,A,1,NaN,NaN,NaN,0,0,0.33617115020752
A007,A,1,NaN,NaN,NaN,0,0,0.345062017440796
A007,A,1,NaN,NaN,NaN,0,0,0.282593011856079
A007,A,1,NaN,NaN,NaN,0,0,0.298732995986938
A007,A,1,NaN,NaN,NaN,0,0,0.348084926605225
A007,A,1,NaN,NaN,NaN,0,0,0.319134950637817
A007,A,1,NaN,NaN,NaN,0,0,0.589651107788086
A007,A,1,NaN,NaN,NaN,0,0,0.356842994689941
A007,A,1,NaN,NaN,NaN,0,0,0.349150896072388
A007,A,1,NaN,NaN,NaN,0,0,0.386057138442993
A007,A,1,NaN,NaN,NaN,0,0,0.335458040237427
A007,A,NaN,1,0,NaN,NaN,0,NaN
A007,A,1,NaN,NaN,NaN,0,0,0.278862953186035
A007,A,1,NaN,NaN,NaN,0,0,0.31997013092041
A007,A,1,NaN,NaN,NaN,0,0,0.349658966064453
A007,A,1,NaN,NaN,NaN,0,0,0.292386054992676
A007,A,1,NaN,NaN,NaN,0,0,0.278254985809326
A007,A,NaN,1,0,NaN,NaN,0,NaN
A007,A,1,NaN,NaN,NaN,0,0,0.305810928344727
A007,A,1,NaN,NaN,NaN,0,0,0.26709508895874
A007,A,1,NaN,NaN,NaN,0,0,0.275786161422729
A007,A,1,NaN,NaN,NaN,0,0,0.263008117675781
A007,A,1,NaN,NaN,NaN,0,0,0.306126832962036
A007,A,1,NaN,NaN,NaN,0,0,0.319689035415649
A007,A,1,NaN,NaN,NaN,0,0,0.308383941650391
A007,A,1,NaN,NaN,NaN,0,0,0.336946964263916
A007,A,1,NaN,NaN,NaN,0,0,0.293889999389648
A007,A,1,NaN,NaN,NaN,0,0,0.294939041137695
A007,A,1,NaN,NaN,NaN,0,0,0.31987190246582
A007,A,NaN,0,1,NaN,NaN,0,NaN
A007,A,1,NaN,NaN,NaN,0,0,0.308413982391357
A007,A,1,NaN,NaN,NaN,0,0,0.26067590713501
A007,A,1,NaN,NaN,NaN,0,0,0.275602102279663
A007,A,1,NaN,NaN,NaN,0,0,0.269953012466431
A007,A,1,NaN,NaN,NaN,0,0,0.272418975830078
A007,A,NaN,0,1,NaN,NaN,0,NaN
A007,A,1,NaN,NaN,NaN,0,0,0.359063863754272
A007,A,1,NaN,NaN,NaN,0,0,0.308264970779419
A007,A,1,NaN,NaN,NaN,0,0,0.270001888275146
A007,A,1,NaN,NaN,NaN,0,0,0.276393890380859
A007,A,1,NaN,NaN,NaN,0,0,0.321232795715332
A007,A,1,NaN,NaN,NaN,0,0,0.323694944381714
A007,A,1,NaN,NaN,NaN,0,0,0.267846822738647
A007,A,1,NaN,NaN,NaN,0,0,0.319133996963501
A007,A,NaN,1,0,NaN,NaN,0,NaN
A007,A,1,NaN,NaN,NaN,0,0,0.315752983093262
A007,A,1,NaN,NaN,NaN,0,0,0.268758058547974
A007,A,1,NaN,NaN,NaN,0,0,0.290091991424561
A007,A,1,NaN,NaN,NaN,0,0,0.298465967178345
A007,A,1,NaN,NaN,NaN,0,0,0.475848913192749
A007,A,1,NaN,NaN,NaN,0,0,0.348538875579834
A007,A,1,NaN,NaN,NaN,0,0,0.571253061294556
A007,A,1,NaN,NaN,NaN,0,0,0.330379962921143
A007,A,NaN,1,0,NaN,NaN,0,NaN
A007,A,1,NaN,NaN,NaN,0,0,0.352895021438599
A007,A,1,NaN,NaN,NaN,0,0,0.280268907546997
A007,A,1,NaN,NaN,NaN,0,0,0.465565919876099
A007,A,1,NaN,NaN,NaN,0,0,0.335649013519287
A007,A,1,NaN,NaN,NaN,0,0,0.288879156112671
A007,A,1,NaN,NaN,NaN,0,0,0.293900012969971
A007,A,1,NaN,NaN,NaN,0,0,0.288006067276001
A007,A,1,NaN,NaN,NaN,0,0,0.308594942092896
A007,A,1,NaN,NaN,NaN,0,0,0.315726041793823
A007,A,1,NaN,NaN,NaN,0,0,0.312051057815552
A007,A,1,NaN,NaN,NaN,0,0,0.302579164505005
A007,A,1,NaN,NaN,NaN,0,0,0.301980972290039
A007,A,NaN,1,0,NaN,NaN,0,NaN
A007,A,1,NaN,NaN,NaN,0,0,0.306142091751099
A007,A,1,NaN,NaN,NaN,0,0,0.346955060958862
A007,A,1,NaN,NaN,NaN,0,0,0.37999701499939
A007,A,1,NaN,NaN,NaN,0,0,0.316443920135498
A007,A,1,NaN,NaN,NaN,0,0,0.288491010665894
A007,A,1,NaN,NaN,NaN,0,0,0.258656024932861
A007,A,1,NaN,NaN,NaN,0,0,0.283352851867676
A007,A,NaN,0,1,NaN,NaN,0,NaN
A007,A,1,NaN,NaN,NaN,0,0,0.265649080276489
A007,A,1,NaN,NaN,NaN,0,0,0.259811878204346
A007,A,1,NaN,NaN,NaN,0,0,0.398849964141846
A007,A,1,NaN,NaN,NaN,0,0,0.550533771514893
A007,A,1,NaN,NaN,NaN,0,0,0.579706907272339
A007,A,1,NaN,NaN,NaN,0,0,1.20139002799988
A007,A,1,NaN,NaN,NaN,0,0,0.634747982025146
A007,A,1,NaN,NaN,NaN,0,0,0.301707983016968
A007,A,1,NaN,NaN,NaN,0,0,0.319103956222534
A007,A,1,NaN,NaN,NaN,0,0,0.279661893844604
A007,A,NaN,0,1,NaN,NaN,0,NaN
A007,A,1,NaN,NaN,NaN,0,0,0.28646993637085
A007,A,1,NaN,NaN,NaN,0,0,0.275883913040161
A007,A,1,NaN,NaN,NaN,0,0,0.333140850067139
A007,A,1,NaN,NaN,NaN,0,0,0.480324029922485
A007,A,1,NaN,NaN,NaN,0,0,0.386314868927002
A007,A,NaN,0,1,NaN,NaN,0,NaN
A007,A,1,NaN,NaN,NaN,0,0,0.314521074295044
A007,A,1,NaN,NaN,NaN,0,0,0.284559965133667
A007,A,1,NaN,NaN,NaN,0,0,0.261674165725708
A007,A,1,NaN,NaN,NaN,0,0,0.299072027206421
A007,A,1,NaN,NaN,NaN,0,0,0.363999128341675
A007,A,1,NaN,NaN,NaN,0,0,0.312030792236328
A007,A,1,NaN,NaN,NaN,0,0,0.316547870635986
A007,A,1,NaN,NaN,NaN,0,0,0.288528919219971
A007,A,1,NaN,NaN,NaN,0,0,0.376142978668213
A007,A,1,NaN,NaN,NaN,0,0,0.299937963485718
A007,A,NaN,1,0,NaN,NaN,0,NaN
A007,A,1,NaN,NaN,NaN,0,0,0.314970016479492
A007,A,1,NaN,NaN,NaN,0,0,0.3127760887146
A007,A,1,NaN,NaN,NaN,0,0,0.470091104507446
A007,A,1,NaN,NaN,NaN,0,0,0.3350510597229
A007,A,1,NaN,NaN,NaN,0,0,0.285529136657715
A007,A,1,NaN,NaN,NaN,0,0,0.677933931350708
A007,A,1,NaN,NaN,NaN,0,0,0.366945028305054
A007,A,1,NaN,NaN,NaN,0,0,0.302123785018921
A007,A,NaN,0,1,NaN,NaN,0,NaN
A007,A,1,NaN,NaN,NaN,0,0,0.278495788574219
A007,A,1,NaN,NaN,NaN,0,0,0.259390115737915
A007,A,1,NaN,NaN,NaN,0,0,0.300289154052734
A007,A,1,NaN,NaN,NaN,0,0,0.335805892944336
A007,A,1,NaN,NaN,NaN,0,0,0.375375986099243
A007,A,1,NaN,NaN,NaN,0,0,0.279283046722412
A007,A,1,NaN,NaN,NaN,0,0,0.278680086135864
A007,A,1,NaN,NaN,NaN,0,0,0.35210394859314
A007,A,NaN,0,1,NaN,NaN,0,NaN
A007,A,1,NaN,NaN,NaN,0,0,0.274876832962036
A007,A,1,NaN,NaN,NaN,0,0,0.271058082580566
A007,A,1,NaN,NaN,NaN,0,0,0.275500059127808
A007,A,1,NaN,NaN,NaN,0,0,0.295131921768188
A007,A,1,NaN,NaN,NaN,0,0,0.283648014068604
A007,A,1,NaN,NaN,NaN,0,0,0.25252103805542
A007,A,1,NaN,NaN,NaN,0,0,0.206223964691162
A007,A,1,NaN,NaN,NaN,0,0,0.266812086105347
A007,A,1,NaN,NaN,NaN,0,0,0.284942865371704
A007,A,NaN,0,1,NaN,NaN,0,NaN
A007,A,1,NaN,NaN,NaN,0,0,0.150945901870728
A007,A,1,NaN,NaN,NaN,0,0,0.216121912002563
A007,A,1,NaN,NaN,NaN,0,0,0.252684831619263
A007,A,1,NaN,NaN,NaN,0,0,0.317605018615723
A007,A,1,NaN,NaN,NaN,0,0,0.321040153503418
A007,A,1,NaN,NaN,NaN,0,0,0.340157985687256
A007,A,1,NaN,NaN,NaN,0,0,0.44323992729187
A007,A,1,NaN,NaN,NaN,0,0,0.360714912414551
A007,A,NaN,1,0,NaN,NaN,0,NaN
A007,A,1,NaN,NaN,NaN,0,0,0.346976041793823
A007,A,1,NaN,NaN,NaN,0,0,0.401179075241089
A007,A,1,NaN,NaN,NaN,0,0,0.272582054138184
A007,A,1,NaN,NaN,NaN,0,0,0.30989408493042
A007,A,1,NaN,NaN,NaN,0,0,0.18961501121521
A007,A,1,NaN,NaN,NaN,0,0,0.222404956817627
A007,A,1,NaN,NaN,NaN,0,0,0.217962980270386
A007,A,NaN,1,0,NaN,NaN,0,NaN
A007,A,1,NaN,NaN,NaN,0,0,0.272558927536011
A007,A,1,NaN,NaN,NaN,0,0,0.2899329662323
A007,A,1,NaN,NaN,NaN,0,0,NaN
A007,A,1,NaN,NaN,NaN,0,0,0.235864162445068
A007,A,1,NaN,NaN,NaN,0,0,0.29072093963623
A007,A,1,NaN,NaN,NaN,0,0,0.343131065368652
A007,A,NaN,1,0,NaN,NaN,0,NaN
A007,A,1,NaN,NaN,NaN,0,0,0.363597869873047
A007,A,1,NaN,NaN,NaN,0,0,0.275593996047974
A007,A,1,NaN,NaN,NaN,0,0,0.195832967758179
A007,A,1,NaN,NaN,NaN,0,0,0.217406034469604
A007,A,1,NaN,NaN,NaN,0,0,0.546251058578491
A007,A,1,NaN,NaN,NaN,0,0,0.340734958648682
A007,A,1,NaN,NaN,NaN,0,0,0.301609039306641
A007,A,1,NaN,NaN,NaN,0,0,0.287582874298096
A007,A,1,NaN,NaN,NaN,0,0,0.308986902236938
A007,A,1,NaN,NaN,NaN,0,0,0.365921020507812
A007,A,1,NaN,NaN,NaN,0,0,0.27497410774231
A007,A,NaN,0,1,NaN,NaN,0,NaN
A007,A,1,NaN,NaN,NaN,0,0,0.412186145782471
A007,A,1,NaN,NaN,NaN,0,0,0.233368873596191
A007,A,1,NaN,NaN,NaN,0,0,0.25139594078064
A007,A,1,NaN,NaN,NaN,0,0,0.231161832809448
A007,A,1,NaN,NaN,NaN,0,0,0.259371042251587
A007,A,1,NaN,NaN,NaN,0,0,0.237932920455933
A007,A,1,NaN,NaN,NaN,0,0,0.278575897216797
A007,A,1,NaN,NaN,NaN,0,0,0.267279863357544
A007,A,1,NaN,NaN,NaN,0,0,0.323621034622192
A007,A,NaN,0,1,NaN,NaN,0,NaN
A007,A,1,NaN,NaN,NaN,0,0,0.318739175796509
A007,A,1,NaN,NaN,NaN,0,0,0.243656158447266
A007,A,1,NaN,NaN,NaN,0,0,0.316422939300537
A007,A,1,NaN,NaN,NaN,0,0,0.32391095161438
A007,A,NaN,1,0,NaN,NaN,0,NaN
A007,A,1,NaN,NaN,NaN,0,0,0.288250207901001
A007,A,1,NaN,NaN,NaN,0,0,0.285340070724487
A007,A,1,NaN,NaN,NaN,0,0,0.336903810501099
A007,A,1,NaN,NaN,NaN,0,0,0.63701605796814
A007,A,1,NaN,NaN,NaN,0,0,0.405794858932495
A007,A,1,NaN,NaN,NaN,0,0,0.40607213973999
A007,A,1,NaN,NaN,NaN,0,0,0.427693128585815
A007,A,1,NaN,NaN,NaN,0,0,0.35539984703064
A007,A,NaN,0,1,NaN,NaN,0,NaN
A007,A,1,NaN,NaN,NaN,0,0,0.278856039047241
A007,A,1,NaN,NaN,NaN,0,0,0.30977201461792
A007,A,1,NaN,NaN,NaN,0,0,0.261780977249146
A007,A,1,NaN,NaN,NaN,0,0,0.281284093856812
A007,A,1,NaN,NaN,NaN,0,0,0.25332498550415
A007,A,1,NaN,NaN,NaN,0,0,0.252182960510254
A007,A,1,NaN,NaN,NaN,0,0,0.338795185089111
A007,A,NaN,1,0,NaN,NaN,0,NaN
A007,A,1,NaN,NaN,NaN,0,0,0.399756908416748
A007,A,1,NaN,NaN,NaN,0,0,0.240350008010864
A007,A,1,NaN,NaN,NaN,0,0,0.237025022506714
A007,A,1,NaN,NaN,NaN,0,0,0.46822714805603
A007,A,1,NaN,NaN,NaN,0,0,0.322371959686279
A007,A,1,NaN,NaN,NaN,0,0,0.298624992370605
A007,A,1,NaN,NaN,NaN,0,0,0.272109985351562
A007,A,1,NaN,NaN,NaN,0,0,0.345018148422241
A007,A,1,NaN,NaN,NaN,0,0,0.326586008071899
A007,A,1,NaN,NaN,NaN,0,0,0.341794013977051
A007,A,1,NaN,NaN,NaN,0,0,0.313076019287109
A007,A,1,NaN,NaN,NaN,0,0,0.301196098327637
A007,A,NaN,1,0,NaN,NaN,0,NaN
A007,A,1,NaN,NaN,NaN,0,0,0.293443202972412
A007,A,1,NaN,NaN,NaN,0,0,0.359596014022827
A007,A,1,NaN,NaN,NaN,0,0,0.308038949966431
A007,A,1,NaN,NaN,NaN,0,0,0.302469968795776
A007,A,1,NaN,NaN,NaN,0,0,0.231067180633545
A007,A,1,NaN,NaN,NaN,0,0,0.238707065582275
A007,A,1,NaN,NaN,NaN,0,0,0.261280059814453
A007,A,1,NaN,NaN,NaN,0,0,0.454994201660156
A007,A,NaN,0,1,NaN,NaN,0,NaN
A007,A,1,NaN,NaN,NaN,0,0,0.25755786895752
A007,A,1,NaN,NaN,NaN,0,0,0.307362079620361
A007,A,1,NaN,NaN,NaN,0,0,0.235631942749023
A007,A,1,NaN,NaN,NaN,0,0,NaN
A007,A,NaN,0,1,NaN,NaN,0,NaN
A007,A,0,NaN,NaN,NaN,1,0,NaN
A007,A,1,NaN,NaN,NaN,0,0,0.182276010513306
A007,A,1,NaN,NaN,NaN,0,0,NaN
A007,A,1,NaN,NaN,NaN,0,0,NaN
A007,A,1,NaN,NaN,NaN,0,0,0.162086009979248
A007,A,1,NaN,NaN,NaN,0,0,NaN
A007,A,1,NaN,NaN,NaN,0,0,0.283758878707886
A007,A,1,NaN,NaN,NaN,0,0,0.337432146072388
A007,A,1,NaN,NaN,NaN,0,0,0.330123901367188
A007,A,1,NaN,NaN,NaN,0,0,0.319217920303345
A007,A,NaN,0,1,NaN,NaN,0,NaN
A007,A,1,NaN,NaN,NaN,0,0,NaN
A007,A,0,NaN,NaN,NaN,1,0,NaN
A007,A,1,NaN,NaN,NaN,0,0,0.20280385017395
A007,A,1,NaN,NaN,NaN,0,0,0.201758146286011
A007,A,1,NaN,NaN,NaN,0,0,0.253630876541138
A007,A,NaN,0,1,NaN,NaN,0,NaN
A007,A,1,NaN,NaN,NaN,0,0,0.530031204223633
A007,A,1,NaN,NaN,NaN,0,0,0.3368079662323
A007,A,1,NaN,NaN,NaN,0,0,0.318047046661377
A007,A,1,NaN,NaN,NaN,0,0,0.403075933456421
A007,A,1,NaN,NaN,NaN,0,0,0.348955869674683
A007,A,1,NaN,NaN,NaN,0,0,0.317482948303223
A007,A,1,NaN,NaN,NaN,0,0,0.474385976791382
A007,A,1,NaN,NaN,NaN,0,0,0.454995155334473
A007,A,1,NaN,NaN,NaN,0,0,0.499119997024536
A007,A,1,NaN,NaN,NaN,0,0,0.623960971832275
A007,A,NaN,1,0,NaN,NaN,0,NaN
A007,A,1,NaN,NaN,NaN,0,0,0.585153102874756
A007,A,1,NaN,NaN,NaN,0,0,0.490453004837036
A007,A,1,NaN,NaN,NaN,0,0,0.559417009353638
A007,A,1,NaN,NaN,NaN,0,0,0.391629934310913
A007,A,1,NaN,NaN,NaN,0,0,0.512873888015747
A007,A,1,NaN,NaN,NaN,0,0,0.65808892250061
A007,A,1,NaN,NaN,NaN,0,0,0.725847005844116
A007,A,1,NaN,NaN,NaN,0,0,0.35181713104248
A007,A,1,NaN,NaN,NaN,0,0,0.532719135284424
A007,A,0,NaN,NaN,NaN,1,0,NaN
A007,A,1,NaN,NaN,NaN,0,0,0.170837879180908
A007,A,1,NaN,NaN,NaN,0,0,0.244091987609863
A007,A,NaN,1,0,NaN,NaN,0,NaN
A007,A,1,NaN,NaN,NaN,0,0,0.597589015960693
A007,A,1,NaN,NaN,NaN,0,0,0.302725076675415
A007,A,1,NaN,NaN,NaN,0,0,0.293097972869873
A007,A,1,NaN,NaN,NaN,0,0,0.300418138504028
A007,A,NaN,0,1,NaN,NaN,0,NaN
A007,A,1,NaN,NaN,NaN,0,0,0.211984157562256
A007,A,1,NaN,NaN,NaN,0,0,0.39729905128479
A007,A,1,NaN,NaN,NaN,0,0,0.468101024627686
A007,A,1,NaN,NaN,NaN,0,0,0.362715005874634
A007,A,1,NaN,NaN,NaN,0,0,0.354374170303345
A007,A,1,NaN,NaN,NaN,0,0,0.541174173355103
A007,A,1,NaN,NaN,NaN,0,0,0.417306184768677
A007,A,NaN,0,1,NaN,NaN,0,NaN
A007,A,1,NaN,NaN,NaN,0,0,0.274770021438599
A007,A,1,NaN,NaN,NaN,0,0,0.256696939468384
A007,A,1,NaN,NaN,NaN,0,0,0.418488025665283
A007,A,1,NaN,NaN,NaN,0,0,0.34808087348938
A007,A,1,NaN,NaN,NaN,0,0,0.344725847244263
A007,A,1,NaN,NaN,NaN,0,0,0.297336101531982
A007,A,1,NaN,NaN,NaN,0,0,0.31897497177124
A007,A,1,NaN,NaN,NaN,0,0,0.449080944061279
A007,A,1,NaN,NaN,NaN,0,0,0.348347187042236
A007,A,1,NaN,NaN,NaN,0,0,0.325128078460693
A007,A,1,NaN,NaN,NaN,0,0,0.551792144775391
A007,A,1,NaN,NaN,NaN,0,0,0.495784997940063
A007,A,1,NaN,NaN,NaN,0,0,0.449828147888184
A007,A,NaN,1,0,NaN,NaN,0,NaN
A007,A,1,NaN,NaN,NaN,0,0,0.550251960754395
A007,A,1,NaN,NaN,NaN,0,0,0.294157028198242
A007,A,NaN,1,0,NaN,NaN,0,NaN
A007,A,1,NaN,NaN,NaN,0,0,0.420033931732178
A007,A,1,NaN,NaN,NaN,0,0,0.328640937805176
A007,A,1,NaN,NaN,NaN,0,0,0.328594207763672
A007,A,1,NaN,NaN,NaN,0,0,0.437587022781372
A007,A,1,NaN,NaN,NaN,0,0,0.317244052886963
A007,A,1,NaN,NaN,NaN,0,0,0.315038919448853
A007,A,1,NaN,NaN,NaN,0,0,0.302644968032837
A007,A,1,NaN,NaN,NaN,0,0,0.279453992843628
A007,A,NaN,0,1,NaN,NaN,0,NaN
A007,A,1,NaN,NaN,NaN,0,0,0.556286096572876
A007,A,1,NaN,NaN,NaN,0,0,0.327877044677734
A007,A,1,NaN,NaN,NaN,0,0,0.291059017181396
A007,A,1,NaN,NaN,NaN,0,0,0.292369842529297
A007,A,1,NaN,NaN,NaN,0,0,0.364909172058105
A007,A,1,NaN,NaN,NaN,0,0,0.311796188354492
A007,A,1,NaN,NaN,NaN,0,0,0.336942911148071
A007,A,1,NaN,NaN,NaN,0,0,0.277577877044678
A007,A,1,NaN,NaN,NaN,0,0,0.284871101379395
A007,A,1,NaN,NaN,NaN,0,0,0.360624074935913
A007,A,NaN,0,1,NaN,NaN,0,NaN
A007,A,1,NaN,NaN,NaN,0,0,0.264859914779663
A007,A,1,NaN,NaN,NaN,0,0,0.314101934432983
A007,A,1,NaN,NaN,NaN,0,0,0.210837125778198
A007,A,1,NaN,NaN,NaN,0,0,0.263813018798828
A007,A,1,NaN,NaN,NaN,0,0,NaN
A007,A,1,NaN,NaN,NaN,0,0,0.217970848083496
A007,A,1,NaN,NaN,NaN,0,0,0.21698784828186
A007,A,1,NaN,NaN,NaN,0,0,NaN
A007,A,1,NaN,NaN,NaN,0,0,0.253945827484131
A007,A,1,NaN,NaN,NaN,0,0,NaN
A007,A,1,NaN,NaN,NaN,0,0,0.227895021438599
A007,A,NaN,0,1,NaN,NaN,0,NaN
A007,A,1,NaN,NaN,NaN,0,0,0.320793151855469
A007,A,1,NaN,NaN,NaN,0,0,0.279806852340698
A007,A,1,NaN,NaN,NaN,0,0,0.372675895690918
A007,A,NaN,0,1,NaN,NaN,0,NaN
A007,A,1,NaN,NaN,NaN,0,0,0.230346918106079
A007,A,1,NaN,NaN,NaN,0,0,NaN
A007,A,1,NaN,NaN,NaN,0,0,0.171631097793579
A007,A,1,NaN,NaN,NaN,0,0,NaN
A007,A,1,NaN,NaN,NaN,0,0,0.305104970932007
A007,A,1,NaN,NaN,NaN,0,0,0.299768209457397
A007,A,1,NaN,NaN,NaN,0,0,0.3679358959198
A007,A,1,NaN,NaN,NaN,0,0,0.388394832611084
A007,A,1,NaN,NaN,NaN,0,0,0.295998096466064
A007,A,1,NaN,NaN,NaN,0,0,0.326519966125488
A007,A,NaN,1,0,NaN,NaN,0,NaN
A007,A,1,NaN,NaN,NaN,0,0,0.505240917205811
A007,A,1,NaN,NaN,NaN,0,0,0.373465061187744
A007,A,1,NaN,NaN,NaN,0,0,0.310679912567139
A007,A,1,NaN,NaN,NaN,0,0,0.299347877502441
A007,A,1,NaN,NaN,NaN,0,0,0.284220933914185
A007,A,1,NaN,NaN,NaN,0,0,NaN
A007,A,1,NaN,NaN,NaN,0,0,0.28236198425293
A007,A,1,NaN,NaN,NaN,0,0,0.513189077377319
A007,A,1,NaN,NaN,NaN,0,0,0.379585027694702
A007,A,1,NaN,NaN,NaN,0,0,0.307837963104248
A007,A,1,NaN,NaN,NaN,0,0,0.339999914169312
A007,A,1,NaN,NaN,NaN,0,0,0.349211931228638
A007,A,1,NaN,NaN,NaN,0,0,0.33989691734314
A007,A,1,NaN,NaN,NaN,0,0,0.377978086471558
A007,A,1,NaN,NaN,NaN,0,0,0.324990034103394
A007,A,NaN,1,0,NaN,NaN,0,NaN
A007,A,1,NaN,NaN,NaN,0,0,0.352416038513184
A007,A,1,NaN,NaN,NaN,0,0,0.290282964706421
A007,A,1,NaN,NaN,NaN,0,0,NaN
A007,A,1,NaN,NaN,NaN,0,0,0.2966148853302
A007,A,NaN,0,1,NaN,NaN,0,NaN
A007,A,1,NaN,NaN,NaN,0,0,0.303251981735229
A007,A,1,NaN,NaN,NaN,0,0,0.262397050857544
A007,A,1,NaN,NaN,NaN,0,0,0.30731987953186
A007,A,1,NaN,NaN,NaN,0,0,0.26259708404541
A007,A,1,NaN,NaN,NaN,0,0,0.255537033081055
A007,A,1,NaN,NaN,NaN,0,0,0.223142862319946
A007,A,1,NaN,NaN,NaN,0,0,0.276968002319336
A007,A,1,NaN,NaN,NaN,0,0,0.340507030487061
A007,A,1,NaN,NaN,NaN,0,0,0.371187925338745
A007,A,1,NaN,NaN,NaN,0,0,0.359912872314453
A007,A,1,NaN,NaN,NaN,0,0,0.296080112457275
A007,A,NaN,0,1,NaN,NaN,0,NaN
A007,A,1,NaN,NaN,NaN,0,0,NaN
A007,A,1,NaN,NaN,NaN,0,0,0.295379877090454
A007,A,NaN,0,1,NaN,NaN,0,NaN
A007,A,1,NaN,NaN,NaN,0,0,0.244527816772461
A007,A,1,NaN,NaN,NaN,0,0,1.05235600471497
A007,A,0,NaN,NaN,NaN,1,0,NaN
A007,A,1,NaN,NaN,NaN,0,0,0.346369028091431
A007,A,1,NaN,NaN,NaN,0,0,0.351363897323608
A007,A,1,NaN,NaN,NaN,0,0,0.354918003082275
A007,A,1,NaN,NaN,NaN,0,0,0.348150968551636
A007,A,1,NaN,NaN,NaN,0,0,0.621004819869995
A007,A,1,NaN,NaN,NaN,0,0,0.311996936798096
A007,A,NaN,1,0,NaN,NaN,0,NaN
A007,A,1,NaN,NaN,NaN,0,0,0.300948143005371
A007,A,1,NaN,NaN,NaN,0,0,0.342242956161499
A007,A,1,NaN,NaN,NaN,0,0,0.348177909851074
A007,A,1,NaN,NaN,NaN,0,0,0.759356021881104
A007,A,1,NaN,NaN,NaN,0,0,0.453464031219482
A007,A,1,NaN,NaN,NaN,0,0,0.313434839248657
A007,A,1,NaN,NaN,NaN,0,0,0.322916984558105
A007,A,1,NaN,NaN,NaN,0,0,0.306416034698486
A007,A,1,NaN,NaN,NaN,0,0,0.339088916778564
A007,A,NaN,0,1,NaN,NaN,0,NaN
A007,A,1,NaN,NaN,NaN,0,0,0.33272910118103
A007,A,1,NaN,NaN,NaN,0,0,0.265819072723389
A007,A,1,NaN,NaN,NaN,0,0,NaN
A007,A,1,NaN,NaN,NaN,0,0,0.29255485534668
A007,A,1,NaN,NaN,NaN,0,0,0.29105806350708
A007,A,1,NaN,NaN,NaN,0,0,0.234138965606689
A007,A,1,NaN,NaN,NaN,0,0,0.252761125564575
A007,A,NaN,1,0,NaN,NaN,0,NaN
A007,A,1,NaN,NaN,NaN,0,0,0.380254983901978
A007,A,1,NaN,NaN,NaN,0,0,0.268212080001831
A007,A,1,NaN,NaN,NaN,0,0,0.2986159324646
A007,A,1,NaN,NaN,NaN,0,0,0.357874155044556
A007,A,1,NaN,NaN,NaN,0,0,0.357931852340698
A007,A,1,NaN,NaN,NaN,0,0,0.335433959960938
A007,A,1,NaN,NaN,NaN,0,0,0.820672035217285
A007,A,1,NaN,NaN,NaN,0,0,0.431810140609741
A007,A,NaN,0,1,NaN,NaN,0,NaN
A007,A,1,NaN,NaN,NaN,0,0,0.295849084854126
A007,A,1,NaN,NaN,NaN,0,0,0.268955945968628
A007,A,1,NaN,NaN,NaN,0,0,0.328027009963989
A007,A,1,NaN,NaN,NaN,0,0,0.309619903564453
A007,A,1,NaN,NaN,NaN,0,0,0.302240133285522
A007,A,1,NaN,NaN,NaN,0,0,0.313380002975464
A007,A,1,NaN,NaN,NaN,0,0,0.248220205307007
A007,A,1,NaN,NaN,NaN,0,0,0.317579030990601
A007,A,1,NaN,NaN,NaN,0,0,0.36237096786499
A007,A,1,NaN,NaN,NaN,0,0,0.309198141098022
A007,A,1,NaN,NaN,NaN,0,0,0.328564882278442
A007,A,1,NaN,NaN,NaN,0,0,0.38179612159729
A007,A,NaN,1,0,NaN,NaN,0,NaN
A007,A,1,NaN,NaN,NaN,0,0,0.436944007873535
A007,A,1,NaN,NaN,NaN,0,0,0.323466062545776
A007,A,1,NaN,NaN,NaN,0,0,0.36931300163269
A007,A,1,NaN,NaN,NaN,0,0,0.369648933410645
A007,A,NaN,0,1,NaN,NaN,0,NaN
A007,A,1,NaN,NaN,NaN,0,0,0.300684928894043
A007,A,1,NaN,NaN,NaN,0,0,0.385545015335083
A007,A,1,NaN,NaN,NaN,0,0,0.264835119247437
A007,A,1,NaN,NaN,NaN,0,0,0.261543989181519
A007,A,1,NaN,NaN,NaN,0,0,0.274542093276978
A007,A,1,NaN,NaN,NaN,0,0,0.335130929946899
A007,A,1,NaN,NaN,NaN,0,0,0.325074195861816
A007,A,1,NaN,NaN,NaN,0,0,0.320936918258667
A007,A,1,NaN,NaN,NaN,0,0,0.322461843490601
A007,A,NaN,0,1,NaN,NaN,0,NaN
A007,A,1,NaN,NaN,NaN,0,0,0.373389959335327
A007,A,1,NaN,NaN,NaN,0,0,0.154591083526611
A007,A,1,NaN,NaN,NaN,0,0,NaN
A007,A,1,NaN,NaN,NaN,0,0,NaN
A007,A,1,NaN,NaN,NaN,0,0,0.331885814666748
A007,A,1,NaN,NaN,NaN,0,0,0.353978872299194
A007,A,1,NaN,NaN,NaN,0,0,0.290311098098755
A007,A,1,NaN,NaN,NaN,0,0,0.369714021682739
A007,A,NaN,0,1,NaN,NaN,0,NaN
A007,A,1,NaN,NaN,NaN,0,0,NaN
A007,A,1,NaN,NaN,NaN,0,0,0.248564958572388
A007,A,1,NaN,NaN,NaN,0,0,0.278557062149048
A007,A,1,NaN,NaN,NaN,0,0,0.23874306678772
A007,A,1,NaN,NaN,NaN,0,0,0.273102998733521
A007,A,1,NaN,NaN,NaN,0,0,0.275913000106812
A007,A,1,NaN,NaN,NaN,0,0,0.252363920211792
A007,A,1,NaN,NaN,NaN,0,0,0.301398992538452
A007,A,1,NaN,NaN,NaN,0,0,0.31481409072876
A007,A,1,NaN,NaN,NaN,0,0,0.321812868118286
A007,A,1,NaN,NaN,NaN,0,0,0.312133073806763
A007,A,1,NaN,NaN,NaN,0,0,0.302124977111816
A007,A,NaN,0,1,NaN,NaN,0,NaN
A007,A,0,NaN,NaN,NaN,1,0,NaN
A007,A,1,NaN,NaN,NaN,0,0,0.251262903213501
A007,A,1,NaN,NaN,NaN,0,0,0.278609991073608
A007,A,1,NaN,NaN,NaN,0,0,0.299474000930786
A007,A,1,NaN,NaN,NaN,0,0,0.356575965881348
A007,A,1,NaN,NaN,NaN,0,0,0.329679012298584
A007,A,NaN,0,1,NaN,NaN,0,NaN
A007,A,1,NaN,NaN,NaN,0,0,0.602256059646606
A007,A,1,NaN,NaN,NaN,0,0,0.275897026062012
A007,A,1,NaN,NaN,NaN,0,0,NaN
A007,A,0,NaN,NaN,NaN,1,0,NaN
A007,A,1,NaN,NaN,NaN,0,0,0.269115209579468
A007,A,NaN,0,1,NaN,NaN,0,NaN
A007,A,1,NaN,NaN,NaN,0,0,0.721078872680664
A007,A,1,NaN,NaN,NaN,0,0,0.336058855056763
A007,A,1,NaN,NaN,NaN,0,0,0.332571983337402
A007,A,1,NaN,NaN,NaN,0,0,0.483973026275635
A007,A,1,NaN,NaN,NaN,0,0,0.410319089889526
A007,A,1,NaN,NaN,NaN,0,0,0.448108911514282
A007,A,1,NaN,NaN,NaN,0,0,0.425686120986938
A007,A,1,NaN,NaN,NaN,0,0,0.346311092376709
A007,A,1,NaN,NaN,NaN,0,0,0.417153120040894
A007,A,1,NaN,NaN,NaN,0,0,0.685994863510132
A007,A,NaN,1,0,NaN,NaN,0,NaN
A007,A,1,NaN,NaN,NaN,0,0,0.688388109207153
A007,A,1,NaN,NaN,NaN,0,0,0.380108118057251
A007,A,1,NaN,NaN,NaN,0,0,0.3544921875
A007,A,1,NaN,NaN,NaN,0,0,0.324435949325562
A007,A,1,NaN,NaN,NaN,0,0,0.336045980453491
A007,A,1,NaN,NaN,NaN,0,0,0.40081000328064
A007,A,1,NaN,NaN,NaN,0,0,0.420047044754028
A007,A,NaN,1,0,NaN,NaN,0,NaN
A007,A,1,NaN,NaN,NaN,0,0,0.319293022155762
A007,A,1,NaN,NaN,NaN,0,0,0.256656885147095
A007,A,1,NaN,NaN,NaN,0,0,0.278079986572266
A007,A,1,NaN,NaN,NaN,0,0,0.273669004440308
A007,A,1,NaN,NaN,NaN,0,0,0.284524202346802
A007,A,1,NaN,NaN,NaN,0,0,0.281008005142212
A007,A,1,NaN,NaN,NaN,0,0,0.283154964447021
A007,A,NaN,0,1,NaN,NaN,0,NaN
A007,A,0,NaN,NaN,NaN,1,0,NaN
A007,A,1,NaN,NaN,NaN,0,0,0.293456792831421
A007,A,1,NaN,NaN,NaN,0,0,0.308423042297363
A007,A,1,NaN,NaN,NaN,0,0,0.318655967712402
A007,A,1,NaN,NaN,NaN,0,0,0.287904024124146
A007,A,1,NaN,NaN,NaN,0,0,0.393283128738403
A007,A,1,NaN,NaN,NaN,0,0,0.301733016967773
A007,A,1,NaN,NaN,NaN,0,0,0.337430000305176
A007,A,NaN,1,0,NaN,NaN,0,NaN
A007,A,1,NaN,NaN,NaN,0,0,0.432682991027832
A007,A,1,NaN,NaN,NaN,0,0,0.437283992767334
A007,A,1,NaN,NaN,NaN,0,0,0.603290796279907
A007,A,1,NaN,NaN,NaN,0,0,0.402259111404419
A007,A,1,NaN,NaN,NaN,0,0,0.827539205551147
A007,A,1,NaN,NaN,NaN,0,0,0.387771129608154
A007,A,1,NaN,NaN,NaN,0,0,0.386850833892822
A007,A,1,NaN,NaN,NaN,0,0,0.68611216545105
A007,A,NaN,0,1,NaN,NaN,0,NaN
A007,A,1,NaN,NaN,NaN,0,0,0.331943988800049
A007,A,1,NaN,NaN,NaN,0,0,0.287168025970459
A007,A,1,NaN,NaN,NaN,0,0,0.473438024520874
A007,A,1,NaN,NaN,NaN,0,0,0.38484001159668
A007,A,1,NaN,NaN,NaN,0,0,0.340043783187866
A007,A,1,NaN,NaN,NaN,0,0,0.612338066101074
A007,A,1,NaN,NaN,NaN,0,0,0.558104991912842
A007,A,1,NaN,NaN,NaN,0,0,0.420039892196655
A007,A,1,NaN,NaN,NaN,0,0,0.416654109954834
A007,A,1,NaN,NaN,NaN,0,0,0.332603931427002
A007,A,1,NaN,NaN,NaN,0,0,0.391629934310913
A007,A,1,NaN,NaN,NaN,0,0,0.594461917877197
A007,A,NaN,0,1,NaN,NaN,0,NaN
A007,A,1,NaN,NaN,NaN,0,0,0.264692068099976
A007,A,1,NaN,NaN,NaN,0,0,0.370585918426514
A007,A,1,NaN,NaN,NaN,0,0,0.363770008087158
A007,A,1,NaN,NaN,NaN,0,0,0.286111116409302
A007,A,1,NaN,NaN,NaN,0,0,0.298750877380371
A007,A,1,NaN,NaN,NaN,0,0,0.375442981719971
A007,A,1,NaN,NaN,NaN,0,0,0.35990309715271
A007,A,1,NaN,NaN,NaN,0,0,0.552664995193481
A007,A,1,NaN,NaN,NaN,0,0,0.316842079162598
A007,A,NaN,1,0,NaN,NaN,0,NaN
A007,A,1,NaN,NaN,NaN,0,0,0.243251085281372
A007,A,1,NaN,NaN,NaN,0,0,0.28857684135437
A007,A,1,NaN,NaN,NaN,0,0,0.274767875671387
A007,A,1,NaN,NaN,NaN,0,0,0.250776052474976
A007,A,1,NaN,NaN,NaN,0,0,0.350285053253174
A007,A,1,NaN,NaN,NaN,0,0,0.25468897819519
A007,A,NaN,0,1,NaN,NaN,0,NaN
A007,A,0,NaN,NaN,NaN,1,0,NaN
A007,A,1,NaN,NaN,NaN,0,0,0.336365938186646
A007,A,1,NaN,NaN,NaN,0,0,0.308777809143066
A007,A,1,NaN,NaN,NaN,0,0,0.322762012481689
A007,A,1,NaN,NaN,NaN,0,0,0.326498031616211
A007,A,1,NaN,NaN,NaN,0,0,0.363796949386597
A007,A,1,NaN,NaN,NaN,0,0,0.465282917022705
A007,A,1,NaN,NaN,NaN,0,0,0.374631881713867
A007,A,1,NaN,NaN,NaN,0,0,0.356992959976196
A007,A,1,NaN,NaN,NaN,0,0,0.522769212722778
A007,A,NaN,1,0,NaN,NaN,0,NaN
A007,A,1,NaN,NaN,NaN,0,0,0.277255058288574
A007,A,1,NaN,NaN,NaN,0,0,NaN
A007,A,1,NaN,NaN,NaN,0,0,0.240549802780151
A007,A,NaN,0,1,NaN,NaN,0,NaN
A007,A,1,NaN,NaN,NaN,0,0,0.231897115707397
A007,A,1,NaN,NaN,NaN,0,0,0.311450004577637
A007,A,1,NaN,NaN,NaN,0,0,0.344172954559326
A007,A,1,NaN,NaN,NaN,0,0,0.232331037521362
A007,A,1,NaN,NaN,NaN,0,0,0.170276165008545
A007,A,1,NaN,NaN,NaN,0,0,NaN
A007,A,1,NaN,NaN,NaN,0,0,0.26765513420105
A007,A,1,NaN,NaN,NaN,0,0,0.301471948623657
A007,A,1,NaN,NaN,NaN,0,0,0.320225954055786
A007,A,1,NaN,NaN,NaN,0,0,0.330091953277588
A007,A,1,NaN,NaN,NaN,0,0,0.31048583984375
A007,A,1,NaN,NaN,NaN,0,0,0.351901054382324
A007,A,1,NaN,NaN,NaN,0,0,0.414545059204102
A007,A,NaN,1,0,NaN,NaN,0,NaN
A007,A,1,NaN,NaN,NaN,0,0,0.286679983139038
A007,A,1,NaN,NaN,NaN,0,0,0.286115884780884
A007,A,1,NaN,NaN,NaN,0,0,0.314639091491699
A007,A,1,NaN,NaN,NaN,0,0,0.284337997436523
A007,A,1,NaN,NaN,NaN,0,0,0.156648874282837
A007,A,1,NaN,NaN,NaN,0,0,NaN
A007,A,1,NaN,NaN,NaN,0,0,0.292374849319458
A007,A,NaN,0,1,NaN,NaN,0,NaN
A007,A,1,NaN,NaN,NaN,0,0,0.177835941314697
A007,A,1,NaN,NaN,NaN,0,0,0.289092063903809
A007,A,1,NaN,NaN,NaN,0,0,0.434402227401733
A007,A,1,NaN,NaN,NaN,0,0,0.357400894165039
A007,A,1,NaN,NaN,NaN,0,0,0.511748075485229
A007,A,1,NaN,NaN,NaN,0,0,0.321887016296387
A007,A,NaN,0,1,NaN,NaN,0,NaN
A007,A,1,NaN,NaN,NaN,0,0,0.26650595664978
A007,A,1,NaN,NaN,NaN,0,0,0.310633182525635
A007,A,1,NaN,NaN,NaN,0,0,0.291284084320068
A007,A,1,NaN,NaN,NaN,0,0,0.294977188110352
A007,A,1,NaN,NaN,NaN,0,0,0.295503854751587
A007,A,NaN,1,0,NaN,NaN,0,NaN
A007,A,1,NaN,NaN,NaN,0,0,0.317028999328613
A007,A,1,NaN,NaN,NaN,0,0,0.288620948791504
A007,A,1,NaN,NaN,NaN,0,0,0.252746105194092
A007,A,1,NaN,NaN,NaN,0,0,0.254711866378784
A007,A,1,NaN,NaN,NaN,0,0,0.271835088729858
A007,A,1,NaN,NaN,NaN,0,0,0.251834869384766
A007,A,1,NaN,NaN,NaN,0,0,NaN
A007,A,1,NaN,NaN,NaN,0,0,0.284523963928223
A007,A,NaN,0,1,NaN,NaN,0,NaN
A007,A,1,NaN,NaN,NaN,0,0,0.235206842422485
A007,A,1,NaN,NaN,NaN,0,0,0.268970012664795
A007,A,1,NaN,NaN,NaN,0,0,0.273517847061157
A007,A,1,NaN,NaN,NaN,0,0,0.269622087478638
A007,A,1,NaN,NaN,NaN,0,0,0.270566940307617
A007,A,1,NaN,NaN,NaN,0,0,0.291893005371094
A007,A,1,NaN,NaN,NaN,0,0,0.319990873336792
A007,A,1,NaN,NaN,NaN,0,0,0.295485019683838
A007,A,NaN,0,1,NaN,NaN,0,NaN
A007,A,1,NaN,NaN,NaN,0,0,0.312686920166016
A007,A,1,NaN,NaN,NaN,0,0,0.266330003738403
A007,A,1,NaN,NaN,NaN,0,0,0.223718881607056
A007,A,1,NaN,NaN,NaN,0,0,0.252931118011475
A007,A,1,NaN,NaN,NaN,0,0,0.469619989395142
A007,A,1,NaN,NaN,NaN,0,0,0.294522047042847
A007,A,1,NaN,NaN,NaN,0,0,0.291865110397339
A007,A,1,NaN,NaN,NaN,0,0,0.306024074554443
A007,A,1,NaN,NaN,NaN,0,0,0.343306064605713
A007,A,1,NaN,NaN,NaN,0,0,0.28676700592041
A007,A,1,NaN,NaN,NaN,0,0,0.289760112762451
A007,A,1,NaN,NaN,NaN,0,0,0.337694883346558
A007,A,NaN,0,1,NaN,NaN,0,NaN
A007,A,1,NaN,NaN,NaN,0,0,0.260761976242065
A007,A,1,NaN,NaN,NaN,0,0,0.273684978485107
A007,A,1,NaN,NaN,NaN,0,0,0.266155958175659
A007,A,1,NaN,NaN,NaN,0,0,0.215580940246582
A007,A,1,NaN,NaN,NaN,0,0,0.253116846084595
A007,A,1,NaN,NaN,NaN,0,0,0.307631969451904
A007,A,1,NaN,NaN,NaN,0,0,0.317215919494629
A007,A,NaN,0,1,NaN,NaN,0,NaN
A007,A,1,NaN,NaN,NaN,0,0,0.27332615852356
A007,A,1,NaN,NaN,NaN,0,0,0.274099826812744
A007,A,1,NaN,NaN,NaN,0,0,0.378715038299561
A007,A,1,NaN,NaN,NaN,0,0,0.28368878364563
A007,A,1,NaN,NaN,NaN,0,0,0.283961057662964
A007,A,1,NaN,NaN,NaN,0,0,0.309478998184204
A007,A,1,NaN,NaN,NaN,0,0,0.245434045791626
A007,A,1,NaN,NaN,NaN,0,0,0.193619966506958
A007,A,NaN,0,1,NaN,NaN,0,NaN
A007,A,1,NaN,NaN,NaN,0,0,0.262396097183228
A007,A,1,NaN,NaN,NaN,0,0,0.325361013412476
A007,A,1,NaN,NaN,NaN,0,0,0.315293073654175
A007,A,1,NaN,NaN,NaN,0,0,0.294373035430908
A007,A,1,NaN,NaN,NaN,0,0,0.336156845092773
A007,A,1,NaN,NaN,NaN,0,0,0.343855857849121
A007,A,1,NaN,NaN,NaN,0,0,0.501060009002686
A007,A,1,NaN,NaN,NaN,0,0,0.430394887924194
A007,A,1,NaN,NaN,NaN,0,0,0.35354208946228
A007,A,1,NaN,NaN,NaN,0,0,0.273288011550903
A007,A,1,NaN,NaN,NaN,0,0,0.323506116867065
A007,A,NaN,0,1,NaN,NaN,0,NaN
A007,A,1,NaN,NaN,NaN,0,0,0.544356107711792
A007,A,1,NaN,NaN,NaN,0,0,0.267950057983398
A007,A,1,NaN,NaN,NaN,0,0,0.2585608959198
A007,A,1,NaN,NaN,NaN,0,0,NaN
A007,A,1,NaN,NaN,NaN,0,0,NaN
A007,A,1,NaN,NaN,NaN,0,0,NaN
A007,A,1,NaN,NaN,NaN,0,0,0.292100191116333
A007,A,1,NaN,NaN,NaN,0,0,0.296387195587158
A007,A,NaN,0,1,NaN,NaN,0,NaN
A007,A,1,NaN,NaN,NaN,0,0,0.312088012695312
A007,A,1,NaN,NaN,NaN,0,0,0.250196933746338
A007,A,1,NaN,NaN,NaN,0,0,0.291785001754761
A007,A,1,NaN,NaN,NaN,0,0,0.436650991439819
A007,A,1,NaN,NaN,NaN,0,0,0.491168022155762
A007,A,1,NaN,NaN,NaN,0,0,0.268336057662964
A007,A,1,NaN,NaN,NaN,0,0,0.280978918075562
A007,A,1,NaN,NaN,NaN,0,0,0.307138919830322
A007,A,NaN,0,1,NaN,NaN,0,NaN
A007,A,1,NaN,NaN,NaN,0,0,0.192965030670166
A007,A,1,NaN,NaN,NaN,0,0,0.324730157852173
A007,A,1,NaN,NaN,NaN,0,0,0.305522918701172
A007,A,1,NaN,NaN,NaN,0,0,NaN
A007,A,1,NaN,NaN,NaN,0,0,0.588603973388672
A007,A,1,NaN,NaN,NaN,0,0,0.357184886932373
A007,A,1,NaN,NaN,NaN,0,0,0.291220903396606
A007,A,NaN,0,1,NaN,NaN,0,NaN
A007,A,1,NaN,NaN,NaN,0,0,0.402508974075317
A007,A,1,NaN,NaN,NaN,0,0,0.516195058822632
A007,A,1,NaN,NaN,NaN,0,0,0.732496023178101
A007,A,1,NaN,NaN,NaN,0,0,0.705016136169434
A007,A,1,NaN,NaN,NaN,0,0,0.378443002700806
A007,A,1,NaN,NaN,NaN,0,0,0.43844199180603
A007,A,1,NaN,NaN,NaN,0,0,0.71520209312439
A007,A,1,NaN,NaN,NaN,0,0,1.06998300552368
A007,A,1,NaN,NaN,NaN,0,0,0.429999113082886
A007,A,NaN,0,1,NaN,NaN,0,NaN
A007,A,1,NaN,NaN,NaN,0,0,NaN
A007,A,1,NaN,NaN,NaN,0,0,0.37122106552124
A007,A,1,NaN,NaN,NaN,0,0,0.579780101776123
A007,A,1,NaN,NaN,NaN,0,0,0.330574035644531
A007,A,1,NaN,NaN,NaN,0,0,0.356770038604736
A007,A,1,NaN,NaN,NaN,0,0,0.275366067886353
A007,A,1,NaN,NaN,NaN,0,0,0.231241941452026
A007,A,1,NaN,NaN,NaN,0,0,0.339901924133301
A007,A,NaN,1,0,NaN,NaN,0,NaN
A007,A,1,NaN,NaN,NaN,0,0,0.378107070922852
A007,A,1,NaN,NaN,NaN,0,0,0.359240055084229
A007,A,1,NaN,NaN,NaN,0,0,0.262124061584473
A007,A,NaN,0,1,NaN,NaN,0,NaN
A007,A,1,NaN,NaN,NaN,0,0,0.262117147445679
A007,A,1,NaN,NaN,NaN,0,0,0.391870021820068
A007,A,1,NaN,NaN,NaN,0,0,0.310966968536377
A007,A,1,NaN,NaN,NaN,0,0,0.267735958099365
A007,A,1,NaN,NaN,NaN,0,0,0.247006893157959
A007,A,1,NaN,NaN,NaN,0,0,NaN
A007,A,1,NaN,NaN,NaN,0,0,0.319699048995972
A007,A,1,NaN,NaN,NaN,0,0,0.312570810317993
A007,A,1,NaN,NaN,NaN,0,0,0.279414892196655
A007,A,NaN,0,1,NaN,NaN,0,NaN
A007,A,1,NaN,NaN,NaN,0,0,NaN
A007,A,1,NaN,NaN,NaN,0,0,0.264874935150146
A007,A,1,NaN,NaN,NaN,0,0,0.30033802986145
A007,A,1,NaN,NaN,NaN,0,0,0.401546001434326
A007,A,1,NaN,NaN,NaN,0,0,0.434781074523926
A007,A,1,NaN,NaN,NaN,0,0,0.356050968170166
A007,A,1,NaN,NaN,NaN,0,0,0.344155073165894
A007,A,NaN,0,1,NaN,NaN,0,NaN
A007,A,1,NaN,NaN,NaN,0,0,0.306383848190308
A007,A,1,NaN,NaN,NaN,0,0,0.320683002471924
A007,A,1,NaN,NaN,NaN,0,0,0.273937940597534
A007,A,1,NaN,NaN,NaN,0,0,0.180717945098877
A007,A,1,NaN,NaN,NaN,0,0,0.325538873672485
A007,A,1,NaN,NaN,NaN,0,0,0.467849969863892
A007,A,1,NaN,NaN,NaN,0,0,0.447934150695801
A007,A,1,NaN,NaN,NaN,0,0,0.372595071792603
A007,A,1,NaN,NaN,NaN,0,0,0.36890697479248
A007,A,1,NaN,NaN,NaN,0,0,0.514225959777832
A007,A,1,NaN,NaN,NaN,0,0,0.323960065841675
A007,A,NaN,0,1,NaN,NaN,0,NaN
A007,A,1,NaN,NaN,NaN,0,0,0.279853105545044
A007,A,1,NaN,NaN,NaN,0,0,0.299463033676147
A007,A,1,NaN,NaN,NaN,0,0,0.438224077224731
A007,A,1,NaN,NaN,NaN,0,0,0.461355924606323
A007,A,1,NaN,NaN,NaN,0,0,0.486104965209961
A007,A,1,NaN,NaN,NaN,0,0,0.2380690574646
A007,A,NaN,0,1,NaN,NaN,0,NaN
A007,A,1,NaN,NaN,NaN,0,0,0.518250942230225
A007,A,1,NaN,NaN,NaN,0,0,1.13369488716125
A007,A,1,NaN,NaN,NaN,0,0,0.513355016708374
A007,A,1,NaN,NaN,NaN,0,0,0.278486013412476
A007,A,1,NaN,NaN,NaN,0,0,NaN
A007,A,1,NaN,NaN,NaN,0,0,0.152378082275391
A007,A,NaN,0,1,NaN,NaN,0,NaN
A007,A,1,NaN,NaN,NaN,0,0,0.264302968978882
A007,A,1,NaN,NaN,NaN,0,0,0.225560903549194
A007,A,1,NaN,NaN,NaN,0,0,NaN
A007,A,1,NaN,NaN,NaN,0,0,NaN
A007,A,1,NaN,NaN,NaN,0,0,0.225773811340332
A007,A,1,NaN,NaN,NaN,0,0,0.329725980758667
A007,A,1,NaN,NaN,NaN,0,0,0.343222856521606
A007,A,1,NaN,NaN,NaN,0,0,0.297456979751587
A007,A,NaN,0,1,NaN,NaN,0,NaN
A007,A,1,NaN,NaN,NaN,0,0,0.238061904907227
A007,A,1,NaN,NaN,NaN,0,0,0.159397840499878
A007,A,1,NaN,NaN,NaN,0,0,0.250143051147461
A007,A,1,NaN,NaN,NaN,0,0,0.286792039871216
A007,A,1,NaN,NaN,NaN,0,0,0.151784181594849
A007,A,1,NaN,NaN,NaN,0,0,NaN
A007,A,1,NaN,NaN,NaN,0,0,1.11706900596619
A007,A,0,NaN,NaN,NaN,1,0,NaN
A007,A,1,NaN,NaN,NaN,0,0,0.290396213531494
A007,A,NaN,1,0,NaN,NaN,0,NaN
A007,A,1,NaN,NaN,NaN,0,0,0.982409000396729
A007,A,1,NaN,NaN,NaN,0,0,0.491288185119629
A007,A,1,NaN,NaN,NaN,0,0,NaN
A007,A,1,NaN,NaN,NaN,0,0,0.315568923950195
A007,A,1,NaN,NaN,NaN,0,0,0.345245838165283
A007,A,1,NaN,NaN,NaN,0,0,0.628457069396973
A007,A,1,NaN,NaN,NaN,0,0,0.349429845809937
A007,A,1,NaN,NaN,NaN,0,0,0.300767183303833
A007,A,NaN,0,1,NaN,NaN,0,NaN
A007,A,1,NaN,NaN,NaN,0,0,0.272495031356812
A007,A,1,NaN,NaN,NaN,0,0,0.264019966125488
A007,A,1,NaN,NaN,NaN,0,0,0.231096982955933
A007,A,1,NaN,NaN,NaN,0,0,NaN
A007,A,1,NaN,NaN,NaN,0,0,NaN
A007,A,1,NaN,NaN,NaN,0,0,0.153664112091064
A007,A,1,NaN,NaN,NaN,0,0,NaN
A007,A,1,NaN,NaN,NaN,0,0,0.321696043014526
A007,A,1,NaN,NaN,NaN,0,0,0.375149965286255
A007,A,1,NaN,NaN,NaN,0,0,0.45219087600708
A007,A,1,NaN,NaN,NaN,0,0,0.566426038742065
A007,A,1,NaN,NaN,NaN,0,0,0.604443073272705
A007,A,NaN,1,0,NaN,NaN,0,NaN
A007,A,1,NaN,NaN,NaN,0,0,0.386670827865601
A007,A,1,NaN,NaN,NaN,0,0,0.336626052856445
A007,A,1,NaN,NaN,NaN,0,0,0.405460119247437
A007,A,1,NaN,NaN,NaN,0,0,0.322448968887329
A007,A,NaN,0,1,NaN,NaN,0,NaN
A007,A,1,NaN,NaN,NaN,0,0,0.29869818687439
A007,A,1,NaN,NaN,NaN,0,0,0.340930938720703
A007,A,1,NaN,NaN,NaN,0,0,0.275773048400879
A007,A,1,NaN,NaN,NaN,0,0,0.263423919677734
A007,A,1,NaN,NaN,NaN,0,0,0.293792009353638
A007,A,1,NaN,NaN,NaN,0,0,0.329454898834229
A007,A,1,NaN,NaN,NaN,0,0,0.277895927429199
A007,A,1,NaN,NaN,NaN,0,0,0.466140985488892
A007,A,1,NaN,NaN,NaN,0,0,0.830237865447998
A007,A,1,NaN,NaN,NaN,0,0,0.303027868270874
A007,A,1,NaN,NaN,NaN,0,0,0.516130208969116
A007,A,1,NaN,NaN,NaN,0,0,0.715909957885742
A007,A,NaN,1,0,NaN,NaN,0,NaN
A007,A,1,NaN,NaN,NaN,0,0,0.280295133590698
A007,A,1,NaN,NaN,NaN,0,0,0.263094902038574
A007,A,1,NaN,NaN,NaN,0,0,0.290814161300659
A007,A,1,NaN,NaN,NaN,0,0,0.259765148162842
A007,A,1,NaN,NaN,NaN,0,0,0.303092002868652
A007,A,1,NaN,NaN,NaN,0,0,0.304008960723877
A007,A,1,NaN,NaN,NaN,0,0,0.252087116241455
A007,A,NaN,0,1,NaN,NaN,0,NaN
A007,A,1,NaN,NaN,NaN,0,0,0.234764099121094
A007,A,1,NaN,NaN,NaN,0,0,NaN
A007,A,0,NaN,NaN,NaN,1,0,NaN
A007,A,1,NaN,NaN,NaN,0,0,0.374396085739136
A007,A,NaN,0,1,NaN,NaN,0,NaN
A007,A,1,NaN,NaN,NaN,0,0,0.311236143112183
A007,A,1,NaN,NaN,NaN,0,0,0.334130048751831
A007,A,1,NaN,NaN,NaN,0,0,0.237730026245117
A007,A,1,NaN,NaN,NaN,0,0,0.240686893463135
A007,A,1,NaN,NaN,NaN,0,0,0.229265928268433
A007,A,1,NaN,NaN,NaN,0,0,0.593991994857788
A007,A,1,NaN,NaN,NaN,0,0,0.360888957977295
A007,A,1,NaN,NaN,NaN,0,0,0.44187593460083
A007,A,1,NaN,NaN,NaN,0,0,0.656211137771606
A007,A,1,NaN,NaN,NaN,0,0,0.406532049179077
A007,A,1,NaN,NaN,NaN,0,0,0.367831945419312
A007,A,1,NaN,NaN,NaN,0,0,0.405405044555664
A007,A,1,NaN,NaN,NaN,0,0,0.495276927947998
A007,A,1,NaN,NaN,NaN,0,0,0.419209957122803
A007,A,NaN,1,0,NaN,NaN,0,NaN
A007,A,1,NaN,NaN,NaN,0,0,0.299382925033569
A007,A,1,NaN,NaN,NaN,0,0,0.322380065917969
A007,A,1,NaN,NaN,NaN,0,0,0.315890073776245
A007,A,1,NaN,NaN,NaN,0,0,0.293988943099976
A007,A,1,NaN,NaN,NaN,0,0,0.358801126480103
A007,A,1,NaN,NaN,NaN,0,0,0.377105951309204
A007,A,1,NaN,NaN,NaN,0,0,0.33484411239624
A007,A,NaN,1,0,NaN,NaN,0,NaN
A007,A,1,NaN,NaN,NaN,0,0,0.335843801498413
A007,A,1,NaN,NaN,NaN,0,0,0.277188062667847
A007,A,1,NaN,NaN,NaN,0,0,0.283001184463501
A007,A,1,NaN,NaN,NaN,0,0,0.334146022796631
A007,A,1,NaN,NaN,NaN,0,0,0.296890020370483
A007,A,1,NaN,NaN,NaN,0,0,0.441696166992188
A007,A,1,NaN,NaN,NaN,0,0,0.357789039611816
A007,A,NaN,1,0,NaN,NaN,0,NaN
A007,A,1,NaN,NaN,NaN,0,0,0.273169994354248
A007,A,1,NaN,NaN,NaN,0,0,0.269112110137939
A007,A,1,NaN,NaN,NaN,0,0,0.338286161422729
A007,A,1,NaN,NaN,NaN,0,0,0.400657892227173
A007,A,1,NaN,NaN,NaN,0,0,0.353312969207764
A007,A,1,NaN,NaN,NaN,0,0,0.365741968154907
A007,A,NaN,0,1,NaN,NaN,0,NaN
A007,A,1,NaN,NaN,NaN,0,0,0.262282848358154
A007,A,1,NaN,NaN,NaN,0,0,0.263234853744507
A007,A,1,NaN,NaN,NaN,0,0,0.306892156600952
A007,A,1,NaN,NaN,NaN,0,0,0.324125051498413
A007,A,1,NaN,NaN,NaN,0,0,0.304151058197021
A007,A,1,NaN,NaN,NaN,0,0,0.347734928131104
A007,A,1,NaN,NaN,NaN,0,0,0.321538925170898
A007,A,1,NaN,NaN,NaN,0,0,0.254101991653442
A007,A,1,NaN,NaN,NaN,0,0,0.309170007705688
A007,A,1,NaN,NaN,NaN,0,0,0.32397985458374
A007,A,NaN,0,1,NaN,NaN,0,NaN
A007,A,1,NaN,NaN,NaN,0,0,NaN
A007,A,0,NaN,NaN,NaN,1,0,NaN
A007,A,1,NaN,NaN,NaN,0,0,0.351829051971436
A007,A,1,NaN,NaN,NaN,0,0,0.381505012512207
A007,A,1,NaN,NaN,NaN,0,0,0.234755039215088
A007,A,1,NaN,NaN,NaN,0,0,0.390883207321167
A007,A,NaN,0,1,NaN,NaN,0,NaN
A007,A,1,NaN,NaN,NaN,0,0,0.472307920455933
A007,A,1,NaN,NaN,NaN,0,0,0.272624969482422
A007,A,1,NaN,NaN,NaN,0,0,0.369125127792358
A007,A,1,NaN,NaN,NaN,0,0,0.361801147460938
A007,A,1,NaN,NaN,NaN,0,0,0.454933166503906
A007,A,1,NaN,NaN,NaN,0,0,0.643988847732544
A007,A,1,NaN,NaN,NaN,0,0,0.365058183670044
A007,A,1,NaN,NaN,NaN,0,0,0.428981065750122
A007,A,1,NaN,NaN,NaN,0,0,0.424271106719971
A007,A,1,NaN,NaN,NaN,0,0,0.465404033660889
A007,A,NaN,0,1,NaN,NaN,0,NaN
A007,A,1,NaN,NaN,NaN,0,0,0.265738964080811
A007,A,1,NaN,NaN,NaN,0,0,0.275086879730225
A007,A,1,NaN,NaN,NaN,0,0,0.391483068466187
A007,A,1,NaN,NaN,NaN,0,0,0.539206981658936
A007,A,1,NaN,NaN,NaN,0,0,0.338092088699341
A007,A,1,NaN,NaN,NaN,0,0,0.323899984359741
A007,A,1,NaN,NaN,NaN,0,0,0.280167818069458
A007,A,1,NaN,NaN,NaN,0,0,0.268471956253052
A007,A,1,NaN,NaN,NaN,0,0,0.241146802902222
A007,A,1,NaN,NaN,NaN,0,0,0.325489044189453
A007,A,1,NaN,NaN,NaN,0,0,0.318379878997803
A007,A,NaN,0,1,NaN,NaN,0,NaN
A007,A,1,NaN,NaN,NaN,0,0,0.241389989852905
A007,A,1,NaN,NaN,NaN,0,0,0.239009141921997
A007,A,1,NaN,NaN,NaN,0,0,0.265696048736572
A007,A,1,NaN,NaN,NaN,0,0,0.276660919189453
A007,A,1,NaN,NaN,NaN,0,0,0.278949022293091
A007,A,1,NaN,NaN,NaN,0,0,0.279400110244751
A007,A,1,NaN,NaN,NaN,0,0,0.324028015136719
A007,A,NaN,0,1,NaN,NaN,0,NaN
A007,A,1,NaN,NaN,NaN,0,0,0.339354038238525
A007,A,1,NaN,NaN,NaN,0,0,0.251126050949097
A007,A,1,NaN,NaN,NaN,0,0,0.258856058120728
A007,A,1,NaN,NaN,NaN,0,0,0.28487491607666
A007,A,1,NaN,NaN,NaN,0,0,0.3336341381073
A007,A,1,NaN,NaN,NaN,0,0,0.346215963363647
A007,A,1,NaN,NaN,NaN,0,0,0.245817899703979
A007,A,NaN,1,0,NaN,NaN,0,NaN
A007,A,1,NaN,NaN,NaN,0,0,0.343533039093018
A007,A,1,NaN,NaN,NaN,0,0,0.336770057678223
A007,A,1,NaN,NaN,NaN,0,0,0.695581912994385
A007,A,1,NaN,NaN,NaN,0,0,0.393862009048462
A007,A,1,NaN,NaN,NaN,0,0,0.304152965545654
A007,A,1,NaN,NaN,NaN,0,0,NaN
A007,A,1,NaN,NaN,NaN,0,0,0.676151990890503
A007,A,1,NaN,NaN,NaN,0,0,0.563900947570801
A007,A,1,NaN,NaN,NaN,0,0,0.492367029190063
A007,A,1,NaN,NaN,NaN,0,0,0.473546981811523
A007,A,1,NaN,NaN,NaN,0,0,0.79229211807251
A007,A,1,NaN,NaN,NaN,0,0,0.351663112640381
A007,A,1,NaN,NaN,NaN,0,0,0.382229089736938
A007,A,NaN,1,0,NaN,NaN,0,NaN
A007,A,1,NaN,NaN,NaN,0,0,0.302536010742188
A007,A,1,NaN,NaN,NaN,0,0,0.295335054397583
A007,A,1,NaN,NaN,NaN,0,0,0.301589965820312
A007,A,1,NaN,NaN,NaN,0,0,0.26738715171814
A007,A,1,NaN,NaN,NaN,0,0,0.31324291229248
A007,A,1,NaN,NaN,NaN,0,0,0.369411945343018
A007,A,NaN,0,1,NaN,NaN,0,NaN
A007,A,1,NaN,NaN,NaN,0,0,0.563188791275024
A007,A,1,NaN,NaN,NaN,0,0,0.327960968017578
A007,A,1,NaN,NaN,NaN,0,0,0.282013893127441
A007,A,1,NaN,NaN,NaN,0,0,0.271619081497192
A007,A,1,NaN,NaN,NaN,0,0,0.252716064453125
A007,A,1,NaN,NaN,NaN,0,0,0.191685914993286
A007,A,1,NaN,NaN,NaN,0,0,0.292626142501831
A007,A,1,NaN,NaN,NaN,0,0,0.247596025466919
A007,A,NaN,0,1,NaN,NaN,0,NaN
A007,A,1,NaN,NaN,NaN,0,0,0.295045852661133
A007,A,1,NaN,NaN,NaN,0,0,0.153718948364258
A007,A,1,NaN,NaN,NaN,0,0,0.199977874755859
A007,A,1,NaN,NaN,NaN,0,0,0.298780918121338
A007,A,1,NaN,NaN,NaN,0,0,0.262546062469482
A007,A,1,NaN,NaN,NaN,0,0,0.206664085388184
A007,A,1,NaN,NaN,NaN,0,0,0.256627798080444
A007,A,1,NaN,NaN,NaN,0,0,0.206989049911499
A007,A,1,NaN,NaN,NaN,0,0,0.300968170166016
A007,A,NaN,0,1,NaN,NaN,0,NaN
A007,A,1,NaN,NaN,NaN,0,0,NaN
A007,A,1,NaN,NaN,NaN,0,0,0.277076959609985
A007,A,1,NaN,NaN,NaN,0,0,0.313446044921875
A007,A,1,NaN,NaN,NaN,0,0,NaN
A007,A,0,NaN,NaN,NaN,1,0,NaN
A007,A,NaN,0,1,NaN,NaN,0,NaN
A007,A,1,NaN,NaN,NaN,0,0,0.637234926223755
A007,A,1,NaN,NaN,NaN,0,0,0.256964921951294
A007,A,1,NaN,NaN,NaN,0,0,0.317385911941528
A007,A,1,NaN,NaN,NaN,0,0,0.30561089515686
A007,A,1,NaN,NaN,NaN,0,0,NaN
A007,A,1,NaN,NaN,NaN,0,0,0.301432132720947
A007,A,NaN,1,0,NaN,NaN,0,NaN
A007,A,1,NaN,NaN,NaN,0,0,0.259068012237549
A007,A,1,NaN,NaN,NaN,0,0,0.255974054336548
A007,A,1,NaN,NaN,NaN,0,0,0.256936073303223
A007,A,1,NaN,NaN,NaN,0,0,0.357890129089355
A007,A,1,NaN,NaN,NaN,0,0,0.272979974746704
A007,A,1,NaN,NaN,NaN,0,0,0.291980028152466
A007,A,1,NaN,NaN,NaN,0,0,0.304200887680054
A007,A,1,NaN,NaN,NaN,0,0,0.250535011291504
A007,A,0,NaN,NaN,NaN,1,0,NaN
A007,A,1,NaN,NaN,NaN,0,0,0.376190900802612
A007,A,1,NaN,NaN,NaN,0,0,0.293368101119995
A007,A,1,NaN,NaN,NaN,0,0,0.354934930801392
A007,A,1,NaN,NaN,NaN,0,0,0.388454914093018
A007,A,NaN,0,1,NaN,NaN,0,NaN
A007,A,1,NaN,NaN,NaN,0,0,0.283557891845703
A007,A,1,NaN,NaN,NaN,0,0,0.360299110412598
A007,A,1,NaN,NaN,NaN,0,0,0.331053972244263
A007,A,1,NaN,NaN,NaN,0,0,0.25127100944519
A007,A,1,NaN,NaN,NaN,0,0,0.28406810760498
A007,A,1,NaN,NaN,NaN,0,0,0.341439008712769
A007,A,NaN,0,1,NaN,NaN,0,NaN
A007,A,1,NaN,NaN,NaN,0,0,0.317978858947754
A007,A,1,NaN,NaN,NaN,0,0,NaN
A007,A,1,NaN,NaN,NaN,0,0,0.36945915222168
A007,A,1,NaN,NaN,NaN,0,0,0.3767409324646
A007,A,1,NaN,NaN,NaN,0,0,0.337532997131348
A007,A,1,NaN,NaN,NaN,0,0,0.398283004760742
A007,A,1,NaN,NaN,NaN,0,0,0.351091861724854
A007,A,1,NaN,NaN,NaN,0,0,0.613677978515625
A007,A,1,NaN,NaN,NaN,0,0,0.483222961425781
A007,A,1,NaN,NaN,NaN,0,0,0.438200950622559
A007,A,1,NaN,NaN,NaN,0,0,0.472594022750854
A007,A,NaN,0,1,NaN,NaN,0,NaN
A007,A,1,NaN,NaN,NaN,0,0,0.273386001586914
A007,A,1,NaN,NaN,NaN,0,0,0.354644060134888
A007,A,1,NaN,NaN,NaN,0,0,0.407886981964111
A007,A,NaN,1,0,NaN,NaN,0,NaN
A007,A,1,NaN,NaN,NaN,0,0,0.525154829025269
A007,A,1,NaN,NaN,NaN,0,0,0.276340007781982
A007,A,1,NaN,NaN,NaN,0,0,0.49655294418335
A007,A,1,NaN,NaN,NaN,0,0,0.422446012496948
A007,A,1,NaN,NaN,NaN,0,0,0.309381008148193
A007,A,1,NaN,NaN,NaN,0,0,0.327304840087891
A007,A,1,NaN,NaN,NaN,0,0,0.265784978866577
A007,A,1,NaN,NaN,NaN,0,0,0.293819904327393
A007,A,1,NaN,NaN,NaN,0,0,0.288934946060181
A007,A,1,NaN,NaN,NaN,0,0,0.23896312713623
A007,A,1,NaN,NaN,NaN,0,0,0.295801877975464
A007,A,NaN,0,1,NaN,NaN,0,NaN
A007,A,1,NaN,NaN,NaN,0,0,0.208391189575195
A007,A,1,NaN,NaN,NaN,0,0,0.283008813858032
A007,A,1,NaN,NaN,NaN,0,0,0.22973895072937
A007,A,1,NaN,NaN,NaN,0,0,0.265231132507324
A007,A,1,NaN,NaN,NaN,0,0,0.310866117477417
A007,A,NaN,0,1,NaN,NaN,0,NaN
A007,A,1,NaN,NaN,NaN,0,0,0.309587955474854
A007,A,1,NaN,NaN,NaN,0,0,0.206382036209106
A007,A,1,NaN,NaN,NaN,0,0,0.317754030227661
A007,A,1,NaN,NaN,NaN,0,0,0.248592138290405
A007,A,1,NaN,NaN,NaN,0,0,0.293482065200806
A007,A,1,NaN,NaN,NaN,0,0,0.262384176254272
A007,A,1,NaN,NaN,NaN,0,0,0.277246952056885
A007,A,1,NaN,NaN,NaN,0,0,0.311539173126221
A007,A,1,NaN,NaN,NaN,0,0,0.294361114501953
A007,A,1,NaN,NaN,NaN,0,0,0.287707090377808
A007,A,1,NaN,NaN,NaN,0,0,0.371265888214111
A007,A,1,NaN,NaN,NaN,0,0,0.369864940643311
A007,A,1,NaN,NaN,NaN,0,0,0.423462867736816
A007,A,NaN,0,1,NaN,NaN,0,NaN
A007,A,1,NaN,NaN,NaN,0,0,0.297761917114258
A007,A,1,NaN,NaN,NaN,0,0,0.271663904190063
A007,A,1,NaN,NaN,NaN,0,0,0.189136028289795
A007,A,1,NaN,NaN,NaN,0,0,0.286390066146851
A007,A,1,NaN,NaN,NaN,0,0,0.256795883178711
A007,A,1,NaN,NaN,NaN,0,0,0.310462951660156
A007,A,1,NaN,NaN,NaN,0,0,0.340753078460693
A007,A,NaN,1,0,NaN,NaN,0,NaN
A007,A,1,NaN,NaN,NaN,0,0,0.265753030776978
A007,A,1,NaN,NaN,NaN,0,0,0.338433980941772
A007,A,1,NaN,NaN,NaN,0,0,0.371396064758301
A007,A,1,NaN,NaN,NaN,0,0,0.508469104766846
A007,A,1,NaN,NaN,NaN,0,0,0.361578941345215
A007,A,NaN,1,0,NaN,NaN,0,NaN
A007,A,1,NaN,NaN,NaN,0,0,0.315108060836792
A007,A,1,NaN,NaN,NaN,0,0,0.441128969192505
A007,A,1,NaN,NaN,NaN,0,0,0.359724998474121
A007,A,1,NaN,NaN,NaN,0,0,0.318398952484131
A007,A,1,NaN,NaN,NaN,0,0,0.314029932022095
A007,A,1,NaN,NaN,NaN,0,0,0.295287132263184
A007,A,1,NaN,NaN,NaN,0,0,0.355752944946289
A007,A,1,NaN,NaN,NaN,0,0,0.551333904266357
A007,A,1,NaN,NaN,NaN,0,0,0.405105829238892
A007,A,1,NaN,NaN,NaN,0,0,0.402145862579346
A007,A,1,NaN,NaN,NaN,0,0,0.56867504119873
A007,A,1,NaN,NaN,NaN,0,0,0.397717952728271
A007,A,NaN,1,0,NaN,NaN,0,NaN
A007,A,1,NaN,NaN,NaN,0,0,0.290553092956543
A007,A,1,NaN,NaN,NaN,0,0,0.287609815597534
A007,A,1,NaN,NaN,NaN,0,0,0.300858020782471
A007,A,1,NaN,NaN,NaN,0,0,0.401087999343872
A007,A,1,NaN,NaN,NaN,0,0,0.404591083526611
A007,A,NaN,1,0,NaN,NaN,0,NaN
A007,A,1,NaN,NaN,NaN,0,0,0.280284881591797
A007,A,1,NaN,NaN,NaN,0,0,0.290961027145386
A007,A,1,NaN,NaN,NaN,0,0,0.28891396522522
A007,A,1,NaN,NaN,NaN,0,0,0.284433126449585
A007,A,1,NaN,NaN,NaN,0,0,0.309103965759277
A007,A,NaN,1,0,NaN,NaN,0,NaN
A007,A,1,NaN,NaN,NaN,0,0,0.355835914611816
A007,A,1,NaN,NaN,NaN,0,0,0.40710711479187
A007,A,1,NaN,NaN,NaN,0,0,0.274379968643188
A007,A,1,NaN,NaN,NaN,0,0,0.318832874298096
A007,A,1,NaN,NaN,NaN,0,0,0.28591513633728
A007,A,1,NaN,NaN,NaN,0,0,0.307094097137451
A007,A,1,NaN,NaN,NaN,0,0,0.422406911849976
A007,A,1,NaN,NaN,NaN,0,0,0.302799940109253
A007,A,1,NaN,NaN,NaN,0,0,0.302115917205811
A007,A,1,NaN,NaN,NaN,0,0,0.354718923568726
A007,A,1,NaN,NaN,NaN,0,0,0.387051105499268
A007,A,1,NaN,NaN,NaN,0,0,0.3592529296875
A007,A,1,NaN,NaN,NaN,0,0,0.322272062301636
A007,A,1,NaN,NaN,NaN,0,0,0.333799839019775
A007,A,NaN,1,0,NaN,NaN,0,NaN
A007,A,1,NaN,NaN,NaN,0,0,0.292591094970703
A007,A,1,NaN,NaN,NaN,0,0,0.316142082214355
A007,A,NaN,0,1,NaN,NaN,0,NaN
A007,A,1,NaN,NaN,NaN,0,0,NaN
A007,A,1,NaN,NaN,NaN,0,0,0.270649909973145
A007,A,1,NaN,NaN,NaN,0,0,0.357024192810059
A007,A,1,NaN,NaN,NaN,0,0,0.309624195098877
A007,A,1,NaN,NaN,NaN,0,0,0.390416145324707
A007,A,1,NaN,NaN,NaN,0,0,0.290892124176025
A007,A,1,NaN,NaN,NaN,0,0,0.356354951858521
A007,A,1,NaN,NaN,NaN,0,0,0.463708877563477
A007,A,1,NaN,NaN,NaN,0,0,0.38942813873291
A007,A,1,NaN,NaN,NaN,0,0,0.358590126037598
A007,A,1,NaN,NaN,NaN,0,0,0.306003093719482
A007,A,1,NaN,NaN,NaN,0,0,0.344774007797241
A007,A,NaN,0,1,NaN,NaN,0,NaN
A007,A,1,NaN,NaN,NaN,0,0,0.29251503944397
A007,A,1,NaN,NaN,NaN,0,0,0.365775108337402
A007,A,1,NaN,NaN,NaN,0,0,0.296356916427612
A007,A,1,NaN,NaN,NaN,0,0,0.354385137557983
A007,A,1,NaN,NaN,NaN,0,0,0.328634023666382
A007,A,1,NaN,NaN,NaN,0,0,0.33777904510498
A007,A,1,NaN,NaN,NaN,0,0,0.428273916244507
A007,A,1,NaN,NaN,NaN,0,0,0.465163946151733
A007,A,NaN,1,0,NaN,NaN,0,NaN
A007,A,1,NaN,NaN,NaN,0,0,0.354130983352661
A007,A,1,NaN,NaN,NaN,0,0,0.331211090087891
A007,A,1,NaN,NaN,NaN,0,0,0.320711851119995
A007,A,1,NaN,NaN,NaN,0,0,0.332965135574341
A007,A,1,NaN,NaN,NaN,0,0,0.35829496383667
A007,A,1,NaN,NaN,NaN,0,0,0.399060010910034
A007,A,1,NaN,NaN,NaN,0,0,0.383269071578979
A007,A,NaN,1,0,NaN,NaN,0,NaN
A007,A,1,NaN,NaN,NaN,0,0,0.306907892227173
A007,A,1,NaN,NaN,NaN,0,0,0.455853939056396
A007,A,1,NaN,NaN,NaN,0,0,0.326797008514404
A007,A,1,NaN,NaN,NaN,0,0,0.39526891708374
A007,A,1,NaN,NaN,NaN,0,0,0.548877954483032
A007,A,1,NaN,NaN,NaN,0,0,0.365852117538452
A007,A,1,NaN,NaN,NaN,0,0,0.310542106628418
A007,A,1,NaN,NaN,NaN,0,0,0.282265186309814
A007,A,1,NaN,NaN,NaN,0,0,0.376792192459106
A007,A,1,NaN,NaN,NaN,0,0,0.402306079864502
A007,A,NaN,1,0,NaN,NaN,0,NaN
A007,A,1,NaN,NaN,NaN,0,0,0.324278831481934
A007,A,1,NaN,NaN,NaN,0,0,0.303575038909912
A007,A,1,NaN,NaN,NaN,0,0,0.613417863845825
A007,A,1,NaN,NaN,NaN,0,0,0.339683055877686
A007,A,1,NaN,NaN,NaN,0,0,0.270730972290039
A007,A,NaN,0,1,NaN,NaN,0,NaN
A007,A,1,NaN,NaN,NaN,0,0,0.32079815864563
A007,A,1,NaN,NaN,NaN,0,0,0.235470056533813
A007,A,1,NaN,NaN,NaN,0,0,0.187406063079834
A007,A,1,NaN,NaN,NaN,0,0,0.225982189178467
A007,A,1,NaN,NaN,NaN,0,0,0.247524976730347
A007,A,1,NaN,NaN,NaN,0,0,0.225293874740601
A007,A,1,NaN,NaN,NaN,0,0,0.238636016845703
A007,A,1,NaN,NaN,NaN,0,0,0.212189912796021
A007,A,0,NaN,NaN,NaN,1,0,NaN
A007,A,NaN,0,1,NaN,NaN,0,NaN
A007,A,1,NaN,NaN,NaN,0,0,NaN
A007,A,1,NaN,NaN,NaN,0,0,0.667953014373779
A007,A,1,NaN,NaN,NaN,0,0,0.520969152450562
A007,A,1,NaN,NaN,NaN,0,0,0.469925880432129
A007,A,1,NaN,NaN,NaN,0,0,0.40257716178894
A007,A,1,NaN,NaN,NaN,0,0,0.382170915603638
A007,A,1,NaN,NaN,NaN,0,0,0.336721897125244
A007,A,1,NaN,NaN,NaN,0,0,0.257933855056763
A007,A,1,NaN,NaN,NaN,0,0,0.233041048049927
A007,A,1,NaN,NaN,NaN,0,0,NaN
A007,A,NaN,0,1,NaN,NaN,0,NaN
A007,A,1,NaN,NaN,NaN,0,0,0.755810022354126
A007,A,1,NaN,NaN,NaN,0,0,0.619665861129761
A007,A,1,NaN,NaN,NaN,0,0,0.283175945281982
A007,A,1,NaN,NaN,NaN,0,0,0.250901937484741
A007,A,1,NaN,NaN,NaN,0,0,0.340131998062134
A007,A,1,NaN,NaN,NaN,0,0,0.266174077987671
A007,A,NaN,0,1,NaN,NaN,0,NaN
A007,A,0,NaN,NaN,NaN,1,0,NaN
A007,A,1,NaN,NaN,NaN,0,0,0.267251968383789
A007,A,1,NaN,NaN,NaN,0,0,0.286391019821167
A007,A,1,NaN,NaN,NaN,0,0,0.484665155410767
A007,A,1,NaN,NaN,NaN,0,0,0.445529937744141
A007,A,1,NaN,NaN,NaN,0,0,0.405003070831299
A007,A,1,NaN,NaN,NaN,0,0,0.388859987258911
A007,A,NaN,0,1,NaN,NaN,0,NaN
A007,A,1,NaN,NaN,NaN,0,0,0.310830116271973
A007,A,1,NaN,NaN,NaN,0,0,0.379909992218018
A007,A,1,NaN,NaN,NaN,0,0,0.401859045028687
A007,A,1,NaN,NaN,NaN,0,0,0.566421985626221
A007,A,1,NaN,NaN,NaN,0,0,0.303949117660522
A007,A,1,NaN,NaN,NaN,0,0,0.341174125671387
A007,A,1,NaN,NaN,NaN,0,0,0.42411994934082
A007,A,1,NaN,NaN,NaN,0,0,0.430927038192749
A007,A,NaN,0,1,NaN,NaN,0,NaN
A007,A,1,NaN,NaN,NaN,0,0,0.324192047119141
A007,A,1,NaN,NaN,NaN,0,0,0.340917110443115
A007,A,1,NaN,NaN,NaN,0,0,0.32713794708252
A007,A,1,NaN,NaN,NaN,0,0,0.308026790618896
A007,A,1,NaN,NaN,NaN,0,0,0.304551839828491
A007,A,1,NaN,NaN,NaN,0,0,0.300624132156372
A007,A,1,NaN,NaN,NaN,0,0,0.322220087051392
A007,A,1,NaN,NaN,NaN,0,0,0.407728910446167
A007,A,1,NaN,NaN,NaN,0,0,0.312971115112305
A007,A,1,NaN,NaN,NaN,0,0,0.304084777832031
A007,A,1,NaN,NaN,NaN,0,0,0.326746940612793
A007,A,1,NaN,NaN,NaN,0,0,0.281572103500366
A007,A,NaN,0,1,NaN,NaN,0,NaN
A007,A,1,NaN,NaN,NaN,0,0,0.151555061340332
A007,A,0,NaN,NaN,NaN,1,0,NaN
A007,A,1,NaN,NaN,NaN,0,0,0.249390840530396
A007,A,NaN,0,1,NaN,NaN,0,NaN
A007,A,1,NaN,NaN,NaN,0,0,0.322399139404297
A007,A,1,NaN,NaN,NaN,0,0,0.230623960494995
A007,A,1,NaN,NaN,NaN,0,0,0.308724164962769
A007,A,1,NaN,NaN,NaN,0,0,0.316066026687622
A007,A,1,NaN,NaN,NaN,0,0,0.438426971435547
A007,A,1,NaN,NaN,NaN,0,0,0.416277885437012
A007,A,1,NaN,NaN,NaN,0,0,0.453505992889404
A007,A,1,NaN,NaN,NaN,0,0,0.439571142196655
A007,A,1,NaN,NaN,NaN,0,0,0.299627065658569
A007,A,1,NaN,NaN,NaN,0,0,0.351219892501831
A007,A,1,NaN,NaN,NaN,0,0,0.440403938293457
A007,A,1,NaN,NaN,NaN,0,0,0.451220989227295
A007,A,NaN,1,0,NaN,NaN,0,NaN
A007,A,1,NaN,NaN,NaN,0,0,0.288919925689697
A007,A,1,NaN,NaN,NaN,0,0,0.317317008972168
A007,A,1,NaN,NaN,NaN,0,0,1.04247999191284
A007,A,1,NaN,NaN,NaN,0,0,0.52190899848938
A007,A,1,NaN,NaN,NaN,0,0,0.363585948944092
A007,A,0,NaN,NaN,NaN,1,0,NaN
A007,A,NaN,0,1,NaN,NaN,0,NaN
A007,A,1,NaN,NaN,NaN,0,0,0.347585916519165
A007,A,1,NaN,NaN,NaN,0,0,0.246324062347412
A007,A,0,NaN,NaN,NaN,1,0,NaN
A007,A,1,NaN,NaN,NaN,0,0,0.412412881851196
A007,A,1,NaN,NaN,NaN,0,0,0.340619087219238
A007,A,1,NaN,NaN,NaN,0,0,0.506500959396362
A007,A,1,NaN,NaN,NaN,0,0,0.331553936004639
A007,A,1,NaN,NaN,NaN,0,0,0.296479940414429
A007,A,1,NaN,NaN,NaN,0,0,0.310512065887451
A007,A,1,NaN,NaN,NaN,0,0,0.347842931747437
A007,A,1,NaN,NaN,NaN,0,0,0.304883003234863
A007,A,NaN,0,1,NaN,NaN,0,NaN
A007,A,1,NaN,NaN,NaN,0,0,0.272678136825562
A007,A,1,NaN,NaN,NaN,0,0,0.266915082931519
A007,A,NaN,0,1,NaN,NaN,0,NaN
A007,A,1,NaN,NaN,NaN,0,0,0.185096979141235
A007,A,1,NaN,NaN,NaN,0,0,0.19635796546936
A007,A,1,NaN,NaN,NaN,0,0,0.242433786392212
A007,A,1,NaN,NaN,NaN,0,0,0.247740983963013
A007,A,1,NaN,NaN,NaN,0,0,0.208602905273438
A007,A,1,NaN,NaN,NaN,0,0,0.265825033187866
A007,A,1,NaN,NaN,NaN,0,0,0.335345029830933
A007,A,1,NaN,NaN,NaN,0,0,0.376460790634155
A007,A,NaN,0,1,NaN,NaN,0,NaN
A007,A,1,NaN,NaN,NaN,0,0,0.368610858917236
A007,A,1,NaN,NaN,NaN,0,0,0.357295989990234
A007,A,1,NaN,NaN,NaN,0,0,0.331276893615723
A007,A,1,NaN,NaN,NaN,0,0,0.244016885757446
A007,A,1,NaN,NaN,NaN,0,0,0.329016923904419
A007,A,1,NaN,NaN,NaN,0,0,0.367525100708008
A007,A,1,NaN,NaN,NaN,0,0,0.541589021682739
A007,A,1,NaN,NaN,NaN,0,0,0.750610113143921
A007,A,1,NaN,NaN,NaN,0,0,0.705520153045654
A007,A,1,NaN,NaN,NaN,0,0,0.885975122451782
A007,A,1,NaN,NaN,NaN,0,0,0.557862043380737
A007,A,1,NaN,NaN,NaN,0,0,0.256011962890625
A007,A,NaN,0,1,NaN,NaN,0,NaN
A007,A,0,NaN,NaN,NaN,1,0,NaN
A007,A,1,NaN,NaN,NaN,0,0,0.268234014511108
A007,A,1,NaN,NaN,NaN,0,0,0.274787902832031
A007,A,1,NaN,NaN,NaN,0,0,0.314509153366089
A007,A,1,NaN,NaN,NaN,0,0,0.349112987518311
A007,A,1,NaN,NaN,NaN,0,0,0.84214186668396
A007,A,1,NaN,NaN,NaN,0,0,0.399899005889893
A007,A,1,NaN,NaN,NaN,0,0,0.308109998703003
A007,A,1,NaN,NaN,NaN,0,0,0.341912031173706
A007,A,NaN,1,0,NaN,NaN,0,NaN
A007,A,1,NaN,NaN,NaN,0,0,0.292026042938232
A007,A,1,NaN,NaN,NaN,0,0,0.282364845275879
A007,A,1,NaN,NaN,NaN,0,0,0.350914001464844
A007,A,1,NaN,NaN,NaN,0,0,0.375701904296875
A007,A,1,NaN,NaN,NaN,0,0,0.401356935501099
A007,A,NaN,1,0,NaN,NaN,0,NaN
A007,A,1,NaN,NaN,NaN,0,0,0.341187953948975
A007,A,1,NaN,NaN,NaN,0,0,0.330419063568115
A007,A,1,NaN,NaN,NaN,0,0,0.294825077056885
A007,A,1,NaN,NaN,NaN,0,0,0.35548210144043
A007,A,1,NaN,NaN,NaN,0,0,0.386677980422974
A007,A,1,NaN,NaN,NaN,0,0,0.3976149559021
A007,A,1,NaN,NaN,NaN,0,0,0.330670118331909
A007,A,1,NaN,NaN,NaN,0,0,0.38625693321228
A007,A,1,NaN,NaN,NaN,0,0,0.539414882659912
A007,A,NaN,1,0,NaN,NaN,0,NaN
A007,A,1,NaN,NaN,NaN,0,0,0.303079843521118
A007,A,1,NaN,NaN,NaN,0,0,0.331908941268921
A007,A,1,NaN,NaN,NaN,0,0,0.374734878540039
A007,A,1,NaN,NaN,NaN,0,0,0.308078050613403
A007,A,1,NaN,NaN,NaN,0,0,0.296126842498779
A007,A,1,NaN,NaN,NaN,0,0,0.380057096481323
A007,A,1,NaN,NaN,NaN,0,0,0.444524049758911
A007,A,1,NaN,NaN,NaN,0,0,0.513190031051636
A007,A,1,NaN,NaN,NaN,0,0,0.424099206924438
A007,A,1,NaN,NaN,NaN,0,0,0.442175149917603
A007,A,1,NaN,NaN,NaN,0,0,0.53524112701416
A007,A,NaN,1,0,NaN,NaN,0,NaN
A007,A,1,NaN,NaN,NaN,0,0,0.309998989105225
A007,A,1,NaN,NaN,NaN,0,0,0.36515998840332
A007,A,1,NaN,NaN,NaN,0,0,0.280176877975464
A007,A,1,NaN,NaN,NaN,0,0,0.370810985565186
A007,A,1,NaN,NaN,NaN,0,0,0.431581020355225
A007,A,1,NaN,NaN,NaN,0,0,0.366944074630737
A007,A,1,NaN,NaN,NaN,0,0,0.391767024993896
A007,A,NaN,0,1,NaN,NaN,0,NaN
A007,A,1,NaN,NaN,NaN,0,0,0.280972957611084
A007,A,1,NaN,NaN,NaN,0,0,0.299225091934204
A007,A,1,NaN,NaN,NaN,0,0,0.227588891983032
A007,A,NaN,0,1,NaN,NaN,0,NaN
A007,A,1,NaN,NaN,NaN,0,0,0.235573053359985
A007,A,1,NaN,NaN,NaN,0,0,0.281315088272095
A007,A,1,NaN,NaN,NaN,0,0,0.477906942367554
A007,A,1,NaN,NaN,NaN,0,0,0.347778081893921
A007,A,1,NaN,NaN,NaN,0,0,0.31840991973877
A007,A,1,NaN,NaN,NaN,0,0,0.257714033126831
A007,A,1,NaN,NaN,NaN,0,0,0.264716863632202
A007,A,1,NaN,NaN,NaN,0,0,0.289451837539673
A007,A,1,NaN,NaN,NaN,0,0,0.284748077392578
A007,A,1,NaN,NaN,NaN,0,0,0.290132999420166
A007,A,1,NaN,NaN,NaN,0,0,0.190788984298706
A007,A,1,NaN,NaN,NaN,0,0,0.262666940689087
A007,A,1,NaN,NaN,NaN,0,0,0.364825963973999
A007,A,1,NaN,NaN,NaN,0,0,0.352845907211304
A007,A,NaN,1,0,NaN,NaN,0,NaN
A007,A,1,NaN,NaN,NaN,0,0,0.376600980758667
A007,A,1,NaN,NaN,NaN,0,0,0.428566932678223
A007,A,1,NaN,NaN,NaN,0,0,0.386904001235962
A007,A,1,NaN,NaN,NaN,0,0,0.432512044906616
A007,A,1,NaN,NaN,NaN,0,0,0.520215034484863
A007,A,1,NaN,NaN,NaN,0,0,0.538352012634277
A007,A,1,NaN,NaN,NaN,0,0,0.639552116394043
A007,A,NaN,1,0,NaN,NaN,0,NaN
A007,A,1,NaN,NaN,NaN,0,0,0.578413963317871
A007,A,1,NaN,NaN,NaN,0,0,0.482885837554932
A007,A,1,NaN,NaN,NaN,0,0,0.383944034576416
A007,A,1,NaN,NaN,NaN,0,0,0.544384002685547
A007,A,1,NaN,NaN,NaN,0,0,0.510740995407104
A007,A,1,NaN,NaN,NaN,0,0,0.54911994934082
A007,A,1,NaN,NaN,NaN,0,0,0.774272918701172
A007,A,NaN,0,1,NaN,NaN,0,NaN
A007,A,1,NaN,NaN,NaN,0,0,0.443295955657959
A007,A,1,NaN,NaN,NaN,0,0,0.516166925430298
A007,A,1,NaN,NaN,NaN,0,0,0.937031030654907
A007,A,1,NaN,NaN,NaN,0,0,0.61304783821106
A007,A,1,NaN,NaN,NaN,0,0,0.399010896682739
A007,A,1,NaN,NaN,NaN,0,0,0.41537618637085
A007,A,1,NaN,NaN,NaN,0,0,0.543117046356201
A007,A,0,NaN,NaN,NaN,1,0,NaN
A007,A,1,NaN,NaN,NaN,0,0,0.47524094581604
A007,A,NaN,0,1,NaN,NaN,0,NaN
A007,A,1,NaN,NaN,NaN,0,0,0.28560209274292
A007,A,1,NaN,NaN,NaN,0,0,0.390273094177246
A007,A,1,NaN,NaN,NaN,0,0,0.561655044555664
A007,A,1,NaN,NaN,NaN,0,0,0.479408979415894
A007,A,NaN,0,1,NaN,NaN,0,NaN
A007,A,1,NaN,NaN,NaN,0,0,0.402470111846924
A007,A,1,NaN,NaN,NaN,0,0,0.248341798782349
A007,A,0,NaN,NaN,NaN,1,0,NaN
A007,A,1,NaN,NaN,NaN,0,0,NaN
A007,A,1,NaN,NaN,NaN,0,0,0.352242946624756
A007,A,1,NaN,NaN,NaN,0,0,0.623109102249146
A007,A,1,NaN,NaN,NaN,0,0,0.339761972427368
A007,A,1,NaN,NaN,NaN,0,0,0.278496026992798
A007,A,1,NaN,NaN,NaN,0,0,0.355755090713501
A007,A,NaN,0,1,NaN,NaN,0,NaN
A007,A,1,NaN,NaN,NaN,0,0,0.405718088150024
A007,A,1,NaN,NaN,NaN,0,0,0.256455183029175
A007,A,1,NaN,NaN,NaN,0,0,NaN
A007,A,0,NaN,NaN,NaN,1,0,NaN
A007,A,1,NaN,NaN,NaN,0,0,0.267144203186035
A007,A,1,NaN,NaN,NaN,0,0,0.32528281211853
A007,A,1,NaN,NaN,NaN,0,0,0.294625997543335
A007,A,NaN,0,1,NaN,NaN,0,NaN
A007,A,1,NaN,NaN,NaN,0,0,0.999286890029907
A007,A,1,NaN,NaN,NaN,0,0,0.460113048553467
A007,A,0,NaN,NaN,NaN,1,0,NaN
A007,A,1,NaN,NaN,NaN,0,0,0.310074806213379
A007,A,1,NaN,NaN,NaN,0,0,NaN
A007,A,1,NaN,NaN,NaN,0,0,0.448843955993652
A007,A,1,NaN,NaN,NaN,0,0,0.405822992324829
A007,A,1,NaN,NaN,NaN,0,0,0.292232036590576
A007,A,1,NaN,NaN,NaN,0,0,0.400696992874146
A007,A,1,NaN,NaN,NaN,0,0,0.284499883651733
A007,A,1,NaN,NaN,NaN,0,0,0.321314096450806
A007,A,1,NaN,NaN,NaN,0,0,NaN
A007,A,NaN,0,1,NaN,NaN,0,NaN
A007,A,1,NaN,NaN,NaN,0,0,0.819927215576172
A007,A,1,NaN,NaN,NaN,0,0,0.449188947677612
A007,A,0,NaN,NaN,NaN,1,0,NaN
A007,A,1,NaN,NaN,NaN,0,0,0.789630174636841
A007,A,1,NaN,NaN,NaN,0,0,0.472477912902832
A007,A,1,NaN,NaN,NaN,0,0,0.870015144348145
A007,A,1,NaN,NaN,NaN,0,0,0.423098087310791
A007,A,NaN,1,0,NaN,NaN,0,NaN
A007,A,1,NaN,NaN,NaN,0,0,NaN
A007,A,1,NaN,NaN,NaN,0,0,0.28088903427124
A007,A,1,NaN,NaN,NaN,0,0,0.239257097244263
A007,A,1,NaN,NaN,NaN,0,0,0.287804126739502
A007,A,1,NaN,NaN,NaN,0,0,0.275818824768066
A007,A,1,NaN,NaN,NaN,0,0,0.302797079086304
A007,A,1,NaN,NaN,NaN,0,0,0.203483104705811
A007,A,1,NaN,NaN,NaN,0,0,0.308839082717896
A007,A,NaN,0,1,NaN,NaN,0,NaN
A007,A,1,NaN,NaN,NaN,0,0,0.853364944458008
A007,A,1,NaN,NaN,NaN,0,0,0.84270715713501
A007,A,1,NaN,NaN,NaN,0,0,0.624456882476807
A007,A,1,NaN,NaN,NaN,0,0,0.301183938980103
A007,A,1,NaN,NaN,NaN,0,0,0.215121984481812
A007,A,0,NaN,NaN,NaN,1,0,NaN
A007,A,1,NaN,NaN,NaN,0,0,0.305248975753784
A007,A,NaN,0,1,NaN,NaN,0,NaN
A007,A,0,NaN,NaN,NaN,1,0,NaN
A007,A,1,NaN,NaN,NaN,0,0,1.01654100418091
A007,A,1,NaN,NaN,NaN,0,0,0.928377151489258
A007,A,0,NaN,NaN,NaN,1,0,NaN
A007,A,1,NaN,NaN,NaN,0,0,0.431167840957642
A007,A,NaN,0,1,NaN,NaN,0,NaN
A007,A,1,NaN,NaN,NaN,0,0,0.302901983261108
A007,A,1,NaN,NaN,NaN,0,0,0.299561977386475
A007,A,1,NaN,NaN,NaN,0,0,0.364453077316284
A007,A,1,NaN,NaN,NaN,0,0,0.275537014007568
A007,A,1,NaN,NaN,NaN,0,0,0.314460039138794
A007,A,1,NaN,NaN,NaN,0,0,0.287010908126831
A007,A,1,NaN,NaN,NaN,0,0,0.295819997787476
A007,A,1,NaN,NaN,NaN,0,0,0.296173810958862
A007,A,1,NaN,NaN,NaN,0,0,0.297955989837646
A007,A,NaN,1,0,NaN,NaN,0,NaN
A007,A,1,NaN,NaN,NaN,0,0,0.258049011230469
A007,A,1,NaN,NaN,NaN,0,0,0.238646030426025
A007,A,1,NaN,NaN,NaN,0,0,0.267145156860352
A007,A,1,NaN,NaN,NaN,0,0,0.28817892074585
A007,A,1,NaN,NaN,NaN,0,0,0.303476095199585
A007,A,1,NaN,NaN,NaN,0,0,0.279592990875244
A007,A,1,NaN,NaN,NaN,0,0,0.369657039642334
A007,A,1,NaN,NaN,NaN,0,0,0.373277187347412
A007,A,NaN,0,1,NaN,NaN,0,NaN
A007,A,1,NaN,NaN,NaN,0,0,0.180995941162109
A007,A,1,NaN,NaN,NaN,0,0,0.25620698928833
A007,A,1,NaN,NaN,NaN,0,0,NaN
A007,A,1,NaN,NaN,NaN,0,0,0.232264995574951
A007,A,1,NaN,NaN,NaN,0,0,0.364702939987183
A007,A,1,NaN,NaN,NaN,0,0,0.278119087219238
A007,A,1,NaN,NaN,NaN,0,0,0.260107040405273
A007,A,1,NaN,NaN,NaN,0,0,0.26131796836853
A007,A,1,NaN,NaN,NaN,0,0,0.753864049911499
A007,A,1,NaN,NaN,NaN,0,0,0.634253978729248
A007,A,1,NaN,NaN,NaN,0,0,0.362940073013306
A007,A,1,NaN,NaN,NaN,0,0,0.280431032180786
A007,A,NaN,0,1,NaN,NaN,0,NaN
A007,A,1,NaN,NaN,NaN,0,0,0.353183031082153
A007,A,1,NaN,NaN,NaN,0,0,0.826332092285156
A007,A,1,NaN,NaN,NaN,0,0,0.25366997718811
A007,A,0,NaN,NaN,NaN,1,0,NaN
A007,A,0,NaN,NaN,NaN,1,0,NaN
A007,A,0,NaN,NaN,NaN,1,0,NaN
A007,A,1,NaN,NaN,NaN,0,0,0.454797983169556
A007,A,1,NaN,NaN,NaN,0,0,0.283026933670044
A007,A,1,NaN,NaN,NaN,0,0,0.252189159393311
A007,A,NaN,1,0,NaN,NaN,0,NaN
A007,A,0,NaN,NaN,NaN,1,0,NaN
A007,A,1,NaN,NaN,NaN,0,0,NaN
A007,A,1,NaN,NaN,NaN,0,0,0.283184051513672
A007,A,1,NaN,NaN,NaN,0,0,0.374706029891968
A007,A,1,NaN,NaN,NaN,0,0,0.659369945526123
A007,A,1,NaN,NaN,NaN,0,0,0.274967908859253
A007,A,NaN,0,1,NaN,NaN,0,NaN
A007,A,0,NaN,NaN,NaN,1,0,NaN
A007,A,1,NaN,NaN,NaN,0,0,0.671984910964966
A007,A,1,NaN,NaN,NaN,0,0,0.581418991088867
A007,A,1,NaN,NaN,NaN,0,0,0.348198890686035
A007,A,1,NaN,NaN,NaN,0,0,0.313246965408325
A007,A,1,NaN,NaN,NaN,0,0,0.370622873306274
A007,A,1,NaN,NaN,NaN,0,0,0.396313905715942
A007,A,1,NaN,NaN,NaN,0,0,0.429407835006714
A007,A,NaN,1,0,NaN,NaN,0,NaN
A007,A,1,NaN,NaN,NaN,0,0,0.309899806976318
A007,A,1,NaN,NaN,NaN,0,0,0.297262191772461
A007,A,1,NaN,NaN,NaN,0,0,0.272611856460571
A007,A,1,NaN,NaN,NaN,0,0,0.345976829528809
A007,A,NaN,0,1,NaN,NaN,0,NaN
A007,A,1,NaN,NaN,NaN,0,0,NaN
A007,A,1,NaN,NaN,NaN,0,0,0.263926982879639
A007,A,1,NaN,NaN,NaN,0,0,0.282824039459229
A007,A,1,NaN,NaN,NaN,0,0,0.255361080169678
A007,A,1,NaN,NaN,NaN,0,0,0.284849166870117
A007,A,1,NaN,NaN,NaN,0,0,0.299400091171265
A007,A,1,NaN,NaN,NaN,0,0,0.339107036590576
A007,A,1,NaN,NaN,NaN,0,0,0.255672931671143
A007,A,1,NaN,NaN,NaN,0,0,0.276233196258545
A007,A,1,NaN,NaN,NaN,0,0,0.229785203933716
A007,A,1,NaN,NaN,NaN,0,0,0.246396064758301
A007,A,1,NaN,NaN,NaN,0,0,0.163386106491089
A007,A,1,NaN,NaN,NaN,0,0,0.37504506111145
A007,A,NaN,0,1,NaN,NaN,0,NaN
A007,A,0,NaN,NaN,NaN,1,0,NaN
A007,A,1,NaN,NaN,NaN,0,0,0.263537168502808
A007,A,1,NaN,NaN,NaN,0,0,0.274847984313965
A007,A,1,NaN,NaN,NaN,0,0,0.306992769241333
A007,A,1,NaN,NaN,NaN,0,0,0.280458927154541
A007,A,NaN,0,1,NaN,NaN,0,NaN
A007,A,1,NaN,NaN,NaN,0,0,1.03466987609863
A007,A,1,NaN,NaN,NaN,0,0,0.513024091720581
A007,A,0,NaN,NaN,NaN,1,0,NaN
A007,A,1,NaN,NaN,NaN,0,0,0.192828893661499
A007,A,1,NaN,NaN,NaN,0,0,0.265612125396729
A007,A,1,NaN,NaN,NaN,0,0,0.351591825485229
A007,A,1,NaN,NaN,NaN,0,0,0.475615978240967
A007,A,1,NaN,NaN,NaN,0,0,0.494194030761719
A007,A,1,NaN,NaN,NaN,0,0,0.620858907699585
A007,A,1,NaN,NaN,NaN,0,0,0.486083030700684
A007,A,1,NaN,NaN,NaN,0,0,0.275515079498291
A007,A,NaN,1,0,NaN,NaN,0,NaN
A007,A,1,NaN,NaN,NaN,0,0,0.30007791519165
A007,A,1,NaN,NaN,NaN,0,0,0.27544903755188
A007,A,1,NaN,NaN,NaN,0,0,0.596413850784302
A007,A,1,NaN,NaN,NaN,0,0,0.505250930786133
A007,A,NaN,0,1,NaN,NaN,0,NaN
A007,A,1,NaN,NaN,NaN,0,0,0.54718804359436
A007,A,1,NaN,NaN,NaN,0,0,0.827269077301025
A007,A,1,NaN,NaN,NaN,0,0,0.363057136535645
A007,A,1,NaN,NaN,NaN,0,0,0.464225769042969
A007,A,1,NaN,NaN,NaN,0,0,0.337455034255981
A007,A,1,NaN,NaN,NaN,0,0,0.330441951751709
A007,A,1,NaN,NaN,NaN,0,0,0.40828800201416
A007,A,1,NaN,NaN,NaN,0,0,0.355878114700317
A007,A,1,NaN,NaN,NaN,0,0,0.34030294418335
A007,A,1,NaN,NaN,NaN,0,0,0.367376804351807
A007,A,1,NaN,NaN,NaN,0,0,0.389544010162354
A007,A,1,NaN,NaN,NaN,0,0,0.302832126617432
A007,A,NaN,0,1,NaN,NaN,0,NaN
A007,A,1,NaN,NaN,NaN,0,0,0.231669902801514
A007,A,1,NaN,NaN,NaN,0,0,0.283662080764771
A007,A,1,NaN,NaN,NaN,0,0,0.343303918838501
A007,A,1,NaN,NaN,NaN,0,0,0.306663990020752
A007,A,1,NaN,NaN,NaN,0,0,0.347805023193359
A007,A,1,NaN,NaN,NaN,0,0,0.312824010848999
A007,A,1,NaN,NaN,NaN,0,0,0.323867082595825
A007,A,1,NaN,NaN,NaN,0,0,0.311571836471558
A007,A,NaN,0,1,NaN,NaN,0,NaN
A007,A,1,NaN,NaN,NaN,0,0,0.266168117523193
A007,A,1,NaN,NaN,NaN,0,0,0.269904851913452
A007,A,1,NaN,NaN,NaN,0,0,0.281512022018433
A007,A,1,NaN,NaN,NaN,0,0,0.292082786560059
A007,A,1,NaN,NaN,NaN,0,0,0.473136901855469
A007,A,1,NaN,NaN,NaN,0,0,0.343740940093994
A007,A,NaN,0,1,NaN,NaN,0,NaN
A007,A,1,NaN,NaN,NaN,0,0,0.29000997543335
A007,A,1,NaN,NaN,NaN,0,0,0.263987064361572
A007,A,1,NaN,NaN,NaN,0,0,0.273701906204224
A007,A,1,NaN,NaN,NaN,0,0,0.290607929229736
A007,A,1,NaN,NaN,NaN,0,0,0.298344850540161
A007,A,NaN,0,1,NaN,NaN,0,NaN
A007,A,1,NaN,NaN,NaN,0,0,0.339159965515137
A007,A,1,NaN,NaN,NaN,0,0,0.290921926498413
A007,A,1,NaN,NaN,NaN,0,0,0.246670961380005
A007,A,1,NaN,NaN,NaN,0,0,0.28000807762146
A007,A,1,NaN,NaN,NaN,0,0,0.365364789962769
A007,A,1,NaN,NaN,NaN,0,0,0.386284112930298
A007,A,1,NaN,NaN,NaN,0,0,0.413810968399048
A007,A,1,NaN,NaN,NaN,0,0,0.452882051467896
A007,A,1,NaN,NaN,NaN,0,0,0.498413801193237
A007,A,1,NaN,NaN,NaN,0,0,0.399381875991821
A007,A,1,NaN,NaN,NaN,0,0,0.374309062957764
A007,A,NaN,0,1,NaN,NaN,0,NaN
A007,A,1,NaN,NaN,NaN,0,0,0.290284156799316
A007,A,1,NaN,NaN,NaN,0,0,0.336794853210449
A007,A,1,NaN,NaN,NaN,0,0,0.305470943450928
A007,A,1,NaN,NaN,NaN,0,0,0.423096179962158
A007,A,1,NaN,NaN,NaN,0,0,0.387236833572388
A007,A,1,NaN,NaN,NaN,0,0,0.378057956695557
A007,A,1,NaN,NaN,NaN,0,0,0.309234142303467
A007,A,NaN,0,1,NaN,NaN,0,NaN
A007,A,1,NaN,NaN,NaN,0,0,0.277675867080688
A007,A,1,NaN,NaN,NaN,0,0,0.262145042419434
A007,A,1,NaN,NaN,NaN,0,0,0.284081935882568
A007,A,1,NaN,NaN,NaN,0,0,0.30102801322937
A007,A,1,NaN,NaN,NaN,0,0,0.784179925918579
A007,A,1,NaN,NaN,NaN,0,0,0.485128164291382
A007,A,1,NaN,NaN,NaN,0,0,0.260760068893433
A007,A,1,NaN,NaN,NaN,0,0,0.222963094711304
A007,A,1,NaN,NaN,NaN,0,0,NaN
A007,A,NaN,0,1,NaN,NaN,0,NaN
A007,A,1,NaN,NaN,NaN,0,0,NaN
A007,A,1,NaN,NaN,NaN,0,0,0.296751976013184
A007,A,1,NaN,NaN,NaN,0,0,0.292827129364014
A007,A,1,NaN,NaN,NaN,0,0,0.219327926635742
A007,A,1,NaN,NaN,NaN,0,0,NaN
A007,A,0,NaN,NaN,NaN,1,0,NaN
A007,A,1,NaN,NaN,NaN,0,0,0.416543006896973
A007,A,NaN,0,1,NaN,NaN,0,NaN
A007,A,1,NaN,NaN,NaN,0,0,0.298599004745483
A007,A,1,NaN,NaN,NaN,0,0,0.262067794799805
A007,A,1,NaN,NaN,NaN,0,0,0.455826044082642
A007,A,1,NaN,NaN,NaN,0,0,0.350718975067139
A007,A,1,NaN,NaN,NaN,0,0,0.37555193901062
A007,A,1,NaN,NaN,NaN,0,0,0.279925107955933
A007,A,1,NaN,NaN,NaN,0,0,NaN
A007,A,1,NaN,NaN,NaN,0,0,0.323577880859375
A007,A,1,NaN,NaN,NaN,0,0,0.353456974029541
A007,A,1,NaN,NaN,NaN,0,0,0.258160829544067
A007,A,1,NaN,NaN,NaN,0,0,NaN
A007,A,NaN,1,0,NaN,NaN,0,NaN
A007,A,1,NaN,NaN,NaN,0,0,0.440229892730713
A007,A,1,NaN,NaN,NaN,0,0,NaN
A007,A,1,NaN,NaN,NaN,0,0,0.291314125061035
A007,A,NaN,0,1,NaN,NaN,0,NaN
A007,A,1,NaN,NaN,NaN,0,0,0.291447877883911
A007,A,1,NaN,NaN,NaN,0,0,0.327860832214355
A007,A,1,NaN,NaN,NaN,0,0,0.302927017211914
A007,A,1,NaN,NaN,NaN,0,0,0.341078996658325
A007,A,1,NaN,NaN,NaN,0,0,0.410201072692871
A007,A,1,NaN,NaN,NaN,0,0,0.287601947784424
A007,A,1,NaN,NaN,NaN,0,0,0.312101125717163
A007,A,1,NaN,NaN,NaN,0,0,0.287477016448975
A007,A,1,NaN,NaN,NaN,0,0,0.605988025665283
A007,A,1,NaN,NaN,NaN,0,0,0.386427164077759
A007,A,1,NaN,NaN,NaN,0,0,0.543368101119995
A007,A,1,NaN,NaN,NaN,0,0,0.328848838806152
A007,A,1,NaN,NaN,NaN,0,0,NaN
A007,A,1,NaN,NaN,NaN,0,0,0.561874151229858
A007,A,NaN,0,1,NaN,NaN,0,NaN
A007,A,1,NaN,NaN,NaN,0,0,0.533478021621704
A007,A,1,NaN,NaN,NaN,0,0,0.548332929611206
A007,A,1,NaN,NaN,NaN,0,0,0.383812189102173
A007,A,1,NaN,NaN,NaN,0,0,0.294300079345703
A007,A,1,NaN,NaN,NaN,0,0,0.292977809906006
A007,A,1,NaN,NaN,NaN,0,0,0.431918144226074
A007,A,1,NaN,NaN,NaN,0,0,0.433270931243896
A007,A,NaN,0,1,NaN,NaN,0,NaN
A007,A,1,NaN,NaN,NaN,0,0,0.528440952301025
A007,A,1,NaN,NaN,NaN,0,0,0.425128936767578
A007,A,1,NaN,NaN,NaN,0,0,0.380538940429688
A007,A,1,NaN,NaN,NaN,0,0,0.52241587638855
A007,A,NaN,1,0,NaN,NaN,0,NaN
A007,A,1,NaN,NaN,NaN,0,0,NaN
A007,A,1,NaN,NaN,NaN,0,0,0.539910078048706
A007,A,1,NaN,NaN,NaN,0,0,0.432036161422729
A007,A,1,NaN,NaN,NaN,0,0,0.426064968109131
A007,A,1,NaN,NaN,NaN,0,0,0.287434101104736
A007,A,1,NaN,NaN,NaN,0,0,0.37981915473938
A007,A,1,NaN,NaN,NaN,0,0,0.334060907363892
A007,A,NaN,0,1,NaN,NaN,0,NaN
A007,A,1,NaN,NaN,NaN,0,0,0.29808497428894
A007,A,1,NaN,NaN,NaN,0,0,0.315376043319702
A007,A,1,NaN,NaN,NaN,0,0,0.282320022583008
A007,A,1,NaN,NaN,NaN,0,0,0.270618915557861
A007,A,1,NaN,NaN,NaN,0,0,0.274121046066284
A007,A,1,NaN,NaN,NaN,0,0,0.303112983703613
A007,A,1,NaN,NaN,NaN,0,0,0.278619050979614
A007,A,1,NaN,NaN,NaN,0,0,0.254786014556885
A007,A,1,NaN,NaN,NaN,0,0,0.306522130966187
A007,A,NaN,0,1,NaN,NaN,0,NaN
A007,A,1,NaN,NaN,NaN,0,0,0.300822019577026
A007,A,1,NaN,NaN,NaN,0,0,0.239912033081055
A007,A,1,NaN,NaN,NaN,0,0,0.160263061523438
A007,A,1,NaN,NaN,NaN,0,0,0.303681135177612
A007,A,1,NaN,NaN,NaN,0,0,0.259491920471191
A007,A,1,NaN,NaN,NaN,0,0,0.251244783401489
A007,A,1,NaN,NaN,NaN,0,0,0.299643039703369
A007,A,1,NaN,NaN,NaN,0,0,0.362598896026611
A007,A,NaN,1,0,NaN,NaN,0,NaN
A007,A,1,NaN,NaN,NaN,0,0,NaN
A007,A,1,NaN,NaN,NaN,0,0,0.272659063339233
A007,A,1,NaN,NaN,NaN,0,0,0.25548791885376
A007,A,1,NaN,NaN,NaN,0,0,0.463472127914429
A007,A,1,NaN,NaN,NaN,0,0,0.286788940429688
A007,A,1,NaN,NaN,NaN,0,0,0.30829906463623
A007,A,1,NaN,NaN,NaN,0,0,0.309998035430908
A007,A,1,NaN,NaN,NaN,0,0,0.327391862869263
A007,A,1,NaN,NaN,NaN,0,0,0.327730894088745
A007,A,NaN,1,0,NaN,NaN,0,NaN
A007,A,1,NaN,NaN,NaN,0,0,0.268038034439087
A007,A,1,NaN,NaN,NaN,0,0,0.320703029632568
A007,A,1,NaN,NaN,NaN,0,0,0.380183935165405
A007,A,1,NaN,NaN,NaN,0,0,0.308166980743408
A007,A,1,NaN,NaN,NaN,0,0,0.39311408996582
A007,A,1,NaN,NaN,NaN,0,0,0.36252498626709
A007,A,1,NaN,NaN,NaN,0,0,0.443331003189087
A007,A,1,NaN,NaN,NaN,0,0,0.240765810012817
A007,A,1,NaN,NaN,NaN,0,0,0.2240891456604
A007,A,1,NaN,NaN,NaN,0,0,0.42960000038147
A007,A,1,NaN,NaN,NaN,0,0,0.346053838729858
A007,A,1,NaN,NaN,NaN,0,0,0.26692008972168
A007,A,NaN,0,1,NaN,NaN,0,NaN
A007,A,1,NaN,NaN,NaN,0,0,0.345601081848145
A007,A,1,NaN,NaN,NaN,0,0,0.223731994628906
A007,A,1,NaN,NaN,NaN,0,0,0.253308057785034
A007,A,NaN,0,1,NaN,NaN,0,NaN
A007,A,1,NaN,NaN,NaN,0,0,0.787446022033691
A007,A,1,NaN,NaN,NaN,0,0,0.6560959815979
A007,A,1,NaN,NaN,NaN,0,0,0.424784898757935
A007,A,1,NaN,NaN,NaN,0,0,0.330654859542847
A007,A,1,NaN,NaN,NaN,0,0,0.275461912155151
A007,A,1,NaN,NaN,NaN,0,0,0.31664514541626
A007,A,1,NaN,NaN,NaN,0,0,0.314944982528687
A007,A,NaN,0,1,NaN,NaN,0,NaN
A007,A,1,NaN,NaN,NaN,0,0,0.512344121932983
A007,A,1,NaN,NaN,NaN,0,0,0.352747917175293
A007,A,1,NaN,NaN,NaN,0,0,0.333413124084473
A007,A,1,NaN,NaN,NaN,0,0,0.430174112319946
A007,A,1,NaN,NaN,NaN,0,0,0.396640062332153
A007,A,1,NaN,NaN,NaN,0,0,0.265704870223999
A007,A,1,NaN,NaN,NaN,0,0,0.337350130081177
A007,A,1,NaN,NaN,NaN,0,0,0.358877897262573
A007,A,1,NaN,NaN,NaN,0,0,0.327822208404541
A007,A,1,NaN,NaN,NaN,0,0,0.329674959182739
A007,A,1,NaN,NaN,NaN,0,0,0.32046914100647
A007,A,1,NaN,NaN,NaN,0,0,0.331517934799194
A007,A,1,NaN,NaN,NaN,0,0,0.330067157745361
A007,A,1,NaN,NaN,NaN,0,0,0.296932935714722
A007,A,NaN,0,1,NaN,NaN,0,NaN
A007,A,1,NaN,NaN,NaN,0,0,0.366329908370972
A007,A,0,NaN,NaN,NaN,1,0,NaN
A007,A,NaN,1,0,NaN,NaN,0,NaN
A007,A,1,NaN,NaN,NaN,0,0,0.276356935501099
A007,A,1,NaN,NaN,NaN,0,0,0.292827844619751
A007,A,1,NaN,NaN,NaN,0,0,0.267705917358398
A007,A,1,NaN,NaN,NaN,0,0,0.312669992446899
A007,A,1,NaN,NaN,NaN,0,0,0.282070159912109
A007,A,1,NaN,NaN,NaN,0,0,0.290916919708252
A007,A,1,NaN,NaN,NaN,0,0,0.291992902755737
A007,A,1,NaN,NaN,NaN,0,0,0.350351095199585
A007,A,1,NaN,NaN,NaN,0,0,0.384121179580688
A007,A,1,NaN,NaN,NaN,0,0,0.20123291015625
A007,A,1,NaN,NaN,NaN,0,0,0.183815956115723
A007,A,1,NaN,NaN,NaN,0,0,0.150733947753906
A007,A,NaN,0,1,NaN,NaN,0,NaN
A007,A,0,NaN,NaN,NaN,1,0,NaN
A007,A,0,NaN,NaN,NaN,1,0,NaN
A007,A,1,NaN,NaN,NaN,0,0,0.204212188720703
A007,A,1,NaN,NaN,NaN,0,0,0.305716037750244
A007,A,1,NaN,NaN,NaN,0,0,0.326707124710083
A007,A,1,NaN,NaN,NaN,0,0,0.2186119556427
A007,A,1,NaN,NaN,NaN,0,0,NaN
A007,A,0,NaN,NaN,NaN,1,0,NaN
A007,A,1,NaN,NaN,NaN,0,0,0.382732152938843
A007,A,NaN,0,1,NaN,NaN,0,NaN
A007,A,1,NaN,NaN,NaN,0,0,0.260221004486084
A007,A,1,NaN,NaN,NaN,0,0,0.253149032592773
A007,A,1,NaN,NaN,NaN,0,0,0.246638774871826
A007,A,NaN,0,1,NaN,NaN,0,NaN
A007,A,1,NaN,NaN,NaN,0,0,0.226913928985596
A007,A,1,NaN,NaN,NaN,0,0,NaN
A007,A,1,NaN,NaN,NaN,0,0,NaN
A007,A,1,NaN,NaN,NaN,0,0,0.633842945098877
A007,A,1,NaN,NaN,NaN,0,0,0.377780914306641
A007,A,1,NaN,NaN,NaN,0,0,0.294816970825195
A007,A,1,NaN,NaN,NaN,0,0,0.280683040618896
A007,A,1,NaN,NaN,NaN,0,0,0.292165040969849
A007,A,1,NaN,NaN,NaN,0,0,0.254477977752686
A007,A,1,NaN,NaN,NaN,0,0,0.327166795730591
A007,A,1,NaN,NaN,NaN,0,0,0.360887050628662
A007,A,NaN,0,1,NaN,NaN,0,NaN
A007,A,1,NaN,NaN,NaN,0,0,0.257262945175171
A007,A,1,NaN,NaN,NaN,0,0,0.288522958755493
A007,A,1,NaN,NaN,NaN,0,0,0.255366802215576
A007,A,1,NaN,NaN,NaN,0,0,0.261704921722412
A007,A,1,NaN,NaN,NaN,0,0,0.316933870315552
A007,A,1,NaN,NaN,NaN,0,0,0.233304977416992
A007,A,1,NaN,NaN,NaN,0,0,0.28577995300293
A007,A,1,NaN,NaN,NaN,0,0,0.255643129348755
A007,A,1,NaN,NaN,NaN,0,0,0.272907018661499
A007,A,1,NaN,NaN,NaN,0,0,0.287030220031738
A007,A,1,NaN,NaN,NaN,0,0,0.284428119659424
A007,A,NaN,0,1,NaN,NaN,0,NaN
A007,A,1,NaN,NaN,NaN,0,0,NaN
A007,A,1,NaN,NaN,NaN,0,0,1.02360391616821
A007,A,0,NaN,NaN,NaN,1,0,NaN
A007,A,1,NaN,NaN,NaN,0,0,0.258810043334961
A007,A,1,NaN,NaN,NaN,0,0,NaN
A007,A,1,NaN,NaN,NaN,0,0,0.270582914352417
A007,A,1,NaN,NaN,NaN,0,0,0.3212890625
A007,A,NaN,0,1,NaN,NaN,0,NaN
A007,A,0,NaN,NaN,NaN,1,0,NaN
A007,A,0,NaN,NaN,NaN,1,0,NaN
A007,A,0,NaN,NaN,NaN,1,0,NaN
A007,A,1,NaN,NaN,NaN,0,0,1.12962222099304
A007,A,0,NaN,NaN,NaN,1,0,NaN
A007,A,NaN,0,1,NaN,NaN,0,NaN
A007,A,1,NaN,NaN,NaN,0,0,0.785234928131104
A007,A,1,NaN,NaN,NaN,0,0,0.541316986083984
A007,A,1,NaN,NaN,NaN,0,0,0.301239013671875
A007,A,1,NaN,NaN,NaN,0,0,0.317039966583252
A007,A,1,NaN,NaN,NaN,0,0,0.355070829391479
A007,A,1,NaN,NaN,NaN,0,0,0.326755046844482
A007,A,1,NaN,NaN,NaN,0,0,0.249089002609253
A007,A,NaN,0,1,NaN,NaN,0,NaN
A007,A,1,NaN,NaN,NaN,0,0,0.533123970031738
A007,A,1,NaN,NaN,NaN,0,0,0.359349966049194
A007,A,1,NaN,NaN,NaN,0,0,0.301959991455078
A007,A,0,NaN,NaN,NaN,1,0,NaN
A007,A,1,NaN,NaN,NaN,0,0,0.183146953582764
A007,A,1,NaN,NaN,NaN,0,0,0.28595495223999
A007,A,1,NaN,NaN,NaN,0,0,0.280556917190552
A007,A,1,NaN,NaN,NaN,0,0,0.31005597114563
A007,A,NaN,0,1,NaN,NaN,0,NaN
A007,A,1,NaN,NaN,NaN,0,0,0.178866147994995
A007,A,0,NaN,NaN,NaN,1,0,NaN
A007,A,0,NaN,NaN,NaN,1,0,NaN
A007,A,0,NaN,NaN,NaN,1,0,NaN
A007,A,1,NaN,NaN,NaN,0,0,NaN
A007,A,1,NaN,NaN,NaN,0,0,0.566614151000977
A007,A,1,NaN,NaN,NaN,0,0,0.402857065200806
A007,A,NaN,0,1,NaN,NaN,0,NaN
A007,A,1,NaN,NaN,NaN,0,0,0.407398223876953
A007,A,1,NaN,NaN,NaN,0,0,0.294849157333374
A007,A,1,NaN,NaN,NaN,0,0,0.262826204299927
A007,A,1,NaN,NaN,NaN,0,0,0.353768825531006
A007,A,1,NaN,NaN,NaN,0,0,0.343770980834961
A007,A,1,NaN,NaN,NaN,0,0,0.317358016967773
A007,A,1,NaN,NaN,NaN,0,0,0.300503015518188
A007,A,1,NaN,NaN,NaN,0,0,0.430461168289185
A007,A,1,NaN,NaN,NaN,0,0,0.436641931533813
A007,A,1,NaN,NaN,NaN,0,0,0.549596786499023
A007,A,1,NaN,NaN,NaN,0,0,0.378774881362915
A007,A,1,NaN,NaN,NaN,0,0,0.379979133605957
A007,A,1,NaN,NaN,NaN,0,0,0.419661998748779
A007,A,1,NaN,NaN,NaN,0,0,0.450186967849731
A007,A,NaN,1,0,NaN,NaN,0,NaN
A007,A,1,NaN,NaN,NaN,0,0,0.29272198677063
A007,A,1,NaN,NaN,NaN,0,0,0.308533906936646
A007,A,1,NaN,NaN,NaN,0,0,0.316006898880005
A007,A,1,NaN,NaN,NaN,0,0,0.366113185882568
A007,A,1,NaN,NaN,NaN,0,0,0.36661696434021
A007,A,1,NaN,NaN,NaN,0,0,0.322083950042725
A007,A,1,NaN,NaN,NaN,0,0,0.480161905288696
A007,A,NaN,0,1,NaN,NaN,0,NaN
A007,A,1,NaN,NaN,NaN,0,0,0.320641994476318
A007,A,1,NaN,NaN,NaN,0,0,0.282581090927124
A007,A,1,NaN,NaN,NaN,0,0,0.275729894638062
A007,A,1,NaN,NaN,NaN,0,0,0.288662910461426
A007,A,1,NaN,NaN,NaN,0,0,0.377583980560303
A007,A,1,NaN,NaN,NaN,0,0,0.390053987503052
A007,A,1,NaN,NaN,NaN,0,0,0.353245973587036
A007,A,NaN,1,0,NaN,NaN,0,NaN
A007,A,1,NaN,NaN,NaN,0,0,0.346029043197632
A007,A,1,NaN,NaN,NaN,0,0,0.25656795501709
A007,A,1,NaN,NaN,NaN,0,0,0.15699291229248
A007,A,1,NaN,NaN,NaN,0,0,NaN
A007,A,NaN,0,1,NaN,NaN,0,NaN
A007,A,1,NaN,NaN,NaN,0,0,0.424124956130981
A007,A,1,NaN,NaN,NaN,0,0,0.342149972915649
A007,A,1,NaN,NaN,NaN,0,0,0.167731046676636
A007,A,1,NaN,NaN,NaN,0,0,0.22917103767395
A007,A,1,NaN,NaN,NaN,0,0,0.31837797164917
A007,A,1,NaN,NaN,NaN,0,0,0.2623610496521
A007,A,1,NaN,NaN,NaN,0,0,0.407604217529297
A007,A,1,NaN,NaN,NaN,0,0,0.327025890350342
A007,A,1,NaN,NaN,NaN,0,0,0.317896842956543
A007,A,1,NaN,NaN,NaN,0,0,1.20615696907043
A007,A,NaN,1,0,NaN,NaN,0,NaN
A007,A,1,NaN,NaN,NaN,0,0,0.215914011001587
A007,A,1,NaN,NaN,NaN,0,0,0.305670022964478
A007,A,1,NaN,NaN,NaN,0,0,0.221707105636597
A007,A,0,NaN,NaN,NaN,1,0,NaN
A007,A,1,NaN,NaN,NaN,0,0,0.786540985107422
A007,A,1,NaN,NaN,NaN,0,0,0.241317987442017
A007,A,1,NaN,NaN,NaN,0,0,0.196964025497437
A007,A,1,NaN,NaN,NaN,0,0,0.342166900634766
A007,A,1,NaN,NaN,NaN,0,0,0.155285120010376
A007,A,1,NaN,NaN,NaN,0,0,0.916087865829468
A007,A,1,NaN,NaN,NaN,0,0,0.607148170471191
A007,A,1,NaN,NaN,NaN,0,0,0.490578889846802
A007,A,NaN,0,1,NaN,NaN,0,NaN
A007,A,1,NaN,NaN,NaN,0,0,0.225114107131958
A007,A,1,NaN,NaN,NaN,0,0,0.298465013504028
A007,A,1,NaN,NaN,NaN,0,0,0.939120054244995
A007,A,1,NaN,NaN,NaN,0,0,0.547905921936035
A007,A,1,NaN,NaN,NaN,0,0,0.29212498664856
A007,A,1,NaN,NaN,NaN,0,0,0.279637813568115
A007,A,NaN,0,1,NaN,NaN,0,NaN
A007,A,1,NaN,NaN,NaN,0,0,0.650152921676636
A007,A,1,NaN,NaN,NaN,0,0,0.319410085678101
A007,A,1,NaN,NaN,NaN,0,0,0.266717195510864
A007,A,1,NaN,NaN,NaN,0,0,0.355835199356079
A007,A,1,NaN,NaN,NaN,0,0,0.346274852752686
A007,A,1,NaN,NaN,NaN,0,0,0.367002010345459
A007,A,1,NaN,NaN,NaN,0,0,0.339956998825073
A007,A,1,NaN,NaN,NaN,0,0,0.317638874053955
A007,A,NaN,0,1,NaN,NaN,0,NaN
A007,A,1,NaN,NaN,NaN,0,0,0.499937057495117
A007,A,1,NaN,NaN,NaN,0,0,0.399472951889038
A007,A,1,NaN,NaN,NaN,0,0,0.309604167938232
A007,A,1,NaN,NaN,NaN,0,0,0.298606872558594
A007,A,1,NaN,NaN,NaN,0,0,0.263208150863647
A007,A,1,NaN,NaN,NaN,0,0,0.206600904464722
A007,A,1,NaN,NaN,NaN,0,0,0.311294078826904
A007,A,NaN,0,1,NaN,NaN,0,NaN
A007,A,1,NaN,NaN,NaN,0,0,0.499359846115112
A007,A,1,NaN,NaN,NaN,0,0,0.264404058456421
A007,A,1,NaN,NaN,NaN,0,0,NaN
A007,A,0,NaN,NaN,NaN,1,0,NaN
A007,A,1,NaN,NaN,NaN,0,0,NaN
A007,A,1,NaN,NaN,NaN,0,0,NaN
A007,A,NaN,0,1,NaN,NaN,0,NaN
A007,A,1,NaN,NaN,NaN,0,0,0.165011882781982
A007,A,1,NaN,NaN,NaN,0,0,0.458237886428833
A007,A,1,NaN,NaN,NaN,0,0,0.427005052566528
A007,A,1,NaN,NaN,NaN,0,0,0.291844129562378
A007,A,1,NaN,NaN,NaN,0,0,0.41021203994751
A007,A,1,NaN,NaN,NaN,0,0,0.223126888275146
A007,A,1,NaN,NaN,NaN,0,0,0.252640008926392
A007,A,1,NaN,NaN,NaN,0,0,0.302348136901855
A007,A,NaN,0,1,NaN,NaN,0,NaN
A007,A,1,NaN,NaN,NaN,0,0,0.506963968276978
A007,A,1,NaN,NaN,NaN,0,0,0.27061915397644
A007,A,1,NaN,NaN,NaN,0,0,0.356048822402954
A007,A,1,NaN,NaN,NaN,0,0,0.220231056213379
A007,A,1,NaN,NaN,NaN,0,0,0.284965991973877
A007,A,1,NaN,NaN,NaN,0,0,0.450073003768921
A007,A,1,NaN,NaN,NaN,0,0,0.338901042938232
A007,A,NaN,0,1,NaN,NaN,0,NaN
A007,A,1,NaN,NaN,NaN,0,0,1.18468999862671
A007,A,0,NaN,NaN,NaN,1,0,NaN
A007,A,1,NaN,NaN,NaN,0,0,NaN
A007,A,1,NaN,NaN,NaN,0,0,0.297725915908813
A007,A,1,NaN,NaN,NaN,0,0,0.386512041091919
A007,A,1,NaN,NaN,NaN,0,0,0.6790611743927
A007,A,1,NaN,NaN,NaN,0,0,0.427645921707153
A007,A,1,NaN,NaN,NaN,0,0,0.381479978561401
A007,A,1,NaN,NaN,NaN,0,0,0.309988021850586
A007,A,1,NaN,NaN,NaN,0,0,1.02465605735779
A007,A,NaN,1,0,NaN,NaN,0,NaN
A007,A,1,NaN,NaN,NaN,0,0,0.235634803771973
A007,A,1,NaN,NaN,NaN,0,0,0.299151182174683
A007,A,1,NaN,NaN,NaN,0,0,0.333215951919556
A007,A,1,NaN,NaN,NaN,0,0,0.351460933685303
A007,A,1,NaN,NaN,NaN,0,0,0.331221103668213
A007,A,1,NaN,NaN,NaN,0,0,0.3541100025177
A007,A,NaN,0,1,NaN,NaN,0,NaN
A007,A,1,NaN,NaN,NaN,0,0,0.369412899017334
A007,A,1,NaN,NaN,NaN,0,0,0.323578119277954
A007,A,1,NaN,NaN,NaN,0,0,0.305124998092651
A007,A,1,NaN,NaN,NaN,0,0,0.281121015548706
A007,A,1,NaN,NaN,NaN,0,0,0.291961908340454
A007,A,1,NaN,NaN,NaN,0,0,0.294663906097412
A007,A,1,NaN,NaN,NaN,0,0,0.368595123291016
A007,A,1,NaN,NaN,NaN,0,0,0.349093914031982
A007,A,1,NaN,NaN,NaN,0,0,0.267009019851685
A007,A,NaN,0,1,NaN,NaN,0,NaN
A007,A,1,NaN,NaN,NaN,0,0,0.292134046554565
A007,A,1,NaN,NaN,NaN,0,0,0.267244815826416
A007,A,1,NaN,NaN,NaN,0,0,0.322296142578125
A007,A,1,NaN,NaN,NaN,0,0,0.317561864852905
A007,A,1,NaN,NaN,NaN,0,0,0.338594913482666
A007,A,1,NaN,NaN,NaN,0,0,0.377570867538452
A007,A,1,NaN,NaN,NaN,0,0,0.363797187805176
A007,A,1,NaN,NaN,NaN,0,0,0.298727989196777
A007,A,1,NaN,NaN,NaN,0,0,0.3069908618927
A007,A,1,NaN,NaN,NaN,0,0,0.360736846923828
A007,A,1,NaN,NaN,NaN,0,0,0.397991895675659
A007,A,1,NaN,NaN,NaN,0,0,0.370388984680176
A007,A,1,NaN,NaN,NaN,0,0,0.390887022018433
A007,A,NaN,1,0,NaN,NaN,0,NaN
A007,A,1,NaN,NaN,NaN,0,0,0.224955081939697
A007,A,1,NaN,NaN,NaN,0,0,0.274151086807251
A007,A,1,NaN,NaN,NaN,0,0,0.319537162780762
A007,A,NaN,0,1,NaN,NaN,0,NaN
A007,A,1,NaN,NaN,NaN,0,0,0.295811891555786
A007,A,1,NaN,NaN,NaN,0,0,0.281955003738403
A007,A,1,NaN,NaN,NaN,0,0,0.270603895187378
A007,A,1,NaN,NaN,NaN,0,0,0.293357849121094
A007,A,1,NaN,NaN,NaN,0,0,0.281986951828003
A007,A,1,NaN,NaN,NaN,0,0,0.31692099571228
A007,A,1,NaN,NaN,NaN,0,0,0.311847925186157
A007,A,1,NaN,NaN,NaN,0,0,0.317416191101074
A007,A,1,NaN,NaN,NaN,0,0,0.275738954544067
A007,A,1,NaN,NaN,NaN,0,0,0.368408203125
A007,A,NaN,0,1,NaN,NaN,0,NaN
A007,A,1,NaN,NaN,NaN,0,0,NaN
A007,A,1,NaN,NaN,NaN,0,0,NaN
A007,A,1,NaN,NaN,NaN,0,0,0.216447114944458
A007,A,1,NaN,NaN,NaN,0,0,0.154798984527588
A007,A,1,NaN,NaN,NaN,0,0,0.302723169326782
A007,A,1,NaN,NaN,NaN,0,0,0.285065889358521
A007,A,NaN,0,1,NaN,NaN,0,NaN
A007,A,1,NaN,NaN,NaN,0,0,0.272854804992676
A007,A,1,NaN,NaN,NaN,0,0,0.174621820449829
A007,A,1,NaN,NaN,NaN,0,0,NaN
A007,A,1,NaN,NaN,NaN,0,0,0.268373012542725
A007,A,1,NaN,NaN,NaN,0,0,0.294992923736572
A007,A,1,NaN,NaN,NaN,0,0,0.368921995162964
A007,A,1,NaN,NaN,NaN,0,0,0.325472116470337
A007,A,1,NaN,NaN,NaN,0,0,0.294087171554565
A007,A,NaN,0,1,NaN,NaN,0,NaN
A007,A,1,NaN,NaN,NaN,0,0,NaN
A007,A,1,NaN,NaN,NaN,0,0,NaN
A007,A,1,NaN,NaN,NaN,0,0,NaN
A007,A,1,NaN,NaN,NaN,0,0,NaN
A007,A,1,NaN,NaN,NaN,0,0,NaN
A007,A,1,NaN,NaN,NaN,0,0,0.162377834320068
A007,A,1,NaN,NaN,NaN,0,0,NaN
A007,A,1,NaN,NaN,NaN,0,0,NaN
A007,A,0,NaN,NaN,NaN,1,0,NaN
A007,A,1,NaN,NaN,NaN,0,0,NaN
A007,A,NaN,0,1,NaN,NaN,0,NaN
A007,A,1,NaN,NaN,NaN,0,0,0.19005298614502
A007,A,1,NaN,NaN,NaN,0,0,0.245565891265869
A007,A,1,NaN,NaN,NaN,0,0,0.249262094497681
A007,A,1,NaN,NaN,NaN,0,0,0.354630947113037
A007,A,1,NaN,NaN,NaN,0,0,0.275903940200806
A007,A,1,NaN,NaN,NaN,0,0,0.256019115447998
A007,A,1,NaN,NaN,NaN,0,0,0.215262889862061
A007,A,1,NaN,NaN,NaN,0,0,0.290020942687988
A007,A,1,NaN,NaN,NaN,0,0,0.210762977600098
A007,A,1,NaN,NaN,NaN,0,0,0.328427791595459
A007,A,NaN,0,1,NaN,NaN,0,NaN
A007,A,1,NaN,NaN,NaN,0,0,0.323144912719727
A007,A,1,NaN,NaN,NaN,0,0,0.367807149887085
A007,A,1,NaN,NaN,NaN,0,0,0.338464021682739
A007,A,NaN,0,1,NaN,NaN,0,NaN
A007,A,1,NaN,NaN,NaN,0,0,0.312589883804321
A007,A,1,NaN,NaN,NaN,0,0,0.295074939727783
A007,A,1,NaN,NaN,NaN,0,0,0.292929172515869
A007,A,1,NaN,NaN,NaN,0,0,0.284559965133667
A007,A,1,NaN,NaN,NaN,0,0,0.267153024673462
A007,A,1,NaN,NaN,NaN,0,0,0.286246061325073
A007,A,1,NaN,NaN,NaN,0,0,0.258203029632568
A007,A,1,NaN,NaN,NaN,0,0,0.315039873123169
A007,A,1,NaN,NaN,NaN,0,0,0.253987073898315
A007,A,1,NaN,NaN,NaN,0,0,NaN
A007,A,NaN,0,1,NaN,NaN,0,NaN
A007,A,1,NaN,NaN,NaN,0,0,0.200947999954224
A007,A,1,NaN,NaN,NaN,0,0,0.165635108947754
A007,A,1,NaN,NaN,NaN,0,0,0.285887956619263
A007,A,1,NaN,NaN,NaN,0,0,0.322271108627319
