SubID,Group,BlockN,nTrial,GoTrials,NoGoTrials,FA,Misses,RT
A031,A,1,1,1,NaN,NaN,0,0.469172954559326
A031,A,1,2,NaN,1,0,NaN,NaN
A031,A,1,3,1,NaN,NaN,0,0.34393310546875
A031,A,1,4,1,NaN,NaN,0,0.287776947021484
A031,A,1,5,1,NaN,NaN,0,0.322060108184814
A031,A,1,6,1,NaN,NaN,0,0.326371908187866
A031,A,1,7,1,NaN,NaN,0,0.323460102081299
A031,A,1,8,1,NaN,NaN,0,0.392040967941284
A031,A,1,9,1,NaN,NaN,0,0.313081979751587
A031,A,1,10,1,NaN,NaN,0,0.281159162521362
A031,A,1,11,1,NaN,NaN,0,0.266489028930664
A031,A,1,12,1,NaN,NaN,0,0.34765887260437
A031,A,1,13,1,NaN,NaN,0,0.439172029495239
A031,A,1,14,1,NaN,NaN,0,0.445121049880981
A031,A,1,15,1,NaN,NaN,0,0.347217798233032
A031,A,1,16,NaN,1,0,NaN,NaN
A031,A,1,17,1,NaN,NaN,0,0.276431083679199
A031,A,1,18,1,NaN,NaN,0,0.301573991775513
A031,A,1,19,1,NaN,NaN,0,0.28622579574585
A031,A,1,20,1,NaN,NaN,0,0.288129806518555
A031,A,1,21,1,NaN,NaN,0,0.27865195274353
A031,A,1,22,1,NaN,NaN,0,0.273091077804565
A031,A,1,23,1,NaN,NaN,0,0.308737993240356
A031,A,1,24,1,NaN,NaN,0,0.249372959136963
A031,A,1,25,1,NaN,NaN,0,0.255423784255981
A031,A,1,26,NaN,1,0,NaN,NaN
A031,A,1,27,1,NaN,NaN,0,0.547060966491699
A031,A,1,28,1,NaN,NaN,0,0.328161954879761
A031,A,1,29,1,NaN,NaN,0,0.331979990005493
A031,A,1,30,1,NaN,NaN,0,0.279966115951538
A031,A,1,31,1,NaN,NaN,0,0.365563869476318
A031,A,1,32,NaN,1,0,NaN,NaN
A031,A,1,33,1,NaN,NaN,0,0.412221908569336
A031,A,1,34,1,NaN,NaN,0,0.345966100692749
A031,A,1,35,0,NaN,NaN,1,NaN
A031,A,1,36,1,NaN,NaN,0,NaN
A031,A,1,37,1,NaN,NaN,0,0.392343997955322
A031,A,1,38,1,NaN,NaN,0,0.34850001335144
A031,A,1,39,1,NaN,NaN,0,0.343625068664551
A031,A,1,40,1,NaN,NaN,0,0.348290920257568
A031,A,1,41,1,NaN,NaN,0,0.33577299118042
A031,A,1,42,1,NaN,NaN,0,0.317836046218872
A031,A,1,43,1,NaN,NaN,0,0.350178003311157
A031,A,1,44,NaN,1,0,NaN,NaN
A031,A,1,45,1,NaN,NaN,0,0.640566825866699
A031,A,1,46,1,NaN,NaN,0,0.385056018829346
A031,A,1,47,1,NaN,NaN,0,0.298187971115112
A031,A,1,48,1,NaN,NaN,0,0.30820107460022
A031,A,1,49,1,NaN,NaN,0,0.281054973602295
A031,A,1,50,NaN,1,0,NaN,NaN
A031,A,1,51,1,NaN,NaN,0,0.261096954345703
A031,A,1,52,1,NaN,NaN,0,0.276126146316528
A031,A,1,53,1,NaN,NaN,0,0.260211944580078
A031,A,1,54,1,NaN,NaN,0,0.330272912979126
A031,A,1,55,1,NaN,NaN,0,0.311415195465088
A031,A,1,56,1,NaN,NaN,0,0.332678079605103
A031,A,1,57,1,NaN,NaN,0,0.334126949310303
A031,A,1,58,1,NaN,NaN,0,0.295455932617188
A031,A,1,59,1,NaN,NaN,0,0.300670146942139
A031,A,1,60,1,NaN,NaN,0,0.314234018325806
A031,A,1,61,NaN,1,0,NaN,NaN
A031,A,1,62,1,NaN,NaN,0,0.342193126678467
A031,A,1,63,1,NaN,NaN,0,0.287446975708008
A031,A,1,64,1,NaN,NaN,0,0.191552877426147
A031,A,1,65,1,NaN,NaN,0,0.440004110336304
A031,A,1,66,NaN,1,0,NaN,NaN
A031,A,1,67,1,NaN,NaN,0,0.363506078720093
A031,A,1,68,1,NaN,NaN,0,0.400851011276245
A031,A,1,69,1,NaN,NaN,0,0.407313108444214
A031,A,1,70,1,NaN,NaN,0,0.393615961074829
A031,A,1,71,1,NaN,NaN,0,0.449074029922485
A031,A,1,72,1,NaN,NaN,0,0.434836864471436
A031,A,1,73,1,NaN,NaN,0,0.383323907852173
A031,A,1,74,1,NaN,NaN,0,0.288390874862671
A031,A,1,75,NaN,1,0,NaN,NaN
A031,A,1,76,1,NaN,NaN,0,0.293773174285889
A031,A,1,77,1,NaN,NaN,0,0.26174783706665
A031,A,1,78,1,NaN,NaN,0,0.22158408164978
A031,A,1,79,1,NaN,NaN,0,0.190828084945679
A031,A,1,80,1,NaN,NaN,0,0.235079050064087
A031,A,1,81,1,NaN,NaN,0,0.31714391708374
A031,A,1,82,1,NaN,NaN,0,0.343818187713623
A031,A,1,83,1,NaN,NaN,0,0.33908486366272
A031,A,1,84,1,NaN,NaN,0,0.379752159118652
A031,A,1,85,1,NaN,NaN,0,0.399343967437744
A031,A,1,86,NaN,1,0,NaN,NaN
A031,A,1,87,1,NaN,NaN,0,0.290463924407959
A031,A,1,88,1,NaN,NaN,0,0.307008981704712
A031,A,1,89,1,NaN,NaN,0,0.252959012985229
A031,A,1,90,1,NaN,NaN,0,0.355742931365967
A031,A,1,91,1,NaN,NaN,0,0.303838014602661
A031,A,1,92,1,NaN,NaN,0,0.336128950119019
A031,A,1,93,1,NaN,NaN,0,0.317306995391846
A031,A,1,94,1,NaN,NaN,0,0.397453784942627
A031,A,1,95,1,NaN,NaN,0,0.293230056762695
A031,A,1,96,1,NaN,NaN,0,0.335680961608887
A031,A,1,97,1,NaN,NaN,0,0.443031787872314
A031,A,1,98,NaN,1,0,NaN,NaN
A031,A,1,99,1,NaN,NaN,0,0.322527885437012
A031,A,1,100,1,NaN,NaN,0,0.433175086975098
A031,A,1,101,1,NaN,NaN,0,0.34367299079895
A031,A,1,102,1,NaN,NaN,0,0.289777040481567
A031,A,1,103,1,NaN,NaN,0,0.333011865615845
A031,A,1,104,1,NaN,NaN,0,0.24622106552124
A031,A,1,105,1,NaN,NaN,0,0.226254940032959
A031,A,1,106,NaN,0,1,NaN,NaN
A031,A,1,107,1,NaN,NaN,0,0.420981884002686
A031,A,1,108,1,NaN,NaN,0,0.287942886352539
A031,A,1,109,1,NaN,NaN,0,0.300693035125732
A031,A,1,110,1,NaN,NaN,0,0.309953927993774
A031,A,1,111,1,NaN,NaN,0,0.332273006439209
A031,A,1,112,NaN,1,0,NaN,NaN
A031,A,1,113,1,NaN,NaN,0,0.275547981262207
A031,A,1,114,1,NaN,NaN,0,0.259079217910767
A031,A,1,115,1,NaN,NaN,0,0.290464878082275
A031,A,1,116,1,NaN,NaN,0,0.297327041625977
A031,A,1,117,1,NaN,NaN,0,0.2464280128479
A031,A,1,118,1,NaN,NaN,0,0.297882080078125
A031,A,1,119,1,NaN,NaN,0,0.330441951751709
A031,A,1,120,1,NaN,NaN,0,0.336887121200562
A031,A,1,121,1,NaN,NaN,0,0.315543174743652
A031,A,1,122,1,NaN,NaN,0,0.348356962203979
A031,A,1,123,NaN,1,0,NaN,NaN
A031,A,1,124,1,NaN,NaN,0,0.315896034240723
A031,A,1,125,1,NaN,NaN,0,0.333127021789551
A031,A,1,126,1,NaN,NaN,0,0.28505802154541
A031,A,1,127,1,NaN,NaN,0,0.327355146408081
A031,A,1,128,1,NaN,NaN,0,0.353783845901489
A031,A,1,129,NaN,1,0,NaN,NaN
A031,A,1,130,1,NaN,NaN,0,0.287260055541992
A031,A,1,131,1,NaN,NaN,0,0.424459218978882
A031,A,1,132,1,NaN,NaN,0,0.313960790634155
A031,A,1,133,1,NaN,NaN,0,0.345946073532104
A031,A,1,134,1,NaN,NaN,0,0.352842807769775
A031,A,1,135,1,NaN,NaN,0,0.300571918487549
A031,A,1,136,1,NaN,NaN,0,0.437566995620728
A031,A,1,137,1,NaN,NaN,0,0.56295108795166
A031,A,1,138,1,NaN,NaN,0,0.381082057952881
A031,A,1,139,1,NaN,NaN,0,0.326673984527588
A031,A,1,140,1,NaN,NaN,0,0.351655006408691
A031,A,1,141,NaN,0,1,NaN,NaN
A031,A,1,142,1,NaN,NaN,0,0.310912132263184
A031,A,1,143,1,NaN,NaN,0,0.338953018188477
A031,A,1,144,1,NaN,NaN,0,0.376034021377563
A031,A,1,145,1,NaN,NaN,0,0.311464071273804
A031,A,1,146,1,NaN,NaN,0,0.344748020172119
A031,A,1,147,1,NaN,NaN,0,0.308912992477417
A031,A,1,148,1,NaN,NaN,0,0.301079034805298
A031,A,1,149,1,NaN,NaN,0,0.290280818939209
A031,A,1,150,1,NaN,NaN,0,0.342211008071899
A031,A,1,151,1,NaN,NaN,0,0.366087913513184
A031,A,1,152,NaN,1,0,NaN,NaN
A031,A,1,153,1,NaN,NaN,0,0.276417016983032
A031,A,1,154,1,NaN,NaN,0,0.345153093338013
A031,A,1,155,1,NaN,NaN,0,0.45470404624939
A031,A,1,156,1,NaN,NaN,0,0.427304029464722
A031,A,1,157,1,NaN,NaN,0,0.284020900726318
A031,A,1,158,NaN,0,1,NaN,NaN
A031,A,1,159,1,NaN,NaN,0,0.495553970336914
A031,A,1,160,1,NaN,NaN,0,0.502537965774536
A031,A,1,161,1,NaN,NaN,0,0.390647172927856
A031,A,1,162,1,NaN,NaN,0,0.293973922729492
A031,A,1,163,1,NaN,NaN,0,0.269948959350586
A031,A,1,164,1,NaN,NaN,0,0.266491889953613
A031,A,1,165,1,NaN,NaN,0,0.260751962661743
A031,A,1,166,1,NaN,NaN,0,0.349522113800049
A031,A,1,167,1,NaN,NaN,0,0.299277067184448
A031,A,1,168,NaN,1,0,NaN,NaN
A031,A,1,169,1,NaN,NaN,0,0.265695810317993
A031,A,1,170,1,NaN,NaN,0,0.237272977828979
A031,A,1,171,1,NaN,NaN,0,0.323281049728394
A031,A,1,172,1,NaN,NaN,0,0.299472093582153
A031,A,1,173,1,NaN,NaN,0,0.289608955383301
A031,A,1,174,NaN,1,0,NaN,NaN
A031,A,1,175,1,NaN,NaN,0,0.255908012390137
A031,A,1,176,1,NaN,NaN,0,0.279867172241211
A031,A,1,177,1,NaN,NaN,0,0.305341005325317
A031,A,1,178,1,NaN,NaN,0,0.589061975479126
A031,A,1,179,1,NaN,NaN,0,0.44913911819458
A031,A,1,180,1,NaN,NaN,0,0.32569694519043
A031,A,1,181,1,NaN,NaN,0,0.271190881729126
A031,A,1,182,NaN,0,1,NaN,NaN
A031,A,1,183,1,NaN,NaN,0,0.354091167449951
A031,A,1,184,1,NaN,NaN,0,0.403393983840942
A031,A,1,185,1,NaN,NaN,0,0.337317943572998
A031,A,1,186,1,NaN,NaN,0,0.40722393989563
A031,A,1,187,1,NaN,NaN,0,0.535923004150391
A031,A,1,188,1,NaN,NaN,0,0.265340089797974
A031,A,1,189,1,NaN,NaN,0,0.270800113677979
A031,A,1,190,1,NaN,NaN,0,0.23194694519043
A031,A,1,191,1,NaN,NaN,0,0.244956970214844
A031,A,1,192,1,NaN,NaN,0,0.266777992248535
A031,A,1,193,NaN,1,0,NaN,NaN
A031,A,1,194,1,NaN,NaN,0,0.270918130874634
A031,A,1,195,1,NaN,NaN,0,0.282722949981689
A031,A,1,196,1,NaN,NaN,0,0.371641874313354
A031,A,1,197,1,NaN,NaN,0,0.36057710647583
A031,A,1,198,1,NaN,NaN,0,0.51053786277771
A031,A,1,199,1,NaN,NaN,0,0.31837797164917
A031,A,1,200,1,NaN,NaN,0,0.485588073730469
A031,A,1,201,1,NaN,NaN,0,0.466329097747803
A031,A,1,202,1,NaN,NaN,0,0.485572814941406
A031,A,1,203,1,NaN,NaN,0,0.604262113571167
A031,A,1,204,1,NaN,NaN,0,0.565760135650635
A031,A,1,205,1,NaN,NaN,0,0.555145978927612
A031,A,1,206,NaN,1,0,NaN,NaN
A031,A,1,207,1,NaN,NaN,0,0.249382019042969
A031,A,1,208,1,NaN,NaN,0,0.314141988754272
A031,A,1,209,1,NaN,NaN,0,0.335288047790527
A031,A,1,210,1,NaN,NaN,0,0.267476797103882
A031,A,1,211,NaN,0,1,NaN,NaN
A031,A,1,212,1,NaN,NaN,0,0.267820119857788
A031,A,1,213,1,NaN,NaN,0,0.238720178604126
A031,A,1,214,1,NaN,NaN,0,0.273372173309326
A031,A,1,215,1,NaN,NaN,0,0.328801870346069
A031,A,1,216,1,NaN,NaN,0,0.350511074066162
A031,A,1,217,1,NaN,NaN,0,0.428014993667603
A031,A,1,218,1,NaN,NaN,0,0.313792943954468
A031,A,1,219,1,NaN,NaN,0,0.353094100952148
A031,A,1,220,1,NaN,NaN,0,0.323641061782837
A031,A,1,221,1,NaN,NaN,0,0.275568962097168
A031,A,1,222,1,NaN,NaN,0,0.281916856765747
A031,A,1,223,1,NaN,NaN,0,0.281769037246704
A031,A,1,224,NaN,0,1,NaN,NaN
A031,A,1,225,1,NaN,NaN,0,0.463640928268433
A031,A,1,226,1,NaN,NaN,0,0.351852178573608
A031,A,1,227,1,NaN,NaN,0,0.331086874008179
A031,A,1,228,1,NaN,NaN,0,0.320005893707275
A031,A,1,229,NaN,1,0,NaN,NaN
A031,A,1,230,1,NaN,NaN,0,0.328397989273071
A031,A,1,231,1,NaN,NaN,0,0.327111959457397
A031,A,1,232,1,NaN,NaN,0,0.350844144821167
A031,A,1,233,1,NaN,NaN,0,0.385089159011841
A031,A,1,234,1,NaN,NaN,0,0.312999963760376
A031,A,1,235,1,NaN,NaN,0,0.298736095428467
A031,A,1,236,NaN,1,0,NaN,NaN
A031,A,1,237,1,NaN,NaN,0,0.286571979522705
A031,A,1,238,1,NaN,NaN,0,0.27630615234375
A031,A,1,239,1,NaN,NaN,0,0.252408981323242
A031,A,1,240,1,NaN,NaN,0,0.257838010787964
A031,A,1,241,1,NaN,NaN,0,0.293040990829468
A031,A,1,242,1,NaN,NaN,0,0.314615964889526
A031,A,1,243,1,NaN,NaN,0,0.372406005859375
A031,A,1,244,1,NaN,NaN,0,0.549015998840332
A031,A,1,245,1,NaN,NaN,0,0.470440149307251
A031,A,1,246,1,NaN,NaN,0,0.54696798324585
A031,A,1,247,1,NaN,NaN,0,0.532080888748169
A031,A,1,248,1,NaN,NaN,0,0.486349105834961
A031,A,1,249,NaN,1,0,NaN,NaN
A031,A,1,250,1,NaN,NaN,0,0.265727996826172
A031,A,1,251,1,NaN,NaN,0,0.294920921325684
A031,A,1,252,1,NaN,NaN,0,0.291232109069824
A031,A,1,253,1,NaN,NaN,0,0.266373872756958
A031,A,1,254,NaN,0,1,NaN,NaN
A031,A,1,255,1,NaN,NaN,0,0.433612108230591
A031,A,1,256,1,NaN,NaN,0,0.446534872055054
A031,A,1,257,1,NaN,NaN,0,0.364771127700806
A031,A,1,258,1,NaN,NaN,0,0.307866096496582
A031,A,1,259,1,NaN,NaN,0,0.32285213470459
A031,A,1,260,1,NaN,NaN,0,0.259920835494995
A031,A,1,261,1,NaN,NaN,0,0.268383026123047
A031,A,1,262,1,NaN,NaN,0,0.324660062789917
A031,A,1,263,1,NaN,NaN,0,0.353708028793335
A031,A,1,264,1,NaN,NaN,0,0.348507881164551
A031,A,1,265,1,NaN,NaN,0,0.245467185974121
A031,A,1,266,1,NaN,NaN,0,0.290809154510498
A031,A,1,267,NaN,0,1,NaN,NaN
A031,A,1,268,1,NaN,NaN,0,0.332360029220581
A031,A,1,269,1,NaN,NaN,0,0.313019037246704
A031,A,1,270,1,NaN,NaN,0,0.260962963104248
A031,A,1,271,1,NaN,NaN,0,0.342878818511963
A031,A,1,272,1,NaN,NaN,0,0.383419990539551
A031,A,1,273,1,NaN,NaN,0,0.284146070480347
A031,A,1,274,1,NaN,NaN,0,0.38648796081543
A031,A,1,275,NaN,1,0,NaN,NaN
A031,A,1,276,1,NaN,NaN,0,0.283593893051147
A031,A,1,277,1,NaN,NaN,0,0.279794931411743
A031,A,1,278,1,NaN,NaN,0,0.304989099502563
A031,A,1,279,1,NaN,NaN,0,0.315304040908813
A031,A,1,280,1,NaN,NaN,0,0.360002040863037
A031,A,1,281,NaN,1,0,NaN,NaN
A031,A,1,282,1,NaN,NaN,0,0.294938087463379
A031,A,1,283,1,NaN,NaN,0,0.250319957733154
A031,A,1,284,1,NaN,NaN,0,0.332626104354858
A031,A,1,285,1,NaN,NaN,0,0.269093036651611
A031,A,1,286,1,NaN,NaN,0,0.287038087844849
A031,A,1,287,1,NaN,NaN,0,0.319887161254883
A031,A,1,288,1,NaN,NaN,0,0.264147043228149
A031,A,1,289,1,NaN,NaN,0,0.333034038543701
A031,A,1,290,1,NaN,NaN,0,0.296677112579346
A031,A,1,291,NaN,1,0,NaN,NaN
A031,A,1,292,1,NaN,NaN,0,0.295732021331787
A031,A,1,293,1,NaN,NaN,0,0.353410005569458
A031,A,1,294,1,NaN,NaN,0,0.275114059448242
A031,A,1,295,1,NaN,NaN,0,0.361195087432861
A031,A,1,296,1,NaN,NaN,0,0.322537899017334
A031,A,1,297,1,NaN,NaN,0,0.327476978302002
A031,A,1,298,1,NaN,NaN,0,0.347836971282959
A031,A,1,299,1,NaN,NaN,0,0.343572854995728
A031,A,1,300,1,NaN,NaN,0,0.358476161956787
A031,A,1,301,1,NaN,NaN,0,0.352120876312256
A031,A,1,302,1,NaN,NaN,0,0.320343017578125
A031,A,1,303,1,NaN,NaN,0,0.329923868179321
A031,A,1,304,NaN,1,0,NaN,NaN
A031,A,1,305,1,NaN,NaN,0,0.277205944061279
A031,A,1,306,1,NaN,NaN,0,0.294089078903198
A031,A,1,307,1,NaN,NaN,0,0.331400156021118
A031,A,1,308,NaN,0,1,NaN,NaN
A031,A,1,309,1,NaN,NaN,0,0.340537071228027
A031,A,1,310,1,NaN,NaN,0,0.320960998535156
A031,A,1,311,1,NaN,NaN,0,0.300257921218872
A031,A,1,312,1,NaN,NaN,0,0.277168035507202
A031,A,1,313,1,NaN,NaN,0,0.271671056747437
A031,A,1,314,1,NaN,NaN,0,0.265147924423218
A031,A,1,315,1,NaN,NaN,0,0.256855964660645
A031,A,1,316,1,NaN,NaN,0,0.270636796951294
A031,A,1,317,1,NaN,NaN,0,0.283752918243408
A031,A,1,318,1,NaN,NaN,0,0.315114974975586
A031,A,1,319,1,NaN,NaN,0,0.359771966934204
A031,A,1,320,1,NaN,NaN,0,0.269520998001099
A031,A,1,321,1,NaN,NaN,0,0.248568058013916
A031,A,1,322,1,NaN,NaN,0,0.248085021972656
A031,A,1,323,NaN,0,1,NaN,NaN
A031,A,1,324,1,NaN,NaN,0,0.311049938201904
A031,A,1,325,1,NaN,NaN,0,0.363861083984375
A031,A,1,326,1,NaN,NaN,0,0.320044994354248
A031,A,1,327,NaN,1,0,NaN,NaN
A031,A,1,328,1,NaN,NaN,0,0.281829833984375
A031,A,1,329,1,NaN,NaN,0,0.446686983108521
A031,A,1,330,1,NaN,NaN,0,0.375379085540771
A031,A,1,331,1,NaN,NaN,0,0.512988090515137
A031,A,1,332,1,NaN,NaN,0,0.330344915390015
A031,A,1,333,1,NaN,NaN,0,0.593857049942017
A031,A,1,334,1,NaN,NaN,0,0.350181102752686
A031,A,1,335,1,NaN,NaN,0,0.309067010879517
A031,A,1,336,1,NaN,NaN,0,0.339459896087646
A031,A,1,337,1,NaN,NaN,0,0.309091091156006
A031,A,1,338,1,NaN,NaN,0,0.293898105621338
A031,A,1,339,1,NaN,NaN,0,0.314556121826172
A031,A,1,340,1,NaN,NaN,0,0.295580863952637
A031,A,1,341,NaN,1,0,NaN,NaN
A031,A,1,342,1,NaN,NaN,0,0.290115118026733
A031,A,1,343,1,NaN,NaN,0,0.272157907485962
A031,A,1,344,1,NaN,NaN,0,0.373433113098145
A031,A,1,345,1,NaN,NaN,0,0.325103044509888
A031,A,1,346,1,NaN,NaN,0,0.246778011322021
A031,A,1,347,1,NaN,NaN,0,0.261619091033936
A031,A,1,348,1,NaN,NaN,0,0.32201099395752
A031,A,1,349,1,NaN,NaN,0,0.343765020370483
A031,A,1,350,NaN,1,0,NaN,NaN
A031,A,1,351,1,NaN,NaN,0,0.274467945098877
A031,A,1,352,1,NaN,NaN,0,0.405325889587402
A031,A,1,353,1,NaN,NaN,0,0.292338848114014
A031,A,1,354,1,NaN,NaN,0,0.261682987213135
A031,A,1,355,1,NaN,NaN,0,0.315356016159058
A031,A,1,356,1,NaN,NaN,0,0.287868976593018
A031,A,1,357,1,NaN,NaN,0,0.317530870437622
A031,A,1,358,1,NaN,NaN,0,0.35706901550293
A031,A,1,359,NaN,0,1,NaN,NaN
A031,A,1,360,1,NaN,NaN,0,0.327221870422363
A031,A,1,361,1,NaN,NaN,0,0.236729145050049
A031,A,1,362,1,NaN,NaN,0,0.239540100097656
A031,A,1,363,1,NaN,NaN,0,0.383952140808105
A031,A,1,364,1,NaN,NaN,0,0.370757102966309
A031,A,1,365,1,NaN,NaN,0,0.350005865097046
A031,A,1,366,1,NaN,NaN,0,0.317986965179443
A031,A,1,367,1,NaN,NaN,0,0.293792963027954
A031,A,1,368,NaN,1,0,NaN,NaN
A031,A,1,369,1,NaN,NaN,0,0.263957977294922
A031,A,1,370,1,NaN,NaN,0,0.261649131774902
A031,A,1,371,1,NaN,NaN,0,0.271394014358521
A031,A,1,372,NaN,1,0,NaN,NaN
A031,A,1,373,1,NaN,NaN,0,0.236339092254639
A031,A,1,374,1,NaN,NaN,0,0.274621963500977
A031,A,1,375,1,NaN,NaN,0,0.291022062301636
A031,A,1,376,1,NaN,NaN,0,0.3678879737854
A031,A,1,377,1,NaN,NaN,0,0.429506063461304
A031,A,1,378,1,NaN,NaN,0,0.495153903961182
A031,A,1,379,1,NaN,NaN,0,0.440682888031006
A031,A,1,380,1,NaN,NaN,0,0.514056921005249
A031,A,1,381,1,NaN,NaN,0,0.532961845397949
A031,A,1,382,NaN,0,1,NaN,NaN
A031,A,1,383,1,NaN,NaN,0,0.372606039047241
A031,A,1,384,1,NaN,NaN,0,0.293011903762817
A031,A,1,385,1,NaN,NaN,0,0.297433853149414
A031,A,1,386,1,NaN,NaN,0,0.242069005966187
A031,A,1,387,1,NaN,NaN,0,0.304687023162842
A031,A,1,388,1,NaN,NaN,0,0.249539136886597
A031,A,1,389,NaN,1,0,NaN,NaN
A031,A,1,390,1,NaN,NaN,0,0.258403062820435
A031,A,1,391,1,NaN,NaN,0,0.331359148025513
A031,A,1,392,1,NaN,NaN,0,0.464508056640625
A031,A,1,393,1,NaN,NaN,0,0.361345052719116
A031,A,1,394,1,NaN,NaN,0,0.36794900894165
A031,A,1,395,1,NaN,NaN,0,0.308947801589966
A031,A,1,396,1,NaN,NaN,0,0.280531883239746
A031,A,1,397,1,NaN,NaN,0,0.281367063522339
A031,A,1,398,1,NaN,NaN,0,0.261451959609985
A031,A,1,399,1,NaN,NaN,0,0.354974031448364
A031,A,1,400,1,NaN,NaN,0,0.267788887023926
A031,A,1,401,1,NaN,NaN,0,0.377099990844727
A031,A,1,402,NaN,0,1,NaN,NaN
A031,A,1,403,1,NaN,NaN,0,0.398319959640503
A031,A,1,404,1,NaN,NaN,0,0.341028928756714
A031,A,1,405,1,NaN,NaN,0,0.378919124603271
A031,A,1,406,1,NaN,NaN,0,0.288666963577271
A031,A,1,407,NaN,1,0,NaN,NaN
A031,A,1,408,1,NaN,NaN,0,0.287503004074097
A031,A,1,409,1,NaN,NaN,0,0.278988838195801
A031,A,1,410,1,NaN,NaN,0,0.353291988372803
A031,A,1,411,1,NaN,NaN,0,0.346520900726318
A031,A,1,412,1,NaN,NaN,0,0.335080146789551
A031,A,1,413,1,NaN,NaN,0,0.311882972717285
A031,A,1,414,1,NaN,NaN,0,0.274158000946045
A031,A,1,415,1,NaN,NaN,0,0.284866094589233
A031,A,1,416,NaN,1,0,NaN,NaN
A031,A,1,417,1,NaN,NaN,0,0.304410934448242
A031,A,1,418,1,NaN,NaN,0,0.251903057098389
A031,A,1,419,1,NaN,NaN,0,0.463131904602051
A031,A,1,420,1,NaN,NaN,0,0.279953002929688
A031,A,1,421,1,NaN,NaN,0,0.251276969909668
A031,A,1,422,1,NaN,NaN,0,0.263192176818848
A031,A,1,423,1,NaN,NaN,0,0.257839918136597
A031,A,1,424,1,NaN,NaN,0,0.326130867004395
A031,A,1,425,NaN,0,1,NaN,NaN
A031,A,1,426,1,NaN,NaN,0,0.324571847915649
A031,A,1,427,1,NaN,NaN,0,0.359438896179199
A031,A,1,428,1,NaN,NaN,0,0.412383079528809
A031,A,1,429,1,NaN,NaN,0,0.411318063735962
A031,A,1,430,1,NaN,NaN,0,0.452577829360962
A031,A,1,431,1,NaN,NaN,0,0.455127954483032
A031,A,1,432,1,NaN,NaN,0,0.344027996063232
A031,A,1,433,1,NaN,NaN,0,0.457877159118652
A031,A,1,434,NaN,0,1,NaN,NaN
A031,A,1,435,1,NaN,NaN,0,0.332241058349609
A031,A,1,436,1,NaN,NaN,0,0.39281702041626
A031,A,1,437,1,NaN,NaN,0,0.372095108032227
A031,A,1,438,1,NaN,NaN,0,0.401461124420166
A031,A,1,439,1,NaN,NaN,0,0.470867872238159
A031,A,1,440,1,NaN,NaN,0,0.463760852813721
A031,A,1,441,1,NaN,NaN,0,0.478698968887329
A031,A,1,442,1,NaN,NaN,0,0.399901866912842
A031,A,1,443,1,NaN,NaN,0,0.308834075927734
A031,A,1,444,1,NaN,NaN,0,0.403990030288696
A031,A,1,445,1,NaN,NaN,0,0.352580070495605
A031,A,1,446,1,NaN,NaN,0,0.411988019943237
A031,A,1,447,1,NaN,NaN,0,0.34829306602478
A031,A,1,448,NaN,1,0,NaN,NaN
A031,A,1,449,1,NaN,NaN,0,0.249926090240479
A031,A,1,450,1,NaN,NaN,0,NaN
A031,A,1,451,1,NaN,NaN,0,0.315671920776367
A031,A,1,452,NaN,1,0,NaN,NaN
A031,A,1,453,1,NaN,NaN,0,0.273197889328003
A031,A,1,454,1,NaN,NaN,0,0.30422306060791
A031,A,1,455,1,NaN,NaN,0,0.313400983810425
A031,A,1,456,1,NaN,NaN,0,0.28075098991394
A031,A,1,457,1,NaN,NaN,0,0.390990972518921
A031,A,1,458,1,NaN,NaN,0,0.356226921081543
A031,A,1,459,1,NaN,NaN,0,0.438117027282715
A031,A,1,460,1,NaN,NaN,0,0.632658958435059
A031,A,1,461,1,NaN,NaN,0,0.394091129302979
A031,A,1,462,1,NaN,NaN,0,0.307778835296631
A031,A,1,463,1,NaN,NaN,0,0.264883995056152
A031,A,1,464,1,NaN,NaN,0,0.366580009460449
A031,A,1,465,1,NaN,NaN,0,0.269851922988892
A031,A,1,466,NaN,1,0,NaN,NaN
A031,A,1,467,1,NaN,NaN,0,0.219106912612915
A031,A,1,468,1,NaN,NaN,0,0.236693859100342
A031,A,1,469,1,NaN,NaN,0,0.23306679725647
A031,A,1,470,1,NaN,NaN,0,0.270926952362061
A031,A,1,471,1,NaN,NaN,0,0.290543794631958
A031,A,1,472,NaN,1,0,NaN,NaN
A031,A,1,473,1,NaN,NaN,0,0.272279024124146
A031,A,1,474,1,NaN,NaN,0,0.297302007675171
A031,A,1,475,1,NaN,NaN,0,0.187804937362671
A031,A,1,476,1,NaN,NaN,0,NaN
A031,A,1,477,0,NaN,NaN,1,NaN
A031,A,1,478,1,NaN,NaN,0,0.388125896453857
A031,A,1,479,1,NaN,NaN,0,0.420622110366821
A031,A,1,480,1,NaN,NaN,0,0.37400221824646
A031,A,1,481,1,NaN,NaN,0,0.418523073196411
A031,A,1,482,1,NaN,NaN,0,0.318917989730835
A031,A,1,483,NaN,1,0,NaN,NaN
A031,A,1,484,1,NaN,NaN,0,0.273539066314697
A031,A,1,485,1,NaN,NaN,0,0.272365093231201
A031,A,1,486,1,NaN,NaN,0,0.258167028427124
A031,A,1,487,1,NaN,NaN,0,0.271210908889771
A031,A,1,488,1,NaN,NaN,0,0.252631902694702
A031,A,1,489,1,NaN,NaN,0,NaN
A031,A,1,490,1,NaN,NaN,0,0.303179979324341
A031,A,1,491,1,NaN,NaN,0,0.409081935882568
A031,A,1,492,1,NaN,NaN,0,0.477967023849487
A031,A,1,493,NaN,1,0,NaN,NaN
A031,A,1,494,1,NaN,NaN,0,0.360146999359131
A031,A,1,495,1,NaN,NaN,0,0.26525092124939
A031,A,1,496,1,NaN,NaN,0,0.267665147781372
A031,A,1,497,NaN,0,1,NaN,NaN
A031,A,1,498,1,NaN,NaN,0,0.302622079849243
A031,A,1,499,1,NaN,NaN,0,0.300615072250366
A031,A,1,500,1,NaN,NaN,0,0.288591861724854
A031,A,1,501,1,NaN,NaN,0,0.341520071029663
A031,A,1,502,1,NaN,NaN,0,0.339579105377197
A031,A,1,503,1,NaN,NaN,0,0.342252969741821
A031,A,1,504,1,NaN,NaN,0,0.337736845016479
A031,A,1,505,1,NaN,NaN,0,0.318398952484131
A031,A,1,506,1,NaN,NaN,0,0.423632860183716
A031,A,1,507,1,NaN,NaN,0,0.288383007049561
A031,A,1,508,1,NaN,NaN,0,0.331587076187134
A031,A,1,509,1,NaN,NaN,0,0.317589998245239
A031,A,1,510,NaN,1,0,NaN,NaN
A031,A,1,511,1,NaN,NaN,0,0.267562866210938
A031,A,1,512,1,NaN,NaN,0,0.257471084594727
A031,A,1,513,1,NaN,NaN,0,0.272371053695679
A031,A,1,514,1,NaN,NaN,0,0.252094030380249
A031,A,1,515,1,NaN,NaN,0,NaN
A031,A,1,516,1,NaN,NaN,0,0.220505952835083
A031,A,2,1,1,NaN,NaN,0,0.645710945129395
A031,A,2,2,1,NaN,NaN,0,0.371088027954102
A031,A,2,3,1,NaN,NaN,0,0.257835149765015
A031,A,2,4,NaN,0,1,NaN,NaN
A031,A,2,5,1,NaN,NaN,0,0.329433917999268
A031,A,2,6,1,NaN,NaN,0,0.324692964553833
A031,A,2,7,1,NaN,NaN,0,0.433236122131348
A031,A,2,8,1,NaN,NaN,0,0.28826904296875
A031,A,2,9,1,NaN,NaN,0,0.328139066696167
A031,A,2,10,1,NaN,NaN,0,0.265350103378296
A031,A,2,11,1,NaN,NaN,0,0.27832818031311
A031,A,2,12,1,NaN,NaN,0,0.281170129776001
A031,A,2,13,1,NaN,NaN,0,0.313885927200317
A031,A,2,14,1,NaN,NaN,0,0.292282104492188
A031,A,2,15,1,NaN,NaN,0,0.276907920837402
A031,A,2,16,NaN,0,1,NaN,NaN
A031,A,2,17,1,NaN,NaN,0,0.335870027542114
A031,A,2,18,1,NaN,NaN,0,0.331490039825439
A031,A,2,19,1,NaN,NaN,0,0.275819063186646
A031,A,2,20,NaN,1,0,NaN,NaN
A031,A,2,21,1,NaN,NaN,0,0.230648994445801
A031,A,2,22,1,NaN,NaN,0,0.301558971405029
A031,A,2,23,1,NaN,NaN,0,0.358659982681274
A031,A,2,24,1,NaN,NaN,0,0.339800834655762
A031,A,2,25,1,NaN,NaN,0,0.288318157196045
A031,A,2,26,1,NaN,NaN,0,0.300657033920288
A031,A,2,27,1,NaN,NaN,0,0.291201114654541
A031,A,2,28,1,NaN,NaN,0,0.254805088043213
A031,A,2,29,NaN,1,0,NaN,NaN
A031,A,2,30,1,NaN,NaN,0,0.256431818008423
A031,A,2,31,1,NaN,NaN,0,0.283118963241577
A031,A,2,32,1,NaN,NaN,0,0.268434047698975
A031,A,2,33,1,NaN,NaN,0,0.277386903762817
A031,A,2,34,1,NaN,NaN,0,0.241086006164551
A031,A,2,35,1,NaN,NaN,0,0.256844043731689
A031,A,2,36,1,NaN,NaN,0,0.272279977798462
A031,A,2,37,1,NaN,NaN,0,0.259966135025024
A031,A,2,38,1,NaN,NaN,0,0.255184888839722
A031,A,2,39,NaN,0,1,NaN,NaN
A031,A,2,40,1,NaN,NaN,0,0.439407110214233
A031,A,2,41,1,NaN,NaN,0,0.322417974472046
A031,A,2,42,1,NaN,NaN,0,0.294900178909302
A031,A,2,43,1,NaN,NaN,0,0.281979084014893
A031,A,2,44,1,NaN,NaN,0,0.275580167770386
A031,A,2,45,1,NaN,NaN,0,0.241661071777344
A031,A,2,46,1,NaN,NaN,0,0.201206922531128
A031,A,2,47,1,NaN,NaN,0,0.26972508430481
A031,A,2,48,1,NaN,NaN,0,0.287927865982056
A031,A,2,49,1,NaN,NaN,0,0.252870082855225
A031,A,2,50,NaN,0,1,NaN,NaN
A031,A,2,51,1,NaN,NaN,0,0.307486057281494
A031,A,2,52,1,NaN,NaN,0,0.270869016647339
A031,A,2,53,1,NaN,NaN,0,0.265555143356323
A031,A,2,54,1,NaN,NaN,0,0.314358949661255
A031,A,2,55,1,NaN,NaN,0,0.313361883163452
A031,A,2,56,1,NaN,NaN,0,0.318875789642334
A031,A,2,57,1,NaN,NaN,0,0.365612983703613
A031,A,2,58,1,NaN,NaN,0,0.300523996353149
A031,A,2,59,1,NaN,NaN,0,0.357486009597778
A031,A,2,60,NaN,1,0,NaN,NaN
A031,A,2,61,1,NaN,NaN,0,0.293058156967163
A031,A,2,62,1,NaN,NaN,0,0.376277923583984
A031,A,2,63,1,NaN,NaN,0,0.381064176559448
A031,A,2,64,1,NaN,NaN,0,0.341120004653931
A031,A,2,65,1,NaN,NaN,0,0.481522083282471
A031,A,2,66,1,NaN,NaN,0,0.517266035079956
A031,A,2,67,1,NaN,NaN,0,0.426162958145142
A031,A,2,68,NaN,1,0,NaN,NaN
A031,A,2,69,1,NaN,NaN,0,0.342500925064087
A031,A,2,70,1,NaN,NaN,0,0.406898021697998
A031,A,2,71,1,NaN,NaN,0,0.329310894012451
A031,A,2,72,1,NaN,NaN,0,0.27436089515686
A031,A,2,73,1,NaN,NaN,0,0.263617992401123
A031,A,2,74,1,NaN,NaN,0,0.23216700553894
A031,A,2,75,1,NaN,NaN,0,0.262599229812622
A031,A,2,76,1,NaN,NaN,0,0.275571823120117
A031,A,2,77,1,NaN,NaN,0,0.304929971694946
A031,A,2,78,1,NaN,NaN,0,0.307538032531738
A031,A,2,79,1,NaN,NaN,0,0.300757169723511
A031,A,2,80,NaN,0,1,NaN,NaN
A031,A,2,81,1,NaN,NaN,0,0.410624027252197
A031,A,2,82,1,NaN,NaN,0,0.311585903167725
A031,A,2,83,1,NaN,NaN,0,0.270837068557739
A031,A,2,84,NaN,0,1,NaN,NaN
A031,A,2,85,1,NaN,NaN,0,0.304696083068848
A031,A,2,86,1,NaN,NaN,0,0.25816011428833
A031,A,2,87,1,NaN,NaN,0,0.275442123413086
A031,A,2,88,1,NaN,NaN,0,0.339340925216675
A031,A,2,89,1,NaN,NaN,0,0.271145105361938
A031,A,2,90,1,NaN,NaN,0,0.359719038009644
A031,A,2,91,1,NaN,NaN,0,0.326238870620728
A031,A,2,92,1,NaN,NaN,0,0.287158012390137
A031,A,2,93,1,NaN,NaN,0,0.36418604850769
A031,A,2,94,NaN,1,0,NaN,NaN
A031,A,2,95,1,NaN,NaN,0,0.248640060424805
A031,A,2,96,1,NaN,NaN,0,0.24744701385498
A031,A,2,97,1,NaN,NaN,0,0.212414026260376
A031,A,2,98,1,NaN,NaN,0,0.241970062255859
A031,A,2,99,1,NaN,NaN,0,0.247029781341553
A031,A,2,100,1,NaN,NaN,0,0.199448108673096
A031,A,2,101,NaN,1,0,NaN,NaN
A031,A,2,102,1,NaN,NaN,0,0.30263614654541
A031,A,2,103,1,NaN,NaN,0,0.323575973510742
A031,A,2,104,1,NaN,NaN,0,0.293946027755737
A031,A,2,105,1,NaN,NaN,0,0.202428102493286
A031,A,2,106,1,NaN,NaN,0,0.307391166687012
A031,A,2,107,1,NaN,NaN,0,0.36048698425293
A031,A,2,108,1,NaN,NaN,0,0.307203054428101
A031,A,2,109,1,NaN,NaN,0,0.288443088531494
A031,A,2,110,1,NaN,NaN,0,0.268898010253906
A031,A,2,111,1,NaN,NaN,0,0.264315843582153
A031,A,2,112,NaN,0,1,NaN,NaN
A031,A,2,113,1,NaN,NaN,0,0.27985405921936
A031,A,2,114,1,NaN,NaN,0,0.317426919937134
A031,A,2,115,1,NaN,NaN,0,0.329220056533813
A031,A,2,116,1,NaN,NaN,0,0.387248039245605
A031,A,2,117,1,NaN,NaN,0,0.41704797744751
A031,A,2,118,1,NaN,NaN,0,0.349642038345337
A031,A,2,119,1,NaN,NaN,0,0.303466081619263
A031,A,2,120,1,NaN,NaN,0,0.368918895721436
A031,A,2,121,1,NaN,NaN,0,0.289707183837891
A031,A,2,122,NaN,0,1,NaN,NaN
A031,A,2,123,1,NaN,NaN,0,0.28229284286499
A031,A,2,124,1,NaN,NaN,0,0.261137962341309
A031,A,2,125,1,NaN,NaN,0,0.443184852600098
A031,A,2,126,1,NaN,NaN,0,0.34274697303772
A031,A,2,127,1,NaN,NaN,0,0.344155073165894
A031,A,2,128,1,NaN,NaN,0,0.294879913330078
A031,A,2,129,1,NaN,NaN,0,0.279004812240601
A031,A,2,130,1,NaN,NaN,0,0.324738025665283
A031,A,2,131,NaN,1,0,NaN,NaN
A031,A,2,132,1,NaN,NaN,0,0.231459140777588
A031,A,2,133,1,NaN,NaN,0,0.271597862243652
A031,A,2,134,1,NaN,NaN,0,0.340827941894531
A031,A,2,135,1,NaN,NaN,0,0.33414888381958
A031,A,2,136,1,NaN,NaN,0,0.338867902755737
A031,A,2,137,1,NaN,NaN,0,0.594033002853394
A031,A,2,138,1,NaN,NaN,0,0.424485206604004
A031,A,2,139,1,NaN,NaN,0,0.356809854507446
A031,A,2,140,1,NaN,NaN,0,0.256556034088135
A031,A,2,141,1,NaN,NaN,0,0.273844003677368
A031,A,2,142,NaN,0,1,NaN,NaN
A031,A,2,143,1,NaN,NaN,0,0.267202138900757
A031,A,2,144,1,NaN,NaN,0,0.254968881607056
A031,A,2,145,1,NaN,NaN,0,NaN
A031,A,2,146,1,NaN,NaN,0,0.290393114089966
A031,A,2,147,1,NaN,NaN,0,0.373291969299316
A031,A,2,148,1,NaN,NaN,0,0.325886964797974
A031,A,2,149,1,NaN,NaN,0,0.383656024932861
A031,A,2,150,NaN,1,0,NaN,NaN
A031,A,2,151,1,NaN,NaN,0,0.311356067657471
A031,A,2,152,1,NaN,NaN,0,0.23666787147522
A031,A,2,153,1,NaN,NaN,0,0.329047918319702
A031,A,2,154,1,NaN,NaN,0,0.478977203369141
A031,A,2,155,1,NaN,NaN,0,0.449268102645874
A031,A,2,156,1,NaN,NaN,0,0.412317037582397
A031,A,2,157,1,NaN,NaN,0,0.430568933486938
A031,A,2,158,NaN,1,0,NaN,NaN
A031,A,2,159,1,NaN,NaN,0,0.258665084838867
A031,A,2,160,1,NaN,NaN,0,0.274335861206055
A031,A,2,161,1,NaN,NaN,0,0.300166130065918
A031,A,2,162,1,NaN,NaN,0,0.245296001434326
A031,A,2,163,1,NaN,NaN,0,0.250818967819214
A031,A,2,164,NaN,0,1,NaN,NaN
A031,A,2,165,1,NaN,NaN,0,0.244744062423706
A031,A,2,166,1,NaN,NaN,0,0.300591945648193
A031,A,2,167,1,NaN,NaN,0,0.297213792800903
A031,A,2,168,1,NaN,NaN,0,0.332385063171387
A031,A,2,169,1,NaN,NaN,0,0.277202844619751
A031,A,2,170,1,NaN,NaN,0,0.293908834457397
A031,A,2,171,1,NaN,NaN,0,0.235121965408325
A031,A,2,172,1,NaN,NaN,0,0.251505851745605
A031,A,2,173,1,NaN,NaN,0,0.249843120574951
A031,A,2,174,NaN,0,1,NaN,NaN
A031,A,2,175,1,NaN,NaN,0,0.236891031265259
A031,A,2,176,1,NaN,NaN,0,0.319375038146973
A031,A,2,177,1,NaN,NaN,0,0.341329097747803
A031,A,2,178,1,NaN,NaN,0,0.240735054016113
A031,A,2,179,1,NaN,NaN,0,0.624612092971802
A031,A,2,180,1,NaN,NaN,0,0.356444120407104
A031,A,2,181,1,NaN,NaN,0,0.303522109985352
A031,A,2,182,1,NaN,NaN,0,0.232486009597778
A031,A,2,183,1,NaN,NaN,0,0.255626916885376
A031,A,2,184,1,NaN,NaN,0,0.265088081359863
A031,A,2,185,1,NaN,NaN,0,0.288400888442993
A031,A,2,186,1,NaN,NaN,0,0.304135084152222
A031,A,2,187,1,NaN,NaN,0,0.3106529712677
A031,A,2,188,NaN,1,0,NaN,NaN
A031,A,2,189,1,NaN,NaN,0,0.265214920043945
A031,A,2,190,1,NaN,NaN,0,0.270219802856445
A031,A,2,191,NaN,0,1,NaN,NaN
A031,A,2,192,1,NaN,NaN,0,0.30856990814209
A031,A,2,193,1,NaN,NaN,0,0.247174024581909
A031,A,2,194,1,NaN,NaN,0,0.236243963241577
A031,A,2,195,1,NaN,NaN,0,0.272187948226929
A031,A,2,196,1,NaN,NaN,0,0.331488847732544
A031,A,2,197,1,NaN,NaN,0,0.362957954406738
A031,A,2,198,1,NaN,NaN,0,0.400315999984741
A031,A,2,199,1,NaN,NaN,0,0.32068395614624
A031,A,2,200,1,NaN,NaN,0,0.354057788848877
A031,A,2,201,NaN,1,0,NaN,NaN
A031,A,2,202,1,NaN,NaN,0,0.29123592376709
A031,A,2,203,1,NaN,NaN,0,0.311263799667358
A031,A,2,204,1,NaN,NaN,0,0.537441968917847
A031,A,2,205,1,NaN,NaN,0,0.584918022155762
A031,A,2,206,1,NaN,NaN,0,0.625066995620728
A031,A,2,207,1,NaN,NaN,0,0.786952972412109
A031,A,2,208,1,NaN,NaN,0,0.721765041351318
A031,A,2,209,1,NaN,NaN,0,0.726047039031982
A031,A,2,210,1,NaN,NaN,0,0.543061971664429
A031,A,2,211,1,NaN,NaN,0,0.464874982833862
A031,A,2,212,NaN,1,0,NaN,NaN
A031,A,2,213,1,NaN,NaN,0,0.242014169692993
A031,A,2,214,1,NaN,NaN,0,0.276642084121704
A031,A,2,215,1,NaN,NaN,0,0.315266132354736
A031,A,2,216,1,NaN,NaN,0,0.282454013824463
A031,A,2,217,1,NaN,NaN,0,0.344851970672607
A031,A,2,218,1,NaN,NaN,0,0.226238965988159
A031,A,2,219,1,NaN,NaN,0,0.264123916625977
A031,A,2,220,1,NaN,NaN,0,0.295090913772583
A031,A,2,221,1,NaN,NaN,0,0.29961895942688
A031,A,2,222,NaN,0,1,NaN,NaN
A031,A,2,223,1,NaN,NaN,0,0.242064952850342
A031,A,2,224,1,NaN,NaN,0,0.165042877197266
A031,A,2,225,1,NaN,NaN,0,0.230239868164062
A031,A,2,226,1,NaN,NaN,0,0.236778974533081
A031,A,2,227,1,NaN,NaN,0,0.256284952163696
A031,A,2,228,1,NaN,NaN,0,0.237925052642822
A031,A,2,229,1,NaN,NaN,0,0.236739873886108
A031,A,2,230,1,NaN,NaN,0,0.563184976577759
A031,A,2,231,NaN,0,1,NaN,NaN
A031,A,2,232,1,NaN,NaN,0,0.420853137969971
A031,A,2,233,1,NaN,NaN,0,0.392030000686646
A031,A,2,234,1,NaN,NaN,0,0.312151908874512
A031,A,2,235,1,NaN,NaN,0,0.386274814605713
A031,A,2,236,1,NaN,NaN,0,0.348042964935303
A031,A,2,237,1,NaN,NaN,0,0.324225187301636
A031,A,2,238,NaN,1,0,NaN,NaN
A031,A,2,239,1,NaN,NaN,0,0.271606922149658
A031,A,2,240,1,NaN,NaN,0,0.273844003677368
A031,A,2,241,1,NaN,NaN,0,0.315255165100098
A031,A,2,242,1,NaN,NaN,0,0.277776956558228
A031,A,2,243,1,NaN,NaN,0,0.280220985412598
A031,A,2,244,1,NaN,NaN,0,0.253259181976318
A031,A,2,245,1,NaN,NaN,0,0.28265380859375
A031,A,2,246,1,NaN,NaN,0,0.30423903465271
A031,A,2,247,1,NaN,NaN,0,0.258607864379883
A031,A,2,248,1,NaN,NaN,0,0.283143997192383
A031,A,2,249,1,NaN,NaN,0,0.266551971435547
A031,A,2,250,NaN,1,0,NaN,NaN
A031,A,2,251,1,NaN,NaN,0,NaN
A031,A,2,252,1,NaN,NaN,0,0.225810050964355
A031,A,2,253,1,NaN,NaN,0,NaN
A031,A,2,254,1,NaN,NaN,0,0.224961042404175
A031,A,2,255,1,NaN,NaN,0,0.239352941513062
A031,A,2,256,1,NaN,NaN,0,0.288649082183838
A031,A,2,257,1,NaN,NaN,0,0.228216886520386
A031,A,2,258,NaN,0,1,NaN,NaN
A031,A,2,259,1,NaN,NaN,0,0.305995225906372
A031,A,2,260,1,NaN,NaN,0,0.253090858459473
A031,A,2,261,1,NaN,NaN,0,0.237522125244141
A031,A,2,262,1,NaN,NaN,0,0.192262887954712
A031,A,2,263,1,NaN,NaN,0,0.218975067138672
A031,A,2,264,1,NaN,NaN,0,0.275264024734497
A031,A,2,265,1,NaN,NaN,0,0.2847580909729
A031,A,2,266,1,NaN,NaN,0,0.269425868988037
A031,A,2,267,NaN,1,0,NaN,NaN
A031,A,2,268,1,NaN,NaN,0,0.281919002532959
A031,A,2,269,1,NaN,NaN,0,0.215034008026123
A031,A,2,270,1,NaN,NaN,0,0.333016157150269
A031,A,2,271,1,NaN,NaN,0,0.2415611743927
A031,A,2,272,1,NaN,NaN,0,0.303173065185547
A031,A,2,273,1,NaN,NaN,0,0.284908056259155
A031,A,2,274,1,NaN,NaN,0,0.29843807220459
A031,A,2,275,NaN,0,1,NaN,NaN
A031,A,2,276,1,NaN,NaN,0,0.175060033798218
A031,A,2,277,1,NaN,NaN,0,0.155847072601318
A031,A,2,278,1,NaN,NaN,0,NaN
A031,A,2,279,1,NaN,NaN,0,0.27765679359436
A031,A,2,280,1,NaN,NaN,0,0.294973850250244
A031,A,2,281,1,NaN,NaN,0,0.251936197280884
A031,A,2,282,1,NaN,NaN,0,0.261817216873169
A031,A,2,283,NaN,1,0,NaN,NaN
A031,A,2,284,1,NaN,NaN,0,0.272279977798462
A031,A,2,285,1,NaN,NaN,0,0.372737884521484
A031,A,2,286,1,NaN,NaN,0,0.302881956100464
A031,A,2,287,1,NaN,NaN,0,0.374115943908691
A031,A,2,288,1,NaN,NaN,0,0.383588075637817
A031,A,2,289,1,NaN,NaN,0,0.280778169631958
A031,A,2,290,1,NaN,NaN,0,0.273632049560547
A031,A,2,291,1,NaN,NaN,0,0.406016826629639
A031,A,2,292,1,NaN,NaN,0,0.342931032180786
A031,A,2,293,1,NaN,NaN,0,0.326885938644409
A031,A,2,294,1,NaN,NaN,0,0.314578056335449
A031,A,2,295,NaN,0,1,NaN,NaN
A031,A,2,296,1,NaN,NaN,0,0.28026008605957
A031,A,2,297,1,NaN,NaN,0,0.229996919631958
A031,A,2,298,1,NaN,NaN,0,0.266227006912231
A031,A,2,299,1,NaN,NaN,0,0.223837852478027
A031,A,2,300,1,NaN,NaN,0,0.268774032592773
A031,A,2,301,NaN,1,0,NaN,NaN
A031,A,2,302,1,NaN,NaN,0,0.24786901473999
A031,A,2,303,1,NaN,NaN,0,0.285414934158325
A031,A,2,304,1,NaN,NaN,0,0.277673959732056
A031,A,2,305,1,NaN,NaN,0,0.208658933639526
A031,A,2,306,1,NaN,NaN,0,0.240652084350586
A031,A,2,307,1,NaN,NaN,0,0.2050940990448
A031,A,2,308,NaN,0,1,NaN,NaN
A031,A,2,309,1,NaN,NaN,0,0.314625978469849
A031,A,2,310,1,NaN,NaN,0,0.286296844482422
A031,A,2,311,1,NaN,NaN,0,0.295921087265015
A031,A,2,312,1,NaN,NaN,0,0.372620820999146
A031,A,2,313,1,NaN,NaN,0,0.268010854721069
A031,A,2,314,1,NaN,NaN,0,0.237215995788574
A031,A,2,315,1,NaN,NaN,0,0.350823879241943
A031,A,2,316,1,NaN,NaN,0,0.333733081817627
A031,A,2,317,1,NaN,NaN,0,0.506085872650146
A031,A,2,318,1,NaN,NaN,0,0.508315086364746
A031,A,2,319,1,NaN,NaN,0,0.558454990386963
A031,A,2,320,1,NaN,NaN,0,0.544963836669922
A031,A,2,321,1,NaN,NaN,0,0.63919997215271
A031,A,2,322,NaN,1,0,NaN,NaN
A031,A,2,323,1,NaN,NaN,0,0.35706901550293
A031,A,2,324,1,NaN,NaN,0,0.309871912002563
A031,A,2,325,1,NaN,NaN,0,0.290609121322632
A031,A,2,326,1,NaN,NaN,0,0.270987033843994
A031,A,2,327,1,NaN,NaN,0,0.353137969970703
A031,A,2,328,1,NaN,NaN,0,0.279922008514404
A031,A,2,329,1,NaN,NaN,0,0.277018070220947
A031,A,2,330,1,NaN,NaN,0,0.314563035964966
A031,A,2,331,NaN,0,1,NaN,NaN
A031,A,2,332,1,NaN,NaN,0,0.339858055114746
A031,A,2,333,1,NaN,NaN,0,0.449723958969116
A031,A,2,334,1,NaN,NaN,0,0.487622976303101
A031,A,2,335,1,NaN,NaN,0,0.431073188781738
A031,A,2,336,1,NaN,NaN,0,0.348926067352295
A031,A,2,337,NaN,1,0,NaN,NaN
A031,A,2,338,1,NaN,NaN,0,0.214565992355347
A031,A,2,339,1,NaN,NaN,0,0.263926982879639
A031,A,2,340,1,NaN,NaN,0,0.333332061767578
A031,A,2,341,1,NaN,NaN,0,0.285248041152954
A031,A,2,342,1,NaN,NaN,0,0.342950105667114
A031,A,2,343,1,NaN,NaN,0,0.376280069351196
A031,A,2,344,1,NaN,NaN,0,0.358504056930542
A031,A,2,345,1,NaN,NaN,0,0.335717916488647
A031,A,2,346,NaN,0,1,NaN,NaN
A031,A,2,347,1,NaN,NaN,0,0.301168918609619
A031,A,2,348,1,NaN,NaN,0,0.297996997833252
A031,A,2,349,1,NaN,NaN,0,0.347385168075562
A031,A,2,350,1,NaN,NaN,0,0.350390911102295
A031,A,2,351,1,NaN,NaN,0,0.463459968566895
A031,A,2,352,1,NaN,NaN,0,0.410955190658569
A031,A,2,353,1,NaN,NaN,0,0.437756061553955
A031,A,2,354,NaN,1,0,NaN,NaN
A031,A,2,355,1,NaN,NaN,0,0.284456968307495
A031,A,2,356,1,NaN,NaN,0,0.241509914398193
A031,A,2,357,1,NaN,NaN,0,0.24620795249939
A031,A,2,358,1,NaN,NaN,0,0.479387998580933
A031,A,2,359,1,NaN,NaN,0,0.536325931549072
A031,A,2,360,1,NaN,NaN,0,0.472220897674561
A031,A,2,361,1,NaN,NaN,0,0.502226114273071
A031,A,2,362,1,NaN,NaN,0,0.386375904083252
A031,A,2,363,NaN,1,0,NaN,NaN
A031,A,2,364,1,NaN,NaN,0,0.263317108154297
A031,A,2,365,1,NaN,NaN,0,0.293686866760254
A031,A,2,366,1,NaN,NaN,0,0.230123996734619
A031,A,2,367,1,NaN,NaN,0,0.242093086242676
A031,A,2,368,1,NaN,NaN,0,0.269037961959839
A031,A,2,369,1,NaN,NaN,0,0.374063014984131
A031,A,2,370,1,NaN,NaN,0,0.285549879074097
A031,A,2,371,1,NaN,NaN,0,0.3263258934021
A031,A,2,372,1,NaN,NaN,0,0.292762041091919
A031,A,2,373,1,NaN,NaN,0,0.294136047363281
A031,A,2,374,1,NaN,NaN,0,0.316619157791138
A031,A,2,375,1,NaN,NaN,0,0.344977140426636
A031,A,2,376,NaN,1,0,NaN,NaN
A031,A,2,377,1,NaN,NaN,0,0.18403697013855
A031,A,2,378,1,NaN,NaN,0,0.244940042495728
A031,A,2,379,1,NaN,NaN,0,NaN
A031,A,2,380,1,NaN,NaN,0,NaN
A031,A,2,381,1,NaN,NaN,0,NaN
A031,A,2,382,NaN,0,1,NaN,NaN
A031,A,2,383,1,NaN,NaN,0,0.395257949829102
A031,A,2,384,1,NaN,NaN,0,0.323936939239502
A031,A,2,385,1,NaN,NaN,0,0.285871028900146
A031,A,2,386,1,NaN,NaN,0,0.287033081054688
A031,A,2,387,1,NaN,NaN,0,0.27264404296875
A031,A,2,388,1,NaN,NaN,0,0.224870204925537
A031,A,2,389,NaN,0,1,NaN,NaN
A031,A,2,390,1,NaN,NaN,0,0.19950795173645
A031,A,2,391,1,NaN,NaN,0,0.384820938110352
A031,A,2,392,1,NaN,NaN,0,0.244815826416016
A031,A,2,393,1,NaN,NaN,0,0.291049957275391
A031,A,2,394,1,NaN,NaN,0,0.338860034942627
A031,A,2,395,1,NaN,NaN,0,0.330913066864014
A031,A,2,396,1,NaN,NaN,0,0.355607986450195
A031,A,2,397,1,NaN,NaN,0,0.46416711807251
A031,A,2,398,NaN,1,0,NaN,NaN
A031,A,2,399,1,NaN,NaN,0,0.331137180328369
A031,A,2,400,1,NaN,NaN,0,0.352238893508911
A031,A,2,401,1,NaN,NaN,0,0.289485931396484
A031,A,2,402,1,NaN,NaN,0,0.253448963165283
A031,A,2,403,1,NaN,NaN,0,0.266451120376587
A031,A,2,404,1,NaN,NaN,0,0.266156911849976
A031,A,2,405,1,NaN,NaN,0,0.26491904258728
A031,A,2,406,1,NaN,NaN,0,0.297715902328491
A031,A,2,407,1,NaN,NaN,0,0.263629198074341
A031,A,2,408,1,NaN,NaN,0,0.27514910697937
A031,A,2,409,1,NaN,NaN,0,0.263668775558472
A031,A,2,410,1,NaN,NaN,0,0.376857995986938
A031,A,2,411,NaN,0,1,NaN,NaN
A031,A,2,412,1,NaN,NaN,0,0.25573992729187
A031,A,2,413,1,NaN,NaN,0,0.265153169631958
A031,A,2,414,1,NaN,NaN,0,0.269620895385742
A031,A,2,415,1,NaN,NaN,0,0.269948959350586
A031,A,2,416,1,NaN,NaN,0,0.376724004745483
A031,A,2,417,1,NaN,NaN,0,0.374154806137085
A031,A,2,418,1,NaN,NaN,0,0.299684047698975
A031,A,2,419,1,NaN,NaN,0,0.32072901725769
A031,A,2,420,1,NaN,NaN,0,0.375701189041138
A031,A,2,421,1,NaN,NaN,0,0.215397119522095
A031,A,2,422,NaN,0,1,NaN,NaN
A031,A,2,423,1,NaN,NaN,0,NaN
A031,A,2,424,1,NaN,NaN,0,0.218383073806763
A031,A,2,425,1,NaN,NaN,0,0.251475095748901
A031,A,2,426,1,NaN,NaN,0,0.285637855529785
A031,A,2,427,1,NaN,NaN,0,0.262592792510986
A031,A,2,428,NaN,0,1,NaN,NaN
A031,A,2,429,1,NaN,NaN,0,0.164225101470947
A031,A,2,430,1,NaN,NaN,0,0.291924953460693
A031,A,2,431,1,NaN,NaN,0,0.214598894119263
A031,A,2,432,1,NaN,NaN,0,0.267775058746338
A031,A,2,433,1,NaN,NaN,0,0.264024019241333
A031,A,2,434,1,NaN,NaN,0,0.312019109725952
A031,A,2,435,1,NaN,NaN,0,0.304841041564941
A031,A,2,436,NaN,0,1,NaN,NaN
A031,A,2,437,1,NaN,NaN,0,0.296005964279175
A031,A,2,438,1,NaN,NaN,0,0.312824010848999
A031,A,2,439,1,NaN,NaN,0,0.409544944763184
A031,A,2,440,1,NaN,NaN,0,0.354405164718628
A031,A,2,441,1,NaN,NaN,0,0.342828989028931
A031,A,2,442,1,NaN,NaN,0,0.316364049911499
A031,A,2,443,1,NaN,NaN,0,0.315897941589355
A031,A,2,444,1,NaN,NaN,0,0.354550838470459
A031,A,2,445,NaN,1,0,NaN,NaN
A031,A,2,446,1,NaN,NaN,0,0.32571005821228
A031,A,2,447,1,NaN,NaN,0,0.346248865127563
A031,A,2,448,1,NaN,NaN,0,0.315007209777832
A031,A,2,449,1,NaN,NaN,0,0.288305044174194
A031,A,2,450,1,NaN,NaN,0,0.271491050720215
A031,A,2,451,1,NaN,NaN,0,0.248855113983154
A031,A,2,452,1,NaN,NaN,0,0.294374227523804
A031,A,2,453,1,NaN,NaN,0,0.287592172622681
A031,A,2,454,1,NaN,NaN,0,0.489645004272461
A031,A,2,455,NaN,1,0,NaN,NaN
A031,A,2,456,1,NaN,NaN,0,0.275830984115601
A031,A,2,457,1,NaN,NaN,0,0.434201955795288
A031,A,2,458,1,NaN,NaN,0,0.423256874084473
A031,A,2,459,1,NaN,NaN,0,0.321430921554565
A031,A,2,460,1,NaN,NaN,0,0.303072929382324
A031,A,2,461,1,NaN,NaN,0,0.27351188659668
A031,A,2,462,1,NaN,NaN,0,0.253754854202271
A031,A,2,463,1,NaN,NaN,0,0.290519952774048
A031,A,2,464,1,NaN,NaN,0,0.255239009857178
A031,A,2,465,1,NaN,NaN,0,0.248054981231689
A031,A,2,466,1,NaN,NaN,0,0.310289859771729
A031,A,2,467,NaN,1,0,NaN,NaN
A031,A,2,468,1,NaN,NaN,0,0.270663976669312
A031,A,2,469,1,NaN,NaN,0,0.299201965332031
A031,A,2,470,1,NaN,NaN,0,0.334486961364746
A031,A,2,471,1,NaN,NaN,0,0.393521070480347
A031,A,2,472,1,NaN,NaN,0,0.509219169616699
A031,A,2,473,1,NaN,NaN,0,0.497749090194702
A031,A,2,474,NaN,1,0,NaN,NaN
A031,A,2,475,1,NaN,NaN,0,0.285761117935181
A031,A,2,476,1,NaN,NaN,0,0.246577978134155
A031,A,2,477,1,NaN,NaN,0,0.255872011184692
A031,A,2,478,1,NaN,NaN,0,0.263055086135864
A031,A,2,479,1,NaN,NaN,0,0.287765979766846
A031,A,2,480,NaN,1,0,NaN,NaN
A031,A,2,481,1,NaN,NaN,0,0.653702020645142
A031,A,2,482,1,NaN,NaN,0,0.511059999465942
A031,A,2,483,1,NaN,NaN,0,0.331245899200439
A031,A,2,484,1,NaN,NaN,0,0.309441089630127
A031,A,2,485,1,NaN,NaN,0,0.310703039169312
A031,A,2,486,1,NaN,NaN,0,0.4201979637146
A031,A,2,487,1,NaN,NaN,0,0.517399072647095
A031,A,2,488,1,NaN,NaN,0,0.488368034362793
A031,A,3,1,1,NaN,NaN,0,0.545825004577637
A031,A,3,2,1,NaN,NaN,0,0.370705842971802
A031,A,3,3,NaN,1,0,NaN,NaN
A031,A,3,4,1,NaN,NaN,0,0.327011108398438
A031,A,3,5,1,NaN,NaN,0,0.288947105407715
A031,A,3,6,1,NaN,NaN,0,0.302278995513916
A031,A,3,7,1,NaN,NaN,0,0.223677158355713
A031,A,3,8,1,NaN,NaN,0,0.242805957794189
A031,A,3,9,1,NaN,NaN,0,0.270451068878174
A031,A,3,10,1,NaN,NaN,0,0.287975788116455
A031,A,3,11,1,NaN,NaN,0,0.245265007019043
A031,A,3,12,1,NaN,NaN,0,0.3019700050354
A031,A,3,13,1,NaN,NaN,0,0.281103134155273
A031,A,3,14,NaN,0,1,NaN,NaN
A031,A,3,15,1,NaN,NaN,0,0.152338027954102
A031,A,3,16,1,NaN,NaN,0,0.279819011688232
A031,A,3,17,1,NaN,NaN,0,0.269542932510376
A031,A,3,18,1,NaN,NaN,0,0.282266139984131
A031,A,3,19,1,NaN,NaN,0,0.251724004745483
A031,A,3,20,1,NaN,NaN,0,0.254951000213623
A031,A,3,21,1,NaN,NaN,0,0.263771057128906
A031,A,3,22,1,NaN,NaN,0,0.264075040817261
A031,A,3,23,1,NaN,NaN,0,0.267114877700806
A031,A,3,24,1,NaN,NaN,0,0.297293186187744
A031,A,3,25,1,NaN,NaN,0,0.422066926956177
A031,A,3,26,NaN,1,0,NaN,NaN
A031,A,3,27,1,NaN,NaN,0,0.261412858963013
A031,A,3,28,1,NaN,NaN,0,0.322488069534302
A031,A,3,29,1,NaN,NaN,0,0.296118021011353
A031,A,3,30,1,NaN,NaN,0,NaN
A031,A,3,31,1,NaN,NaN,0,0.259223937988281
A031,A,3,32,1,NaN,NaN,0,0.256155014038086
A031,A,3,33,1,NaN,NaN,0,0.249265909194946
A031,A,3,34,NaN,0,1,NaN,NaN
A031,A,3,35,1,NaN,NaN,0,0.290611982345581
A031,A,3,36,1,NaN,NaN,0,0.257375001907349
A031,A,3,37,1,NaN,NaN,0,0.40698504447937
A031,A,3,38,1,NaN,NaN,0,0.328284978866577
A031,A,3,39,1,NaN,NaN,0,0.29668402671814
A031,A,3,40,NaN,1,0,NaN,NaN
A031,A,3,41,1,NaN,NaN,0,0.275038957595825
A031,A,3,42,1,NaN,NaN,0,0.302932977676392
A031,A,3,43,1,NaN,NaN,0,0.326282978057861
A031,A,3,44,1,NaN,NaN,0,0.316967964172363
A031,A,3,45,1,NaN,NaN,0,0.289143085479736
A031,A,3,46,1,NaN,NaN,0,0.280332803726196
A031,A,3,47,1,NaN,NaN,0,0.329405069351196
A031,A,3,48,1,NaN,NaN,0,0.38270902633667
A031,A,3,49,1,NaN,NaN,0,0.311250925064087
A031,A,3,50,1,NaN,NaN,0,0.521391153335571
A031,A,3,51,NaN,1,0,NaN,NaN
A031,A,3,52,1,NaN,NaN,0,0.465975999832153
A031,A,3,53,1,NaN,NaN,0,0.404567003250122
A031,A,3,54,1,NaN,NaN,0,0.248342990875244
A031,A,3,55,1,NaN,NaN,0,0.377770900726318
A031,A,3,56,1,NaN,NaN,0,0.473828077316284
A031,A,3,57,1,NaN,NaN,0,0.369328022003174
A031,A,3,58,1,NaN,NaN,0,0.358229160308838
A031,A,3,59,1,NaN,NaN,0,0.327466011047363
A031,A,3,60,1,NaN,NaN,0,0.295531988143921
A031,A,3,61,NaN,1,0,NaN,NaN
A031,A,3,62,1,NaN,NaN,0,0.283102989196777
A031,A,3,63,1,NaN,NaN,0,0.292561054229736
A031,A,3,64,1,NaN,NaN,0,0.378370046615601
A031,A,3,65,1,NaN,NaN,0,0.331954956054688
A031,A,3,66,1,NaN,NaN,0,0.341012954711914
A031,A,3,67,1,NaN,NaN,0,0.302209854125977
A031,A,3,68,1,NaN,NaN,0,0.384401082992554
A031,A,3,69,NaN,0,1,NaN,NaN
A031,A,3,70,1,NaN,NaN,0,0.367943048477173
A031,A,3,71,1,NaN,NaN,0,0.299690961837769
A031,A,3,72,1,NaN,NaN,0,0.386660099029541
A031,A,3,73,1,NaN,NaN,0,0.302023887634277
A031,A,3,74,1,NaN,NaN,0,0.325128078460693
A031,A,3,75,1,NaN,NaN,0,0.411470174789429
A031,A,3,76,1,NaN,NaN,0,0.347121000289917
A031,A,3,77,1,NaN,NaN,0,0.304801940917969
A031,A,3,78,NaN,0,1,NaN,NaN
A031,A,3,79,1,NaN,NaN,0,0.376169919967651
A031,A,3,80,1,NaN,NaN,0,0.229374885559082
A031,A,3,81,1,NaN,NaN,0,0.273727893829346
A031,A,3,82,1,NaN,NaN,0,0.346179008483887
A031,A,3,83,1,NaN,NaN,0,0.334827899932861
A031,A,3,84,1,NaN,NaN,0,0.315701961517334
A031,A,3,85,1,NaN,NaN,0,0.361575126647949
A031,A,3,86,1,NaN,NaN,0,0.356405973434448
A031,A,3,87,1,NaN,NaN,0,0.447160959243774
A031,A,3,88,1,NaN,NaN,0,0.473695039749146
A031,A,3,89,NaN,1,0,NaN,NaN
A031,A,3,90,1,NaN,NaN,0,0.304796934127808
A031,A,3,91,1,NaN,NaN,0,0.310834884643555
A031,A,3,92,1,NaN,NaN,0,0.303919076919556
A031,A,3,93,1,NaN,NaN,0,0.316250085830688
A031,A,3,94,NaN,0,1,NaN,NaN
A031,A,3,95,1,NaN,NaN,0,0.264419078826904
A031,A,3,96,1,NaN,NaN,0,0.279485940933228
A031,A,3,97,1,NaN,NaN,0,0.271323919296265
A031,A,3,98,1,NaN,NaN,0,0.231921911239624
A031,A,3,99,1,NaN,NaN,0,0.249384164810181
A031,A,3,100,1,NaN,NaN,0,0.21875786781311
A031,A,3,101,1,NaN,NaN,0,0.332732915878296
A031,A,3,102,1,NaN,NaN,0,0.268701791763306
A031,A,3,103,NaN,1,0,NaN,NaN
A031,A,3,104,1,NaN,NaN,0,0.381609916687012
A031,A,3,105,1,NaN,NaN,0,0.302880048751831
A031,A,3,106,1,NaN,NaN,0,0.254132032394409
A031,A,3,107,1,NaN,NaN,0,0.330222129821777
A031,A,3,108,1,NaN,NaN,0,0.379970073699951
A031,A,3,109,1,NaN,NaN,0,0.350341081619263
A031,A,3,110,1,NaN,NaN,0,0.350598096847534
A031,A,3,111,1,NaN,NaN,0,0.36129093170166
A031,A,3,112,1,NaN,NaN,0,0.37743091583252
A031,A,3,113,1,NaN,NaN,0,0.387619972229004
A031,A,3,114,1,NaN,NaN,0,0.39270806312561
A031,A,3,115,1,NaN,NaN,0,0.410126924514771
A031,A,3,116,NaN,1,0,NaN,NaN
A031,A,3,117,1,NaN,NaN,0,0.277158975601196
A031,A,3,118,1,NaN,NaN,0,0.263353109359741
A031,A,3,119,1,NaN,NaN,0,0.303628921508789
A031,A,3,120,1,NaN,NaN,0,0.465292930603027
A031,A,3,121,1,NaN,NaN,0,0.324908018112183
A031,A,3,122,1,NaN,NaN,0,0.319578170776367
A031,A,3,123,NaN,1,0,NaN,NaN
A031,A,3,124,1,NaN,NaN,0,0.424669981002808
A031,A,3,125,1,NaN,NaN,0,0.280555009841919
A031,A,3,126,1,NaN,NaN,0,0.238214015960693
A031,A,3,127,1,NaN,NaN,0,0.260049104690552
A031,A,3,128,1,NaN,NaN,0,0.196783065795898
A031,A,3,129,1,NaN,NaN,0,NaN
A031,A,3,130,NaN,0,1,NaN,NaN
A031,A,3,131,1,NaN,NaN,0,0.335227012634277
A031,A,3,132,1,NaN,NaN,0,0.48048210144043
A031,A,3,133,1,NaN,NaN,0,0.353645086288452
A031,A,3,134,1,NaN,NaN,0,0.436853885650635
A031,A,3,135,1,NaN,NaN,0,0.330366849899292
A031,A,3,136,1,NaN,NaN,0,0.258679151535034
A031,A,3,137,1,NaN,NaN,0,0.327661991119385
A031,A,3,138,1,NaN,NaN,0,0.303140878677368
A031,A,3,139,1,NaN,NaN,0,0.356048107147217
A031,A,3,140,1,NaN,NaN,0,0.379263877868652
A031,A,3,141,1,NaN,NaN,0,0.291747093200684
A031,A,3,142,1,NaN,NaN,0,0.348186016082764
A031,A,3,143,NaN,0,1,NaN,NaN
A031,A,3,144,1,NaN,NaN,0,0.186395168304443
A031,A,3,145,1,NaN,NaN,0,0.351351022720337
A031,A,3,146,1,NaN,NaN,0,0.260768890380859
A031,A,3,147,1,NaN,NaN,0,0.306981086730957
A031,A,3,148,1,NaN,NaN,0,0.301029920578003
A031,A,3,149,1,NaN,NaN,0,0.31666898727417
A031,A,3,150,1,NaN,NaN,0,0.328671932220459
A031,A,3,151,1,NaN,NaN,0,0.323616027832031
A031,A,3,152,NaN,1,0,NaN,NaN
A031,A,3,153,1,NaN,NaN,0,0.276256084442139
A031,A,3,154,1,NaN,NaN,0,0.276488065719604
A031,A,3,155,1,NaN,NaN,0,0.37779688835144
A031,A,3,156,1,NaN,NaN,0,0.314219951629639
A031,A,3,157,1,NaN,NaN,0,0.303318977355957
A031,A,3,158,1,NaN,NaN,0,0.26458477973938
A031,A,3,159,1,NaN,NaN,0,0.548786878585815
A031,A,3,160,NaN,1,0,NaN,NaN
A031,A,3,161,1,NaN,NaN,0,0.3193199634552
A031,A,3,162,1,NaN,NaN,0,0.497636079788208
A031,A,3,163,1,NaN,NaN,0,0.353673934936523
A031,A,3,164,NaN,1,0,NaN,NaN
A031,A,3,165,1,NaN,NaN,0,0.319633960723877
A031,A,3,166,1,NaN,NaN,0,0.286777973175049
A031,A,3,167,1,NaN,NaN,0,0.328839063644409
A031,A,3,168,1,NaN,NaN,0,0.293982982635498
A031,A,3,169,1,NaN,NaN,0,0.307141065597534
A031,A,3,170,1,NaN,NaN,0,0.320364952087402
A031,A,3,171,1,NaN,NaN,0,0.301578998565674
A031,A,3,172,1,NaN,NaN,0,0.298710823059082
A031,A,3,173,1,NaN,NaN,0,0.282087087631226
A031,A,3,174,1,NaN,NaN,0,0.241873025894165
A031,A,3,175,1,NaN,NaN,0,0.264869928359985
A031,A,3,176,1,NaN,NaN,0,0.268167972564697
A031,A,3,177,1,NaN,NaN,0,0.245290040969849
A031,A,3,178,NaN,0,1,NaN,NaN
A031,A,3,179,1,NaN,NaN,0,0.271314144134521
A031,A,3,180,1,NaN,NaN,0,0.286457061767578
A031,A,3,181,1,NaN,NaN,0,0.289324998855591
A031,A,3,182,NaN,0,1,NaN,NaN
A031,A,3,183,1,NaN,NaN,0,0.284453868865967
A031,A,3,184,1,NaN,NaN,0,0.366530895233154
A031,A,3,185,1,NaN,NaN,0,0.393242120742798
A031,A,3,186,1,NaN,NaN,0,0.42655086517334
A031,A,3,187,1,NaN,NaN,0,0.3210768699646
A031,A,3,188,1,NaN,NaN,0,0.317864179611206
A031,A,3,189,1,NaN,NaN,0,0.281612873077393
A031,A,3,190,1,NaN,NaN,0,0.410414934158325
A031,A,3,191,NaN,1,0,NaN,NaN
A031,A,3,192,1,NaN,NaN,0,0.403409004211426
A031,A,3,193,1,NaN,NaN,0,0.311946153640747
A031,A,3,194,1,NaN,NaN,0,0.387656927108765
A031,A,3,195,1,NaN,NaN,0,0.371056079864502
A031,A,3,196,1,NaN,NaN,0,0.287307977676392
A031,A,3,197,1,NaN,NaN,0,0.314278841018677
A031,A,3,198,1,NaN,NaN,0,0.3211829662323
A031,A,3,199,1,NaN,NaN,0,0.378716945648193
A031,A,3,200,1,NaN,NaN,0,0.393378973007202
A031,A,3,201,1,NaN,NaN,0,0.281839847564697
A031,A,3,202,1,NaN,NaN,0,0.302309989929199
A031,A,3,203,1,NaN,NaN,0,0.283106088638306
A031,A,3,204,1,NaN,NaN,0,0.354334115982056
A031,A,3,205,1,NaN,NaN,0,0.347679853439331
A031,A,3,206,NaN,1,0,NaN,NaN
A031,A,3,207,1,NaN,NaN,0,0.382566928863525
A031,A,3,208,1,NaN,NaN,0,0.366851091384888
A031,A,3,209,1,NaN,NaN,0,0.355242013931274
A031,A,3,210,1,NaN,NaN,0,0.37660813331604
A031,A,3,211,1,NaN,NaN,0,0.454113006591797
A031,A,3,212,NaN,1,0,NaN,NaN
A031,A,3,213,1,NaN,NaN,0,0.334999084472656
A031,A,3,214,1,NaN,NaN,0,0.444825887680054
A031,A,3,215,1,NaN,NaN,0,0.413171052932739
A031,A,3,216,1,NaN,NaN,0,0.457834005355835
A031,A,3,217,1,NaN,NaN,0,0.331466913223267
A031,A,3,218,1,NaN,NaN,0,0.29212498664856
A031,A,3,219,1,NaN,NaN,0,0.309942960739136
A031,A,3,220,NaN,0,1,NaN,NaN
A031,A,3,221,1,NaN,NaN,0,0.385285139083862
A031,A,3,222,1,NaN,NaN,0,0.364320039749146
A031,A,3,223,1,NaN,NaN,0,0.426249980926514
A031,A,3,224,1,NaN,NaN,0,0.330466985702515
A031,A,3,225,1,NaN,NaN,0,0.285344839096069
A031,A,3,226,1,NaN,NaN,0,0.297244787216187
A031,A,3,227,1,NaN,NaN,0,0.341923952102661
A031,A,3,228,1,NaN,NaN,0,0.291800022125244
A031,A,3,229,1,NaN,NaN,0,0.28500509262085
A031,A,3,230,NaN,0,1,NaN,NaN
A031,A,3,231,1,NaN,NaN,0,0.196739912033081
A031,A,3,232,1,NaN,NaN,0,0.251387119293213
A031,A,3,233,1,NaN,NaN,0,0.321615934371948
A031,A,3,234,1,NaN,NaN,0,0.258831977844238
A031,A,3,235,1,NaN,NaN,0,0.309691905975342
A031,A,3,236,1,NaN,NaN,0,0.270918846130371
A031,A,3,237,1,NaN,NaN,0,0.230731964111328
A031,A,3,238,1,NaN,NaN,0,0.296401023864746
A031,A,3,239,1,NaN,NaN,0,0.353224039077759
A031,A,3,240,1,NaN,NaN,0,0.291409969329834
A031,A,3,241,NaN,0,1,NaN,NaN
A031,A,3,242,1,NaN,NaN,0,0.265174150466919
A031,A,3,243,1,NaN,NaN,0,0.288259983062744
A031,A,3,244,1,NaN,NaN,0,0.292558908462524
A031,A,3,245,1,NaN,NaN,0,0.358940839767456
A031,A,3,246,1,NaN,NaN,0,0.391664028167725
A031,A,3,247,1,NaN,NaN,0,0.417961835861206
A031,A,3,248,1,NaN,NaN,0,0.511908054351807
A031,A,3,249,1,NaN,NaN,0,0.364495038986206
A031,A,3,250,1,NaN,NaN,0,0.340624094009399
A031,A,3,251,NaN,1,0,NaN,NaN
A031,A,3,252,1,NaN,NaN,0,0.268589973449707
A031,A,3,253,1,NaN,NaN,0,0.384771108627319
A031,A,3,254,1,NaN,NaN,0,0.497830867767334
A031,A,3,255,1,NaN,NaN,0,0.547114133834839
A031,A,3,256,1,NaN,NaN,0,0.51783299446106
A031,A,3,257,NaN,1,0,NaN,NaN
A031,A,3,258,1,NaN,NaN,0,0.30809211730957
A031,A,3,259,1,NaN,NaN,0,0.321164846420288
A031,A,3,260,1,NaN,NaN,0,0.372219085693359
A031,A,3,261,1,NaN,NaN,0,0.416507005691528
A031,A,3,262,1,NaN,NaN,0,0.392125844955444
A031,A,3,263,1,NaN,NaN,0,0.287895917892456
A031,A,3,264,1,NaN,NaN,0,0.303483963012695
A031,A,3,265,1,NaN,NaN,0,0.325631856918335
A031,A,3,266,NaN,1,0,NaN,NaN
A031,A,3,267,1,NaN,NaN,0,0.340023994445801
A031,A,3,268,1,NaN,NaN,0,0.361488103866577
A031,A,3,269,1,NaN,NaN,0,0.28080415725708
A031,A,3,270,1,NaN,NaN,0,0.165395975112915
A031,A,3,271,1,NaN,NaN,0,0.231591939926147
A031,A,3,272,1,NaN,NaN,0,0.265258073806763
A031,A,3,273,1,NaN,NaN,0,0.29102087020874
A031,A,3,274,NaN,1,0,NaN,NaN
A031,A,3,275,1,NaN,NaN,0,0.240339040756226
A031,A,3,276,1,NaN,NaN,0,0.309344053268433
A031,A,3,277,1,NaN,NaN,0,0.331475973129272
A031,A,3,278,1,NaN,NaN,0,0.290693044662476
A031,A,3,279,1,NaN,NaN,0,0.423935890197754
A031,A,3,280,1,NaN,NaN,0,0.348737955093384
A031,A,3,281,1,NaN,NaN,0,0.401125907897949
A031,A,3,282,1,NaN,NaN,0,0.290586948394775
A031,A,3,283,1,NaN,NaN,0,0.33905816078186
A031,A,3,284,1,NaN,NaN,0,0.353342056274414
A031,A,3,285,1,NaN,NaN,0,0.329710960388184
A031,A,3,286,1,NaN,NaN,0,0.398542165756226
A031,A,3,287,NaN,1,0,NaN,NaN
A031,A,3,288,1,NaN,NaN,0,0.22088885307312
A031,A,3,289,1,NaN,NaN,0,0.327141046524048
A031,A,3,290,1,NaN,NaN,0,0.36088490486145
A031,A,3,291,1,NaN,NaN,0,0.292628049850464
A031,A,3,292,NaN,0,1,NaN,NaN
A031,A,3,293,1,NaN,NaN,0,0.322273969650269
A031,A,3,294,1,NaN,NaN,0,0.302412033081055
A031,A,3,295,1,NaN,NaN,0,0.40524697303772
A031,A,3,296,1,NaN,NaN,0,0.326194047927856
A031,A,3,297,1,NaN,NaN,0,0.422380924224854
A031,A,3,298,1,NaN,NaN,0,0.431756973266602
A031,A,3,299,NaN,1,0,NaN,NaN
A031,A,3,300,1,NaN,NaN,0,0.408138990402222
A031,A,3,301,1,NaN,NaN,0,0.289506912231445
A031,A,3,302,1,NaN,NaN,0,0.455714225769043
A031,A,3,303,1,NaN,NaN,0,0.347278118133545
A031,A,3,304,1,NaN,NaN,0,0.366431951522827
A031,A,3,305,1,NaN,NaN,0,0.31344199180603
A031,A,3,306,1,NaN,NaN,0,0.330394983291626
A031,A,3,307,1,NaN,NaN,0,0.311416864395142
A031,A,3,308,1,NaN,NaN,0,0.462496995925903
A031,A,3,309,1,NaN,NaN,0,0.407882928848267
A031,A,3,310,NaN,1,0,NaN,NaN
A031,A,3,311,1,NaN,NaN,0,0.365906000137329
A031,A,3,312,1,NaN,NaN,0,0.419719934463501
A031,A,3,313,1,NaN,NaN,0,0.399842977523804
A031,A,3,314,1,NaN,NaN,0,0.28669810295105
A031,A,3,315,1,NaN,NaN,0,0.283788919448853
A031,A,3,316,1,NaN,NaN,0,0.326467990875244
A031,A,3,317,1,NaN,NaN,0,0.282081842422485
A031,A,3,318,1,NaN,NaN,0,0.312499046325684
A031,A,3,319,1,NaN,NaN,0,0.245310068130493
A031,A,3,320,1,NaN,NaN,0,0.253693819046021
A031,A,3,321,NaN,0,1,NaN,NaN
A031,A,3,322,1,NaN,NaN,0,0.193493843078613
A031,A,3,323,1,NaN,NaN,0,0.277901172637939
A031,A,3,324,1,NaN,NaN,0,0.326594829559326
A031,A,3,325,1,NaN,NaN,0,0.364114046096802
A031,A,3,326,1,NaN,NaN,0,0.324979066848755
A031,A,3,327,1,NaN,NaN,0,0.346083879470825
A031,A,3,328,1,NaN,NaN,0,0.406969785690308
A031,A,3,329,1,NaN,NaN,0,0.383803844451904
A031,A,3,330,1,NaN,NaN,0,0.328165054321289
A031,A,3,331,NaN,0,1,NaN,NaN
A031,A,3,332,1,NaN,NaN,0,0.246855020523071
A031,A,3,333,1,NaN,NaN,0,0.295621156692505
A031,A,3,334,1,NaN,NaN,0,0.326588153839111
A031,A,3,335,1,NaN,NaN,0,0.262485027313232
A031,A,3,336,1,NaN,NaN,0,0.284398078918457
A031,A,3,337,1,NaN,NaN,0,0.255608081817627
A031,A,3,338,1,NaN,NaN,0,0.336359977722168
A031,A,3,339,NaN,0,1,NaN,NaN
A031,A,3,340,1,NaN,NaN,0,0.251267910003662
A031,A,3,341,1,NaN,NaN,0,0.284645080566406
A031,A,3,342,1,NaN,NaN,0,0.283515930175781
A031,A,3,343,1,NaN,NaN,0,NaN
A031,A,3,344,1,NaN,NaN,0,0.358256101608276
A031,A,3,345,1,NaN,NaN,0,0.299236059188843
A031,A,3,346,1,NaN,NaN,0,0.337716102600098
A031,A,3,347,1,NaN,NaN,0,0.386539220809937
A031,A,3,348,1,NaN,NaN,0,0.416007041931152
A031,A,3,349,1,NaN,NaN,0,0.461339950561523
A031,A,3,350,NaN,1,0,NaN,NaN
A031,A,3,351,1,NaN,NaN,0,0.343791007995605
A031,A,3,352,1,NaN,NaN,0,0.352669954299927
A031,A,3,353,1,NaN,NaN,0,0.366629838943481
A031,A,3,354,1,NaN,NaN,0,0.383009910583496
A031,A,3,355,1,NaN,NaN,0,0.425580024719238
A031,A,3,356,1,NaN,NaN,0,0.365609884262085
A031,A,3,357,1,NaN,NaN,0,0.460170030593872
A031,A,3,358,1,NaN,NaN,0,0.405257225036621
A031,A,3,359,NaN,0,1,NaN,NaN
A031,A,3,360,1,NaN,NaN,0,NaN
A031,A,3,361,1,NaN,NaN,0,NaN
A031,A,3,362,1,NaN,NaN,0,0.255789041519165
A031,A,3,363,1,NaN,NaN,0,0.21829891204834
A031,A,3,364,1,NaN,NaN,0,0.290639877319336
A031,A,3,365,1,NaN,NaN,0,0.336718082427979
A031,A,3,366,1,NaN,NaN,0,0.308195114135742
A031,A,3,367,1,NaN,NaN,0,0.255913019180298
A031,A,3,368,NaN,1,0,NaN,NaN
A031,A,3,369,1,NaN,NaN,0,0.269787073135376
A031,A,3,370,1,NaN,NaN,0,0.287758111953735
A031,A,3,371,1,NaN,NaN,0,0.398339986801147
A031,A,3,372,1,NaN,NaN,0,0.319432020187378
A031,A,3,373,1,NaN,NaN,0,0.338239908218384
A031,A,3,374,NaN,1,0,NaN,NaN
A031,A,3,375,1,NaN,NaN,0,0.303565979003906
A031,A,3,376,1,NaN,NaN,0,0.321240186691284
A031,A,3,377,1,NaN,NaN,0,0.29665207862854
A031,A,3,378,1,NaN,NaN,0,0.333590984344482
A031,A,3,379,1,NaN,NaN,0,0.291651964187622
A031,A,3,380,1,NaN,NaN,0,0.34169602394104
A031,A,3,381,1,NaN,NaN,0,0.378818988800049
A031,A,3,382,1,NaN,NaN,0,0.378889083862305
A031,A,3,383,1,NaN,NaN,0,0.364309072494507
A031,A,3,384,NaN,0,1,NaN,NaN
A031,A,3,385,1,NaN,NaN,0,0.336290121078491
A031,A,3,386,1,NaN,NaN,0,0.352082014083862
A031,A,3,387,1,NaN,NaN,0,0.336457014083862
A031,A,3,388,1,NaN,NaN,0,0.345832109451294
A031,A,3,389,1,NaN,NaN,0,0.270743846893311
A031,A,3,390,1,NaN,NaN,0,0.306827783584595
A031,A,3,391,1,NaN,NaN,0,0.34538197517395
A031,A,3,392,1,NaN,NaN,0,0.310789108276367
A031,A,3,393,1,NaN,NaN,0,0.356734037399292
A031,A,3,394,1,NaN,NaN,0,0.310086011886597
A031,A,3,395,NaN,0,1,NaN,NaN
A031,A,3,396,1,NaN,NaN,0,0.274119138717651
A031,A,3,397,1,NaN,NaN,0,0.336940050125122
A031,A,3,398,NaN,1,0,NaN,NaN
A031,A,3,399,1,NaN,NaN,0,0.33322286605835
A031,A,3,400,1,NaN,NaN,0,0.418142080307007
A031,A,3,401,1,NaN,NaN,0,0.739680051803589
A031,A,3,402,1,NaN,NaN,0,0.347654104232788
A031,A,3,403,1,NaN,NaN,0,0.335069894790649
A031,A,3,404,1,NaN,NaN,0,0.3526451587677
A031,A,3,405,1,NaN,NaN,0,0.613615989685059
A031,A,3,406,1,NaN,NaN,0,0.486983060836792
A031,A,3,407,1,NaN,NaN,0,0.314109086990356
A031,A,3,408,1,NaN,NaN,0,0.249501943588257
A031,A,3,409,1,NaN,NaN,0,0.339128971099854
A031,A,3,410,1,NaN,NaN,0,0.37999701499939
A031,A,3,411,NaN,1,0,NaN,NaN
A031,A,3,412,1,NaN,NaN,0,0.272019863128662
A031,A,3,413,1,NaN,NaN,0,0.262180089950562
A031,A,3,414,1,NaN,NaN,0,0.318909883499146
A031,A,3,415,1,NaN,NaN,0,0.263364791870117
A031,A,3,416,1,NaN,NaN,0,0.282003879547119
A031,A,3,417,1,NaN,NaN,0,0.32152795791626
A031,A,3,418,1,NaN,NaN,0,0.284144878387451
A031,A,3,419,NaN,1,0,NaN,NaN
A031,A,3,420,1,NaN,NaN,0,0.224581956863403
A031,A,3,421,1,NaN,NaN,0,0.223796844482422
A031,A,3,422,1,NaN,NaN,0,0.248986959457397
A031,A,3,423,1,NaN,NaN,0,0.21229100227356
A031,A,3,424,1,NaN,NaN,0,0.153613090515137
A031,A,3,425,1,NaN,NaN,0,0.266523122787476
A031,A,3,426,1,NaN,NaN,0,0.263350009918213
A031,A,3,427,1,NaN,NaN,0,0.282081842422485
A031,A,3,428,1,NaN,NaN,0,0.329797983169556
A031,A,3,429,1,NaN,NaN,0,0.347501993179321
A031,A,3,430,NaN,0,1,NaN,NaN
A031,A,3,431,1,NaN,NaN,0,0.215414047241211
A031,A,3,432,1,NaN,NaN,0,0.288634061813354
A031,A,3,433,1,NaN,NaN,0,0.294105052947998
A031,A,3,434,1,NaN,NaN,0,0.331177949905396
A031,A,3,435,1,NaN,NaN,0,0.312366008758545
A031,A,3,436,NaN,1,0,NaN,NaN
A031,A,3,437,1,NaN,NaN,0,0.331148862838745
A031,A,3,438,1,NaN,NaN,0,0.291601896286011
A031,A,3,439,1,NaN,NaN,0,0.284456014633179
A031,A,3,440,1,NaN,NaN,0,0.177971839904785
A031,A,3,441,1,NaN,NaN,0,0.226990938186646
A031,A,3,442,1,NaN,NaN,0,0.249472141265869
A031,A,3,443,1,NaN,NaN,0,NaN
A031,A,3,444,1,NaN,NaN,0,0.30608606338501
A031,A,3,445,1,NaN,NaN,0,0.327781915664673
A031,A,3,446,NaN,1,0,NaN,NaN
A031,A,3,447,1,NaN,NaN,0,0.2970130443573
A031,A,3,448,1,NaN,NaN,0,0.306341886520386
A031,A,3,449,1,NaN,NaN,0,0.356498003005981
A031,A,3,450,1,NaN,NaN,0,0.268783092498779
A031,A,3,451,1,NaN,NaN,0,0.261759996414185
A031,A,3,452,1,NaN,NaN,0,0.186094045639038
A031,A,3,453,NaN,1,0,NaN,NaN
A031,A,3,454,1,NaN,NaN,0,0.312418937683105
A031,A,3,455,1,NaN,NaN,0,0.298635005950928
A031,A,3,456,1,NaN,NaN,0,0.256125926971436
A031,A,3,457,1,NaN,NaN,0,0.345372200012207
A031,A,3,458,1,NaN,NaN,0,0.335819959640503
A031,A,3,459,1,NaN,NaN,0,0.268977880477905
A031,A,3,460,1,NaN,NaN,0,0.312533140182495
A031,A,3,461,1,NaN,NaN,0,0.292079925537109
A031,A,3,462,NaN,0,1,NaN,NaN
A031,A,3,463,1,NaN,NaN,0,0.384345054626465
A031,A,3,464,1,NaN,NaN,0,0.311861991882324
A031,A,3,465,1,NaN,NaN,0,0.222912073135376
A031,A,3,466,1,NaN,NaN,0,0.354861974716187
A031,A,3,467,1,NaN,NaN,0,0.291640996932983
A031,A,3,468,1,NaN,NaN,0,0.272372007369995
A031,A,3,469,1,NaN,NaN,0,0.234089851379395
A031,A,3,470,1,NaN,NaN,0,0.366579055786133
A031,A,3,471,1,NaN,NaN,0,0.240358114242554
A031,A,3,472,1,NaN,NaN,0,NaN
A031,A,3,473,1,NaN,NaN,0,0.274462938308716
A031,A,3,474,1,NaN,NaN,0,0.234876155853271
A031,A,3,475,NaN,0,1,NaN,NaN
A031,A,3,476,1,NaN,NaN,0,0.23078989982605
A031,A,3,477,1,NaN,NaN,0,0.180667877197266
A031,A,3,478,0,NaN,NaN,1,NaN
A031,A,3,479,1,NaN,NaN,0,0.240668058395386
A031,A,3,480,1,NaN,NaN,0,0.29349422454834
A031,A,3,481,1,NaN,NaN,0,0.354223966598511
A031,A,3,482,NaN,1,0,NaN,NaN
A031,A,3,483,1,NaN,NaN,0,0.398215055465698
A031,A,3,484,1,NaN,NaN,0,0.389128923416138
A031,A,3,485,1,NaN,NaN,0,0.32600212097168
A031,A,3,486,1,NaN,NaN,0,0.270288944244385
A031,A,3,487,1,NaN,NaN,0,0.276593923568726
A031,A,3,488,1,NaN,NaN,0,0.253700971603394
A031,A,3,489,1,NaN,NaN,0,0.220292091369629
A031,A,3,490,1,NaN,NaN,0,0.262727975845337
A031,A,3,491,1,NaN,NaN,0,0.22379994392395
A031,A,3,492,1,NaN,NaN,0,0.269328117370605
A031,A,3,493,1,NaN,NaN,0,0.25316596031189
A031,A,3,494,NaN,0,1,NaN,NaN
A031,A,3,495,1,NaN,NaN,0,0.265996217727661
A031,A,3,496,1,NaN,NaN,0,0.189738035202026
A031,A,3,497,1,NaN,NaN,0,0.257873058319092
A031,A,3,498,1,NaN,NaN,0,0.225972175598145
A031,A,3,499,1,NaN,NaN,0,0.232502937316895
A031,A,3,500,1,NaN,NaN,0,0.239253044128418
A031,A,3,501,1,NaN,NaN,0,0.250178098678589
A031,A,3,502,1,NaN,NaN,0,0.230967044830322
A031,A,3,503,NaN,0,1,NaN,NaN
A031,A,3,504,1,NaN,NaN,0,0.258171796798706
A031,A,3,505,1,NaN,NaN,0,0.261765003204346
A031,A,3,506,NaN,0,1,NaN,NaN
A031,A,3,507,1,NaN,NaN,0,0.2728431224823
A031,A,3,508,1,NaN,NaN,0,0.368211984634399
A031,A,3,509,1,NaN,NaN,0,0.346955060958862
A031,A,3,510,1,NaN,NaN,0,0.251796960830688
A031,A,3,511,1,NaN,NaN,0,0.354526996612549
A031,A,3,512,1,NaN,NaN,0,0.320862054824829
A031,A,3,513,1,NaN,NaN,0,0.26487398147583
A031,A,3,514,1,NaN,NaN,0,0.310186147689819
A031,A,3,515,1,NaN,NaN,0,0.276896953582764
A031,A,3,516,NaN,1,0,NaN,NaN
A031,A,3,517,1,NaN,NaN,0,0.246488094329834
A031,A,3,518,1,NaN,NaN,0,0.318187952041626
A031,A,3,519,1,NaN,NaN,0,0.330590963363647
A031,A,3,520,1,NaN,NaN,0,0.27508807182312
A031,A,3,521,1,NaN,NaN,0,0.332290887832642
A031,A,3,522,1,NaN,NaN,0,0.342184066772461
A031,A,3,523,1,NaN,NaN,0,0.311334848403931
A031,A,3,524,1,NaN,NaN,0,0.25559401512146
A031,A,3,525,1,NaN,NaN,0,0.280519008636475
A031,A,3,526,1,NaN,NaN,0,NaN
A031,A,3,527,1,NaN,NaN,0,0.251821994781494
A031,A,3,528,1,NaN,NaN,0,0.23806095123291
A031,A,3,529,NaN,1,0,NaN,NaN
A031,A,3,530,1,NaN,NaN,0,0.318567037582397
A031,A,3,531,1,NaN,NaN,0,0.324077844619751
A031,A,4,1,1,NaN,NaN,0,0.37158989906311
A031,A,4,2,1,NaN,NaN,0,0.304394960403442
A031,A,4,3,NaN,0,1,NaN,NaN
A031,A,4,4,1,NaN,NaN,0,0.279390811920166
A031,A,4,5,1,NaN,NaN,0,0.275178909301758
A031,A,4,6,1,NaN,NaN,0,0.277009010314941
A031,A,4,7,1,NaN,NaN,0,0.393347978591919
A031,A,4,8,1,NaN,NaN,0,0.362417936325073
A031,A,4,9,1,NaN,NaN,0,0.315545797348022
A031,A,4,10,1,NaN,NaN,0,0.338672161102295
A031,A,4,11,1,NaN,NaN,0,0.319360017776489
A031,A,4,12,NaN,1,0,NaN,NaN
A031,A,4,13,1,NaN,NaN,0,0.235651969909668
A031,A,4,14,1,NaN,NaN,0,0.293689012527466
A031,A,4,15,1,NaN,NaN,0,0.226124048233032
A031,A,4,16,1,NaN,NaN,0,0.217674970626831
A031,A,4,17,1,NaN,NaN,0,0.216720819473267
A031,A,4,18,1,NaN,NaN,0,0.321497917175293
A031,A,4,19,1,NaN,NaN,0,0.314438104629517
A031,A,4,20,1,NaN,NaN,0,0.30136513710022
A031,A,4,21,1,NaN,NaN,0,0.338281154632568
A031,A,4,22,1,NaN,NaN,0,0.376394033432007
A031,A,4,23,1,NaN,NaN,0,0.330006122589111
A031,A,4,24,NaN,1,0,NaN,NaN
A031,A,4,25,1,NaN,NaN,0,0.246505975723267
A031,A,4,26,1,NaN,NaN,0,0.236024141311646
A031,A,4,27,1,NaN,NaN,0,0.239953994750977
A031,A,4,28,1,NaN,NaN,0,0.25929594039917
A031,A,4,29,1,NaN,NaN,0,0.260013103485107
A031,A,4,30,1,NaN,NaN,0,0.248830080032349
A031,A,4,31,1,NaN,NaN,0,0.251742124557495
A031,A,4,32,NaN,0,1,NaN,NaN
A031,A,4,33,1,NaN,NaN,0,0.231215000152588
A031,A,4,34,1,NaN,NaN,0,0.188201189041138
A031,A,4,35,1,NaN,NaN,0,0.211126089096069
A031,A,4,36,1,NaN,NaN,0,0.269232988357544
A031,A,4,37,1,NaN,NaN,0,0.269672155380249
A031,A,4,38,1,NaN,NaN,0,0.252545833587646
A031,A,4,39,1,NaN,NaN,0,0.151654005050659
A031,A,4,40,NaN,0,1,NaN,NaN
A031,A,4,41,1,NaN,NaN,0,NaN
A031,A,4,42,1,NaN,NaN,0,0.668401956558228
A031,A,4,43,1,NaN,NaN,0,0.560159921646118
A031,A,4,44,1,NaN,NaN,0,0.466125965118408
A031,A,4,45,1,NaN,NaN,0,0.32175612449646
A031,A,4,46,1,NaN,NaN,0,0.278114795684814
A031,A,4,47,1,NaN,NaN,0,0.31486988067627
A031,A,4,48,1,NaN,NaN,0,0.246507883071899
A031,A,4,49,NaN,1,0,NaN,NaN
A031,A,4,50,1,NaN,NaN,0,0.245900869369507
A031,A,4,51,1,NaN,NaN,0,0.270972967147827
A031,A,4,52,1,NaN,NaN,0,0.271947145462036
A031,A,4,53,1,NaN,NaN,0,0.266638040542603
A031,A,4,54,1,NaN,NaN,0,0.270148992538452
A031,A,4,55,1,NaN,NaN,0,0.28275203704834
A031,A,4,56,1,NaN,NaN,0,0.275460958480835
A031,A,4,57,1,NaN,NaN,0,0.235482931137085
A031,A,4,58,1,NaN,NaN,0,0.233003854751587
A031,A,4,59,1,NaN,NaN,0,0.187530040740967
A031,A,4,60,NaN,0,1,NaN,NaN
A031,A,4,61,1,NaN,NaN,0,NaN
A031,A,4,62,1,NaN,NaN,0,NaN
A031,A,4,63,1,NaN,NaN,0,0.255115985870361
A031,A,4,64,1,NaN,NaN,0,0.23429012298584
A031,A,4,65,1,NaN,NaN,0,0.267279148101807
A031,A,4,66,1,NaN,NaN,0,0.212718963623047
A031,A,4,67,1,NaN,NaN,0,0.239537000656128
A031,A,4,68,1,NaN,NaN,0,0.231040000915527
A031,A,4,69,NaN,0,1,NaN,NaN
A031,A,4,70,1,NaN,NaN,0,0.260668039321899
A031,A,4,71,1,NaN,NaN,0,0.26859188079834
A031,A,4,72,1,NaN,NaN,0,0.283493995666504
A031,A,4,73,1,NaN,NaN,0,0.278257846832275
A031,A,4,74,1,NaN,NaN,0,0.302899122238159
A031,A,4,75,1,NaN,NaN,0,0.311812877655029
A031,A,4,76,1,NaN,NaN,0,0.376574993133545
A031,A,4,77,1,NaN,NaN,0,0.299630880355835
A031,A,4,78,1,NaN,NaN,0,0.293007850646973
A031,A,4,79,1,NaN,NaN,0,0.298707962036133
A031,A,4,80,NaN,1,0,NaN,NaN
A031,A,4,81,1,NaN,NaN,0,0.261861085891724
A031,A,4,82,1,NaN,NaN,0,NaN
A031,A,4,83,1,NaN,NaN,0,0.197096109390259
A031,A,4,84,1,NaN,NaN,0,0.218614816665649
A031,A,4,85,1,NaN,NaN,0,0.263803958892822
A031,A,4,86,1,NaN,NaN,0,0.455620050430298
A031,A,4,87,NaN,0,1,NaN,NaN
A031,A,4,88,1,NaN,NaN,0,0.267679929733276
A031,A,4,89,1,NaN,NaN,0,0.292591094970703
A031,A,4,90,1,NaN,NaN,0,0.264577865600586
A031,A,4,91,1,NaN,NaN,0,0.330860137939453
A031,A,4,92,1,NaN,NaN,0,0.278803825378418
A031,A,4,93,1,NaN,NaN,0,0.282531023025513
A031,A,4,94,1,NaN,NaN,0,0.271239042282104
A031,A,4,95,1,NaN,NaN,0,0.300910949707031
A031,A,4,96,1,NaN,NaN,0,0.295127153396606
A031,A,4,97,NaN,1,0,NaN,NaN
A031,A,4,98,1,NaN,NaN,0,0.269613027572632
A031,A,4,99,1,NaN,NaN,0,0.270928144454956
A031,A,4,100,1,NaN,NaN,0,0.270373106002808
A031,A,4,101,1,NaN,NaN,0,0.22914981842041
A031,A,4,102,1,NaN,NaN,0,0.156025886535645
A031,A,4,103,1,NaN,NaN,0,0.264739036560059
A031,A,4,104,1,NaN,NaN,0,0.24843692779541
A031,A,4,105,1,NaN,NaN,0,0.25715708732605
A031,A,4,106,1,NaN,NaN,0,0.31035590171814
A031,A,4,107,NaN,0,1,NaN,NaN
A031,A,4,108,1,NaN,NaN,0,0.261446952819824
A031,A,4,109,1,NaN,NaN,0,0.320175886154175
A031,A,4,110,1,NaN,NaN,0,0.283969879150391
A031,A,4,111,1,NaN,NaN,0,0.248963832855225
A031,A,4,112,1,NaN,NaN,0,0.291635036468506
A031,A,4,113,1,NaN,NaN,0,0.308212995529175
A031,A,4,114,1,NaN,NaN,0,0.337892055511475
A031,A,4,115,NaN,1,0,NaN,NaN
A031,A,4,116,1,NaN,NaN,0,0.333459854125977
A031,A,4,117,1,NaN,NaN,0,0.344007015228271
A031,A,4,118,1,NaN,NaN,0,0.348723173141479
A031,A,4,119,1,NaN,NaN,0,0.32359790802002
A031,A,4,120,NaN,1,0,NaN,NaN
A031,A,4,121,1,NaN,NaN,0,0.229262113571167
A031,A,4,122,1,NaN,NaN,0,0.232378005981445
A031,A,4,123,1,NaN,NaN,0,0.258119106292725
A031,A,4,124,1,NaN,NaN,0,0.20372200012207
A031,A,4,125,1,NaN,NaN,0,0.264967918395996
A031,A,4,126,1,NaN,NaN,0,0.261740207672119
A031,A,4,127,1,NaN,NaN,0,0.266227960586548
A031,A,4,128,1,NaN,NaN,0,NaN
A031,A,4,129,1,NaN,NaN,0,0.255661010742188
A031,A,4,130,1,NaN,NaN,0,0.2119140625
A031,A,4,131,1,NaN,NaN,0,0.541540861129761
A031,A,4,132,NaN,1,0,NaN,NaN
A031,A,4,133,1,NaN,NaN,0,0.276178121566772
A031,A,4,134,1,NaN,NaN,0,0.293424129486084
A031,A,4,135,1,NaN,NaN,0,0.233826875686646
A031,A,4,136,1,NaN,NaN,0,0.24036693572998
A031,A,4,137,1,NaN,NaN,0,0.2379310131073
A031,A,4,138,1,NaN,NaN,0,0.27557110786438
A031,A,4,139,1,NaN,NaN,0,0.222410917282104
A031,A,4,140,1,NaN,NaN,0,0.283138990402222
A031,A,4,141,1,NaN,NaN,0,0.242191076278687
A031,A,4,142,NaN,0,1,NaN,NaN
A031,A,4,143,1,NaN,NaN,0,0.199092149734497
A031,A,4,144,1,NaN,NaN,0,0.200504064559937
A031,A,4,145,1,NaN,NaN,0,NaN
A031,A,4,146,1,NaN,NaN,0,0.275130987167358
A031,A,4,147,1,NaN,NaN,0,0.286939144134521
A031,A,4,148,1,NaN,NaN,0,0.299745798110962
A031,A,4,149,1,NaN,NaN,0,0.312100172042847
A031,A,4,150,NaN,1,0,NaN,NaN
A031,A,4,151,1,NaN,NaN,0,0.321213006973267
A031,A,4,152,1,NaN,NaN,0,0.26582407951355
A031,A,4,153,1,NaN,NaN,0,0.246356964111328
A031,A,4,154,1,NaN,NaN,0,0.274924993515015
A031,A,4,155,1,NaN,NaN,0,0.300164937973022
A031,A,4,156,1,NaN,NaN,0,0.264638900756836
A031,A,4,157,1,NaN,NaN,0,0.319983005523682
A031,A,4,158,1,NaN,NaN,0,0.345400810241699
A031,A,4,159,1,NaN,NaN,0,0.290671825408936
A031,A,4,160,NaN,0,1,NaN,NaN
A031,A,4,161,1,NaN,NaN,0,0.279851913452148
A031,A,4,162,1,NaN,NaN,0,0.283681154251099
A031,A,4,163,1,NaN,NaN,0,0.269021987915039
A031,A,4,164,NaN,1,0,NaN,NaN
A031,A,4,165,1,NaN,NaN,0,0.299234867095947
A031,A,4,166,1,NaN,NaN,0,0.324928998947144
A031,A,4,167,1,NaN,NaN,0,0.294186115264893
A031,A,4,168,1,NaN,NaN,0,0.311053991317749
A031,A,4,169,1,NaN,NaN,0,0.276972055435181
A031,A,4,170,1,NaN,NaN,0,0.371845960617065
A031,A,4,171,1,NaN,NaN,0,0.292748928070068
A031,A,4,172,1,NaN,NaN,0,0.331973075866699
A031,A,4,173,1,NaN,NaN,0,0.283064842224121
A031,A,4,174,1,NaN,NaN,0,0.284324884414673
A031,A,4,175,1,NaN,NaN,0,0.391624927520752
A031,A,4,176,NaN,1,0,NaN,NaN
A031,A,4,177,1,NaN,NaN,0,0.348836898803711
A031,A,4,178,1,NaN,NaN,0,0.278169870376587
A031,A,4,179,1,NaN,NaN,0,0.279039859771729
A031,A,4,180,1,NaN,NaN,0,0.25338888168335
A031,A,4,181,1,NaN,NaN,0,0.188194990158081
A031,A,4,182,1,NaN,NaN,0,0.321131944656372
A031,A,4,183,1,NaN,NaN,0,0.254307985305786
A031,A,4,184,1,NaN,NaN,0,0.255109071731567
A031,A,4,185,1,NaN,NaN,0,0.245565176010132
A031,A,4,186,1,NaN,NaN,0,0.250024080276489
A031,A,4,187,1,NaN,NaN,0,0.271147966384888
A031,A,4,188,NaN,0,1,NaN,NaN
A031,A,4,189,1,NaN,NaN,0,0.26820707321167
A031,A,4,190,1,NaN,NaN,0,0.296438932418823
A031,A,4,191,1,NaN,NaN,0,0.297918081283569
A031,A,4,192,1,NaN,NaN,0,0.454933166503906
A031,A,4,193,1,NaN,NaN,0,0.294700860977173
A031,A,4,194,1,NaN,NaN,0,0.314609050750732
A031,A,4,195,1,NaN,NaN,0,0.458853960037231
A031,A,4,196,NaN,1,0,NaN,NaN
A031,A,4,197,1,NaN,NaN,0,0.306138038635254
A031,A,4,198,1,NaN,NaN,0,0.317034006118774
A031,A,4,199,1,NaN,NaN,0,0.395296096801758
A031,A,4,200,1,NaN,NaN,0,0.518556118011475
A031,A,4,201,1,NaN,NaN,0,0.476977109909058
A031,A,4,202,1,NaN,NaN,0,0.475951194763184
A031,A,4,203,1,NaN,NaN,0,0.428916931152344
A031,A,4,204,1,NaN,NaN,0,0.370539903640747
A031,A,4,205,NaN,0,1,NaN,NaN
A031,A,4,206,1,NaN,NaN,0,0.338315010070801
A031,A,4,207,1,NaN,NaN,0,0.367857933044434
A031,A,4,208,1,NaN,NaN,0,0.324409961700439
A031,A,4,209,1,NaN,NaN,0,0.361293077468872
A031,A,4,210,1,NaN,NaN,0,0.399386882781982
A031,A,4,211,1,NaN,NaN,0,0.348391056060791
A031,A,4,212,1,NaN,NaN,0,0.357506990432739
A031,A,4,213,1,NaN,NaN,0,0.322110891342163
A031,A,4,214,NaN,1,0,NaN,NaN
A031,A,4,215,1,NaN,NaN,0,0.361727952957153
A031,A,4,216,1,NaN,NaN,0,0.543442964553833
A031,A,4,217,1,NaN,NaN,0,0.304927110671997
A031,A,4,218,1,NaN,NaN,0,0.26578688621521
A031,A,4,219,1,NaN,NaN,0,0.326831102371216
A031,A,4,220,NaN,1,0,NaN,NaN
A031,A,4,221,1,NaN,NaN,0,0.319121122360229
A031,A,4,222,1,NaN,NaN,0,0.343272924423218
A031,A,4,223,1,NaN,NaN,0,0.340826034545898
A031,A,4,224,1,NaN,NaN,0,0.299872875213623
A031,A,4,225,1,NaN,NaN,0,0.277753829956055
A031,A,4,226,1,NaN,NaN,0,0.263046979904175
A031,A,4,227,1,NaN,NaN,0,0.330358982086182
A031,A,4,228,1,NaN,NaN,0,0.327214002609253
A031,A,4,229,NaN,0,1,NaN,NaN
A031,A,4,230,1,NaN,NaN,0,NaN
A031,A,4,231,1,NaN,NaN,0,0.241322994232178
A031,A,4,232,1,NaN,NaN,0,0.334947109222412
A031,A,4,233,1,NaN,NaN,0,0.290190935134888
A031,A,4,234,1,NaN,NaN,0,0.264854907989502
A031,A,4,235,1,NaN,NaN,0,0.325055837631226
A031,A,4,236,1,NaN,NaN,0,0.30446982383728
A031,A,4,237,1,NaN,NaN,0,0.384954929351807
A031,A,4,238,1,NaN,NaN,0,0.378180980682373
A031,A,4,239,1,NaN,NaN,0,0.346405982971191
A031,A,4,240,NaN,1,0,NaN,NaN
A031,A,4,241,1,NaN,NaN,0,0.231879949569702
A031,A,4,242,1,NaN,NaN,0,0.298510074615479
A031,A,4,243,1,NaN,NaN,0,0.255598068237305
A031,A,4,244,1,NaN,NaN,0,0.399234056472778
A031,A,4,245,1,NaN,NaN,0,0.302356004714966
A031,A,4,246,NaN,0,1,NaN,NaN
A031,A,4,247,1,NaN,NaN,0,0.277815103530884
A031,A,4,248,1,NaN,NaN,0,0.195623159408569
A031,A,4,249,1,NaN,NaN,0,0.180243968963623
A031,A,4,250,1,NaN,NaN,0,NaN
A031,A,4,251,1,NaN,NaN,0,0.249858856201172
A031,A,4,252,1,NaN,NaN,0,0.245287895202637
A031,A,4,253,1,NaN,NaN,0,0.275246858596802
A031,A,4,254,1,NaN,NaN,0,0.304805040359497
A031,A,4,255,1,NaN,NaN,0,0.261538028717041
A031,A,4,256,1,NaN,NaN,0,0.261749029159546
A031,A,4,257,1,NaN,NaN,0,0.311105012893677
A031,A,4,258,NaN,1,0,NaN,NaN
A031,A,4,259,1,NaN,NaN,0,0.252933979034424
A031,A,4,260,1,NaN,NaN,0,0.309785127639771
A031,A,4,261,1,NaN,NaN,0,0.245514869689941
A031,A,4,262,1,NaN,NaN,0,0.330578088760376
A031,A,4,263,1,NaN,NaN,0,0.292462110519409
A031,A,4,264,1,NaN,NaN,0,0.289957046508789
A031,A,4,265,1,NaN,NaN,0,0.310449123382568
A031,A,4,266,NaN,0,1,NaN,NaN
A031,A,4,267,1,NaN,NaN,0,0.279539108276367
A031,A,4,268,1,NaN,NaN,0,0.288718938827515
A031,A,4,269,1,NaN,NaN,0,0.345870018005371
A031,A,4,270,1,NaN,NaN,0,0.361310958862305
A031,A,4,271,1,NaN,NaN,0,0.26829195022583
A031,A,4,272,1,NaN,NaN,0,0.306031942367554
A031,A,4,273,1,NaN,NaN,0,0.304412126541138
A031,A,4,274,1,NaN,NaN,0,0.296183109283447
A031,A,4,275,1,NaN,NaN,0,0.476179122924805
A031,A,4,276,1,NaN,NaN,0,0.469841957092285
A031,A,4,277,1,NaN,NaN,0,0.414516925811768
A031,A,4,278,NaN,1,0,NaN,NaN
A031,A,4,279,1,NaN,NaN,0,0.214606046676636
A031,A,4,280,1,NaN,NaN,0,0.343240022659302
A031,A,4,281,1,NaN,NaN,0,0.353464841842651
A031,A,4,282,1,NaN,NaN,0,0.298674821853638
A031,A,4,283,1,NaN,NaN,0,0.362659931182861
A031,A,4,284,1,NaN,NaN,0,0.375744104385376
A031,A,4,285,NaN,1,0,NaN,NaN
A031,A,4,286,1,NaN,NaN,0,0.308670043945312
A031,A,4,287,1,NaN,NaN,0,0.33861517906189
A031,A,4,288,1,NaN,NaN,0,0.327052116394043
A031,A,4,289,1,NaN,NaN,0,0.371423959732056
A031,A,4,290,1,NaN,NaN,0,0.344556093215942
A031,A,4,291,1,NaN,NaN,0,0.337147951126099
A031,A,4,292,1,NaN,NaN,0,0.309944152832031
A031,A,4,293,NaN,1,0,NaN,NaN
A031,A,4,294,1,NaN,NaN,0,0.291885137557983
A031,A,4,295,1,NaN,NaN,0,0.325536966323853
A031,A,4,296,1,NaN,NaN,0,0.39019513130188
A031,A,4,297,1,NaN,NaN,0,0.310981035232544
A031,A,4,298,1,NaN,NaN,0,0.337162017822266
A031,A,4,299,1,NaN,NaN,0,0.393982172012329
A031,A,4,300,1,NaN,NaN,0,1.03359580039978
A031,A,4,301,1,NaN,NaN,0,0.381805181503296
A031,A,4,302,1,NaN,NaN,0,0.401740074157715
A031,A,4,303,1,NaN,NaN,0,0.377206087112427
A031,A,4,304,NaN,1,0,NaN,NaN
A031,A,4,305,1,NaN,NaN,0,0.344068050384521
A031,A,4,306,1,NaN,NaN,0,0.335504055023193
A031,A,4,307,1,NaN,NaN,0,0.331082105636597
A031,A,4,308,1,NaN,NaN,0,0.259550094604492
A031,A,4,309,NaN,1,0,NaN,NaN
A031,A,4,310,1,NaN,NaN,0,0.285403966903687
A031,A,4,311,1,NaN,NaN,0,0.322031021118164
A031,A,4,312,1,NaN,NaN,0,0.315351009368896
A031,A,4,313,1,NaN,NaN,0,0.279098987579346
A031,A,4,314,1,NaN,NaN,0,0.420335054397583
A031,A,4,315,1,NaN,NaN,0,0.284754991531372
A031,A,4,316,1,NaN,NaN,0,0.396625995635986
A031,A,4,317,1,NaN,NaN,0,0.333737134933472
A031,A,4,318,1,NaN,NaN,0,0.319468975067139
A031,A,4,319,1,NaN,NaN,0,0.297399044036865
A031,A,4,320,1,NaN,NaN,0,0.266499996185303
A031,A,4,321,1,NaN,NaN,0,0.307755947113037
A031,A,4,322,NaN,0,1,NaN,NaN
A031,A,4,323,1,NaN,NaN,0,0.225750923156738
A031,A,4,324,1,NaN,NaN,0,0.274924993515015
A031,A,4,325,1,NaN,NaN,0,0.283732891082764
A031,A,4,326,1,NaN,NaN,0,0.354573011398315
A031,A,4,327,1,NaN,NaN,0,0.335139036178589
A031,A,4,328,1,NaN,NaN,0,0.378903865814209
A031,A,4,329,1,NaN,NaN,0,0.288043975830078
A031,A,4,330,1,NaN,NaN,0,0.314002990722656
A031,A,4,331,1,NaN,NaN,0,0.312660932540894
A031,A,4,332,NaN,1,0,NaN,NaN
A031,A,4,333,1,NaN,NaN,0,0.244271993637085
A031,A,4,334,1,NaN,NaN,0,0.244318962097168
A031,A,4,335,1,NaN,NaN,0,0.294219017028809
A031,A,4,336,1,NaN,NaN,0,0.585698843002319
A031,A,4,337,1,NaN,NaN,0,0.366635084152222
A031,A,4,338,1,NaN,NaN,0,0.375963926315308
A031,A,4,339,1,NaN,NaN,0,0.322065114974976
A031,A,4,340,NaN,1,0,NaN,NaN
A031,A,4,341,1,NaN,NaN,0,0.304545164108276
A031,A,4,342,1,NaN,NaN,0,0.284960985183716
A031,A,4,343,1,NaN,NaN,0,0.267342090606689
A031,A,4,344,1,NaN,NaN,0,0.279580116271973
A031,A,4,345,NaN,1,0,NaN,NaN
A031,A,4,346,1,NaN,NaN,0,0.267571210861206
A031,A,4,347,1,NaN,NaN,0,0.230999946594238
A031,A,4,348,1,NaN,NaN,0,0.255356073379517
A031,A,4,349,1,NaN,NaN,0,0.241875171661377
A031,A,4,350,1,NaN,NaN,0,0.243366956710815
A031,A,4,351,1,NaN,NaN,0,0.268708944320679
A031,A,4,352,1,NaN,NaN,0,0.192770957946777
A031,A,4,353,1,NaN,NaN,0,0.294808149337769
A031,A,4,354,1,NaN,NaN,0,0.298776149749756
A031,A,4,355,1,NaN,NaN,0,0.304794073104858
A031,A,4,356,1,NaN,NaN,0,0.279019832611084
A031,A,4,357,1,NaN,NaN,0,0.276916027069092
A031,A,4,358,NaN,0,1,NaN,NaN
A031,A,4,359,1,NaN,NaN,0,0.267325162887573
A031,A,4,360,1,NaN,NaN,0,0.283516883850098
A031,A,4,361,1,NaN,NaN,0,0.299868106842041
A031,A,4,362,1,NaN,NaN,0,0.297740936279297
A031,A,4,363,1,NaN,NaN,0,0.285084009170532
A031,A,4,364,1,NaN,NaN,0,0.354388952255249
A031,A,4,365,1,NaN,NaN,0,0.191477060317993
A031,A,4,366,NaN,0,1,NaN,NaN
A031,A,4,367,1,NaN,NaN,0,0.235075950622559
A031,A,4,368,1,NaN,NaN,0,0.272177219390869
A031,A,4,369,1,NaN,NaN,0,0.254165887832642
A031,A,4,370,1,NaN,NaN,0,0.315582036972046
A031,A,4,371,1,NaN,NaN,0,0.321879863739014
A031,A,4,372,1,NaN,NaN,0,0.328443050384521
A031,A,4,373,NaN,1,0,NaN,NaN
A031,A,4,374,1,NaN,NaN,0,0.262662887573242
A031,A,4,375,1,NaN,NaN,0,0.323060989379883
A031,A,4,376,1,NaN,NaN,0,0.285367965698242
A031,A,4,377,1,NaN,NaN,0,0.298053026199341
A031,A,4,378,1,NaN,NaN,0,0.315097093582153
A031,A,4,379,1,NaN,NaN,0,0.275156021118164
A031,A,4,380,1,NaN,NaN,0,NaN
A031,A,4,381,1,NaN,NaN,0,0.267870903015137
A031,A,4,382,1,NaN,NaN,0,0.258116960525513
A031,A,4,383,1,NaN,NaN,0,0.304610967636108
A031,A,4,384,NaN,0,1,NaN,NaN
A031,A,4,385,0,NaN,NaN,1,NaN
A031,A,4,386,1,NaN,NaN,0,0.645905017852783
A031,A,4,387,1,NaN,NaN,0,0.396051168441772
A031,A,4,388,1,NaN,NaN,0,0.353280067443848
A031,A,4,389,1,NaN,NaN,0,0.308480978012085
A031,A,4,390,1,NaN,NaN,0,0.410495042800903
A031,A,4,391,NaN,0,1,NaN,NaN
A031,A,4,392,1,NaN,NaN,0,0.261183023452759
A031,A,4,393,1,NaN,NaN,0,0.240039110183716
A031,A,4,394,1,NaN,NaN,0,0.264844179153442
A031,A,4,395,1,NaN,NaN,0,0.316479921340942
A031,A,4,396,1,NaN,NaN,0,0.308929204940796
A031,A,4,397,1,NaN,NaN,0,0.271081209182739
A031,A,4,398,1,NaN,NaN,0,0.268095970153809
A031,A,4,399,1,NaN,NaN,0,0.258449077606201
A031,A,4,400,1,NaN,NaN,0,0.243758916854858
A031,A,4,401,NaN,0,1,NaN,NaN
A031,A,4,402,1,NaN,NaN,0,0.259865045547485
A031,A,4,403,1,NaN,NaN,0,0.214312076568604
A031,A,4,404,1,NaN,NaN,0,0.23438286781311
A031,A,4,405,1,NaN,NaN,0,0.255747079849243
A031,A,4,406,1,NaN,NaN,0,0.282421112060547
A031,A,4,407,1,NaN,NaN,0,0.24569296836853
A031,A,4,408,1,NaN,NaN,0,NaN
A031,A,4,409,NaN,0,1,NaN,NaN
A031,A,4,410,1,NaN,NaN,0,0.265687942504883
A031,A,4,411,1,NaN,NaN,0,0.275058031082153
A031,A,4,412,1,NaN,NaN,0,0.223690032958984
A031,A,4,413,1,NaN,NaN,0,0.228332996368408
A031,A,4,414,1,NaN,NaN,0,0.245617866516113
A031,A,4,415,1,NaN,NaN,0,0.252885103225708
A031,A,4,416,NaN,0,1,NaN,NaN
A031,A,4,417,1,NaN,NaN,0,0.234200000762939
A031,A,4,418,1,NaN,NaN,0,0.283780097961426
A031,A,4,419,1,NaN,NaN,0,0.347491025924683
A031,A,4,420,1,NaN,NaN,0,0.277127027511597
A031,A,4,421,1,NaN,NaN,0,0.319129943847656
A031,A,4,422,1,NaN,NaN,0,0.332307100296021
A031,A,4,423,1,NaN,NaN,0,0.580373048782349
A031,A,4,424,1,NaN,NaN,0,0.442230939865112
A031,A,4,425,1,NaN,NaN,0,0.3210768699646
A031,A,4,426,1,NaN,NaN,0,0.271321058273315
A031,A,4,427,1,NaN,NaN,0,0.321557998657227
A031,A,4,428,1,NaN,NaN,0,0.253520011901855
A031,A,4,429,1,NaN,NaN,0,0.275640964508057
A031,A,4,430,NaN,0,1,NaN,NaN
A031,A,4,431,1,NaN,NaN,0,0.287432909011841
A031,A,4,432,1,NaN,NaN,0,0.303534030914307
A031,A,4,433,1,NaN,NaN,0,0.320772886276245
A031,A,4,434,1,NaN,NaN,0,0.349822044372559
A031,A,4,435,1,NaN,NaN,0,0.322490930557251
A031,A,4,436,1,NaN,NaN,0,0.400406837463379
A031,A,4,437,1,NaN,NaN,0,0.324259996414185
A031,A,4,438,1,NaN,NaN,0,0.436729192733765
A031,A,4,439,1,NaN,NaN,0,0.520819187164307
A031,A,4,440,NaN,1,0,NaN,NaN
A031,A,4,441,1,NaN,NaN,0,0.260956048965454
A031,A,4,442,1,NaN,NaN,0,0.259363174438477
A031,A,4,443,1,NaN,NaN,0,0.272621870040894
A031,A,4,444,1,NaN,NaN,0,0.242001056671143
A031,A,4,445,1,NaN,NaN,0,0.288074970245361
A031,A,4,446,1,NaN,NaN,0,0.283086061477661
A031,A,4,447,1,NaN,NaN,0,0.300230979919434
A031,A,4,448,NaN,1,0,NaN,NaN
A031,A,4,449,1,NaN,NaN,0,0.277644872665405
A031,A,4,450,1,NaN,NaN,0,0.274529933929443
A031,A,4,451,1,NaN,NaN,0,0.259310007095337
A031,A,4,452,1,NaN,NaN,0,0.240342140197754
A031,A,4,453,NaN,0,1,NaN,NaN
A031,A,4,454,1,NaN,NaN,0,0.294393062591553
A031,A,4,455,1,NaN,NaN,0,0.320358037948608
A031,A,4,456,1,NaN,NaN,0,0.363646984100342
A031,A,4,457,1,NaN,NaN,0,0.388308048248291
A031,A,4,458,1,NaN,NaN,0,0.331851005554199
A031,A,4,459,1,NaN,NaN,0,0.347001075744629
A031,A,4,460,1,NaN,NaN,0,0.395495176315308
A031,A,4,461,NaN,1,0,NaN,NaN
A031,A,4,462,1,NaN,NaN,0,0.366032838821411
A031,A,4,463,1,NaN,NaN,0,0.269765853881836
A031,A,4,464,1,NaN,NaN,0,0.290884017944336
A031,A,4,465,1,NaN,NaN,0,0.330270051956177
A031,A,4,466,1,NaN,NaN,0,0.327506065368652
A031,A,4,467,1,NaN,NaN,0,0.372218132019043
A031,A,4,468,1,NaN,NaN,0,0.375988006591797
A031,A,4,469,1,NaN,NaN,0,0.329572916030884
A031,A,4,470,1,NaN,NaN,0,0.355854034423828
A031,A,4,471,1,NaN,NaN,0,0.197036981582642
