SubID,Group,BlockN,nTrial,GoTrials,NoGoTrials,FA,Misses,RT
A001,A,1,NaN,NaN,NaN,0,0,0.821578025817871
A001,A,1,NaN,NaN,NaN,0,0,0.499128103256226
A001,A,NaN,1,0,NaN,NaN,0,NaN
A001,A,1,NaN,NaN,NaN,0,0,0.436403036117554
A001,A,1,NaN,NaN,NaN,0,0,0.464594841003418
A001,A,1,NaN,NaN,NaN,0,0,0.517867088317871
A001,A,1,NaN,NaN,NaN,0,0,0.389714956283569
A001,A,1,NaN,NaN,NaN,0,0,0.40308690071106
A001,A,1,NaN,NaN,NaN,0,0,0.420470952987671
A001,A,1,NaN,NaN,NaN,0,0,0.401431083679199
A001,A,1,NaN,NaN,NaN,0,0,0.489798069000244
A001,A,NaN,1,0,NaN,NaN,0,NaN
A001,A,1,NaN,NaN,NaN,0,0,0.454086065292358
A001,A,1,NaN,NaN,NaN,0,0,0.391009092330933
A001,A,1,NaN,NaN,NaN,0,0,0.432571887969971
A001,A,1,NaN,NaN,NaN,0,0,0.476836919784546
A001,A,1,NaN,NaN,NaN,0,0,0.466986894607544
A001,A,1,NaN,NaN,NaN,0,0,0.39346718788147
A001,A,1,NaN,NaN,NaN,0,0,0.368935108184814
A001,A,1,NaN,NaN,NaN,0,0,0.332448959350586
A001,A,1,NaN,NaN,NaN,0,0,0.352928161621094
A001,A,1,NaN,NaN,NaN,0,0,0.391965866088867
A001,A,1,NaN,NaN,NaN,0,0,0.368115186691284
A001,A,NaN,1,0,NaN,NaN,0,NaN
A001,A,1,NaN,NaN,NaN,0,0,0.466298818588257
A001,A,1,NaN,NaN,NaN,0,0,0.33481502532959
A001,A,1,NaN,NaN,NaN,0,0,0.384108066558838
A001,A,1,NaN,NaN,NaN,0,0,0.343131065368652
A001,A,NaN,1,0,NaN,NaN,0,NaN
A001,A,1,NaN,NaN,NaN,0,0,0.611799955368042
A001,A,1,NaN,NaN,NaN,0,0,0.428572177886963
A001,A,1,NaN,NaN,NaN,0,0,0.569896936416626
A001,A,1,NaN,NaN,NaN,0,0,0.583436012268066
A001,A,1,NaN,NaN,NaN,0,0,0.538223028182983
A001,A,1,NaN,NaN,NaN,0,0,0.450011014938354
A001,A,1,NaN,NaN,NaN,0,0,0.929802894592285
A001,A,1,NaN,NaN,NaN,0,0,0.863584995269775
A001,A,1,NaN,NaN,NaN,0,0,0.718355894088745
A001,A,1,NaN,NaN,NaN,0,0,0.740539073944092
A001,A,1,NaN,NaN,NaN,0,0,0.837979078292847
A001,A,NaN,1,0,NaN,NaN,0,NaN
A001,A,1,NaN,NaN,NaN,0,0,0.445404052734375
A001,A,1,NaN,NaN,NaN,0,0,0.579813003540039
A001,A,1,NaN,NaN,NaN,0,0,0.475805044174194
A001,A,1,NaN,NaN,NaN,0,0,0.484724044799805
A001,A,0,NaN,NaN,NaN,1,0,NaN
A001,A,1,NaN,NaN,NaN,0,0,0.431138038635254
A001,A,1,NaN,NaN,NaN,0,0,0.440285921096802
A001,A,1,NaN,NaN,NaN,0,0,0.392256021499634
A001,A,1,NaN,NaN,NaN,0,0,0.481627941131592
A001,A,1,NaN,NaN,NaN,0,0,0.586403131484985
A001,A,1,NaN,NaN,NaN,0,0,0.427947998046875
A001,A,NaN,1,0,NaN,NaN,0,NaN
A001,A,1,NaN,NaN,NaN,0,0,0.517794132232666
A001,A,1,NaN,NaN,NaN,0,0,0.552281856536865
A001,A,1,NaN,NaN,NaN,0,0,0.467203855514526
A001,A,NaN,1,0,NaN,NaN,0,NaN
A001,A,1,NaN,NaN,NaN,0,0,0.443480014801025
A001,A,1,NaN,NaN,NaN,0,0,0.431107044219971
A001,A,1,NaN,NaN,NaN,0,0,0.380689144134521
A001,A,1,NaN,NaN,NaN,0,0,0.424895048141479
A001,A,1,NaN,NaN,NaN,0,0,0.51117205619812
A001,A,1,NaN,NaN,NaN,0,0,0.547187089920044
A001,A,1,NaN,NaN,NaN,0,0,0.551868915557861
A001,A,1,NaN,NaN,NaN,0,0,0.559016942977905
A001,A,1,NaN,NaN,NaN,0,0,0.46486496925354
A001,A,1,NaN,NaN,NaN,0,0,0.475502014160156
A001,A,NaN,1,0,NaN,NaN,0,NaN
A001,A,1,NaN,NaN,NaN,0,0,0.445965766906738
A001,A,1,NaN,NaN,NaN,0,0,0.387487888336182
A001,A,1,NaN,NaN,NaN,0,0,0.514533996582031
A001,A,1,NaN,NaN,NaN,0,0,0.473941087722778
A001,A,1,NaN,NaN,NaN,0,0,0.409633159637451
A001,A,1,NaN,NaN,NaN,0,0,0.459125995635986
A001,A,1,NaN,NaN,NaN,0,0,0.688493013381958
A001,A,1,NaN,NaN,NaN,0,0,0.437638998031616
A001,A,NaN,1,0,NaN,NaN,0,NaN
A001,A,1,NaN,NaN,NaN,0,0,0.343187093734741
A001,A,1,NaN,NaN,NaN,0,0,0.346462965011597
A001,A,1,NaN,NaN,NaN,0,0,0.532042980194092
A001,A,1,NaN,NaN,NaN,0,0,0.821327924728394
A001,A,1,NaN,NaN,NaN,0,0,0.738150835037231
A001,A,1,NaN,NaN,NaN,0,0,0.702923059463501
A001,A,1,NaN,NaN,NaN,0,0,0.657860994338989
A001,A,NaN,1,0,NaN,NaN,0,NaN
A001,A,1,NaN,NaN,NaN,0,0,0.567726850509644
A001,A,1,NaN,NaN,NaN,0,0,0.534219980239868
A001,A,1,NaN,NaN,NaN,0,0,0.50017786026001
A001,A,1,NaN,NaN,NaN,0,0,0.488277912139893
A001,A,1,NaN,NaN,NaN,0,0,0.489997863769531
A001,A,1,NaN,NaN,NaN,0,0,0.606250047683716
A001,A,1,NaN,NaN,NaN,0,0,0.536664009094238
A001,A,1,NaN,NaN,NaN,0,0,0.652276992797852
A001,A,NaN,1,0,NaN,NaN,0,NaN
A001,A,1,NaN,NaN,NaN,0,0,0.474123001098633
A001,A,1,NaN,NaN,NaN,0,0,0.443267107009888
A001,A,1,NaN,NaN,NaN,0,0,0.466395854949951
A001,A,1,NaN,NaN,NaN,0,0,0.666155815124512
A001,A,1,NaN,NaN,NaN,0,0,0.494325876235962
A001,A,1,NaN,NaN,NaN,0,0,0.426732778549194
A001,A,1,NaN,NaN,NaN,0,0,0.520235061645508
A001,A,1,NaN,NaN,NaN,0,0,0.701256990432739
A001,A,1,NaN,NaN,NaN,0,0,0.664018869400024
A001,A,1,NaN,NaN,NaN,0,0,0.474914073944092
A001,A,1,NaN,NaN,NaN,0,0,0.558184146881104
A001,A,NaN,1,0,NaN,NaN,0,NaN
A001,A,1,NaN,NaN,NaN,0,0,0.593628883361816
A001,A,1,NaN,NaN,NaN,0,0,0.506098985671997
A001,A,1,NaN,NaN,NaN,0,0,0.598077058792114
A001,A,1,NaN,NaN,NaN,0,0,0.604412794113159
A001,A,1,NaN,NaN,NaN,0,0,0.698334932327271
A001,A,1,NaN,NaN,NaN,0,0,0.845522165298462
A001,A,1,NaN,NaN,NaN,0,0,0.909803152084351
A001,A,1,NaN,NaN,NaN,0,0,1.01467990875244
A001,A,1,NaN,NaN,NaN,0,0,0.990173101425171
A001,A,NaN,1,0,NaN,NaN,0,NaN
A001,A,1,NaN,NaN,NaN,0,0,0.563927173614502
A001,A,1,NaN,NaN,NaN,0,0,0.512753009796143
A001,A,1,NaN,NaN,NaN,0,0,0.634855031967163
A001,A,1,NaN,NaN,NaN,0,0,0.59126091003418
A001,A,NaN,1,0,NaN,NaN,0,NaN
A001,A,1,NaN,NaN,NaN,0,0,0.495087862014771
A001,A,1,NaN,NaN,NaN,0,0,0.401213884353638
A001,A,1,NaN,NaN,NaN,0,0,0.393095970153809
A001,A,1,NaN,NaN,NaN,0,0,0.366092920303345
A001,A,1,NaN,NaN,NaN,0,0,0.403555870056152
A001,A,1,NaN,NaN,NaN,0,0,0.492321014404297
A001,A,1,NaN,NaN,NaN,0,0,0.484338998794556
A001,A,NaN,1,0,NaN,NaN,0,NaN
A001,A,1,NaN,NaN,NaN,0,0,0.775528907775879
A001,A,1,NaN,NaN,NaN,0,0,0.708673000335693
A001,A,1,NaN,NaN,NaN,0,0,0.645714044570923
A001,A,1,NaN,NaN,NaN,0,0,0.605729818344116
A001,A,1,NaN,NaN,NaN,0,0,0.533116102218628
A001,A,1,NaN,NaN,NaN,0,0,0.58622407913208
A001,A,1,NaN,NaN,NaN,0,0,0.444945096969604
A001,A,1,NaN,NaN,NaN,0,0,0.468499898910522
A001,A,1,NaN,NaN,NaN,0,0,0.37926197052002
A001,A,1,NaN,NaN,NaN,0,0,0.395841836929321
A001,A,1,NaN,NaN,NaN,0,0,0.344707012176514
A001,A,1,NaN,NaN,NaN,0,0,0.309817790985107
A001,A,NaN,0,1,NaN,NaN,0,NaN
A001,A,1,NaN,NaN,NaN,0,0,0.542257070541382
A001,A,1,NaN,NaN,NaN,0,0,0.46318793296814
A001,A,1,NaN,NaN,NaN,0,0,0.350361108779907
A001,A,1,NaN,NaN,NaN,0,0,0.403895139694214
A001,A,1,NaN,NaN,NaN,0,0,0.496742010116577
A001,A,1,NaN,NaN,NaN,0,0,0.378010034561157
A001,A,NaN,1,0,NaN,NaN,0,NaN
A001,A,1,NaN,NaN,NaN,0,0,0.394226789474487
A001,A,1,NaN,NaN,NaN,0,0,0.3246910572052
A001,A,1,NaN,NaN,NaN,0,0,0.519112110137939
A001,A,1,NaN,NaN,NaN,0,0,0.566576957702637
A001,A,1,NaN,NaN,NaN,0,0,0.637416124343872
A001,A,1,NaN,NaN,NaN,0,0,0.637048006057739
A001,A,1,NaN,NaN,NaN,0,0,0.66540002822876
A001,A,1,NaN,NaN,NaN,0,0,0.68259596824646
A001,A,1,NaN,NaN,NaN,0,0,0.585093021392822
A001,A,NaN,1,0,NaN,NaN,0,NaN
A001,A,1,NaN,NaN,NaN,0,0,0.43939208984375
A001,A,1,NaN,NaN,NaN,0,0,0.395462036132812
A001,A,1,NaN,NaN,NaN,0,0,0.420836925506592
A001,A,1,NaN,NaN,NaN,0,0,0.542948007583618
A001,A,1,NaN,NaN,NaN,0,0,0.491636991500854
A001,A,1,NaN,NaN,NaN,0,0,0.512967109680176
A001,A,NaN,1,0,NaN,NaN,0,NaN
A001,A,1,NaN,NaN,NaN,0,0,0.448751926422119
A001,A,1,NaN,NaN,NaN,0,0,0.324674844741821
A001,A,1,NaN,NaN,NaN,0,0,0.352335929870605
A001,A,1,NaN,NaN,NaN,0,0,0.816288948059082
A001,A,1,NaN,NaN,NaN,0,0,0.614388942718506
A001,A,1,NaN,NaN,NaN,0,0,0.407531976699829
A001,A,1,NaN,NaN,NaN,0,0,0.35224986076355
A001,A,1,NaN,NaN,NaN,0,0,0.3822181224823
A001,A,1,NaN,NaN,NaN,0,0,0.351799964904785
A001,A,1,NaN,NaN,NaN,0,0,0.335790872573853
A001,A,NaN,0,1,NaN,NaN,0,NaN
A001,A,1,NaN,NaN,NaN,0,0,0.486264944076538
A001,A,1,NaN,NaN,NaN,0,0,0.331284046173096
A001,A,1,NaN,NaN,NaN,0,0,0.326843023300171
A001,A,1,NaN,NaN,NaN,0,0,0.315187931060791
A001,A,NaN,0,1,NaN,NaN,0,NaN
A001,A,1,NaN,NaN,NaN,0,0,0.533864974975586
A001,A,1,NaN,NaN,NaN,0,0,0.551514863967896
A001,A,1,NaN,NaN,NaN,0,0,0.513273954391479
A001,A,1,NaN,NaN,NaN,0,0,0.7362380027771
A001,A,1,NaN,NaN,NaN,0,0,0.669940948486328
A001,A,1,NaN,NaN,NaN,0,0,0.459187030792236
A001,A,1,NaN,NaN,NaN,0,0,0.435983896255493
A001,A,1,NaN,NaN,NaN,0,0,0.402626991271973
A001,A,1,NaN,NaN,NaN,0,0,0.396561861038208
A001,A,1,NaN,NaN,NaN,0,0,0.46747899055481
A001,A,1,NaN,NaN,NaN,0,0,0.402843952178955
A001,A,1,NaN,NaN,NaN,0,0,0.362250804901123
A001,A,NaN,0,1,NaN,NaN,0,NaN
A001,A,1,NaN,NaN,NaN,0,0,0.47543478012085
A001,A,1,NaN,NaN,NaN,0,0,0.546360969543457
A001,A,1,NaN,NaN,NaN,0,0,0.600625038146973
A001,A,1,NaN,NaN,NaN,0,0,0.641642093658447
A001,A,1,NaN,NaN,NaN,0,0,0.438961982727051
A001,A,1,NaN,NaN,NaN,0,0,0.556102991104126
A001,A,1,NaN,NaN,NaN,0,0,0.5642249584198
A001,A,1,NaN,NaN,NaN,0,0,0.530836820602417
A001,A,1,NaN,NaN,NaN,0,0,0.600190877914429
A001,A,NaN,1,0,NaN,NaN,0,NaN
A001,A,1,NaN,NaN,NaN,0,0,0.460172176361084
A001,A,1,NaN,NaN,NaN,0,0,0.5537428855896
A001,A,1,NaN,NaN,NaN,0,0,0.596662044525146
A001,A,NaN,1,0,NaN,NaN,0,NaN
A001,A,1,NaN,NaN,NaN,0,0,0.339524030685425
A001,A,1,NaN,NaN,NaN,0,0,0.37286901473999
A001,A,1,NaN,NaN,NaN,0,0,0.393800020217896
A001,A,1,NaN,NaN,NaN,0,0,0.4706711769104
A001,A,1,NaN,NaN,NaN,0,0,0.411943912506104
A001,A,1,NaN,NaN,NaN,0,0,0.499216794967651
A001,A,1,NaN,NaN,NaN,0,0,0.620573997497559
A001,A,1,NaN,NaN,NaN,0,0,0.605247974395752
A001,A,1,NaN,NaN,NaN,0,0,0.854357957839966
A001,A,1,NaN,NaN,NaN,0,0,0.967357158660889
A001,A,1,NaN,NaN,NaN,0,0,0.885885000228882
A001,A,1,NaN,NaN,NaN,0,0,0.554331064224243
A001,A,1,NaN,NaN,NaN,0,0,0.611960887908936
A001,A,NaN,1,0,NaN,NaN,0,NaN
A001,A,1,NaN,NaN,NaN,0,0,0.379221200942993
A001,A,1,NaN,NaN,NaN,0,0,0.365845918655396
A001,A,1,NaN,NaN,NaN,0,0,0.436811923980713
A001,A,1,NaN,NaN,NaN,0,0,0.569231986999512
A001,A,1,NaN,NaN,NaN,0,0,0.398373126983643
A001,A,1,NaN,NaN,NaN,0,0,0.353119850158691
A001,A,1,NaN,NaN,NaN,0,0,0.422806024551392
A001,A,NaN,1,0,NaN,NaN,0,NaN
A001,A,1,NaN,NaN,NaN,0,0,0.359534978866577
A001,A,1,NaN,NaN,NaN,0,0,0.450799942016602
A001,A,1,NaN,NaN,NaN,0,0,0.400679111480713
A001,A,1,NaN,NaN,NaN,0,0,0.421721935272217
A001,A,1,NaN,NaN,NaN,0,0,0.450741052627563
A001,A,1,NaN,NaN,NaN,0,0,0.735738039016724
A001,A,1,NaN,NaN,NaN,0,0,0.786278009414673
A001,A,1,NaN,NaN,NaN,0,0,0.738198041915894
A001,A,1,NaN,NaN,NaN,0,0,0.717368125915527
A001,A,1,NaN,NaN,NaN,0,0,0.617681980133057
A001,A,NaN,1,0,NaN,NaN,0,NaN
A001,A,1,NaN,NaN,NaN,0,0,0.416566133499146
A001,A,1,NaN,NaN,NaN,0,0,0.511168956756592
A001,A,1,NaN,NaN,NaN,0,0,0.430649995803833
A001,A,1,NaN,NaN,NaN,0,0,0.453938961029053
A001,A,NaN,1,0,NaN,NaN,0,NaN
A001,A,1,NaN,NaN,NaN,0,0,0.427340030670166
A001,A,1,NaN,NaN,NaN,0,0,0.444859981536865
A001,A,1,NaN,NaN,NaN,0,0,0.626406192779541
A001,A,1,NaN,NaN,NaN,0,0,0.746304988861084
A001,A,1,NaN,NaN,NaN,0,0,0.551173210144043
A001,A,1,NaN,NaN,NaN,0,0,0.547578096389771
A001,A,1,NaN,NaN,NaN,0,0,0.625247955322266
A001,A,NaN,1,0,NaN,NaN,0,NaN
A001,A,1,NaN,NaN,NaN,0,0,0.380972146987915
A001,A,1,NaN,NaN,NaN,0,0,0.319758892059326
A001,A,1,NaN,NaN,NaN,0,0,0.268819808959961
A001,A,1,NaN,NaN,NaN,0,0,0.294028043746948
A001,A,1,NaN,NaN,NaN,0,0,0.298395156860352
A001,A,1,NaN,NaN,NaN,0,0,0.567506074905396
A001,A,1,NaN,NaN,NaN,0,0,0.5242760181427
A001,A,1,NaN,NaN,NaN,0,0,0.516104936599731
A001,A,1,NaN,NaN,NaN,0,0,0.768149137496948
A001,A,1,NaN,NaN,NaN,0,0,0.448508024215698
A001,A,1,NaN,NaN,NaN,0,0,0.405927896499634
A001,A,NaN,0,1,NaN,NaN,0,NaN
A001,A,1,NaN,NaN,NaN,0,0,0.55122184753418
A001,A,1,NaN,NaN,NaN,0,0,0.483716011047363
A001,A,1,NaN,NaN,NaN,0,0,0.396338939666748
A001,A,1,NaN,NaN,NaN,0,0,0.47629189491272
A001,A,1,NaN,NaN,NaN,0,0,0.424036026000977
A001,A,1,NaN,NaN,NaN,0,0,0.472784996032715
A001,A,1,NaN,NaN,NaN,0,0,0.361985921859741
A001,A,NaN,1,0,NaN,NaN,0,NaN
A001,A,1,NaN,NaN,NaN,0,0,0.364229917526245
A001,A,1,NaN,NaN,NaN,0,0,0.452944993972778
A001,A,1,NaN,NaN,NaN,0,0,0.590983867645264
A001,A,1,NaN,NaN,NaN,0,0,0.692156076431274
A001,A,1,NaN,NaN,NaN,0,0,0.795026063919067
A001,A,NaN,1,0,NaN,NaN,0,NaN
A001,A,1,NaN,NaN,NaN,0,0,0.520859003067017
A001,A,1,NaN,NaN,NaN,0,0,0.554705142974854
A001,A,1,NaN,NaN,NaN,0,0,0.69376802444458
A001,A,1,NaN,NaN,NaN,0,0,0.726917028427124
A001,A,1,NaN,NaN,NaN,0,0,0.707453966140747
A001,A,1,NaN,NaN,NaN,0,0,0.788858890533447
A001,A,1,NaN,NaN,NaN,0,0,0.736717939376831
A001,A,1,NaN,NaN,NaN,0,0,0.798341035842896
A001,A,1,NaN,NaN,NaN,0,0,0.635939121246338
A001,A,1,NaN,NaN,NaN,0,0,0.579974889755249
A001,A,1,NaN,NaN,NaN,0,0,0.523808002471924
A001,A,1,NaN,NaN,NaN,0,0,0.409176826477051
A001,A,NaN,1,0,NaN,NaN,0,NaN
A001,A,1,NaN,NaN,NaN,0,0,0.30482816696167
A001,A,1,NaN,NaN,NaN,0,0,0.339142084121704
A001,A,1,NaN,NaN,NaN,0,0,0.264510869979858
A001,A,1,NaN,NaN,NaN,0,0,0.338848829269409
A001,A,1,NaN,NaN,NaN,0,0,0.363928079605103
A001,A,NaN,0,1,NaN,NaN,0,NaN
A001,A,1,NaN,NaN,NaN,0,0,0.452589988708496
A001,A,1,NaN,NaN,NaN,0,0,0.717355012893677
A001,A,1,NaN,NaN,NaN,0,0,0.446181058883667
A001,A,1,NaN,NaN,NaN,0,0,0.51100492477417
A001,A,1,NaN,NaN,NaN,0,0,0.311753034591675
A001,A,1,NaN,NaN,NaN,0,0,0.372957944869995
A001,A,1,NaN,NaN,NaN,0,0,0.371603012084961
A001,A,1,NaN,NaN,NaN,0,0,0.368703126907349
A001,A,NaN,1,0,NaN,NaN,0,NaN
A001,A,1,NaN,NaN,NaN,0,0,0.438510179519653
A001,A,1,NaN,NaN,NaN,0,0,0.403292894363403
A001,A,1,NaN,NaN,NaN,0,0,0.511899948120117
A001,A,1,NaN,NaN,NaN,0,0,0.512681007385254
A001,A,1,NaN,NaN,NaN,0,0,0.807790040969849
A001,A,1,NaN,NaN,NaN,0,0,0.926828861236572
A001,A,1,NaN,NaN,NaN,0,0,0.888904094696045
A001,A,1,NaN,NaN,NaN,0,0,0.556696176528931
A001,A,1,NaN,NaN,NaN,0,0,0.54717493057251
A001,A,1,NaN,NaN,NaN,0,0,0.355470895767212
A001,A,NaN,1,0,NaN,NaN,0,NaN
A001,A,1,NaN,NaN,NaN,0,0,0.414077043533325
A001,A,1,NaN,NaN,NaN,0,0,0.32115912437439
A001,A,1,NaN,NaN,NaN,0,0,0.461502075195312
A001,A,1,NaN,NaN,NaN,0,0,0.566756010055542
A001,A,1,NaN,NaN,NaN,0,0,0.83641505241394
A001,A,1,NaN,NaN,NaN,0,0,0.794842004776001
A001,A,1,NaN,NaN,NaN,0,0,0.60145902633667
A001,A,NaN,1,0,NaN,NaN,0,NaN
A001,A,1,NaN,NaN,NaN,0,0,0.436791181564331
A001,A,1,NaN,NaN,NaN,0,0,0.376734972000122
A001,A,1,NaN,NaN,NaN,0,0,0.396631002426147
A001,A,1,NaN,NaN,NaN,0,0,0.50291109085083
A001,A,1,NaN,NaN,NaN,0,0,0.470290899276733
A001,A,1,NaN,NaN,NaN,0,0,0.619563102722168
A001,A,1,NaN,NaN,NaN,0,0,0.449639081954956
A001,A,NaN,1,0,NaN,NaN,0,NaN
A001,A,1,NaN,NaN,NaN,0,0,0.388405084609985
A001,A,1,NaN,NaN,NaN,0,0,0.380228996276855
A001,A,1,NaN,NaN,NaN,0,0,0.380724906921387
A001,A,1,NaN,NaN,NaN,0,0,0.452499866485596
A001,A,1,NaN,NaN,NaN,0,0,0.383551836013794
A001,A,1,NaN,NaN,NaN,0,0,0.466609954833984
A001,A,1,NaN,NaN,NaN,0,0,0.603947877883911
A001,A,1,NaN,NaN,NaN,0,0,0.552626132965088
A001,A,1,NaN,NaN,NaN,0,0,0.534822225570679
A001,A,1,NaN,NaN,NaN,0,0,0.448302984237671
A001,A,1,NaN,NaN,NaN,0,0,0.447145938873291
A001,A,1,NaN,NaN,NaN,0,0,0.409309864044189
A001,A,1,NaN,NaN,NaN,0,0,0.42658805847168
A001,A,NaN,1,0,NaN,NaN,0,NaN
A001,A,1,NaN,NaN,NaN,0,0,0.369987010955811
A001,A,1,NaN,NaN,NaN,0,0,0.362996816635132
A001,A,1,NaN,NaN,NaN,0,0,0.348777055740356
A001,A,1,NaN,NaN,NaN,0,0,0.339599847793579
A001,A,1,NaN,NaN,NaN,0,0,0.40068507194519
A001,A,1,NaN,NaN,NaN,0,0,0.407247066497803
A001,A,1,NaN,NaN,NaN,0,0,0.391522884368896
A001,A,1,NaN,NaN,NaN,0,0,0.413334846496582
A001,A,NaN,1,0,NaN,NaN,0,NaN
A001,A,1,NaN,NaN,NaN,0,0,0.406190156936646
A001,A,1,NaN,NaN,NaN,0,0,0.338763952255249
A001,A,1,NaN,NaN,NaN,0,0,0.403142929077148
A001,A,1,NaN,NaN,NaN,0,0,0.294467926025391
A001,A,NaN,0,1,NaN,NaN,0,NaN
A001,A,1,NaN,NaN,NaN,0,0,0.508904933929443
A001,A,1,NaN,NaN,NaN,0,0,0.74216890335083
A001,A,1,NaN,NaN,NaN,0,0,0.866961002349854
A001,A,1,NaN,NaN,NaN,0,0,0.610303163528442
A001,A,1,NaN,NaN,NaN,0,0,0.584036111831665
A001,A,1,NaN,NaN,NaN,0,0,0.421570062637329
A001,A,1,NaN,NaN,NaN,0,0,0.520013809204102
A001,A,1,NaN,NaN,NaN,0,0,0.7830650806427
A001,A,1,NaN,NaN,NaN,0,0,0.528478145599365
A001,A,1,NaN,NaN,NaN,0,0,0.517507791519165
A001,A,1,NaN,NaN,NaN,0,0,0.531459093093872
A001,A,1,NaN,NaN,NaN,0,0,0.472643136978149
A001,A,NaN,1,0,NaN,NaN,0,NaN
A001,A,1,NaN,NaN,NaN,0,0,0.363998889923096
A001,A,1,NaN,NaN,NaN,0,0,0.317284107208252
A001,A,1,NaN,NaN,NaN,0,0,0.288390159606934
A001,A,1,NaN,NaN,NaN,0,0,0.360687971115112
A001,A,1,NaN,NaN,NaN,0,0,0.359635829925537
A001,A,1,NaN,NaN,NaN,0,0,0.328990936279297
A001,A,1,NaN,NaN,NaN,0,0,0.421442031860352
A001,A,NaN,0,1,NaN,NaN,0,NaN
A001,A,1,NaN,NaN,NaN,0,0,0.508671998977661
A001,A,1,NaN,NaN,NaN,0,0,0.537306070327759
A001,A,1,NaN,NaN,NaN,0,0,0.506396055221558
A001,A,1,NaN,NaN,NaN,0,0,0.399126052856445
A001,A,1,NaN,NaN,NaN,0,0,0.320280075073242
A001,A,1,NaN,NaN,NaN,0,0,0.427076101303101
A001,A,1,NaN,NaN,NaN,0,0,0.310188055038452
A001,A,NaN,0,1,NaN,NaN,0,NaN
A001,A,1,NaN,NaN,NaN,0,0,0.512281894683838
A001,A,1,NaN,NaN,NaN,0,0,0.411440134048462
A001,A,1,NaN,NaN,NaN,0,0,0.556504964828491
A001,A,1,NaN,NaN,NaN,0,0,0.580331087112427
A001,A,1,NaN,NaN,NaN,0,0,0.45786714553833
A001,A,1,NaN,NaN,NaN,0,0,0.376394033432007
A001,A,NaN,1,0,NaN,NaN,0,NaN
A001,A,1,NaN,NaN,NaN,0,0,0.26608419418335
A001,A,1,NaN,NaN,NaN,0,0,0.274848937988281
A001,A,1,NaN,NaN,NaN,0,0,0.308021783828735
A001,A,1,NaN,NaN,NaN,0,0,0.43002986907959
A001,A,1,NaN,NaN,NaN,0,0,0.460958957672119
A001,A,1,NaN,NaN,NaN,0,0,0.596625089645386
A001,A,1,NaN,NaN,NaN,0,0,0.471889019012451
A001,A,1,NaN,NaN,NaN,0,0,0.34842586517334
A001,A,1,NaN,NaN,NaN,0,0,0.396113157272339
A001,A,1,NaN,NaN,NaN,0,0,0.477179050445557
A001,A,1,NaN,NaN,NaN,0,0,0.483052968978882
A001,A,1,NaN,NaN,NaN,0,0,0.367653131484985
A001,A,NaN,1,0,NaN,NaN,0,NaN
A001,A,1,NaN,NaN,NaN,0,0,0.374446153640747
A001,A,1,NaN,NaN,NaN,0,0,0.375514984130859
A001,A,1,NaN,NaN,NaN,0,0,0.382153034210205
A001,A,1,NaN,NaN,NaN,0,0,0.483151912689209
A001,A,1,NaN,NaN,NaN,0,0,0.451090812683105
A001,A,1,NaN,NaN,NaN,0,0,0.372271060943604
A001,A,1,NaN,NaN,NaN,0,0,0.406270027160645
A001,A,NaN,0,1,NaN,NaN,0,NaN
A001,A,1,NaN,NaN,NaN,0,0,0.677199125289917
A001,A,1,NaN,NaN,NaN,0,0,0.592595815658569
A001,A,1,NaN,NaN,NaN,0,0,0.370990991592407
A001,A,1,NaN,NaN,NaN,0,0,0.342128992080688
A001,A,1,NaN,NaN,NaN,0,0,0.490882873535156
A001,A,1,NaN,NaN,NaN,0,0,0.543903112411499
A001,A,1,NaN,NaN,NaN,0,0,0.571979999542236
A001,A,1,NaN,NaN,NaN,0,0,0.736704111099243
A001,A,1,NaN,NaN,NaN,0,0,0.630496978759766
A001,A,NaN,1,0,NaN,NaN,0,NaN
A001,A,1,NaN,NaN,NaN,0,0,0.452318906784058
A001,A,1,NaN,NaN,NaN,0,0,0.313256978988647
A001,A,1,NaN,NaN,NaN,0,0,0.374166011810303
A001,A,1,NaN,NaN,NaN,0,0,0.313874006271362
A001,A,1,NaN,NaN,NaN,0,0,0.360426902770996
A001,A,1,NaN,NaN,NaN,0,0,0.374591827392578
A001,A,1,NaN,NaN,NaN,0,0,0.41975212097168
A001,A,1,NaN,NaN,NaN,0,0,0.513695955276489
A001,A,NaN,1,0,NaN,NaN,0,NaN
A001,A,1,NaN,NaN,NaN,0,0,0.320765018463135
A001,A,1,NaN,NaN,NaN,0,0,0.260648012161255
A001,A,NaN,0,1,NaN,NaN,0,NaN
A001,A,1,NaN,NaN,NaN,0,0,0.556669950485229
A001,A,1,NaN,NaN,NaN,0,0,0.469135046005249
A001,A,1,NaN,NaN,NaN,0,0,0.50116491317749
A001,A,1,NaN,NaN,NaN,0,0,0.574465990066528
A001,A,1,NaN,NaN,NaN,0,0,0.482266187667847
A001,A,1,NaN,NaN,NaN,0,0,0.423033952713013
A001,A,1,NaN,NaN,NaN,0,0,0.444720983505249
A001,A,1,NaN,NaN,NaN,0,0,0.42416787147522
A001,A,1,NaN,NaN,NaN,0,0,0.398251056671143
A001,A,1,NaN,NaN,NaN,0,0,0.431897163391113
A001,A,1,NaN,NaN,NaN,0,0,0.533748865127563
A001,A,NaN,1,0,NaN,NaN,0,NaN
A001,A,1,NaN,NaN,NaN,0,0,0.330973863601685
A001,A,1,NaN,NaN,NaN,0,0,0.349555969238281
A001,A,1,NaN,NaN,NaN,0,0,0.363067150115967
A001,A,1,NaN,NaN,NaN,0,0,0.45815896987915
A001,A,1,NaN,NaN,NaN,0,0,0.433701992034912
A001,A,1,NaN,NaN,NaN,0,0,0.566588163375854
A001,A,1,NaN,NaN,NaN,0,0,0.412137985229492
A001,A,1,NaN,NaN,NaN,0,0,0.399839878082275
A001,A,1,NaN,NaN,NaN,0,0,0.413136959075928
A001,A,1,NaN,NaN,NaN,0,0,0.424830913543701
A001,A,NaN,1,0,NaN,NaN,0,NaN
A001,A,1,NaN,NaN,NaN,0,0,0.346528768539429
A001,A,1,NaN,NaN,NaN,0,0,0.371283054351807
A001,A,1,NaN,NaN,NaN,0,0,0.303807973861694
A001,A,1,NaN,NaN,NaN,0,0,0.346940994262695
A001,A,1,NaN,NaN,NaN,0,0,0.332762002944946
A001,A,1,NaN,NaN,NaN,0,0,0.308081150054932
A001,A,NaN,0,1,NaN,NaN,0,NaN
A001,A,1,NaN,NaN,NaN,0,0,0.372492790222168
A001,A,1,NaN,NaN,NaN,0,0,0.361793994903564
A001,A,1,NaN,NaN,NaN,0,0,0.414764881134033
A001,A,1,NaN,NaN,NaN,0,0,0.354037046432495
A001,A,1,NaN,NaN,NaN,0,0,0.308529853820801
A001,A,1,NaN,NaN,NaN,0,0,0.38506293296814
A001,A,1,NaN,NaN,NaN,0,0,0.342142820358276
A001,A,NaN,0,1,NaN,NaN,0,NaN
A001,A,1,NaN,NaN,NaN,0,0,0.343863964080811
A001,A,1,NaN,NaN,NaN,0,0,0.448390007019043
A001,A,1,NaN,NaN,NaN,0,0,0.266185998916626
A001,A,1,NaN,NaN,NaN,0,0,0.279195070266724
A001,A,1,NaN,NaN,NaN,0,0,0.256577014923096
A001,A,1,NaN,NaN,NaN,0,0,0.298891067504883
A001,A,1,NaN,NaN,NaN,0,0,0.322129964828491
A001,A,1,NaN,NaN,NaN,0,0,0.324846982955933
A001,A,NaN,1,0,NaN,NaN,0,NaN
A001,A,1,NaN,NaN,NaN,0,0,0.317393064498901
A001,A,1,NaN,NaN,NaN,0,0,0.323899984359741
A001,A,1,NaN,NaN,NaN,0,0,0.332170009613037
A001,A,1,NaN,NaN,NaN,0,0,0.390903949737549
A001,A,1,NaN,NaN,NaN,0,0,0.526818990707397
A001,A,1,NaN,NaN,NaN,0,0,0.544847965240479
A001,A,1,NaN,NaN,NaN,0,0,0.481187105178833
A001,A,1,NaN,NaN,NaN,0,0,0.598235130310059
A001,A,1,NaN,NaN,NaN,0,0,0.486302137374878
A001,A,1,NaN,NaN,NaN,0,0,0.418038129806519
A001,A,1,NaN,NaN,NaN,0,0,0.523993968963623
A001,A,1,NaN,NaN,NaN,0,0,0.515856027603149
A001,A,NaN,1,0,NaN,NaN,0,NaN
A001,A,1,NaN,NaN,NaN,0,0,0.36736798286438
A001,A,1,NaN,NaN,NaN,0,0,0.29623007774353
A001,A,1,NaN,NaN,NaN,0,0,0.333539009094238
A001,A,1,NaN,NaN,NaN,0,0,0.488183975219727
A001,A,1,NaN,NaN,NaN,0,0,0.577589988708496
A001,A,1,NaN,NaN,NaN,0,0,0.647347927093506
A001,A,1,NaN,NaN,NaN,0,0,0.640709161758423
A001,A,NaN,1,0,NaN,NaN,0,NaN
A001,A,1,NaN,NaN,NaN,0,0,0.360269069671631
A001,A,1,NaN,NaN,NaN,0,0,0.421464920043945
A001,A,1,NaN,NaN,NaN,0,0,1.06576991081238
A001,A,1,NaN,NaN,NaN,0,0,0.633347034454346
A001,A,1,NaN,NaN,NaN,0,0,0.36013388633728
A001,A,1,NaN,NaN,NaN,0,0,0.357977867126465
A001,A,1,NaN,NaN,NaN,0,0,0.350507020950317
A001,A,1,NaN,NaN,NaN,0,0,0.30841588973999
A001,A,NaN,0,1,NaN,NaN,0,NaN
A001,A,1,NaN,NaN,NaN,0,0,0.375244855880737
A001,A,1,NaN,NaN,NaN,0,0,0.275774002075195
A001,A,1,NaN,NaN,NaN,0,0,0.27235221862793
A001,A,1,NaN,NaN,NaN,0,0,0.27295184135437
A001,A,NaN,0,1,NaN,NaN,0,NaN
A001,A,1,NaN,NaN,NaN,0,0,0.293945074081421
A001,A,1,NaN,NaN,NaN,0,0,0.342700004577637
A001,A,1,NaN,NaN,NaN,0,0,0.33647894859314
A001,A,1,NaN,NaN,NaN,0,0,0.30550217628479
A001,A,1,NaN,NaN,NaN,0,0,0.289469003677368
A001,A,1,NaN,NaN,NaN,0,0,0.315903902053833
A001,A,1,NaN,NaN,NaN,0,0,0.325421094894409
A001,A,1,NaN,NaN,NaN,0,0,0.300736904144287
A001,A,1,NaN,NaN,NaN,0,0,0.333703994750977
A001,A,NaN,1,0,NaN,NaN,0,NaN
A001,A,1,NaN,NaN,NaN,0,0,0.292632818222046
A001,A,1,NaN,NaN,NaN,0,0,0.277783155441284
A001,A,1,NaN,NaN,NaN,0,0,0.304877996444702
A001,A,1,NaN,NaN,NaN,0,0,0.50201416015625
A001,A,1,NaN,NaN,NaN,0,0,0.346451997756958
A001,A,1,NaN,NaN,NaN,0,0,0.317568778991699
A001,A,1,NaN,NaN,NaN,0,0,0.355684995651245
A001,A,1,NaN,NaN,NaN,0,0,0.382612943649292
A001,A,1,NaN,NaN,NaN,0,0,0.316433906555176
A001,A,1,NaN,NaN,NaN,0,0,0.447824001312256
A001,A,NaN,1,0,NaN,NaN,0,NaN
A001,A,1,NaN,NaN,NaN,0,0,0.373363018035889
A001,A,1,NaN,NaN,NaN,0,0,0.464388847351074
A001,A,1,NaN,NaN,NaN,0,0,0.597919940948486
A001,A,1,NaN,NaN,NaN,0,0,0.508677005767822
A001,A,1,NaN,NaN,NaN,0,0,0.410145998001099
A001,A,1,NaN,NaN,NaN,0,0,0.762047052383423
A001,A,1,NaN,NaN,NaN,0,0,0.521218061447144
A001,A,1,NaN,NaN,NaN,0,0,0.495180130004883
A001,A,NaN,1,0,NaN,NaN,0,NaN
A001,A,1,NaN,NaN,NaN,0,0,0.441956996917725
A001,A,1,NaN,NaN,NaN,0,0,0.290882110595703
A001,A,1,NaN,NaN,NaN,0,0,0.309547901153564
A001,A,1,NaN,NaN,NaN,0,0,0.324060916900635
A001,A,1,NaN,NaN,NaN,0,0,0.367985010147095
A001,A,1,NaN,NaN,NaN,0,0,0.33951997756958
A001,A,1,NaN,NaN,NaN,0,0,0.362555980682373
A001,A,1,NaN,NaN,NaN,0,0,0.363821983337402
A001,A,1,NaN,NaN,NaN,0,0,0.331271886825562
A001,A,1,NaN,NaN,NaN,0,0,0.315158128738403
A001,A,NaN,1,0,NaN,NaN,0,NaN
A001,A,1,NaN,NaN,NaN,0,0,0.343074083328247
A001,A,1,NaN,NaN,NaN,0,0,0.33434009552002
A001,A,1,NaN,NaN,NaN,0,0,0.311785936355591
A001,A,NaN,0,1,NaN,NaN,0,NaN
A001,A,1,NaN,NaN,NaN,0,0,0.462770938873291
A001,A,1,NaN,NaN,NaN,0,0,0.504657030105591
A001,A,1,NaN,NaN,NaN,0,0,0.369513988494873
A001,A,1,NaN,NaN,NaN,0,0,0.378720998764038
A001,A,1,NaN,NaN,NaN,0,0,0.352248907089233
A001,A,1,NaN,NaN,NaN,0,0,0.460801839828491
A001,A,1,NaN,NaN,NaN,0,0,0.391960144042969
A001,A,1,NaN,NaN,NaN,0,0,0.374372005462646
A001,A,1,NaN,NaN,NaN,0,0,0.369078159332275
A001,A,1,NaN,NaN,NaN,0,0,0.462997913360596
A001,A,1,NaN,NaN,NaN,0,0,0.381762027740479
A001,A,1,NaN,NaN,NaN,0,0,0.369006156921387
A001,A,NaN,0,1,NaN,NaN,0,NaN
A001,A,1,NaN,NaN,NaN,0,0,0.400760173797607
A001,A,1,NaN,NaN,NaN,0,0,0.483110904693604
A001,A,1,NaN,NaN,NaN,0,0,0.516224145889282
A001,A,1,NaN,NaN,NaN,0,0,0.43329906463623
A001,A,1,NaN,NaN,NaN,0,0,0.403934001922607
A001,A,1,NaN,NaN,NaN,0,0,0.385231971740723
A001,A,1,NaN,NaN,NaN,0,0,0.382403135299683
A001,A,1,NaN,NaN,NaN,0,0,0.419981002807617
A001,A,NaN,1,0,NaN,NaN,0,NaN
A001,A,1,NaN,NaN,NaN,0,0,0.297059774398804
A001,A,1,NaN,NaN,NaN,0,0,0.300629854202271
A001,A,1,NaN,NaN,NaN,0,0,0.324387073516846
A001,A,1,NaN,NaN,NaN,0,0,0.325224876403809
A001,A,1,NaN,NaN,NaN,0,0,0.35840892791748
A001,A,1,NaN,NaN,NaN,0,0,0.371223926544189
A001,A,1,NaN,NaN,NaN,0,0,0.424681186676025
A001,A,NaN,1,0,NaN,NaN,0,NaN
A001,A,1,NaN,NaN,NaN,0,0,0.32592511177063
A001,A,1,NaN,NaN,NaN,0,0,0.27400803565979
A001,A,1,NaN,NaN,NaN,0,0,0.274326801300049
A001,A,1,NaN,NaN,NaN,0,0,0.322470903396606
A001,A,1,NaN,NaN,NaN,0,0,0.420454978942871
A001,A,1,NaN,NaN,NaN,0,0,0.513277053833008
A001,A,NaN,1,0,NaN,NaN,0,NaN
A001,A,1,NaN,NaN,NaN,0,0,0.528762102127075
A001,A,1,NaN,NaN,NaN,0,0,0.414361000061035
A001,A,1,NaN,NaN,NaN,0,0,0.503555059432983
A001,A,1,NaN,NaN,NaN,0,0,0.365211009979248
A001,A,1,NaN,NaN,NaN,0,0,0.326043844223022
A001,A,1,NaN,NaN,NaN,0,0,0.274400949478149
A001,A,1,NaN,NaN,NaN,0,0,0.324037075042725
A001,A,1,NaN,NaN,NaN,0,0,0.376914978027344
A001,A,1,NaN,NaN,NaN,0,0,0.337660074234009
A001,A,1,NaN,NaN,NaN,0,0,0.419373989105225
A001,A,1,NaN,NaN,NaN,0,0,0.40998387336731
A001,A,1,NaN,NaN,NaN,0,0,0.379005908966064
A001,A,NaN,0,1,NaN,NaN,0,NaN
A001,A,1,NaN,NaN,NaN,0,0,0.311782121658325
A001,A,1,NaN,NaN,NaN,0,0,0.271472930908203
A001,A,1,NaN,NaN,NaN,0,0,0.31585693359375
A001,A,1,NaN,NaN,NaN,0,0,0.344828844070435
A001,A,1,NaN,NaN,NaN,0,0,0.405244827270508
A001,A,NaN,0,1,NaN,NaN,0,NaN
A001,A,1,NaN,NaN,NaN,0,0,0.354741096496582
A001,A,1,NaN,NaN,NaN,0,0,0.377571821212769
A001,A,1,NaN,NaN,NaN,0,0,0.389997959136963
A001,A,1,NaN,NaN,NaN,0,0,0.38455605506897
A001,A,1,NaN,NaN,NaN,0,0,0.371365070343018
A001,A,1,NaN,NaN,NaN,0,0,0.345857858657837
A001,A,1,NaN,NaN,NaN,0,0,0.322001934051514
A001,A,1,NaN,NaN,NaN,0,0,0.421800136566162
A001,A,1,NaN,NaN,NaN,0,0,0.460096120834351
A001,A,1,NaN,NaN,NaN,0,0,0.446002006530762
A001,A,NaN,1,0,NaN,NaN,0,NaN
A001,A,1,NaN,NaN,NaN,0,0,0.367045879364014
A001,A,1,NaN,NaN,NaN,0,0,0.326892852783203
A001,A,1,NaN,NaN,NaN,0,0,0.539578199386597
A001,A,1,NaN,NaN,NaN,0,0,0.386836051940918
A001,A,1,NaN,NaN,NaN,0,0,0.458168029785156
A001,A,1,NaN,NaN,NaN,0,0,0.432141065597534
A001,A,1,NaN,NaN,NaN,0,0,0.501103162765503
A001,A,NaN,1,0,NaN,NaN,0,NaN
A001,A,1,NaN,NaN,NaN,0,0,0.367156982421875
A001,A,1,NaN,NaN,NaN,0,0,0.436152935028076
A001,A,1,NaN,NaN,NaN,0,0,0.490072011947632
A001,A,1,NaN,NaN,NaN,0,0,0.446775913238525
A001,A,1,NaN,NaN,NaN,0,0,0.529890060424805
A001,A,1,NaN,NaN,NaN,0,0,0.657325983047485
A001,A,1,NaN,NaN,NaN,0,0,0.752001047134399
A001,A,1,NaN,NaN,NaN,0,0,0.869163036346436
A001,A,NaN,1,0,NaN,NaN,0,NaN
A001,A,1,NaN,NaN,NaN,0,0,0.324847936630249
A001,A,1,NaN,NaN,NaN,0,0,0.314075946807861
A001,A,1,NaN,NaN,NaN,0,0,0.310554027557373
A001,A,1,NaN,NaN,NaN,0,0,0.302401781082153
A001,A,NaN,1,0,NaN,NaN,0,NaN
A001,A,1,NaN,NaN,NaN,0,0,0.309031963348389
A001,A,1,NaN,NaN,NaN,0,0,0.286404132843018
A001,A,1,NaN,NaN,NaN,0,0,0.296015024185181
A001,A,1,NaN,NaN,NaN,0,0,0.405083894729614
A001,A,1,NaN,NaN,NaN,0,0,0.402227163314819
A001,A,1,NaN,NaN,NaN,0,0,0.375813007354736
A001,A,1,NaN,NaN,NaN,0,0,0.416428089141846
A001,A,1,NaN,NaN,NaN,0,0,0.357187032699585
A001,A,1,NaN,NaN,NaN,0,0,0.418916940689087
A001,A,1,NaN,NaN,NaN,0,0,0.38251781463623
A001,A,1,NaN,NaN,NaN,0,0,0.375455856323242
A001,A,1,NaN,NaN,NaN,0,0,0.515953063964844
A001,A,1,NaN,NaN,NaN,0,0,0.500056028366089
A001,A,1,NaN,NaN,NaN,0,0,0.62500786781311
A001,A,NaN,1,0,NaN,NaN,0,NaN
A001,A,1,NaN,NaN,NaN,0,0,0.445852994918823
A001,A,1,NaN,NaN,NaN,0,0,0.354726076126099
A001,A,1,NaN,NaN,NaN,0,0,0.312322854995728
A001,A,1,NaN,NaN,NaN,0,0,0.351246118545532
A001,A,1,NaN,NaN,NaN,0,0,0.331321954727173
A001,A,1,NaN,NaN,NaN,0,0,0.37860107421875
A001,A,NaN,1,0,NaN,NaN,0,NaN
A001,A,1,NaN,NaN,NaN,0,0,0.30849289894104
A001,A,1,NaN,NaN,NaN,0,0,0.278217077255249
A001,A,1,NaN,NaN,NaN,0,0,0.273054838180542
A001,A,1,NaN,NaN,NaN,0,0,0.376480102539062
A001,A,1,NaN,NaN,NaN,0,0,0.352917194366455
A001,A,1,NaN,NaN,NaN,0,0,0.310573816299438
A001,A,1,NaN,NaN,NaN,0,0,0.359812021255493
A001,A,1,NaN,NaN,NaN,0,0,0.442364931106567
A001,A,1,NaN,NaN,NaN,0,0,0.463125944137573
A001,A,NaN,1,0,NaN,NaN,0,NaN
A001,A,1,NaN,NaN,NaN,0,0,0.314054012298584
A001,A,1,NaN,NaN,NaN,0,0,0.382742881774902
A001,A,1,NaN,NaN,NaN,0,0,0.373011112213135
A001,A,1,NaN,NaN,NaN,0,0,0.489388942718506
A001,A,1,NaN,NaN,NaN,0,0,0.52890682220459
A001,A,1,NaN,NaN,NaN,0,0,0.701237201690674
A001,A,1,NaN,NaN,NaN,0,0,0.663614988327026
A001,A,NaN,1,0,NaN,NaN,0,NaN
A001,A,1,NaN,NaN,NaN,0,0,0.424955129623413
A001,A,1,NaN,NaN,NaN,0,0,0.33051586151123
A001,A,1,NaN,NaN,NaN,0,0,0.346992969512939
A001,A,1,NaN,NaN,NaN,0,0,0.551506996154785
A001,A,NaN,1,0,NaN,NaN,0,NaN
A001,A,1,NaN,NaN,NaN,0,0,0.321851015090942
A001,A,1,NaN,NaN,NaN,0,0,0.384427070617676
A001,A,1,NaN,NaN,NaN,0,0,0.427163124084473
A001,A,1,NaN,NaN,NaN,0,0,0.465102910995483
A001,A,1,NaN,NaN,NaN,0,0,0.474444150924683
A001,A,1,NaN,NaN,NaN,0,0,0.429658889770508
A001,A,1,NaN,NaN,NaN,0,0,0.386084079742432
A001,A,1,NaN,NaN,NaN,0,0,0.463526964187622
A001,A,1,NaN,NaN,NaN,0,0,0.389241218566895
A001,A,1,NaN,NaN,NaN,0,0,0.665700912475586
A001,A,NaN,1,0,NaN,NaN,0,NaN
A001,A,1,NaN,NaN,NaN,0,0,0.401712894439697
A001,A,1,NaN,NaN,NaN,0,0,0.385488033294678
A001,A,1,NaN,NaN,NaN,0,0,0.390513896942139
A001,A,1,NaN,NaN,NaN,0,0,0.380645990371704
A001,A,1,NaN,NaN,NaN,0,0,0.351824998855591
A001,A,1,NaN,NaN,NaN,0,0,0.366625070571899
A001,A,NaN,1,0,NaN,NaN,0,NaN
A001,A,1,NaN,NaN,NaN,0,0,0.420005083084106
A001,A,1,NaN,NaN,NaN,0,0,0.465595960617065
A001,A,1,NaN,NaN,NaN,0,0,0.329086065292358
A001,A,1,NaN,NaN,NaN,0,0,0.315761804580688
A001,A,1,NaN,NaN,NaN,0,0,0.307315111160278
A001,A,1,NaN,NaN,NaN,0,0,0.318317890167236
A001,A,1,NaN,NaN,NaN,0,0,0.323096036911011
A001,A,1,NaN,NaN,NaN,0,0,0.375643968582153
A001,A,1,NaN,NaN,NaN,0,0,0.441877126693726
A001,A,1,NaN,NaN,NaN,0,0,0.400515079498291
A001,A,1,NaN,NaN,NaN,0,0,0.376837015151978
A001,A,1,NaN,NaN,NaN,0,0,0.369801044464111
A001,A,1,NaN,NaN,NaN,0,0,0.265567064285278
A001,A,1,NaN,NaN,NaN,0,0,0.307409048080444
A001,A,NaN,1,0,NaN,NaN,0,NaN
A001,A,1,NaN,NaN,NaN,0,0,0.302855968475342
A001,A,1,NaN,NaN,NaN,0,0,0.293542861938477
A001,A,1,NaN,NaN,NaN,0,0,0.290812969207764
A001,A,1,NaN,NaN,NaN,0,0,0.343633890151978
A001,A,NaN,0,1,NaN,NaN,0,NaN
A001,A,1,NaN,NaN,NaN,0,0,0.403318881988525
A001,A,1,NaN,NaN,NaN,0,0,0.321260929107666
A001,A,1,NaN,NaN,NaN,0,0,0.354490995407104
A001,A,1,NaN,NaN,NaN,0,0,0.314245939254761
A001,A,1,NaN,NaN,NaN,0,0,0.357661962509155
A001,A,1,NaN,NaN,NaN,0,0,0.354566097259521
A001,A,NaN,1,0,NaN,NaN,0,NaN
A001,A,1,NaN,NaN,NaN,0,0,0.640154123306274
A001,A,1,NaN,NaN,NaN,0,0,0.337537050247192
A001,A,1,NaN,NaN,NaN,0,0,0.430984973907471
A001,A,1,NaN,NaN,NaN,0,0,0.486044883728027
A001,A,1,NaN,NaN,NaN,0,0,0.399461030960083
A001,A,1,NaN,NaN,NaN,0,0,0.403580904006958
A001,A,1,NaN,NaN,NaN,0,0,0.432376146316528
A001,A,1,NaN,NaN,NaN,0,0,0.394291162490845
A001,A,1,NaN,NaN,NaN,0,0,0.371295928955078
A001,A,1,NaN,NaN,NaN,0,0,0.362316846847534
A001,A,1,NaN,NaN,NaN,0,0,0.377317190170288
A001,A,1,NaN,NaN,NaN,0,0,0.443020820617676
A001,A,NaN,1,0,NaN,NaN,0,NaN
A001,A,1,NaN,NaN,NaN,0,0,0.476108074188232
A001,A,1,NaN,NaN,NaN,0,0,0.40064001083374
A001,A,1,NaN,NaN,NaN,0,0,0.405257940292358
A001,A,1,NaN,NaN,NaN,0,0,0.454973936080933
A001,A,1,NaN,NaN,NaN,0,0,0.393565893173218
A001,A,1,NaN,NaN,NaN,0,0,0.330315828323364
A001,A,1,NaN,NaN,NaN,0,0,0.366979837417603
A001,A,NaN,1,0,NaN,NaN,0,NaN
A001,A,1,NaN,NaN,NaN,0,0,0.290964841842651
A001,A,1,NaN,NaN,NaN,0,0,0.399949073791504
A001,A,1,NaN,NaN,NaN,0,0,0.358453035354614
A001,A,1,NaN,NaN,NaN,0,0,0.394888162612915
A001,A,1,NaN,NaN,NaN,0,0,0.415345907211304
A001,A,1,NaN,NaN,NaN,0,0,0.394566059112549
A001,A,NaN,1,0,NaN,NaN,0,NaN
A001,A,1,NaN,NaN,NaN,0,0,0.364863872528076
A001,A,1,NaN,NaN,NaN,0,0,0.375072956085205
A001,A,1,NaN,NaN,NaN,0,0,0.370203018188477
A001,A,1,NaN,NaN,NaN,0,0,0.343134880065918
A001,A,1,NaN,NaN,NaN,0,0,0.29613208770752
A001,A,1,NaN,NaN,NaN,0,0,0.492673873901367
A001,A,1,NaN,NaN,NaN,0,0,0.376428842544556
A001,A,1,NaN,NaN,NaN,0,0,0.396944046020508
A001,A,NaN,1,0,NaN,NaN,0,NaN
A001,A,1,NaN,NaN,NaN,0,0,0.308372020721436
A001,A,1,NaN,NaN,NaN,0,0,0.30974006652832
A001,A,1,NaN,NaN,NaN,0,0,0.331209897994995
A001,A,1,NaN,NaN,NaN,0,0,0.303529024124146
A001,A,1,NaN,NaN,NaN,0,0,0.403626918792725
A001,A,1,NaN,NaN,NaN,0,0,0.552340984344482
A001,A,1,NaN,NaN,NaN,0,0,0.64211893081665
A001,A,1,NaN,NaN,NaN,0,0,0.632372856140137
A001,A,1,NaN,NaN,NaN,0,0,0.545209884643555
A001,A,1,NaN,NaN,NaN,0,0,0.526566982269287
A001,A,1,NaN,NaN,NaN,0,0,0.454092025756836
A001,A,NaN,1,0,NaN,NaN,0,NaN
A001,A,1,NaN,NaN,NaN,0,0,0.331789970397949
A001,A,1,NaN,NaN,NaN,0,0,0.324641942977905
A001,A,1,NaN,NaN,NaN,0,0,0.331006050109863
A001,A,1,NaN,NaN,NaN,0,0,0.297960996627808
A001,A,1,NaN,NaN,NaN,0,0,0.29458212852478
A001,A,1,NaN,NaN,NaN,0,0,0.325033903121948
A001,A,NaN,0,1,NaN,NaN,0,NaN
A001,A,1,NaN,NaN,NaN,0,0,0.691344976425171
A001,A,1,NaN,NaN,NaN,0,0,0.597177982330322
A001,A,1,NaN,NaN,NaN,0,0,0.49289083480835
A001,A,1,NaN,NaN,NaN,0,0,0.423805952072144
A001,A,1,NaN,NaN,NaN,0,0,0.387920141220093
A001,A,1,NaN,NaN,NaN,0,0,0.390492916107178
A001,A,NaN,1,0,NaN,NaN,0,NaN
A001,A,1,NaN,NaN,NaN,0,0,0.346503019332886
A001,A,1,NaN,NaN,NaN,0,0,0.423646926879883
A001,A,1,NaN,NaN,NaN,0,0,0.372528076171875
A001,A,1,NaN,NaN,NaN,0,0,0.347079038619995
A001,A,1,NaN,NaN,NaN,0,0,0.303684949874878
A001,A,1,NaN,NaN,NaN,0,0,0.334947109222412
A001,A,1,NaN,NaN,NaN,0,0,0.382416009902954
A001,A,1,NaN,NaN,NaN,0,0,0.400092124938965
A001,A,1,NaN,NaN,NaN,0,0,0.465383052825928
A001,A,1,NaN,NaN,NaN,0,0,0.490689039230347
A001,A,NaN,1,0,NaN,NaN,0,NaN
A001,A,1,NaN,NaN,NaN,0,0,0.317629814147949
A001,A,1,NaN,NaN,NaN,0,0,0.482906818389893
A001,A,1,NaN,NaN,NaN,0,0,0.366708040237427
A001,A,1,NaN,NaN,NaN,0,0,0.311130046844482
A001,A,1,NaN,NaN,NaN,0,0,0.353189945220947
A001,A,1,NaN,NaN,NaN,0,0,0.431534051895142
A001,A,1,NaN,NaN,NaN,0,0,0.502078056335449
A001,A,1,NaN,NaN,NaN,0,0,0.387274026870728
A001,A,1,NaN,NaN,NaN,0,0,0.58807897567749
A001,A,NaN,1,0,NaN,NaN,0,NaN
A001,A,1,NaN,NaN,NaN,0,0,0.321776151657104
A001,A,1,NaN,NaN,NaN,0,0,0.406352996826172
A001,A,1,NaN,NaN,NaN,0,0,0.355202913284302
A001,A,1,NaN,NaN,NaN,0,0,0.363242149353027
A001,A,1,NaN,NaN,NaN,0,0,0.410483121871948
A001,A,1,NaN,NaN,NaN,0,0,0.395785093307495
A001,A,1,NaN,NaN,NaN,0,0,0.425209999084473
A001,A,1,NaN,NaN,NaN,0,0,0.423033952713013
A001,A,1,NaN,NaN,NaN,0,0,0.576104164123535
A001,A,1,NaN,NaN,NaN,0,0,0.485934972763062
A001,A,NaN,1,0,NaN,NaN,0,NaN
A001,A,1,NaN,NaN,NaN,0,0,0.331615924835205
A001,A,1,NaN,NaN,NaN,0,0,0.321067094802856
A001,A,1,NaN,NaN,NaN,0,0,0.329984903335571
A001,A,NaN,0,1,NaN,NaN,0,NaN
A001,A,1,NaN,NaN,NaN,0,0,0.467645883560181
A001,A,1,NaN,NaN,NaN,0,0,0.453997135162354
A001,A,1,NaN,NaN,NaN,0,0,0.297009944915771
A001,A,1,NaN,NaN,NaN,0,0,0.338746070861816
A001,A,1,NaN,NaN,NaN,0,0,0.351010799407959
A001,A,1,NaN,NaN,NaN,0,0,0.346904039382935
A001,A,1,NaN,NaN,NaN,0,0,0.32849383354187
A001,A,1,NaN,NaN,NaN,0,0,0.373861074447632
A001,A,1,NaN,NaN,NaN,0,0,0.357850074768066
A001,A,1,NaN,NaN,NaN,0,0,0.47988486289978
A001,A,1,NaN,NaN,NaN,0,0,0.437472820281982
A001,A,1,NaN,NaN,NaN,0,0,0.503096103668213
A001,A,NaN,1,0,NaN,NaN,0,NaN
A001,A,1,NaN,NaN,NaN,0,0,0.38363790512085
A001,A,1,NaN,NaN,NaN,0,0,0.422376871109009
A001,A,1,NaN,NaN,NaN,0,0,0.375140905380249
A001,A,1,NaN,NaN,NaN,0,0,0.416908025741577
A001,A,1,NaN,NaN,NaN,0,0,0.385999917984009
A001,A,1,NaN,NaN,NaN,0,0,0.411834001541138
A001,A,1,NaN,NaN,NaN,0,0,0.372519016265869
A001,A,NaN,1,0,NaN,NaN,0,NaN
A001,A,1,NaN,NaN,NaN,0,0,0.369975090026855
A001,A,1,NaN,NaN,NaN,0,0,0.312947034835815
A001,A,1,NaN,NaN,NaN,0,0,0.282490015029907
A001,A,1,NaN,NaN,NaN,0,0,0.289515018463135
A001,A,1,NaN,NaN,NaN,0,0,0.266645193099976
A001,A,1,NaN,NaN,NaN,0,0,0.277756214141846
A001,A,1,NaN,NaN,NaN,0,0,0.272938013076782
A001,A,1,NaN,NaN,NaN,0,0,0.494525909423828
A001,A,1,NaN,NaN,NaN,0,0,0.423800945281982
A001,A,1,NaN,NaN,NaN,0,0,0.345839023590088
A001,A,NaN,0,1,NaN,NaN,0,NaN
A001,A,1,NaN,NaN,NaN,0,0,0.305185079574585
A001,A,1,NaN,NaN,NaN,0,0,0.246798992156982
A001,A,1,NaN,NaN,NaN,0,0,0.24210000038147
A001,A,1,NaN,NaN,NaN,0,0,0.32695484161377
A001,A,1,NaN,NaN,NaN,0,0,0.295980930328369
A001,A,1,NaN,NaN,NaN,0,0,0.281470060348511
A001,A,1,NaN,NaN,NaN,0,0,0.266382217407227
A001,A,NaN,0,1,NaN,NaN,0,NaN
A001,A,1,NaN,NaN,NaN,0,0,0.392789125442505
A001,A,1,NaN,NaN,NaN,0,0,0.280903816223145
A001,A,1,NaN,NaN,NaN,0,0,0.307643175125122
A001,A,1,NaN,NaN,NaN,0,0,0.316867113113403
A001,A,NaN,1,0,NaN,NaN,0,NaN
A001,A,1,NaN,NaN,NaN,0,0,0.290019035339355
A001,A,1,NaN,NaN,NaN,0,0,0.378598928451538
A001,A,1,NaN,NaN,NaN,0,0,0.451819181442261
A001,A,1,NaN,NaN,NaN,0,0,0.525213956832886
A001,A,1,NaN,NaN,NaN,0,0,0.404177904129028
A001,A,1,NaN,NaN,NaN,0,0,0.391797065734863
A001,A,1,NaN,NaN,NaN,0,0,0.464482069015503
A001,A,1,NaN,NaN,NaN,0,0,0.477519035339355
A001,A,1,NaN,NaN,NaN,0,0,0.698837041854858
A001,A,1,NaN,NaN,NaN,0,0,0.783751010894775
A001,A,1,NaN,NaN,NaN,0,0,0.732344150543213
A001,A,1,NaN,NaN,NaN,0,0,0.531560897827148
A001,A,NaN,1,0,NaN,NaN,0,NaN
A001,A,1,NaN,NaN,NaN,0,0,0.38306188583374
A001,A,1,NaN,NaN,NaN,0,0,0.361232995986938
A001,A,1,NaN,NaN,NaN,0,0,0.423672914505005
A001,A,1,NaN,NaN,NaN,0,0,0.413490056991577
A001,A,1,NaN,NaN,NaN,0,0,0.426126003265381
A001,A,1,NaN,NaN,NaN,0,0,0.362951993942261
A001,A,1,NaN,NaN,NaN,0,0,0.330801963806152
A001,A,1,NaN,NaN,NaN,0,0,0.605901956558228
A001,A,1,NaN,NaN,NaN,0,0,0.386381149291992
A001,A,NaN,1,0,NaN,NaN,0,NaN
A001,A,1,NaN,NaN,NaN,0,0,0.408514976501465
A001,A,1,NaN,NaN,NaN,0,0,0.3540940284729
A001,A,1,NaN,NaN,NaN,0,0,0.294378042221069
A001,A,1,NaN,NaN,NaN,0,0,0.336112022399902
A001,A,NaN,0,1,NaN,NaN,0,NaN
A001,A,1,NaN,NaN,NaN,0,0,0.402193069458008
A001,A,1,NaN,NaN,NaN,0,0,0.319356918334961
A001,A,1,NaN,NaN,NaN,0,0,0.299255132675171
A001,A,1,NaN,NaN,NaN,0,0,0.300564050674438
A001,A,1,NaN,NaN,NaN,0,0,0.375493049621582
A001,A,1,NaN,NaN,NaN,0,0,0.393908977508545
A001,A,1,NaN,NaN,NaN,0,0,0.375550985336304
A001,A,1,NaN,NaN,NaN,0,0,0.347756862640381
A001,A,1,NaN,NaN,NaN,0,0,0.325387001037598
A001,A,NaN,1,0,NaN,NaN,0,NaN
A001,A,1,NaN,NaN,NaN,0,0,0.330106973648071
A001,A,1,NaN,NaN,NaN,0,0,0.327465057373047
A001,A,1,NaN,NaN,NaN,0,0,0.296415090560913
A001,A,1,NaN,NaN,NaN,0,0,0.335997104644775
A001,A,1,NaN,NaN,NaN,0,0,0.324045181274414
A001,A,1,NaN,NaN,NaN,0,0,0.311636924743652
A001,A,1,NaN,NaN,NaN,0,0,0.295773983001709
A001,A,1,NaN,NaN,NaN,0,0,0.340512990951538
A001,A,1,NaN,NaN,NaN,0,0,0.292237043380737
A001,A,1,NaN,NaN,NaN,0,0,0.382066965103149
A001,A,1,NaN,NaN,NaN,0,0,0.299314975738525
A001,A,1,NaN,NaN,NaN,0,0,0.310215950012207
A001,A,NaN,0,1,NaN,NaN,0,NaN
A001,A,1,NaN,NaN,NaN,0,0,0.320718050003052
A001,A,1,NaN,NaN,NaN,0,0,0.326333045959473
A001,A,1,NaN,NaN,NaN,0,0,0.291760206222534
A001,A,1,NaN,NaN,NaN,0,0,0.304823875427246
A001,A,1,NaN,NaN,NaN,0,0,0.305895090103149
A001,A,1,NaN,NaN,NaN,0,0,0.304481983184814
A001,A,1,NaN,NaN,NaN,0,0,0.325594902038574
A001,A,NaN,0,1,NaN,NaN,0,NaN
A001,A,1,NaN,NaN,NaN,0,0,0.222704887390137
A001,A,1,NaN,NaN,NaN,0,0,0.155649900436401
A001,A,1,NaN,NaN,NaN,0,0,0.272367000579834
A001,A,NaN,1,0,NaN,NaN,0,NaN
A001,A,1,NaN,NaN,NaN,0,0,0.306790828704834
A001,A,1,NaN,NaN,NaN,0,0,0.296197891235352
A001,A,1,NaN,NaN,NaN,0,0,0.537271976470947
A001,A,1,NaN,NaN,NaN,0,0,0.628247022628784
A001,A,1,NaN,NaN,NaN,0,0,0.617619037628174
A001,A,1,NaN,NaN,NaN,0,0,0.569031000137329
A001,A,1,NaN,NaN,NaN,0,0,0.609839200973511
A001,A,1,NaN,NaN,NaN,0,0,0.566492080688477
A001,A,1,NaN,NaN,NaN,0,0,0.505409002304077
A001,A,1,NaN,NaN,NaN,0,0,0.519176959991455
A001,A,1,NaN,NaN,NaN,0,0,0.48640513420105
A001,A,NaN,1,0,NaN,NaN,0,NaN
A001,A,1,NaN,NaN,NaN,0,0,0.360190868377686
A001,A,1,NaN,NaN,NaN,0,0,0.504837036132812
A001,A,1,NaN,NaN,NaN,0,0,0.445367097854614
A001,A,1,NaN,NaN,NaN,0,0,0.694090127944946
A001,A,1,NaN,NaN,NaN,0,0,0.667342901229858
A001,A,1,NaN,NaN,NaN,0,0,0.584208011627197
A001,A,1,NaN,NaN,NaN,0,0,0.464599132537842
A001,A,1,NaN,NaN,NaN,0,0,0.378814220428467
A001,A,NaN,1,0,NaN,NaN,0,NaN
A001,A,1,NaN,NaN,NaN,0,0,0.317759990692139
A001,A,1,NaN,NaN,NaN,0,0,0.330713987350464
A001,A,1,NaN,NaN,NaN,0,0,0.391418933868408
A001,A,1,NaN,NaN,NaN,0,0,0.32296895980835
A001,A,1,NaN,NaN,NaN,0,0,0.327453851699829
A001,A,1,NaN,NaN,NaN,0,0,0.293879985809326
A001,A,1,NaN,NaN,NaN,0,0,0.299262046813965
A001,A,1,NaN,NaN,NaN,0,0,0.299846887588501
A001,A,NaN,0,1,NaN,NaN,0,NaN
A001,A,1,NaN,NaN,NaN,0,0,0.321635007858276
A001,A,1,NaN,NaN,NaN,0,0,0.309747934341431
A001,A,1,NaN,NaN,NaN,0,0,0.354671955108643
A001,A,1,NaN,NaN,NaN,0,0,0.347378969192505
A001,A,1,NaN,NaN,NaN,0,0,0.368165969848633
A001,A,1,NaN,NaN,NaN,0,0,0.413194179534912
A001,A,NaN,1,0,NaN,NaN,0,NaN
A001,A,1,NaN,NaN,NaN,0,0,0.348359107971191
A001,A,1,NaN,NaN,NaN,0,0,0.290279150009155
A001,A,1,NaN,NaN,NaN,0,0,0.383345127105713
A001,A,1,NaN,NaN,NaN,0,0,0.547514915466309
A001,A,1,NaN,NaN,NaN,0,0,0.448431968688965
A001,A,1,NaN,NaN,NaN,0,0,0.365679025650024
A001,A,1,NaN,NaN,NaN,0,0,0.341909885406494
A001,A,1,NaN,NaN,NaN,0,0,0.342656850814819
A001,A,1,NaN,NaN,NaN,0,0,0.326901197433472
A001,A,1,NaN,NaN,NaN,0,0,0.608221054077148
A001,A,NaN,1,0,NaN,NaN,0,NaN
A001,A,1,NaN,NaN,NaN,0,0,0.362346887588501
A001,A,1,NaN,NaN,NaN,0,0,0.464416980743408
A001,A,1,NaN,NaN,NaN,0,0,0.398042917251587
A001,A,1,NaN,NaN,NaN,0,0,0.365170955657959
A001,A,1,NaN,NaN,NaN,0,0,0.387662887573242
A001,A,1,NaN,NaN,NaN,0,0,0.484487056732178
A001,A,1,NaN,NaN,NaN,0,0,0.377592086791992
A001,A,1,NaN,NaN,NaN,0,0,0.450387954711914
A001,A,1,NaN,NaN,NaN,0,0,0.339233875274658
A001,A,NaN,1,0,NaN,NaN,0,NaN
A001,A,1,NaN,NaN,NaN,0,0,0.280086994171143
A001,A,1,NaN,NaN,NaN,0,0,0.319056034088135
A001,A,1,NaN,NaN,NaN,0,0,0.302529096603394
A001,A,1,NaN,NaN,NaN,0,0,0.326313018798828
A001,A,1,NaN,NaN,NaN,0,0,0.396196126937866
A001,A,1,NaN,NaN,NaN,0,0,0.363466024398804
A001,A,NaN,1,0,NaN,NaN,0,NaN
A001,A,1,NaN,NaN,NaN,0,0,0.349730014801025
A001,A,1,NaN,NaN,NaN,0,0,0.275196075439453
A001,A,1,NaN,NaN,NaN,0,0,0.271404981613159
A001,A,1,NaN,NaN,NaN,0,0,0.324358940124512
A001,A,1,NaN,NaN,NaN,0,0,0.377304792404175
A001,A,1,NaN,NaN,NaN,0,0,0.370955944061279
A001,A,1,NaN,NaN,NaN,0,0,0.303179025650024
A001,A,1,NaN,NaN,NaN,0,0,0.362678050994873
A001,A,1,NaN,NaN,NaN,0,0,0.437875032424927
A001,A,1,NaN,NaN,NaN,0,0,0.390755891799927
A001,A,1,NaN,NaN,NaN,0,0,0.382858991622925
A001,A,1,NaN,NaN,NaN,0,0,0.39179801940918
A001,A,NaN,1,0,NaN,NaN,0,NaN
A001,A,1,NaN,NaN,NaN,0,0,0.438090085983276
A001,A,1,NaN,NaN,NaN,0,0,0.534660816192627
A001,A,1,NaN,NaN,NaN,0,0,0.818464994430542
A001,A,1,NaN,NaN,NaN,0,0,0.622464895248413
A001,A,1,NaN,NaN,NaN,0,0,0.410943031311035
A001,A,1,NaN,NaN,NaN,0,0,0.423187971115112
A001,A,1,NaN,NaN,NaN,0,0,0.392196178436279
A001,A,1,NaN,NaN,NaN,0,0,0.442227840423584
A001,A,NaN,1,0,NaN,NaN,0,NaN
A001,A,1,NaN,NaN,NaN,0,0,0.292533874511719
A001,A,1,NaN,NaN,NaN,0,0,0.326949834823608
A001,A,1,NaN,NaN,NaN,0,0,0.662847995758057
A001,A,1,NaN,NaN,NaN,0,0,0.632962942123413
A001,A,1,NaN,NaN,NaN,0,0,0.526427030563354
A001,A,NaN,1,0,NaN,NaN,0,NaN
A001,A,1,NaN,NaN,NaN,0,0,0.320909023284912
A001,A,1,NaN,NaN,NaN,0,0,0.313313961029053
A001,A,1,NaN,NaN,NaN,0,0,0.327838897705078
A001,A,1,NaN,NaN,NaN,0,0,0.454395055770874
A001,A,1,NaN,NaN,NaN,0,0,0.408384799957275
A001,A,1,NaN,NaN,NaN,0,0,0.334067821502686
A001,A,1,NaN,NaN,NaN,0,0,0.291610956192017
A001,A,1,NaN,NaN,NaN,0,0,0.296568870544434
A001,A,1,NaN,NaN,NaN,0,0,0.2849440574646
A001,A,1,NaN,NaN,NaN,0,0,0.276525020599365
A001,A,NaN,0,1,NaN,NaN,0,NaN
A001,A,1,NaN,NaN,NaN,0,0,0.284631013870239
A001,A,1,NaN,NaN,NaN,0,0,0.320338010787964
A001,A,1,NaN,NaN,NaN,0,0,0.247773885726929
A001,A,1,NaN,NaN,NaN,0,0,0.278549909591675
A001,A,1,NaN,NaN,NaN,0,0,0.297235012054443
A001,A,1,NaN,NaN,NaN,0,0,0.350342988967896
A001,A,1,NaN,NaN,NaN,0,0,0.384145021438599
A001,A,1,NaN,NaN,NaN,0,0,0.408750057220459
A001,A,NaN,0,1,NaN,NaN,0,NaN
A001,A,1,NaN,NaN,NaN,0,0,0.296104907989502
A001,A,1,NaN,NaN,NaN,0,0,0.276690006256104
A001,A,1,NaN,NaN,NaN,0,0,0.294987201690674
A001,A,1,NaN,NaN,NaN,0,0,0.251639127731323
A001,A,1,NaN,NaN,NaN,0,0,0.225003004074097
A001,A,1,NaN,NaN,NaN,0,0,0.302515983581543
A001,A,NaN,1,0,NaN,NaN,0,NaN
A001,A,1,NaN,NaN,NaN,0,0,0.307711839675903
A001,A,1,NaN,NaN,NaN,0,0,0.32332706451416
A001,A,1,NaN,NaN,NaN,0,0,0.375458002090454
A001,A,1,NaN,NaN,NaN,0,0,0.50117015838623
A001,A,1,NaN,NaN,NaN,0,0,0.480931043624878
A001,A,1,NaN,NaN,NaN,0,0,0.5072340965271
A001,A,1,NaN,NaN,NaN,0,0,0.600663900375366
A001,A,1,NaN,NaN,NaN,0,0,0.78913688659668
A001,A,1,NaN,NaN,NaN,0,0,0.73340106010437
A001,A,1,NaN,NaN,NaN,0,0,0.63619589805603
A001,A,NaN,1,0,NaN,NaN,0,NaN
A001,A,1,NaN,NaN,NaN,0,0,0.486420869827271
A001,A,1,NaN,NaN,NaN,0,0,0.413487911224365
A001,A,1,NaN,NaN,NaN,0,0,0.462377071380615
A001,A,1,NaN,NaN,NaN,0,0,0.40656304359436
A001,A,1,NaN,NaN,NaN,0,0,0.695327997207642
A001,A,1,NaN,NaN,NaN,0,0,0.514580011367798
A001,A,1,NaN,NaN,NaN,0,0,0.3734450340271
A001,A,1,NaN,NaN,NaN,0,0,0.390210151672363
A001,A,1,NaN,NaN,NaN,0,0,0.353492975234985
A001,A,1,NaN,NaN,NaN,0,0,0.379162073135376
A001,A,NaN,0,1,NaN,NaN,0,NaN
A001,A,1,NaN,NaN,NaN,0,0,0.38969087600708
A001,A,1,NaN,NaN,NaN,0,0,0.423671007156372
A001,A,1,NaN,NaN,NaN,0,0,0.434204816818237
A001,A,1,NaN,NaN,NaN,0,0,0.389125823974609
A001,A,1,NaN,NaN,NaN,0,0,0.365469932556152
A001,A,1,NaN,NaN,NaN,0,0,0.518510818481445
A001,A,NaN,1,0,NaN,NaN,0,NaN
A001,A,1,NaN,NaN,NaN,0,0,0.358242034912109
A001,A,1,NaN,NaN,NaN,0,0,0.404855012893677
A001,A,1,NaN,NaN,NaN,0,0,0.42076587677002
A001,A,1,NaN,NaN,NaN,0,0,0.341652154922485
A001,A,1,NaN,NaN,NaN,0,0,0.447102069854736
A001,A,1,NaN,NaN,NaN,0,0,0.439949989318848
A001,A,NaN,1,0,NaN,NaN,0,NaN
A001,A,1,NaN,NaN,NaN,0,0,0.368124008178711
A001,A,1,NaN,NaN,NaN,0,0,0.45710301399231
A001,A,1,NaN,NaN,NaN,0,0,0.443921089172363
A001,A,1,NaN,NaN,NaN,0,0,0.463321924209595
A001,A,1,NaN,NaN,NaN,0,0,0.445375204086304
A001,A,1,NaN,NaN,NaN,0,0,0.43529200553894
A001,A,NaN,1,0,NaN,NaN,0,NaN
A001,A,1,NaN,NaN,NaN,0,0,0.384119987487793
A001,A,1,NaN,NaN,NaN,0,0,0.38323712348938
A001,A,1,NaN,NaN,NaN,0,0,0.353862047195435
A001,A,1,NaN,NaN,NaN,0,0,0.411080837249756
A001,A,1,NaN,NaN,NaN,0,0,0.409641027450562
A001,A,1,NaN,NaN,NaN,0,0,0.37879204750061
A001,A,1,NaN,NaN,NaN,0,0,0.402143955230713
A001,A,1,NaN,NaN,NaN,0,0,0.375836133956909
A001,A,NaN,1,0,NaN,NaN,0,NaN
A001,A,1,NaN,NaN,NaN,0,0,0.268898963928223
A001,A,1,NaN,NaN,NaN,0,0,0.285294055938721
A001,A,1,NaN,NaN,NaN,0,0,0.367755174636841
A001,A,1,NaN,NaN,NaN,0,0,0.438710927963257
A001,A,1,NaN,NaN,NaN,0,0,0.457814931869507
A001,A,1,NaN,NaN,NaN,0,0,0.467981100082397
A001,A,1,NaN,NaN,NaN,0,0,0.634737014770508
A001,A,1,NaN,NaN,NaN,0,0,0.591753005981445
A001,A,1,NaN,NaN,NaN,0,0,0.608680009841919
A001,A,1,NaN,NaN,NaN,0,0,0.657643795013428
A001,A,1,NaN,NaN,NaN,0,0,1.11272692680359
A001,A,1,NaN,NaN,NaN,0,0,0.538222074508667
A001,A,1,NaN,NaN,NaN,0,0,0.60741400718689
A001,A,1,NaN,NaN,NaN,0,0,0.699644088745117
A001,A,NaN,1,0,NaN,NaN,0,NaN
A001,A,1,NaN,NaN,NaN,0,0,0.57582688331604
A001,A,1,NaN,NaN,NaN,0,0,0.65304708480835
A001,A,1,NaN,NaN,NaN,0,0,0.624422788619995
A001,A,1,NaN,NaN,NaN,0,0,0.777552843093872
A001,A,1,NaN,NaN,NaN,0,0,0.75741720199585
A001,A,1,NaN,NaN,NaN,0,0,0.703320026397705
A001,A,1,NaN,NaN,NaN,0,0,0.472507953643799
A001,A,NaN,1,0,NaN,NaN,0,NaN
A001,A,1,NaN,NaN,NaN,0,0,0.338483810424805
A001,A,1,NaN,NaN,NaN,0,0,0.357421875
A001,A,1,NaN,NaN,NaN,0,0,0.393133163452148
A001,A,1,NaN,NaN,NaN,0,0,0.441526174545288
A001,A,1,NaN,NaN,NaN,0,0,0.539270877838135
A001,A,1,NaN,NaN,NaN,0,0,0.462263822555542
A001,A,1,NaN,NaN,NaN,0,0,0.520904779434204
A001,A,1,NaN,NaN,NaN,0,0,0.649816036224365
A001,A,1,NaN,NaN,NaN,0,0,0.577263116836548
A001,A,NaN,1,0,NaN,NaN,0,NaN
A001,A,1,NaN,NaN,NaN,0,0,0.309537887573242
A001,A,1,NaN,NaN,NaN,0,0,0.374937057495117
A001,A,1,NaN,NaN,NaN,0,0,0.334607124328613
A001,A,1,NaN,NaN,NaN,0,0,0.295521974563599
A001,A,NaN,0,1,NaN,NaN,0,NaN
A001,A,1,NaN,NaN,NaN,0,0,0.308007955551147
A001,A,1,NaN,NaN,NaN,0,0,0.426055908203125
A001,A,1,NaN,NaN,NaN,0,0,0.518833875656128
A001,A,1,NaN,NaN,NaN,0,0,0.451442003250122
A001,A,1,NaN,NaN,NaN,0,0,0.448457002639771
A001,A,1,NaN,NaN,NaN,0,0,0.316787958145142
A001,A,1,NaN,NaN,NaN,0,0,0.363378047943115
A001,A,1,NaN,NaN,NaN,0,0,0.366101026535034
A001,A,1,NaN,NaN,NaN,0,0,0.432253122329712
A001,A,1,NaN,NaN,NaN,0,0,0.52213191986084
A001,A,1,NaN,NaN,NaN,0,0,0.443320035934448
A001,A,NaN,1,0,NaN,NaN,0,NaN
A001,A,1,NaN,NaN,NaN,0,0,0.279514074325562
A001,A,1,NaN,NaN,NaN,0,0,0.312094211578369
A001,A,1,NaN,NaN,NaN,0,0,0.428595066070557
A001,A,NaN,1,0,NaN,NaN,0,NaN
A001,A,1,NaN,NaN,NaN,0,0,0.444679975509644
A001,A,1,NaN,NaN,NaN,0,0,0.480756998062134
A001,A,1,NaN,NaN,NaN,0,0,0.334069967269897
A001,A,1,NaN,NaN,NaN,0,0,0.640179872512817
A001,A,1,NaN,NaN,NaN,0,0,0.713258981704712
A001,A,1,NaN,NaN,NaN,0,0,0.795192956924438
A001,A,1,NaN,NaN,NaN,0,0,0.829839944839478
A001,A,1,NaN,NaN,NaN,0,0,1.14327001571655
A001,A,1,NaN,NaN,NaN,0,0,0.936605930328369
A001,A,1,NaN,NaN,NaN,0,0,0.619892120361328
A001,A,1,NaN,NaN,NaN,0,0,0.600914001464844
A001,A,1,NaN,NaN,NaN,0,0,0.820000886917114
A001,A,1,NaN,NaN,NaN,0,0,0.560985088348389
A001,A,NaN,1,0,NaN,NaN,0,NaN
A001,A,1,NaN,NaN,NaN,0,0,0.405580043792725
A001,A,1,NaN,NaN,NaN,0,0,0.382312059402466
A001,A,1,NaN,NaN,NaN,0,0,0.402793884277344
A001,A,1,NaN,NaN,NaN,0,0,0.408812046051025
A001,A,1,NaN,NaN,NaN,0,0,0.357492923736572
A001,A,1,NaN,NaN,NaN,0,0,0.322773933410645
A001,A,1,NaN,NaN,NaN,0,0,0.490482091903687
A001,A,1,NaN,NaN,NaN,0,0,0.324066162109375
A001,A,1,NaN,NaN,NaN,0,0,0.401854991912842
A001,A,NaN,1,0,NaN,NaN,0,NaN
A001,A,1,NaN,NaN,NaN,0,0,0.301727056503296
A001,A,1,NaN,NaN,NaN,0,0,0.404323101043701
A001,A,1,NaN,NaN,NaN,0,0,0.312831163406372
A001,A,NaN,0,1,NaN,NaN,0,NaN
A001,A,1,NaN,NaN,NaN,0,0,0.31344199180603
A001,A,1,NaN,NaN,NaN,0,0,0.366621971130371
A001,A,1,NaN,NaN,NaN,0,0,0.391669988632202
A001,A,1,NaN,NaN,NaN,0,0,0.37889289855957
A001,A,1,NaN,NaN,NaN,0,0,0.377601861953735
A001,A,1,NaN,NaN,NaN,0,0,0.371883869171143
A001,A,1,NaN,NaN,NaN,0,0,0.399152994155884
A001,A,1,NaN,NaN,NaN,0,0,0.423273086547852
A001,A,1,NaN,NaN,NaN,0,0,0.382452011108398
A001,A,1,NaN,NaN,NaN,0,0,0.475038051605225
A001,A,1,NaN,NaN,NaN,0,0,0.490010023117065
A001,A,1,NaN,NaN,NaN,0,0,0.444468021392822
A001,A,1,NaN,NaN,NaN,0,0,0.341866016387939
A001,A,NaN,0,1,NaN,NaN,0,NaN
A001,A,1,NaN,NaN,NaN,0,0,0.290261030197144
A001,A,1,NaN,NaN,NaN,0,0,0.338521957397461
A001,A,1,NaN,NaN,NaN,0,0,0.467357158660889
A001,A,1,NaN,NaN,NaN,0,0,0.423043966293335
A001,A,1,NaN,NaN,NaN,0,0,0.444952964782715
A001,A,1,NaN,NaN,NaN,0,0,0.449916124343872
A001,A,1,NaN,NaN,NaN,0,0,0.408629894256592
A001,A,NaN,1,0,NaN,NaN,0,NaN
A001,A,1,NaN,NaN,NaN,0,0,0.368984937667847
A001,A,1,NaN,NaN,NaN,0,0,0.599506139755249
A001,A,1,NaN,NaN,NaN,0,0,0.472744941711426
A001,A,1,NaN,NaN,NaN,0,0,0.535439014434814
A001,A,1,NaN,NaN,NaN,0,0,0.431664943695068
A001,A,1,NaN,NaN,NaN,0,0,0.465172052383423
A001,A,1,NaN,NaN,NaN,0,0,0.442099094390869
A001,A,NaN,1,0,NaN,NaN,0,NaN
A001,A,1,NaN,NaN,NaN,0,0,0.351441860198975
A001,A,1,NaN,NaN,NaN,0,0,0.477288007736206
A001,A,1,NaN,NaN,NaN,0,0,0.605180978775024
A001,A,1,NaN,NaN,NaN,0,0,0.604694128036499
A001,A,1,NaN,NaN,NaN,0,0,0.562878131866455
A001,A,1,NaN,NaN,NaN,0,0,0.43626880645752
A001,A,NaN,1,0,NaN,NaN,0,NaN
A001,A,1,NaN,NaN,NaN,0,0,0.383298873901367
A001,A,1,NaN,NaN,NaN,0,0,0.351717948913574
A001,A,1,NaN,NaN,NaN,0,0,0.340775012969971
A001,A,1,NaN,NaN,NaN,0,0,0.448378086090088
A001,A,1,NaN,NaN,NaN,0,0,0.573918104171753
A001,A,1,NaN,NaN,NaN,0,0,0.474725008010864
A001,A,1,NaN,NaN,NaN,0,0,0.450645208358765
A001,A,1,NaN,NaN,NaN,0,0,0.608207941055298
A001,A,1,NaN,NaN,NaN,0,0,0.593353033065796
A001,A,1,NaN,NaN,NaN,0,0,0.678934812545776
A001,A,NaN,1,0,NaN,NaN,0,NaN
A001,A,1,NaN,NaN,NaN,0,0,0.385326862335205
A001,A,1,NaN,NaN,NaN,0,0,0.38156795501709
A001,A,1,NaN,NaN,NaN,0,0,0.354635000228882
A001,A,1,NaN,NaN,NaN,0,0,0.415466070175171
A001,A,1,NaN,NaN,NaN,0,0,0.380912065505981
A001,A,1,NaN,NaN,NaN,0,0,0.458663940429688
A001,A,1,NaN,NaN,NaN,0,0,0.497406959533691
A001,A,NaN,0,1,NaN,NaN,0,NaN
A001,A,1,NaN,NaN,NaN,0,0,0.366173982620239
A001,A,1,NaN,NaN,NaN,0,0,0.425988912582397
A001,A,1,NaN,NaN,NaN,0,0,0.447041034698486
A001,A,1,NaN,NaN,NaN,0,0,0.442550897598267
A001,A,1,NaN,NaN,NaN,0,0,0.444249868392944
A001,A,1,NaN,NaN,NaN,0,0,0.455385208129883
A001,A,1,NaN,NaN,NaN,0,0,0.556365966796875
A001,A,1,NaN,NaN,NaN,0,0,0.525966882705688
A001,A,NaN,1,0,NaN,NaN,0,NaN
A001,A,1,NaN,NaN,NaN,0,0,0.340636968612671
A001,A,1,NaN,NaN,NaN,0,0,0.439308881759644
A001,A,1,NaN,NaN,NaN,0,0,0.544545888900757
A001,A,1,NaN,NaN,NaN,0,0,0.536821126937866
A001,A,1,NaN,NaN,NaN,0,0,0.413676977157593
A001,A,1,NaN,NaN,NaN,0,0,0.6146399974823
A001,A,NaN,1,0,NaN,NaN,0,NaN
A001,A,1,NaN,NaN,NaN,0,0,0.317927837371826
A001,A,1,NaN,NaN,NaN,0,0,0.315083980560303
A001,A,1,NaN,NaN,NaN,0,0,0.495489120483398
A001,A,1,NaN,NaN,NaN,0,0,0.459833145141602
A001,A,1,NaN,NaN,NaN,0,0,0.530367851257324
A001,A,1,NaN,NaN,NaN,0,0,0.502129077911377
A001,A,1,NaN,NaN,NaN,0,0,0.510104894638062
A001,A,1,NaN,NaN,NaN,0,0,0.514889001846313
A001,A,1,NaN,NaN,NaN,0,0,0.600527048110962
A001,A,NaN,1,0,NaN,NaN,0,NaN
A001,A,1,NaN,NaN,NaN,0,0,0.346891164779663
A001,A,1,NaN,NaN,NaN,0,0,0.232331037521362
A001,A,1,NaN,NaN,NaN,0,0,0.297302961349487
A001,A,1,NaN,NaN,NaN,0,0,0.337141990661621
A001,A,1,NaN,NaN,NaN,0,0,0.34444785118103
A001,A,1,NaN,NaN,NaN,0,0,0.330394983291626
A001,A,1,NaN,NaN,NaN,0,0,0.480530977249146
A001,A,1,NaN,NaN,NaN,0,0,0.499041080474854
A001,A,1,NaN,NaN,NaN,0,0,0.455129146575928
A001,A,1,NaN,NaN,NaN,0,0,0.469547986984253
A001,A,1,NaN,NaN,NaN,0,0,0.442702054977417
A001,A,NaN,1,0,NaN,NaN,0,NaN
A001,A,1,NaN,NaN,NaN,0,0,0.300644874572754
A001,A,1,NaN,NaN,NaN,0,0,0.315509080886841
A001,A,1,NaN,NaN,NaN,0,0,0.364962816238403
A001,A,1,NaN,NaN,NaN,0,0,0.444686889648438
A001,A,1,NaN,NaN,NaN,0,0,0.278005123138428
A001,A,NaN,1,0,NaN,NaN,0,NaN
A001,A,1,NaN,NaN,NaN,0,0,0.323580026626587
A001,A,0,NaN,NaN,NaN,1,0,NaN
A001,A,1,NaN,NaN,NaN,0,0,NaN
A001,A,1,NaN,NaN,NaN,0,0,0.527331113815308
A001,A,1,NaN,NaN,NaN,0,0,0.405364036560059
A001,A,1,NaN,NaN,NaN,0,0,0.55798602104187
A001,A,NaN,1,0,NaN,NaN,0,NaN
A001,A,1,NaN,NaN,NaN,0,0,0.319902896881104
A001,A,1,NaN,NaN,NaN,0,0,0.368659019470215
A001,A,1,NaN,NaN,NaN,0,0,0.361061811447144
A001,A,1,NaN,NaN,NaN,0,0,0.320726156234741
A001,A,1,NaN,NaN,NaN,0,0,0.363001823425293
A001,A,1,NaN,NaN,NaN,0,0,0.395281791687012
A001,A,1,NaN,NaN,NaN,0,0,0.390511035919189
A001,A,1,NaN,NaN,NaN,0,0,0.359374046325684
A001,A,1,NaN,NaN,NaN,0,0,0.350937843322754
A001,A,1,NaN,NaN,NaN,0,0,0.358925819396973
A001,A,NaN,1,0,NaN,NaN,0,NaN
A001,A,1,NaN,NaN,NaN,0,0,0.323312997817993
A001,A,1,NaN,NaN,NaN,0,0,0.368078947067261
A001,A,1,NaN,NaN,NaN,0,0,0.313229084014893
A001,A,1,NaN,NaN,NaN,0,0,0.36813497543335
A001,A,1,NaN,NaN,NaN,0,0,0.417412042617798
A001,A,1,NaN,NaN,NaN,0,0,0.375766038894653
A001,A,1,NaN,NaN,NaN,0,0,0.458077907562256
A001,A,NaN,1,0,NaN,NaN,0,NaN
A001,A,1,NaN,NaN,NaN,0,0,0.264925956726074
A001,A,1,NaN,NaN,NaN,0,0,0.214707136154175
A001,A,1,NaN,NaN,NaN,0,0,0.294058084487915
A001,A,1,NaN,NaN,NaN,0,0,0.266808986663818
A001,A,1,NaN,NaN,NaN,0,0,0.348523139953613
A001,A,1,NaN,NaN,NaN,0,0,0.30682110786438
A001,A,1,NaN,NaN,NaN,0,0,0.325212001800537
A001,A,NaN,1,0,NaN,NaN,0,NaN
A001,A,1,NaN,NaN,NaN,0,0,0.301545143127441
A001,A,1,NaN,NaN,NaN,0,0,0.25256609916687
A001,A,1,NaN,NaN,NaN,0,0,0.236012935638428
A001,A,1,NaN,NaN,NaN,0,0,0.281435966491699
A001,A,1,NaN,NaN,NaN,0,0,0.310461044311523
A001,A,1,NaN,NaN,NaN,0,0,0.293375968933105
A001,A,1,NaN,NaN,NaN,0,0,0.298711061477661
A001,A,1,NaN,NaN,NaN,0,0,0.357403039932251
A001,A,1,NaN,NaN,NaN,0,0,0.318821907043457
A001,A,1,NaN,NaN,NaN,0,0,0.295585155487061
A001,A,1,NaN,NaN,NaN,0,0,0.357497930526733
A001,A,1,NaN,NaN,NaN,0,0,0.362376928329468
A001,A,NaN,1,0,NaN,NaN,0,NaN
A001,A,1,NaN,NaN,NaN,0,0,0.262457847595215
A001,A,1,NaN,NaN,NaN,0,0,0.287184000015259
A001,A,1,NaN,NaN,NaN,0,0,0.270520925521851
A001,A,1,NaN,NaN,NaN,0,0,0.238064050674438
A001,A,1,NaN,NaN,NaN,0,0,0.427528142929077
A001,A,1,NaN,NaN,NaN,0,0,0.35578989982605
A001,A,1,NaN,NaN,NaN,0,0,0.305294036865234
A001,A,1,NaN,NaN,NaN,0,0,0.374449968338013
A001,A,1,NaN,NaN,NaN,0,0,0.400897026062012
A001,A,1,NaN,NaN,NaN,0,0,0.585525989532471
A001,A,NaN,1,0,NaN,NaN,0,NaN
A001,A,1,NaN,NaN,NaN,0,0,0.319425106048584
A001,A,1,NaN,NaN,NaN,0,0,0.322211027145386
A001,A,NaN,0,1,NaN,NaN,0,NaN
A001,A,1,NaN,NaN,NaN,0,0,0.294126987457275
A001,A,1,NaN,NaN,NaN,0,0,0.30312705039978
A001,A,1,NaN,NaN,NaN,0,0,0.326424837112427
A001,A,1,NaN,NaN,NaN,0,0,0.323942899703979
A001,A,1,NaN,NaN,NaN,0,0,0.354005098342896
A001,A,1,NaN,NaN,NaN,0,0,0.430518865585327
A001,A,1,NaN,NaN,NaN,0,0,0.407280921936035
A001,A,1,NaN,NaN,NaN,0,0,0.323904037475586
A001,A,1,NaN,NaN,NaN,0,0,0.328394889831543
A001,A,1,NaN,NaN,NaN,0,0,0.249640226364136
A001,A,1,NaN,NaN,NaN,0,0,0.283051013946533
A001,A,1,NaN,NaN,NaN,0,0,0.384083032608032
A001,A,NaN,0,1,NaN,NaN,0,NaN
A001,A,1,NaN,NaN,NaN,0,0,0.320661067962646
A001,A,1,NaN,NaN,NaN,0,0,0.536940097808838
A001,A,1,NaN,NaN,NaN,0,0,0.334613800048828
A001,A,1,NaN,NaN,NaN,0,0,0.459728002548218
A001,A,1,NaN,NaN,NaN,0,0,0.440809011459351
A001,A,1,NaN,NaN,NaN,0,0,0.482687950134277
A001,A,1,NaN,NaN,NaN,0,0,0.390020847320557
A001,A,NaN,1,0,NaN,NaN,0,NaN
A001,A,1,NaN,NaN,NaN,0,0,0.414258003234863
A001,A,1,NaN,NaN,NaN,0,0,0.31508207321167
A001,A,1,NaN,NaN,NaN,0,0,0.355463981628418
A001,A,1,NaN,NaN,NaN,0,0,0.384130001068115
A001,A,1,NaN,NaN,NaN,0,0,0.417335987091064
A001,A,1,NaN,NaN,NaN,0,0,0.363860845565796
A001,A,1,NaN,NaN,NaN,0,0,0.433979034423828
A001,A,1,NaN,NaN,NaN,0,0,0.447468042373657
A001,A,1,NaN,NaN,NaN,0,0,0.379912853240967
A001,A,NaN,0,1,NaN,NaN,0,NaN
A001,A,1,NaN,NaN,NaN,0,0,0.445655107498169
A001,A,1,NaN,NaN,NaN,0,0,0.406345844268799
A001,A,1,NaN,NaN,NaN,0,0,0.354509830474854
A001,A,1,NaN,NaN,NaN,0,0,0.35073184967041
A001,A,1,NaN,NaN,NaN,0,0,0.385235071182251
A001,A,1,NaN,NaN,NaN,0,0,0.376090049743652
A001,A,NaN,1,0,NaN,NaN,0,NaN
A001,A,1,NaN,NaN,NaN,0,0,0.339559078216553
A001,A,1,NaN,NaN,NaN,0,0,0.414837121963501
A001,A,1,NaN,NaN,NaN,0,0,0.384422063827515
A001,A,1,NaN,NaN,NaN,0,0,0.514219045639038
A001,A,1,NaN,NaN,NaN,0,0,0.579017877578735
A001,A,1,NaN,NaN,NaN,0,0,0.630185842514038
A001,A,1,NaN,NaN,NaN,0,0,0.570641994476318
A001,A,NaN,1,0,NaN,NaN,0,NaN
A001,A,1,NaN,NaN,NaN,0,0,0.359784126281738
A001,A,1,NaN,NaN,NaN,0,0,0.415215015411377
A001,A,1,NaN,NaN,NaN,0,0,0.473027944564819
A001,A,1,NaN,NaN,NaN,0,0,0.496338129043579
A001,A,1,NaN,NaN,NaN,0,0,0.565421104431152
A001,A,1,NaN,NaN,NaN,0,0,0.618790864944458
A001,A,1,NaN,NaN,NaN,0,0,0.4910888671875
A001,A,1,NaN,NaN,NaN,0,0,0.45816707611084
A001,A,1,NaN,NaN,NaN,0,0,0.367335081100464
A001,A,NaN,1,0,NaN,NaN,0,NaN
A001,A,1,NaN,NaN,NaN,0,0,0.317498922348022
A001,A,1,NaN,NaN,NaN,0,0,0.352192163467407
A001,A,1,NaN,NaN,NaN,0,0,0.314477920532227
A001,A,1,NaN,NaN,NaN,0,0,0.318507194519043
A001,A,1,NaN,NaN,NaN,0,0,0.316979885101318
A001,A,1,NaN,NaN,NaN,0,0,0.320888042449951
A001,A,1,NaN,NaN,NaN,0,0,0.33595609664917
A001,A,1,NaN,NaN,NaN,0,0,0.340958118438721
A001,A,1,NaN,NaN,NaN,0,0,0.302062034606934
A001,A,1,NaN,NaN,NaN,0,0,0.390385150909424
A001,A,NaN,1,0,NaN,NaN,0,NaN
A001,A,1,NaN,NaN,NaN,0,0,0.3125319480896
A001,A,1,NaN,NaN,NaN,0,0,0.350391864776611
A001,A,1,NaN,NaN,NaN,0,0,0.332324981689453
A001,A,1,NaN,NaN,NaN,0,0,0.405183076858521
A001,A,1,NaN,NaN,NaN,0,0,0.513679981231689
A001,A,NaN,1,0,NaN,NaN,0,NaN
A001,A,1,NaN,NaN,NaN,0,0,0.335110902786255
A001,A,1,NaN,NaN,NaN,0,0,0.432819128036499
A001,A,1,NaN,NaN,NaN,0,0,0.394289016723633
A001,A,1,NaN,NaN,NaN,0,0,0.482993125915527
A001,A,1,NaN,NaN,NaN,0,0,0.486711025238037
A001,A,1,NaN,NaN,NaN,0,0,0.463928937911987
A001,A,1,NaN,NaN,NaN,0,0,0.47280216217041
A001,A,1,NaN,NaN,NaN,0,0,0.496602058410645
A001,A,1,NaN,NaN,NaN,0,0,0.497665882110596
A001,A,1,NaN,NaN,NaN,0,0,0.527785062789917
A001,A,1,NaN,NaN,NaN,0,0,0.421273946762085
A001,A,1,NaN,NaN,NaN,0,0,0.43533992767334
A001,A,NaN,1,0,NaN,NaN,0,NaN
A001,A,1,NaN,NaN,NaN,0,0,0.322681903839111
A001,A,1,NaN,NaN,NaN,0,0,0.35303807258606
A001,A,1,NaN,NaN,NaN,0,0,0.306265830993652
A001,A,NaN,1,0,NaN,NaN,0,NaN
A001,A,1,NaN,NaN,NaN,0,0,0.268794059753418
A001,A,1,NaN,NaN,NaN,0,0,0.413602113723755
A001,A,1,NaN,NaN,NaN,0,0,0.496351003646851
A001,A,1,NaN,NaN,NaN,0,0,0.480159997940063
A001,A,1,NaN,NaN,NaN,0,0,0.430944919586182
A001,A,1,NaN,NaN,NaN,0,0,0.646092176437378
A001,A,1,NaN,NaN,NaN,0,0,0.435245990753174
A001,A,1,NaN,NaN,NaN,0,0,0.433576107025146
A001,A,1,NaN,NaN,NaN,0,0,0.338097095489502
A001,A,1,NaN,NaN,NaN,0,0,0.424204111099243
A001,A,1,NaN,NaN,NaN,0,0,0.509477853775024
A001,A,1,NaN,NaN,NaN,0,0,0.392442941665649
A001,A,NaN,1,0,NaN,NaN,0,NaN
A001,A,1,NaN,NaN,NaN,0,0,0.331105947494507
A001,A,1,NaN,NaN,NaN,0,0,0.288520097732544
A001,A,1,NaN,NaN,NaN,0,0,0.298742055892944
A001,A,1,NaN,NaN,NaN,0,0,0.38772988319397
A001,A,1,NaN,NaN,NaN,0,0,0.425485849380493
A001,A,NaN,1,0,NaN,NaN,0,NaN
A001,A,1,NaN,NaN,NaN,0,0,0.321483850479126
A001,A,1,NaN,NaN,NaN,0,0,0.438748836517334
A001,A,1,NaN,NaN,NaN,0,0,0.486706018447876
A001,A,1,NaN,NaN,NaN,0,0,0.564231872558594
A001,A,1,NaN,NaN,NaN,0,0,0.550113201141357
A001,A,1,NaN,NaN,NaN,0,0,0.502566814422607
A001,A,1,NaN,NaN,NaN,0,0,0.624205827713013
A001,A,1,NaN,NaN,NaN,0,0,0.630774974822998
A001,A,1,NaN,NaN,NaN,0,0,0.641052007675171
A001,A,1,NaN,NaN,NaN,0,0,0.678786039352417
A001,A,1,NaN,NaN,NaN,0,0,0.767692089080811
A001,A,1,NaN,NaN,NaN,0,0,0.672496795654297
A001,A,1,NaN,NaN,NaN,0,0,0.680445909500122
A001,A,NaN,1,0,NaN,NaN,0,NaN
A001,A,1,NaN,NaN,NaN,0,0,0.375263929367065
A001,A,1,NaN,NaN,NaN,0,0,0.324167966842651
A001,A,1,NaN,NaN,NaN,0,0,0.356858015060425
A001,A,NaN,0,1,NaN,NaN,0,NaN
A001,A,1,NaN,NaN,NaN,0,0,0.580347061157227
A001,A,1,NaN,NaN,NaN,0,0,0.629518032073975
A001,A,1,NaN,NaN,NaN,0,0,0.61046290397644
A001,A,1,NaN,NaN,NaN,0,0,0.475667953491211
A001,A,1,NaN,NaN,NaN,0,0,0.529720067977905
A001,A,1,NaN,NaN,NaN,0,0,0.518700838088989
A001,A,1,NaN,NaN,NaN,0,0,0.527419805526733
A001,A,1,NaN,NaN,NaN,0,0,0.405066013336182
A001,A,NaN,1,0,NaN,NaN,0,NaN
A001,A,1,NaN,NaN,NaN,0,0,0.308198928833008
A001,A,1,NaN,NaN,NaN,0,0,0.301858901977539
A001,A,1,NaN,NaN,NaN,0,0,0.347802877426147
A001,A,1,NaN,NaN,NaN,0,0,0.346302032470703
A001,A,1,NaN,NaN,NaN,0,0,0.321937084197998
A001,A,1,NaN,NaN,NaN,0,0,0.286800861358643
A001,A,1,NaN,NaN,NaN,0,0,0.321851968765259
A001,A,1,NaN,NaN,NaN,0,0,0.379792213439941
A001,A,1,NaN,NaN,NaN,0,0,0.342347145080566
A001,A,NaN,0,1,NaN,NaN,0,NaN
A001,A,1,NaN,NaN,NaN,0,0,0.53747296333313
A001,A,1,NaN,NaN,NaN,0,0,0.587919950485229
A001,A,1,NaN,NaN,NaN,0,0,0.592683076858521
A001,A,1,NaN,NaN,NaN,0,0,0.475959062576294
A001,A,1,NaN,NaN,NaN,0,0,0.547258138656616
A001,A,0,NaN,NaN,NaN,1,0,NaN
A001,A,1,NaN,NaN,NaN,0,0,NaN
A001,A,1,NaN,NaN,NaN,0,0,NaN
A001,A,1,NaN,NaN,NaN,0,0,0.361110925674438
A001,A,1,NaN,NaN,NaN,0,0,0.294825077056885
A001,A,NaN,0,1,NaN,NaN,0,NaN
A001,A,1,NaN,NaN,NaN,0,0,0.350712060928345
A001,A,1,NaN,NaN,NaN,0,0,0.279746055603027
A001,A,1,NaN,NaN,NaN,0,0,0.345598936080933
A001,A,1,NaN,NaN,NaN,0,0,0.330896139144897
A001,A,1,NaN,NaN,NaN,0,0,0.255826950073242
A001,A,1,NaN,NaN,NaN,0,0,0.288956880569458
A001,A,1,NaN,NaN,NaN,0,0,0.412145853042603
A001,A,NaN,0,1,NaN,NaN,0,NaN
A001,A,1,NaN,NaN,NaN,0,0,0.423604011535645
A001,A,1,NaN,NaN,NaN,0,0,0.360168933868408
A001,A,1,NaN,NaN,NaN,0,0,0.26568078994751
A001,A,1,NaN,NaN,NaN,0,0,0.301872968673706
A001,A,1,NaN,NaN,NaN,0,0,0.397221803665161
A001,A,1,NaN,NaN,NaN,0,0,0.555873155593872
A001,A,1,NaN,NaN,NaN,0,0,0.700513124465942
A001,A,NaN,1,0,NaN,NaN,0,NaN
A001,A,1,NaN,NaN,NaN,0,0,0.37457799911499
A001,A,1,NaN,NaN,NaN,0,0,0.354819059371948
A001,A,1,NaN,NaN,NaN,0,0,0.319464921951294
A001,A,1,NaN,NaN,NaN,0,0,0.564266920089722
A001,A,1,NaN,NaN,NaN,0,0,0.580559968948364
A001,A,1,NaN,NaN,NaN,0,0,0.560653924942017
A001,A,NaN,1,0,NaN,NaN,0,NaN
A001,A,1,NaN,NaN,NaN,0,0,0.30064582824707
A001,A,1,NaN,NaN,NaN,0,0,0.316574811935425
A001,A,1,NaN,NaN,NaN,0,0,0.425851106643677
A001,A,1,NaN,NaN,NaN,0,0,0.702554941177368
A001,A,1,NaN,NaN,NaN,0,0,0.459727048873901
A001,A,1,NaN,NaN,NaN,0,0,0.464200019836426
A001,A,1,NaN,NaN,NaN,0,0,0.493048906326294
A001,A,1,NaN,NaN,NaN,0,0,0.502148151397705
A001,A,1,NaN,NaN,NaN,0,0,0.647485971450806
A001,A,1,NaN,NaN,NaN,0,0,0.57400107383728
A001,A,NaN,1,0,NaN,NaN,0,NaN
A001,A,1,NaN,NaN,NaN,0,0,0.320899963378906
A001,A,1,NaN,NaN,NaN,0,0,0.306364059448242
A001,A,1,NaN,NaN,NaN,0,0,0.317918062210083
A001,A,1,NaN,NaN,NaN,0,0,0.402760028839111
A001,A,1,NaN,NaN,NaN,0,0,0.325875997543335
A001,A,1,NaN,NaN,NaN,0,0,0.309319019317627
A001,A,1,NaN,NaN,NaN,0,0,0.333023071289062
A001,A,1,NaN,NaN,NaN,0,0,0.310575008392334
A001,A,1,NaN,NaN,NaN,0,0,0.360615015029907
A001,A,NaN,0,1,NaN,NaN,0,NaN
A001,A,1,NaN,NaN,NaN,0,0,0.43008279800415
A001,A,1,NaN,NaN,NaN,0,0,0.795185089111328
A001,A,1,NaN,NaN,NaN,0,0,0.870332956314087
A001,A,1,NaN,NaN,NaN,0,0,0.537075996398926
A001,A,1,NaN,NaN,NaN,0,0,0.410654783248901
A001,A,1,NaN,NaN,NaN,0,0,0.386669158935547
A001,A,1,NaN,NaN,NaN,0,0,0.37338399887085
A001,A,1,NaN,NaN,NaN,0,0,0.423865079879761
A001,A,1,NaN,NaN,NaN,0,0,0.375846147537231
A001,A,NaN,1,0,NaN,NaN,0,NaN
A001,A,1,NaN,NaN,NaN,0,0,0.282814025878906
A001,A,1,NaN,NaN,NaN,0,0,0.455838918685913
A001,A,1,NaN,NaN,NaN,0,0,0.38422703742981
A001,A,1,NaN,NaN,NaN,0,0,0.377043008804321
A001,A,NaN,1,0,NaN,NaN,0,NaN
A001,A,1,NaN,NaN,NaN,0,0,0.333096027374268
A001,A,1,NaN,NaN,NaN,0,0,0.436976194381714
A001,A,1,NaN,NaN,NaN,0,0,0.388653039932251
A001,A,1,NaN,NaN,NaN,0,0,0.412035942077637
A001,A,1,NaN,NaN,NaN,0,0,0.450025081634521
A001,A,1,NaN,NaN,NaN,0,0,0.534388065338135
A001,A,1,NaN,NaN,NaN,0,0,0.723304986953735
A001,A,1,NaN,NaN,NaN,0,0,0.665035009384155
A001,A,1,NaN,NaN,NaN,0,0,0.663799047470093
A001,A,1,NaN,NaN,NaN,0,0,0.758718967437744
A001,A,NaN,1,0,NaN,NaN,0,NaN
A001,A,1,NaN,NaN,NaN,0,0,0.338070154190063
A001,A,1,NaN,NaN,NaN,0,0,0.351438999176025
A001,A,1,NaN,NaN,NaN,0,0,0.387095928192139
A001,A,1,NaN,NaN,NaN,0,0,0.478453874588013
A001,A,1,NaN,NaN,NaN,0,0,0.406983852386475
A001,A,1,NaN,NaN,NaN,0,0,0.436145067214966
A001,A,1,NaN,NaN,NaN,0,0,0.510890960693359
A001,A,1,NaN,NaN,NaN,0,0,0.514002084732056
A001,A,NaN,1,0,NaN,NaN,0,NaN
A001,A,1,NaN,NaN,NaN,0,0,0.344051122665405
A001,A,1,NaN,NaN,NaN,0,0,0.567112922668457
A001,A,1,NaN,NaN,NaN,0,0,0.419739961624146
A001,A,1,NaN,NaN,NaN,0,0,0.361849069595337
A001,A,NaN,1,0,NaN,NaN,0,NaN
A001,A,1,NaN,NaN,NaN,0,0,0.290864944458008
A001,A,1,NaN,NaN,NaN,0,0,0.328243017196655
A001,A,1,NaN,NaN,NaN,0,0,0.349244832992554
A001,A,1,NaN,NaN,NaN,0,0,0.414431095123291
A001,A,1,NaN,NaN,NaN,0,0,0.367727041244507
A001,A,1,NaN,NaN,NaN,0,0,0.315966129302979
A001,A,1,NaN,NaN,NaN,0,0,0.308806896209717
A001,A,1,NaN,NaN,NaN,0,0,0.254884004592896
A001,A,1,NaN,NaN,NaN,0,0,0.270540952682495
A001,A,1,NaN,NaN,NaN,0,0,0.346240043640137
A001,A,1,NaN,NaN,NaN,0,0,0.286816835403442
A001,A,1,NaN,NaN,NaN,0,0,0.37583589553833
A001,A,NaN,0,1,NaN,NaN,0,NaN
A001,A,1,NaN,NaN,NaN,0,0,0.285271883010864
A001,A,1,NaN,NaN,NaN,0,0,0.321404933929443
A001,A,1,NaN,NaN,NaN,0,0,0.314955949783325
A001,A,1,NaN,NaN,NaN,0,0,0.324228048324585
A001,A,1,NaN,NaN,NaN,0,0,0.285048961639404
A001,A,1,NaN,NaN,NaN,0,0,0.261877059936523
A001,A,1,NaN,NaN,NaN,0,0,0.5087730884552
A001,A,NaN,1,0,NaN,NaN,0,NaN
A001,A,1,NaN,NaN,NaN,0,0,0.320621013641357
A001,A,1,NaN,NaN,NaN,0,0,0.366556882858276
A001,A,1,NaN,NaN,NaN,0,0,0.355570077896118
A001,A,1,NaN,NaN,NaN,0,0,0.520294904708862
A001,A,1,NaN,NaN,NaN,0,0,0.470582962036133
A001,A,1,NaN,NaN,NaN,0,0,0.599905967712402
A001,A,1,NaN,NaN,NaN,0,0,0.579419136047363
A001,A,NaN,1,0,NaN,NaN,0,NaN
A001,A,1,NaN,NaN,NaN,0,0,0.322556018829346
A001,A,1,NaN,NaN,NaN,0,0,0.340498924255371
A001,A,1,NaN,NaN,NaN,0,0,0.332456111907959
A001,A,1,NaN,NaN,NaN,0,0,0.453206062316895
A001,A,NaN,1,0,NaN,NaN,0,NaN
A001,A,1,NaN,NaN,NaN,0,0,0.283055067062378
A001,A,1,NaN,NaN,NaN,0,0,0.307826042175293
A001,A,1,NaN,NaN,NaN,0,0,0.373562097549438
A001,A,1,NaN,NaN,NaN,0,0,0.371211051940918
A001,A,1,NaN,NaN,NaN,0,0,0.429549932479858
A001,A,1,NaN,NaN,NaN,0,0,0.434466123580933
A001,A,1,NaN,NaN,NaN,0,0,0.428183078765869
A001,A,1,NaN,NaN,NaN,0,0,0.419178009033203
A001,A,NaN,1,0,NaN,NaN,0,NaN
A001,A,1,NaN,NaN,NaN,0,0,0.330131053924561
A001,A,1,NaN,NaN,NaN,0,0,0.290820121765137
A001,A,1,NaN,NaN,NaN,0,0,0.322307825088501
A001,A,1,NaN,NaN,NaN,0,0,0.327836036682129
A001,A,0,NaN,NaN,NaN,1,0,NaN
A001,A,1,NaN,NaN,NaN,0,0,0.82545804977417
A001,A,1,NaN,NaN,NaN,0,0,0.429379940032959
A001,A,1,NaN,NaN,NaN,0,0,0.294987201690674
A001,A,NaN,0,1,NaN,NaN,0,NaN
A001,A,1,NaN,NaN,NaN,0,0,0.505933046340942
A001,A,1,NaN,NaN,NaN,0,0,0.47219705581665
A001,A,1,NaN,NaN,NaN,0,0,0.797941923141479
A001,A,1,NaN,NaN,NaN,0,0,0.911731004714966
A001,A,1,NaN,NaN,NaN,0,0,0.666263103485107
A001,A,1,NaN,NaN,NaN,0,0,0.353131055831909
A001,A,1,NaN,NaN,NaN,0,0,0.315505027770996
A001,A,1,NaN,NaN,NaN,0,0,0.328053951263428
A001,A,1,NaN,NaN,NaN,0,0,0.468744039535522
A001,A,1,NaN,NaN,NaN,0,0,0.350313186645508
A001,A,NaN,0,1,NaN,NaN,0,NaN
A001,A,1,NaN,NaN,NaN,0,0,0.3243567943573
A001,A,1,NaN,NaN,NaN,0,0,0.293475151062012
A001,A,1,NaN,NaN,NaN,0,0,0.32989501953125
A001,A,1,NaN,NaN,NaN,0,0,0.319194078445435
A001,A,1,NaN,NaN,NaN,0,0,0.406722068786621
A001,A,1,NaN,NaN,NaN,0,0,0.343050956726074
A001,A,1,NaN,NaN,NaN,0,0,0.54426908493042
A001,A,1,NaN,NaN,NaN,0,0,0.419847011566162
A001,A,1,NaN,NaN,NaN,0,0,0.462270021438599
A001,A,1,NaN,NaN,NaN,0,0,0.363085985183716
A001,A,1,NaN,NaN,NaN,0,0,0.3404221534729
A001,A,NaN,0,1,NaN,NaN,0,NaN
A001,A,1,NaN,NaN,NaN,0,0,0.246092081069946
A001,A,1,NaN,NaN,NaN,0,0,0.367363929748535
A001,A,1,NaN,NaN,NaN,0,0,0.537554025650024
A001,A,NaN,1,0,NaN,NaN,0,NaN
A001,A,1,NaN,NaN,NaN,0,0,0.274608135223389
A001,A,1,NaN,NaN,NaN,0,0,0.28703498840332
A001,A,1,NaN,NaN,NaN,0,0,0.324862003326416
A001,A,1,NaN,NaN,NaN,0,0,0.447863101959229
A001,A,1,NaN,NaN,NaN,0,0,0.45663595199585
A001,A,1,NaN,NaN,NaN,0,0,0.439549922943115
A001,A,1,NaN,NaN,NaN,0,0,0.421751976013184
A001,A,1,NaN,NaN,NaN,0,0,0.416749000549316
A001,A,1,NaN,NaN,NaN,0,0,0.391631126403809
A001,A,1,NaN,NaN,NaN,0,0,0.345760107040405
A001,A,1,NaN,NaN,NaN,0,0,0.382742881774902
A001,A,1,NaN,NaN,NaN,0,0,0.391626834869385
A001,A,NaN,1,0,NaN,NaN,0,NaN
A001,A,1,NaN,NaN,NaN,0,0,0.700253009796143
A001,A,1,NaN,NaN,NaN,0,0,0.478921890258789
A001,A,1,NaN,NaN,NaN,0,0,0.352495908737183
A001,A,1,NaN,NaN,NaN,0,0,0.383675098419189
A001,A,1,NaN,NaN,NaN,0,0,0.324301958084106
A001,A,1,NaN,NaN,NaN,0,0,0.31996488571167
A001,A,1,NaN,NaN,NaN,0,0,0.298053026199341
A001,A,1,NaN,NaN,NaN,0,0,0.311652183532715
A001,A,1,NaN,NaN,NaN,0,0,0.300845861434937
A001,A,1,NaN,NaN,NaN,0,0,0.272812843322754
A001,A,NaN,0,1,NaN,NaN,0,NaN
A001,A,1,NaN,NaN,NaN,0,0,0.194250106811523
A001,A,1,NaN,NaN,NaN,0,0,0.20120096206665
A001,A,NaN,0,1,NaN,NaN,0,NaN
A001,A,1,NaN,NaN,NaN,0,0,0.267873048782349
A001,A,1,NaN,NaN,NaN,0,0,0.293931007385254
A001,A,1,NaN,NaN,NaN,0,0,0.278280019760132
A001,A,1,NaN,NaN,NaN,0,0,0.299209117889404
A001,A,1,NaN,NaN,NaN,0,0,0.310015916824341
A001,A,1,NaN,NaN,NaN,0,0,0.262717008590698
A001,A,1,NaN,NaN,NaN,0,0,0.284723997116089
A001,A,1,NaN,NaN,NaN,0,0,0.320433139801025
A001,A,NaN,0,1,NaN,NaN,0,NaN
A001,A,1,NaN,NaN,NaN,0,0,0.313408136367798
A001,A,1,NaN,NaN,NaN,0,0,0.244533061981201
A001,A,1,NaN,NaN,NaN,0,0,0.277241945266724
A001,A,1,NaN,NaN,NaN,0,0,0.263917922973633
A001,A,1,NaN,NaN,NaN,0,0,0.259779930114746
A001,A,1,NaN,NaN,NaN,0,0,0.297899007797241
A001,A,1,NaN,NaN,NaN,0,0,0.300994157791138
A001,A,1,NaN,NaN,NaN,0,0,0.216646194458008
A001,A,NaN,0,1,NaN,NaN,0,NaN
A001,A,1,NaN,NaN,NaN,0,0,0.258053064346313
A001,A,1,NaN,NaN,NaN,0,0,0.370881080627441
A001,A,1,NaN,NaN,NaN,0,0,0.294137954711914
A001,A,1,NaN,NaN,NaN,0,0,0.295369148254395
A001,A,1,NaN,NaN,NaN,0,0,0.333152770996094
A001,A,1,NaN,NaN,NaN,0,0,0.323324918746948
A001,A,1,NaN,NaN,NaN,0,0,0.440747022628784
A001,A,1,NaN,NaN,NaN,0,0,0.486240148544312
A001,A,NaN,1,0,NaN,NaN,0,NaN
A001,A,1,NaN,NaN,NaN,0,0,0.337728023529053
A001,A,1,NaN,NaN,NaN,0,0,0.357886075973511
A001,A,1,NaN,NaN,NaN,0,0,0.281513929367065
A001,A,1,NaN,NaN,NaN,0,0,0.307363986968994
A001,A,1,NaN,NaN,NaN,0,0,0.428975105285645
A001,A,1,NaN,NaN,NaN,0,0,0.359016180038452
A001,A,1,NaN,NaN,NaN,0,0,0.448805093765259
A001,A,1,NaN,NaN,NaN,0,0,0.533282995223999
A001,A,1,NaN,NaN,NaN,0,0,0.418436050415039
A001,A,1,NaN,NaN,NaN,0,0,0.319434881210327
A001,A,NaN,0,1,NaN,NaN,0,NaN
A001,A,1,NaN,NaN,NaN,0,0,0.301735877990723
A001,A,1,NaN,NaN,NaN,0,0,0.552459955215454
A001,A,1,NaN,NaN,NaN,0,0,0.484498977661133
A001,A,1,NaN,NaN,NaN,0,0,0.373050928115845
A001,A,1,NaN,NaN,NaN,0,0,0.366237878799438
A001,A,1,NaN,NaN,NaN,0,0,0.341169834136963
A001,A,1,NaN,NaN,NaN,0,0,0.407052040100098
A001,A,1,NaN,NaN,NaN,0,0,0.421236038208008
A001,A,NaN,0,1,NaN,NaN,0,NaN
A001,A,1,NaN,NaN,NaN,0,0,0.392740964889526
A001,A,1,NaN,NaN,NaN,0,0,0.399456977844238
A001,A,1,NaN,NaN,NaN,0,0,0.373556852340698
A001,A,1,NaN,NaN,NaN,0,0,0.246001005172729
A001,A,1,NaN,NaN,NaN,0,0,0.370949029922485
A001,A,1,NaN,NaN,NaN,0,0,0.300204038619995
A001,A,1,NaN,NaN,NaN,0,0,0.305630922317505
A001,A,1,NaN,NaN,NaN,0,0,0.306718111038208
A001,A,NaN,0,1,NaN,NaN,0,NaN
A001,A,1,NaN,NaN,NaN,0,0,0.263897895812988
A001,A,1,NaN,NaN,NaN,0,0,0.243978023529053
A001,A,1,NaN,NaN,NaN,0,0,0.226990938186646
A001,A,1,NaN,NaN,NaN,0,0,0.292517900466919
A001,A,1,NaN,NaN,NaN,0,0,0.306915044784546
A001,A,1,NaN,NaN,NaN,0,0,0.303381204605103
A001,A,NaN,0,1,NaN,NaN,0,NaN
A001,A,1,NaN,NaN,NaN,0,0,0.331555128097534
A001,A,1,NaN,NaN,NaN,0,0,0.318269968032837
A001,A,1,NaN,NaN,NaN,0,0,0.295171976089478
A001,A,1,NaN,NaN,NaN,0,0,0.353641033172607
A001,A,1,NaN,NaN,NaN,0,0,0.350629091262817
A001,A,1,NaN,NaN,NaN,0,0,0.274804830551147
A001,A,1,NaN,NaN,NaN,0,0,0.309179067611694
A001,A,1,NaN,NaN,NaN,0,0,0.338037967681885
A001,A,1,NaN,NaN,NaN,0,0,0.305856943130493
A001,A,1,NaN,NaN,NaN,0,0,0.309006929397583
A001,A,NaN,0,1,NaN,NaN,0,NaN
A001,A,1,NaN,NaN,NaN,0,0,0.301830053329468
A001,A,1,NaN,NaN,NaN,0,0,0.273306131362915
A001,A,1,NaN,NaN,NaN,0,0,0.334365129470825
A001,A,1,NaN,NaN,NaN,0,0,0.355939149856567
A001,A,1,NaN,NaN,NaN,0,0,0.420684814453125
A001,A,1,NaN,NaN,NaN,0,0,0.53034496307373
A001,A,1,NaN,NaN,NaN,0,0,0.359169006347656
A001,A,1,NaN,NaN,NaN,0,0,0.374938011169434
A001,A,NaN,1,0,NaN,NaN,0,NaN
A001,A,1,NaN,NaN,NaN,0,0,0.379349946975708
A001,A,1,NaN,NaN,NaN,0,0,0.494050979614258
A001,A,1,NaN,NaN,NaN,0,0,0.362975835800171
A001,A,1,NaN,NaN,NaN,0,0,0.328540086746216
A001,A,1,NaN,NaN,NaN,0,0,0.300787925720215
A001,A,1,NaN,NaN,NaN,0,0,0.331703901290894
A001,A,NaN,0,1,NaN,NaN,0,NaN
A001,A,1,NaN,NaN,NaN,0,0,0.367815017700195
A001,A,1,NaN,NaN,NaN,0,0,0.349903106689453
A001,A,1,NaN,NaN,NaN,0,0,0.378036975860596
A001,A,1,NaN,NaN,NaN,0,0,0.464982032775879
A001,A,1,NaN,NaN,NaN,0,0,0.613431930541992
A001,A,1,NaN,NaN,NaN,0,0,0.739894866943359
A001,A,1,NaN,NaN,NaN,0,0,0.861832141876221
A001,A,1,NaN,NaN,NaN,0,0,0.61480712890625
A001,A,1,NaN,NaN,NaN,0,0,0.459005117416382
A001,A,1,NaN,NaN,NaN,0,0,0.452246904373169
A001,A,1,NaN,NaN,NaN,0,0,0.463003873825073
A001,A,NaN,0,1,NaN,NaN,0,NaN
A001,A,1,NaN,NaN,NaN,0,0,0.9409339427948
A001,A,1,NaN,NaN,NaN,0,0,0.625617980957031
A001,A,1,NaN,NaN,NaN,0,0,0.345017910003662
A001,A,1,NaN,NaN,NaN,0,0,0.369742870330811
A001,A,1,NaN,NaN,NaN,0,0,0.507848024368286
A001,A,1,NaN,NaN,NaN,0,0,0.383912801742554
A001,A,NaN,1,0,NaN,NaN,0,NaN
A001,A,1,NaN,NaN,NaN,0,0,0.332498788833618
A001,A,1,NaN,NaN,NaN,0,0,0.32718300819397
A001,A,1,NaN,NaN,NaN,0,0,0.340331792831421
A001,A,1,NaN,NaN,NaN,0,0,0.32867693901062
A001,A,1,NaN,NaN,NaN,0,0,0.346001863479614
A001,A,1,NaN,NaN,NaN,0,0,0.390315055847168
A001,A,1,NaN,NaN,NaN,0,0,0.418899059295654
A001,A,NaN,1,0,NaN,NaN,0,NaN
A001,A,1,NaN,NaN,NaN,0,0,0.268212795257568
A001,A,1,NaN,NaN,NaN,0,0,0.341773986816406
A001,A,1,NaN,NaN,NaN,0,0,0.373138904571533
A001,A,1,NaN,NaN,NaN,0,0,0.325652122497559
A001,A,1,NaN,NaN,NaN,0,0,0.374705791473389
A001,A,1,NaN,NaN,NaN,0,0,0.427377939224243
A001,A,1,NaN,NaN,NaN,0,0,0.395122051239014
A001,A,1,NaN,NaN,NaN,0,0,0.378958940505981
A001,A,1,NaN,NaN,NaN,0,0,0.374381065368652
A001,A,1,NaN,NaN,NaN,0,0,0.428298234939575
A001,A,1,NaN,NaN,NaN,0,0,0.561397790908813
A001,A,1,NaN,NaN,NaN,0,0,0.746690988540649
A001,A,1,NaN,NaN,NaN,0,0,0.669303178787231
A001,A,NaN,1,0,NaN,NaN,0,NaN
A001,A,1,NaN,NaN,NaN,0,0,0.475273132324219
A001,A,1,NaN,NaN,NaN,0,0,0.427840948104858
A001,A,1,NaN,NaN,NaN,0,0,0.490352869033813
A001,A,1,NaN,NaN,NaN,0,0,0.605980157852173
A001,A,1,NaN,NaN,NaN,0,0,0.679953813552856
A001,A,NaN,1,0,NaN,NaN,0,NaN
A001,A,1,NaN,NaN,NaN,0,0,0.316148996353149
A001,A,1,NaN,NaN,NaN,0,0,0.579117059707642
A001,A,1,NaN,NaN,NaN,0,0,0.472090005874634
A001,A,1,NaN,NaN,NaN,0,0,0.549149990081787
A001,A,1,NaN,NaN,NaN,0,0,0.73880410194397
A001,A,1,NaN,NaN,NaN,0,0,0.622305154800415
A001,A,1,NaN,NaN,NaN,0,0,0.538212060928345
A001,A,1,NaN,NaN,NaN,0,0,0.484549045562744
A001,A,1,NaN,NaN,NaN,0,0,0.4284508228302
A001,A,1,NaN,NaN,NaN,0,0,0.349695920944214
A001,A,NaN,0,1,NaN,NaN,0,NaN
A001,A,1,NaN,NaN,NaN,0,0,0.413455009460449
A001,A,1,NaN,NaN,NaN,0,0,0.334453105926514
A001,A,1,NaN,NaN,NaN,0,0,0.356505870819092
A001,A,1,NaN,NaN,NaN,0,0,0.336979150772095
A001,A,1,NaN,NaN,NaN,0,0,0.340922832489014
A001,A,NaN,1,0,NaN,NaN,0,NaN
A001,A,1,NaN,NaN,NaN,0,0,0.318281888961792
A001,A,1,NaN,NaN,NaN,0,0,0.403205871582031
A001,A,1,NaN,NaN,NaN,0,0,0.489124059677124
A001,A,1,NaN,NaN,NaN,0,0,0.474761009216309
A001,A,1,NaN,NaN,NaN,0,0,0.434064149856567
A001,A,1,NaN,NaN,NaN,0,0,0.450231075286865
A001,A,1,NaN,NaN,NaN,0,0,0.551023960113525
A001,A,1,NaN,NaN,NaN,0,0,0.656114101409912
A001,A,1,NaN,NaN,NaN,0,0,0.580379962921143
A001,A,1,NaN,NaN,NaN,0,0,0.545070886611938
A001,A,1,NaN,NaN,NaN,0,0,0.521342039108276
A001,A,NaN,1,0,NaN,NaN,0,NaN
A001,A,1,NaN,NaN,NaN,0,0,0.347712993621826
A001,A,1,NaN,NaN,NaN,0,0,0.307503938674927
A001,A,1,NaN,NaN,NaN,0,0,0.41563892364502
A001,A,1,NaN,NaN,NaN,0,0,0.684380054473877
A001,A,1,NaN,NaN,NaN,0,0,0.741982936859131
A001,A,1,NaN,NaN,NaN,0,0,0.643264055252075
A001,A,1,NaN,NaN,NaN,0,0,0.688138961791992
A001,A,1,NaN,NaN,NaN,0,0,0.729498147964478
A001,A,1,NaN,NaN,NaN,0,0,0.645982027053833
A001,A,1,NaN,NaN,NaN,0,0,0.594614028930664
A001,A,NaN,1,0,NaN,NaN,0,NaN
A001,A,1,NaN,NaN,NaN,0,0,0.420696020126343
A001,A,1,NaN,NaN,NaN,0,0,0.457710027694702
A001,A,1,NaN,NaN,NaN,0,0,0.381744861602783
A001,A,1,NaN,NaN,NaN,0,0,0.33922815322876
A001,A,1,NaN,NaN,NaN,0,0,0.40798807144165
A001,A,NaN,0,1,NaN,NaN,0,NaN
A001,A,1,NaN,NaN,NaN,0,0,0.756725072860718
A001,A,1,NaN,NaN,NaN,0,0,0.698493003845215
A001,A,1,NaN,NaN,NaN,0,0,0.701434135437012
A001,A,1,NaN,NaN,NaN,0,0,0.690999031066895
A001,A,1,NaN,NaN,NaN,0,0,0.734173059463501
A001,A,NaN,1,0,NaN,NaN,0,NaN
A001,A,1,NaN,NaN,NaN,0,0,0.365285873413086
A001,A,1,NaN,NaN,NaN,0,0,0.45098090171814
A001,A,1,NaN,NaN,NaN,0,0,0.513353824615479
A001,A,1,NaN,NaN,NaN,0,0,0.642704010009766
A001,A,1,NaN,NaN,NaN,0,0,0.735599040985107
A001,A,1,NaN,NaN,NaN,0,0,0.833598852157593
A001,A,1,NaN,NaN,NaN,0,0,0.789371013641357
A001,A,1,NaN,NaN,NaN,0,0,0.743887186050415
A001,A,1,NaN,NaN,NaN,0,0,0.688699960708618
A001,A,1,NaN,NaN,NaN,0,0,0.643954992294312
A001,A,NaN,1,0,NaN,NaN,0,NaN
A001,A,1,NaN,NaN,NaN,0,0,0.499582052230835
A001,A,1,NaN,NaN,NaN,0,0,0.438315868377686
A001,A,1,NaN,NaN,NaN,0,0,0.537905931472778
A001,A,1,NaN,NaN,NaN,0,0,0.451743125915527
A001,A,1,NaN,NaN,NaN,0,0,0.427853107452393
A001,A,1,NaN,NaN,NaN,0,0,0.364264011383057
A001,A,1,NaN,NaN,NaN,0,0,0.413772821426392
A001,A,1,NaN,NaN,NaN,0,0,0.418741226196289
A001,A,1,NaN,NaN,NaN,0,0,0.376574993133545
A001,A,1,NaN,NaN,NaN,0,0,0.344866037368774
A001,A,1,NaN,NaN,NaN,0,0,0.393765211105347
A001,A,NaN,0,1,NaN,NaN,0,NaN
A001,A,1,NaN,NaN,NaN,0,0,0.359263896942139
A001,A,1,NaN,NaN,NaN,0,0,0.372944116592407
A001,A,1,NaN,NaN,NaN,0,0,0.481652975082397
A001,A,1,NaN,NaN,NaN,0,0,0.416414022445679
A001,A,1,NaN,NaN,NaN,0,0,0.42939305305481
A001,A,1,NaN,NaN,NaN,0,0,0.410950899124146
A001,A,1,NaN,NaN,NaN,0,0,0.331836938858032
A001,A,1,NaN,NaN,NaN,0,0,0.2168869972229
A001,A,1,NaN,NaN,NaN,0,0,0.248710870742798
A001,A,NaN,0,1,NaN,NaN,0,NaN
A001,A,1,NaN,NaN,NaN,0,0,0.357491970062256
A001,A,1,NaN,NaN,NaN,0,0,0.558166980743408
A001,A,NaN,0,1,NaN,NaN,0,NaN
A001,A,1,NaN,NaN,NaN,0,0,0.390020132064819
A001,A,1,NaN,NaN,NaN,0,0,0.401810169219971
A001,A,1,NaN,NaN,NaN,0,0,0.375691890716553
A001,A,1,NaN,NaN,NaN,0,0,0.362385034561157
A001,A,1,NaN,NaN,NaN,0,0,0.407811880111694
A001,A,1,NaN,NaN,NaN,0,0,0.346843004226685
A001,A,1,NaN,NaN,NaN,0,0,0.343044996261597
A001,A,1,NaN,NaN,NaN,0,0,0.343805074691772
A001,A,1,NaN,NaN,NaN,0,0,0.375211000442505
A001,A,1,NaN,NaN,NaN,0,0,0.459913015365601
A001,A,1,NaN,NaN,NaN,0,0,0.360979795455933
A001,A,1,NaN,NaN,NaN,0,0,0.449864864349365
A001,A,NaN,1,0,NaN,NaN,0,NaN
A001,A,1,NaN,NaN,NaN,0,0,0.462990999221802
A001,A,1,NaN,NaN,NaN,0,0,0.492526054382324
A001,A,1,NaN,NaN,NaN,0,0,0.411783218383789
A001,A,1,NaN,NaN,NaN,0,0,0.704685926437378
A001,A,1,NaN,NaN,NaN,0,0,0.573997974395752
A001,A,1,NaN,NaN,NaN,0,0,0.402873039245605
A001,A,1,NaN,NaN,NaN,0,0,0.374693870544434
A001,A,1,NaN,NaN,NaN,0,0,0.392132043838501
A001,A,1,NaN,NaN,NaN,0,0,0.392711162567139
A001,A,NaN,0,1,NaN,NaN,0,NaN
A001,A,1,NaN,NaN,NaN,0,0,0.409811973571777
A001,A,1,NaN,NaN,NaN,0,0,0.399423122406006
A001,A,1,NaN,NaN,NaN,0,0,0.332468032836914
A001,A,1,NaN,NaN,NaN,0,0,0.437518835067749
A001,A,1,NaN,NaN,NaN,0,0,0.429913997650146
A001,A,1,NaN,NaN,NaN,0,0,0.445818901062012
A001,A,1,NaN,NaN,NaN,0,0,0.42233681678772
A001,A,1,NaN,NaN,NaN,0,0,0.356724977493286
A001,A,1,NaN,NaN,NaN,0,0,0.441733837127686
A001,A,NaN,1,0,NaN,NaN,0,NaN
A001,A,1,NaN,NaN,NaN,0,0,0.303084850311279
A001,A,1,NaN,NaN,NaN,0,0,0.364441156387329
A001,A,1,NaN,NaN,NaN,0,0,0.332422971725464
A001,A,1,NaN,NaN,NaN,0,0,0.430160045623779
A001,A,1,NaN,NaN,NaN,0,0,0.388489961624146
A001,A,1,NaN,NaN,NaN,0,0,0.533821105957031
A001,A,NaN,1,0,NaN,NaN,0,NaN
A001,A,1,NaN,NaN,NaN,0,0,0.353019952774048
A001,A,1,NaN,NaN,NaN,0,0,0.277896881103516
A001,A,1,NaN,NaN,NaN,0,0,0.375241994857788
A001,A,1,NaN,NaN,NaN,0,0,0.383311033248901
A001,A,1,NaN,NaN,NaN,0,0,0.492465019226074
A001,A,NaN,1,0,NaN,NaN,0,NaN
A001,A,1,NaN,NaN,NaN,0,0,0.29872989654541
A001,A,1,NaN,NaN,NaN,0,0,0.325590848922729
A001,A,1,NaN,NaN,NaN,0,0,0.394407987594604
A001,A,1,NaN,NaN,NaN,0,0,0.526859998703003
A001,A,1,NaN,NaN,NaN,0,0,0.460830926895142
A001,A,1,NaN,NaN,NaN,0,0,0.393941879272461
A001,A,1,NaN,NaN,NaN,0,0,0.393977880477905
A001,A,1,NaN,NaN,NaN,0,0,0.91493821144104
A001,A,1,NaN,NaN,NaN,0,0,0.478219985961914
A001,A,1,NaN,NaN,NaN,0,0,0.401165962219238
A001,A,1,NaN,NaN,NaN,0,0,0.330302000045776
A001,A,1,NaN,NaN,NaN,0,0,0.322176933288574
A001,A,NaN,0,1,NaN,NaN,0,NaN
A001,A,1,NaN,NaN,NaN,0,0,0.383110046386719
A001,A,1,NaN,NaN,NaN,0,0,0.318085193634033
A001,A,1,NaN,NaN,NaN,0,0,0.325489044189453
A001,A,NaN,0,1,NaN,NaN,0,NaN
A001,A,1,NaN,NaN,NaN,0,0,NaN
A001,A,1,NaN,NaN,NaN,0,0,0.375782012939453
A001,A,1,NaN,NaN,NaN,0,0,0.374083995819092
A001,A,1,NaN,NaN,NaN,0,0,0.435655117034912
A001,A,1,NaN,NaN,NaN,0,0,0.375808954238892
A001,A,1,NaN,NaN,NaN,0,0,0.501097202301025
A001,A,1,NaN,NaN,NaN,0,0,0.470128059387207
A001,A,1,NaN,NaN,NaN,0,0,0.515162944793701
A001,A,NaN,1,0,NaN,NaN,0,NaN
A001,A,1,NaN,NaN,NaN,0,0,0.296947956085205
A001,A,1,NaN,NaN,NaN,0,0,0.322082042694092
A001,A,1,NaN,NaN,NaN,0,0,0.452030181884766
A001,A,1,NaN,NaN,NaN,0,0,0.519440889358521
A001,A,1,NaN,NaN,NaN,0,0,0.568620204925537
A001,A,1,NaN,NaN,NaN,0,0,0.644880056381226
A001,A,1,NaN,NaN,NaN,0,0,0.576429128646851
A001,A,1,NaN,NaN,NaN,0,0,0.537449836730957
A001,A,1,NaN,NaN,NaN,0,0,0.616213083267212
A001,A,1,NaN,NaN,NaN,0,0,0.529523849487305
A001,A,1,NaN,NaN,NaN,0,0,0.590304851531982
A001,A,1,NaN,NaN,NaN,0,0,0.562134027481079
A001,A,1,NaN,NaN,NaN,0,0,0.512541055679321
A001,A,NaN,1,0,NaN,NaN,0,NaN
A001,A,1,NaN,NaN,NaN,0,0,0.4858238697052
A001,A,1,NaN,NaN,NaN,0,0,0.562942981719971
A001,A,1,NaN,NaN,NaN,0,0,0.491778135299683
A001,A,NaN,1,0,NaN,NaN,0,NaN
A001,A,1,NaN,NaN,NaN,0,0,0.320214986801147
A001,A,1,NaN,NaN,NaN,0,0,0.324599981307983
A001,A,1,NaN,NaN,NaN,0,0,0.372118949890137
A001,A,1,NaN,NaN,NaN,0,0,0.471396923065186
A001,A,1,NaN,NaN,NaN,0,0,0.400618076324463
A001,A,1,NaN,NaN,NaN,0,0,0.45773983001709
A001,A,1,NaN,NaN,NaN,0,0,0.614724159240723
A001,A,1,NaN,NaN,NaN,0,0,0.591535091400146
A001,A,NaN,1,0,NaN,NaN,0,NaN
A001,A,1,NaN,NaN,NaN,0,0,0.346113920211792
A001,A,1,NaN,NaN,NaN,0,0,0.482862949371338
A001,A,1,NaN,NaN,NaN,0,0,0.390581130981445
A001,A,1,NaN,NaN,NaN,0,0,0.460577964782715
A001,A,1,NaN,NaN,NaN,0,0,0.441318988800049
A001,A,1,NaN,NaN,NaN,0,0,0.404608011245728
A001,A,1,NaN,NaN,NaN,0,0,0.433972120285034
A001,A,1,NaN,NaN,NaN,0,0,0.530727863311768
A001,A,1,NaN,NaN,NaN,0,0,0.44240403175354
A001,A,1,NaN,NaN,NaN,0,0,0.44310998916626
A001,A,1,NaN,NaN,NaN,0,0,0.410409927368164
A001,A,1,NaN,NaN,NaN,0,0,0.405128002166748
A001,A,NaN,1,0,NaN,NaN,0,NaN
A001,A,1,NaN,NaN,NaN,0,0,0.427729845046997
A001,A,1,NaN,NaN,NaN,0,0,0.384364128112793
A001,A,1,NaN,NaN,NaN,0,0,0.373203039169312
A001,A,1,NaN,NaN,NaN,0,0,0.502542018890381
A001,A,1,NaN,NaN,NaN,0,0,0.49213695526123
A001,A,1,NaN,NaN,NaN,0,0,0.43017315864563
A001,A,1,NaN,NaN,NaN,0,0,0.362276077270508
A001,A,1,NaN,NaN,NaN,0,0,0.395959854125977
A001,A,1,NaN,NaN,NaN,0,0,0.485192060470581
A001,A,1,NaN,NaN,NaN,0,0,0.503053188323975
A001,A,NaN,1,0,NaN,NaN,0,NaN
A001,A,1,NaN,NaN,NaN,0,0,0.503082036972046
A001,A,1,NaN,NaN,NaN,0,0,0.457862854003906
A001,A,NaN,1,0,NaN,NaN,0,NaN
A001,A,1,NaN,NaN,NaN,0,0,0.347475051879883
A001,A,1,NaN,NaN,NaN,0,0,0.314898014068604
A001,A,1,NaN,NaN,NaN,0,0,0.4321608543396
A001,A,1,NaN,NaN,NaN,0,0,0.501621007919312
A001,A,1,NaN,NaN,NaN,0,0,0.527086973190308
A001,A,1,NaN,NaN,NaN,0,0,0.463372945785522
A001,A,1,NaN,NaN,NaN,0,0,0.454683065414429
A001,A,1,NaN,NaN,NaN,0,0,0.515995979309082
A001,A,1,NaN,NaN,NaN,0,0,0.456843137741089
A001,A,1,NaN,NaN,NaN,0,0,0.513424873352051
A001,A,1,NaN,NaN,NaN,0,0,0.614627838134766
A001,A,1,NaN,NaN,NaN,0,0,0.527405977249146
A001,A,NaN,1,0,NaN,NaN,0,NaN
A001,A,1,NaN,NaN,NaN,0,0,0.312977075576782
A001,A,1,NaN,NaN,NaN,0,0,0.365774869918823
A001,A,1,NaN,NaN,NaN,0,0,0.388370037078857
A001,A,1,NaN,NaN,NaN,0,0,0.474699974060059
A001,A,1,NaN,NaN,NaN,0,0,0.485051155090332
A001,A,1,NaN,NaN,NaN,0,0,0.473253011703491
A001,A,1,NaN,NaN,NaN,0,0,0.51039981842041
A001,A,NaN,1,0,NaN,NaN,0,NaN
A001,A,1,NaN,NaN,NaN,0,0,0.352834939956665
A001,A,1,NaN,NaN,NaN,0,0,0.437721014022827
A001,A,1,NaN,NaN,NaN,0,0,0.298218965530396
A001,A,1,NaN,NaN,NaN,0,0,0.267221927642822
A001,A,1,NaN,NaN,NaN,0,0,0.361284971237183
A001,A,1,NaN,NaN,NaN,0,0,0.315474987030029
A001,A,NaN,0,1,NaN,NaN,0,NaN
A001,A,1,NaN,NaN,NaN,0,0,0.383562088012695
A001,A,1,NaN,NaN,NaN,0,0,0.416404962539673
A001,A,1,NaN,NaN,NaN,0,0,0.320907115936279
A001,A,1,NaN,NaN,NaN,0,0,0.364201068878174
A001,A,1,NaN,NaN,NaN,0,0,0.280810832977295
A001,A,1,NaN,NaN,NaN,0,0,0.310420036315918
A001,A,1,NaN,NaN,NaN,0,0,0.386362791061401
A001,A,1,NaN,NaN,NaN,0,0,0.509839057922363
A001,A,NaN,1,0,NaN,NaN,0,NaN
A001,A,1,NaN,NaN,NaN,0,0,0.587585926055908
A001,A,0,NaN,NaN,NaN,1,0,NaN
A001,A,1,NaN,NaN,NaN,0,0,0.406165838241577
A001,A,1,NaN,NaN,NaN,0,0,0.287722110748291
A001,A,1,NaN,NaN,NaN,0,0,0.297033071517944
A001,A,1,NaN,NaN,NaN,0,0,0.561670780181885
A001,A,1,NaN,NaN,NaN,0,0,0.500485181808472
A001,A,1,NaN,NaN,NaN,0,0,0.657101154327393
A001,A,1,NaN,NaN,NaN,0,0,0.555685043334961
A001,A,NaN,1,0,NaN,NaN,0,NaN
A001,A,1,NaN,NaN,NaN,0,0,0.305957078933716
A001,A,1,NaN,NaN,NaN,0,0,0.358391046524048
A001,A,1,NaN,NaN,NaN,0,0,0.43122386932373
A001,A,1,NaN,NaN,NaN,0,0,0.360744953155518
A001,A,1,NaN,NaN,NaN,0,0,0.429425001144409
A001,A,1,NaN,NaN,NaN,0,0,0.478754043579102
A001,A,1,NaN,NaN,NaN,0,0,0.473613023757935
A001,A,NaN,1,0,NaN,NaN,0,NaN
A001,A,1,NaN,NaN,NaN,0,0,0.305702209472656
A001,A,1,NaN,NaN,NaN,0,0,0.331528902053833
A001,A,1,NaN,NaN,NaN,0,0,0.300755977630615
A001,A,1,NaN,NaN,NaN,0,0,0.342934131622314
A001,A,1,NaN,NaN,NaN,0,0,0.326740980148315
A001,A,1,NaN,NaN,NaN,0,0,0.368380069732666
A001,A,1,NaN,NaN,NaN,0,0,0.368346929550171
A001,A,1,NaN,NaN,NaN,0,0,0.336790800094604
A001,A,1,NaN,NaN,NaN,0,0,0.415611982345581
A001,A,1,NaN,NaN,NaN,0,0,0.454231023788452
A001,A,1,NaN,NaN,NaN,0,0,0.435232877731323
A001,A,NaN,1,0,NaN,NaN,0,NaN
A001,A,1,NaN,NaN,NaN,0,0,0.33128809928894
A001,A,1,NaN,NaN,NaN,0,0,0.352864980697632
A001,A,1,NaN,NaN,NaN,0,0,0.301842927932739
A001,A,1,NaN,NaN,NaN,0,0,0.430876970291138
A001,A,1,NaN,NaN,NaN,0,0,0.346436977386475
A001,A,NaN,1,0,NaN,NaN,0,NaN
A001,A,1,NaN,NaN,NaN,0,0,0.270227909088135
A001,A,1,NaN,NaN,NaN,0,0,0.288436889648438
A001,A,1,NaN,NaN,NaN,0,0,0.260788917541504
A001,A,1,NaN,NaN,NaN,0,0,0.273975133895874
A001,A,1,NaN,NaN,NaN,0,0,0.342870950698853
A001,A,1,NaN,NaN,NaN,0,0,0.367807865142822
A001,A,1,NaN,NaN,NaN,0,0,0.430834054946899
A001,A,1,NaN,NaN,NaN,0,0,0.44281005859375
A001,A,1,NaN,NaN,NaN,0,0,0.573000192642212
A001,A,NaN,1,0,NaN,NaN,0,NaN
A001,A,1,NaN,NaN,NaN,0,0,0.394717931747437
A001,A,1,NaN,NaN,NaN,0,0,0.486489057540894
A001,A,1,NaN,NaN,NaN,0,0,0.554474830627441
A001,A,1,NaN,NaN,NaN,0,0,0.619363069534302
A001,A,1,NaN,NaN,NaN,0,0,0.732183933258057
A001,A,1,NaN,NaN,NaN,0,0,0.805418014526367
A001,A,1,NaN,NaN,NaN,0,0,0.779717922210693
A001,A,1,NaN,NaN,NaN,0,0,0.596127986907959
A001,A,NaN,1,0,NaN,NaN,0,NaN
A001,A,1,NaN,NaN,NaN,0,0,0.311014890670776
A001,A,1,NaN,NaN,NaN,0,0,0.369083166122437
A001,A,1,NaN,NaN,NaN,0,0,0.285174131393433
A001,A,1,NaN,NaN,NaN,0,0,0.279758930206299
A001,A,1,NaN,NaN,NaN,0,0,0.290678977966309
A001,A,1,NaN,NaN,NaN,0,0,0.337580919265747
A001,A,NaN,0,1,NaN,NaN,0,NaN
A001,A,1,NaN,NaN,NaN,0,0,0.292669057846069
