SubID,Group,BlockN,nTrial,GoTrials,NoGoTrials,FA,Misses,RT
C043,C,1,1,1,NaN,NaN,0,0.492585182189941
C043,C,1,2,1,NaN,NaN,0,0.415917873382568
C043,C,1,3,1,NaN,NaN,0,0.349007129669189
C043,C,1,4,1,NaN,NaN,0,0.329850196838379
C043,C,1,5,1,NaN,NaN,0,0.331494092941284
C043,C,1,6,NaN,1,0,NaN,NaN
C043,C,1,7,1,NaN,NaN,0,0.469367027282715
C043,C,1,8,1,NaN,NaN,0,0.299351930618286
C043,C,1,9,1,NaN,NaN,0,0.333641052246094
C043,C,1,10,1,NaN,NaN,0,0.355005025863647
C043,C,1,11,NaN,1,0,NaN,NaN
C043,C,1,12,1,NaN,NaN,0,0.289032936096191
C043,C,1,13,1,NaN,NaN,0,0.29753589630127
C043,C,1,14,1,NaN,NaN,0,0.299449920654297
C043,C,1,15,1,NaN,NaN,0,0.30622386932373
C043,C,1,16,1,NaN,NaN,0,0.314161062240601
C043,C,1,17,1,NaN,NaN,0,0.341111183166504
C043,C,1,18,1,NaN,NaN,0,0.361992120742798
C043,C,1,19,1,NaN,NaN,0,0.324992895126343
C043,C,1,20,1,NaN,NaN,0,0.316950798034668
C043,C,1,21,1,NaN,NaN,0,0.313195943832397
C043,C,1,22,1,NaN,NaN,0,0.327853918075562
C043,C,1,23,1,NaN,NaN,0,0.340845108032227
C043,C,1,24,1,NaN,NaN,0,0.423453807830811
C043,C,1,25,NaN,1,0,NaN,NaN
C043,C,1,26,1,NaN,NaN,0,0.523859977722168
C043,C,1,27,1,NaN,NaN,0,0.335070133209229
C043,C,1,28,1,NaN,NaN,0,0.320105075836182
C043,C,1,29,1,NaN,NaN,0,0.326318025588989
C043,C,1,30,NaN,0,1,NaN,NaN
C043,C,1,31,1,NaN,NaN,0,0.471925973892212
C043,C,1,32,1,NaN,NaN,0,0.421725034713745
C043,C,1,33,1,NaN,NaN,0,0.411405086517334
C043,C,1,34,1,NaN,NaN,0,0.30267596244812
C043,C,1,35,1,NaN,NaN,0,0.424310922622681
C043,C,1,36,1,NaN,NaN,0,0.33669114112854
C043,C,1,37,1,NaN,NaN,0,0.289363861083984
C043,C,1,38,1,NaN,NaN,0,0.366437911987305
C043,C,1,39,NaN,1,0,NaN,NaN
C043,C,1,40,1,NaN,NaN,0,0.362214088439941
C043,C,1,41,1,NaN,NaN,0,0.298707008361816
C043,C,1,42,1,NaN,NaN,0,0.33254599571228
C043,C,1,43,1,NaN,NaN,0,0.303165912628174
C043,C,1,44,1,NaN,NaN,0,0.349807977676392
C043,C,1,45,1,NaN,NaN,0,0.513411045074463
C043,C,1,46,1,NaN,NaN,0,0.876080989837646
C043,C,1,47,1,NaN,NaN,0,0.402600049972534
C043,C,1,48,1,NaN,NaN,0,0.343044996261597
C043,C,1,49,NaN,1,0,NaN,NaN
C043,C,1,50,1,NaN,NaN,0,0.321560144424438
C043,C,1,51,1,NaN,NaN,0,0.347870826721191
C043,C,1,52,1,NaN,NaN,0,0.390182971954346
C043,C,1,53,1,NaN,NaN,0,0.354531049728394
C043,C,1,54,1,NaN,NaN,0,0.363248825073242
C043,C,1,55,1,NaN,NaN,0,0.360435009002686
C043,C,1,56,1,NaN,NaN,0,0.359654188156128
C043,C,1,57,1,NaN,NaN,0,0.347430944442749
C043,C,1,58,NaN,1,0,NaN,NaN
C043,C,1,59,1,NaN,NaN,0,0.372901201248169
C043,C,1,60,1,NaN,NaN,0,0.436341047286987
C043,C,1,61,1,NaN,NaN,0,0.349539041519165
C043,C,1,62,1,NaN,NaN,0,0.356400012969971
C043,C,1,63,1,NaN,NaN,0,0.35492992401123
C043,C,1,64,1,NaN,NaN,0,0.32295298576355
C043,C,1,65,1,NaN,NaN,0,0.367066860198975
C043,C,1,66,1,NaN,NaN,0,0.306798934936523
C043,C,1,67,NaN,1,0,NaN,NaN
C043,C,1,68,1,NaN,NaN,0,0.3382408618927
C043,C,1,69,1,NaN,NaN,0,0.387176990509033
C043,C,1,70,1,NaN,NaN,0,0.3352210521698
C043,C,1,71,1,NaN,NaN,0,0.330311059951782
C043,C,1,72,1,NaN,NaN,0,0.345638036727905
C043,C,1,73,1,NaN,NaN,0,0.316035032272339
C043,C,1,74,1,NaN,NaN,0,0.322885990142822
C043,C,1,75,1,NaN,NaN,0,0.388139009475708
C043,C,1,76,1,NaN,NaN,0,0.31860613822937
C043,C,1,77,NaN,1,0,NaN,NaN
C043,C,1,78,1,NaN,NaN,0,0.328357934951782
C043,C,1,79,1,NaN,NaN,0,0.317843914031982
C043,C,1,80,1,NaN,NaN,0,0.309267997741699
C043,C,1,81,1,NaN,NaN,0,0.286571979522705
C043,C,1,82,1,NaN,NaN,0,0.347428798675537
C043,C,1,83,1,NaN,NaN,0,0.3436119556427
C043,C,1,84,1,NaN,NaN,0,0.464240074157715
C043,C,1,85,1,NaN,NaN,0,0.51316499710083
C043,C,1,86,1,NaN,NaN,0,0.402802228927612
C043,C,1,87,1,NaN,NaN,0,0.448338985443115
C043,C,1,88,1,NaN,NaN,0,0.355062007904053
C043,C,1,89,NaN,0,1,NaN,NaN
C043,C,1,90,1,NaN,NaN,0,0.467210054397583
C043,C,1,91,1,NaN,NaN,0,0.338248014450073
C043,C,1,92,1,NaN,NaN,0,0.334260940551758
C043,C,1,93,1,NaN,NaN,0,0.380331993103027
C043,C,1,94,1,NaN,NaN,0,0.410593032836914
C043,C,1,95,1,NaN,NaN,0,0.425092935562134
C043,C,1,96,NaN,1,0,NaN,NaN
C043,C,1,97,1,NaN,NaN,0,0.327901124954224
C043,C,1,98,1,NaN,NaN,0,0.321609020233154
C043,C,1,99,1,NaN,NaN,0,0.316184997558594
C043,C,1,100,1,NaN,NaN,0,0.365134954452515
C043,C,1,101,1,NaN,NaN,0,0.414406061172485
C043,C,1,102,1,NaN,NaN,0,0.455180883407593
C043,C,1,103,1,NaN,NaN,0,0.363046169281006
C043,C,1,104,1,NaN,NaN,0,0.391392946243286
C043,C,1,105,1,NaN,NaN,0,0.433660984039307
C043,C,1,106,NaN,1,0,NaN,NaN
C043,C,1,107,1,NaN,NaN,0,0.317099094390869
C043,C,1,108,1,NaN,NaN,0,0.329344034194946
C043,C,1,109,1,NaN,NaN,0,0.301448106765747
C043,C,1,110,NaN,0,1,NaN,NaN
C043,C,1,111,1,NaN,NaN,0,0.446470975875854
C043,C,1,112,1,NaN,NaN,0,0.840122938156128
C043,C,1,113,1,NaN,NaN,0,0.429208993911743
C043,C,1,114,1,NaN,NaN,0,0.339643955230713
C043,C,1,115,1,NaN,NaN,0,0.333371877670288
C043,C,1,116,1,NaN,NaN,0,0.382091999053955
C043,C,1,117,1,NaN,NaN,0,0.337727785110474
C043,C,1,118,1,NaN,NaN,0,0.398500919342041
C043,C,1,119,1,NaN,NaN,0,0.31417989730835
C043,C,1,120,NaN,1,0,NaN,NaN
C043,C,1,121,1,NaN,NaN,0,0.286186933517456
C043,C,1,122,1,NaN,NaN,0,0.3750319480896
C043,C,1,123,1,NaN,NaN,0,0.583822965621948
C043,C,1,124,1,NaN,NaN,0,0.365920066833496
C043,C,1,125,1,NaN,NaN,0,0.414998054504395
C043,C,1,126,1,NaN,NaN,0,0.462196826934814
C043,C,1,127,1,NaN,NaN,0,0.374414920806885
C043,C,1,128,1,NaN,NaN,0,0.356766939163208
C043,C,1,129,1,NaN,NaN,0,0.324293851852417
C043,C,1,130,NaN,0,1,NaN,NaN
C043,C,1,131,1,NaN,NaN,0,0.402853012084961
C043,C,1,132,1,NaN,NaN,0,0.352300882339478
C043,C,1,133,1,NaN,NaN,0,0.345230102539062
C043,C,1,134,1,NaN,NaN,0,0.28618597984314
C043,C,1,135,1,NaN,NaN,0,0.323277950286865
C043,C,1,136,1,NaN,NaN,0,0.329380035400391
C043,C,1,137,1,NaN,NaN,0,0.318217039108276
C043,C,1,138,NaN,1,0,NaN,NaN
C043,C,1,139,1,NaN,NaN,0,0.323670864105225
C043,C,1,140,1,NaN,NaN,0,0.348407030105591
C043,C,1,141,1,NaN,NaN,0,0.359556913375854
C043,C,1,142,1,NaN,NaN,0,0.287982940673828
C043,C,1,143,1,NaN,NaN,0,0.328349828720093
C043,C,1,144,1,NaN,NaN,0,0.299984216690063
C043,C,1,145,1,NaN,NaN,0,0.430667161941528
C043,C,1,146,1,NaN,NaN,0,0.38208794593811
C043,C,1,147,1,NaN,NaN,0,0.407403945922852
C043,C,1,148,1,NaN,NaN,0,0.458873987197876
C043,C,1,149,1,NaN,NaN,0,0.457396030426025
C043,C,1,150,1,NaN,NaN,0,0.466552972793579
C043,C,1,151,NaN,1,0,NaN,NaN
C043,C,1,152,1,NaN,NaN,0,0.323741912841797
C043,C,1,153,1,NaN,NaN,0,0.323231935501099
C043,C,1,154,1,NaN,NaN,0,0.348899841308594
C043,C,1,155,1,NaN,NaN,0,0.323561906814575
C043,C,1,156,NaN,1,0,NaN,NaN
C043,C,1,157,1,NaN,NaN,0,0.318648099899292
C043,C,1,158,1,NaN,NaN,0,0.41168999671936
C043,C,1,159,1,NaN,NaN,0,0.363223075866699
C043,C,1,160,1,NaN,NaN,0,0.378623962402344
C043,C,1,161,1,NaN,NaN,0,0.415695190429688
C043,C,1,162,1,NaN,NaN,0,0.400490045547485
C043,C,1,163,1,NaN,NaN,0,0.40945291519165
C043,C,1,164,NaN,1,0,NaN,NaN
C043,C,1,165,1,NaN,NaN,0,0.343492031097412
C043,C,1,166,1,NaN,NaN,0,0.317428112030029
C043,C,1,167,1,NaN,NaN,0,0.27069091796875
C043,C,1,168,1,NaN,NaN,0,0.352442026138306
C043,C,1,169,1,NaN,NaN,0,0.31692099571228
C043,C,1,170,1,NaN,NaN,0,0.370010137557983
C043,C,1,171,1,NaN,NaN,0,0.391386985778809
C043,C,1,172,1,NaN,NaN,0,0.442589044570923
C043,C,1,173,1,NaN,NaN,0,0.408850193023682
C043,C,1,174,1,NaN,NaN,0,0.696011066436768
C043,C,1,175,1,NaN,NaN,0,0.490716934204102
C043,C,1,176,NaN,1,0,NaN,NaN
C043,C,1,177,1,NaN,NaN,0,0.370909929275513
C043,C,1,178,1,NaN,NaN,0,0.303899049758911
C043,C,1,179,1,NaN,NaN,0,0.336342096328735
C043,C,1,180,1,NaN,NaN,0,0.317476987838745
C043,C,1,181,1,NaN,NaN,0,0.323287010192871
C043,C,1,182,1,NaN,NaN,0,0.371329784393311
C043,C,1,183,1,NaN,NaN,0,0.375874042510986
C043,C,1,184,1,NaN,NaN,0,0.397245168685913
C043,C,1,185,1,NaN,NaN,0,0.314205884933472
C043,C,1,186,1,NaN,NaN,0,0.407389879226685
C043,C,1,187,1,NaN,NaN,0,0.382326126098633
C043,C,1,188,NaN,1,0,NaN,NaN
C043,C,1,189,1,NaN,NaN,0,0.392297983169556
C043,C,1,190,1,NaN,NaN,0,0.343924045562744
C043,C,1,191,NaN,0,1,NaN,NaN
C043,C,1,192,1,NaN,NaN,0,0.616672039031982
C043,C,1,193,1,NaN,NaN,0,0.354679107666016
C043,C,1,194,1,NaN,NaN,0,0.284343004226685
C043,C,1,195,1,NaN,NaN,0,0.306061983108521
C043,C,1,196,1,NaN,NaN,0,0.367085933685303
C043,C,1,197,1,NaN,NaN,0,0.389281034469604
C043,C,1,198,1,NaN,NaN,0,0.539254188537598
C043,C,1,199,1,NaN,NaN,0,0.674588918685913
C043,C,1,200,1,NaN,NaN,0,0.362619876861572
C043,C,1,201,1,NaN,NaN,0,0.347824096679688
C043,C,1,202,1,NaN,NaN,0,0.364089012145996
C043,C,1,203,1,NaN,NaN,0,0.400834798812866
C043,C,1,204,1,NaN,NaN,0,0.417449951171875
C043,C,1,205,1,NaN,NaN,0,0.38825798034668
C043,C,1,206,NaN,1,0,NaN,NaN
C043,C,1,207,1,NaN,NaN,0,0.341743946075439
C043,C,1,208,1,NaN,NaN,0,0.399106025695801
C043,C,1,209,1,NaN,NaN,0,0.386993169784546
C043,C,1,210,1,NaN,NaN,0,0.467949867248535
C043,C,1,211,1,NaN,NaN,0,0.515327930450439
C043,C,1,212,1,NaN,NaN,0,0.501484155654907
C043,C,1,213,1,NaN,NaN,0,0.37939190864563
C043,C,1,214,1,NaN,NaN,0,0.340498924255371
C043,C,1,215,NaN,1,0,NaN,NaN
C043,C,1,216,1,NaN,NaN,0,0.342015027999878
C043,C,1,217,1,NaN,NaN,0,0.303658962249756
C043,C,1,218,1,NaN,NaN,0,0.336042165756226
C043,C,1,219,NaN,1,0,NaN,NaN
C043,C,1,220,1,NaN,NaN,0,0.30036997795105
C043,C,1,221,1,NaN,NaN,0,0.351712942123413
C043,C,1,222,1,NaN,NaN,0,0.312657833099365
C043,C,1,223,1,NaN,NaN,0,0.344944000244141
C043,C,1,224,1,NaN,NaN,0,0.360132932662964
C043,C,1,225,1,NaN,NaN,0,0.346246004104614
C043,C,1,226,1,NaN,NaN,0,0.381140947341919
C043,C,1,227,1,NaN,NaN,0,0.353438138961792
C043,C,1,228,1,NaN,NaN,0,0.357707023620605
C043,C,1,229,NaN,1,0,NaN,NaN
C043,C,1,230,1,NaN,NaN,0,0.390060901641846
C043,C,1,231,1,NaN,NaN,0,0.347723960876465
C043,C,1,232,1,NaN,NaN,0,0.282124042510986
C043,C,1,233,1,NaN,NaN,0,0.323857069015503
C043,C,1,234,1,NaN,NaN,0,0.36982798576355
C043,C,1,235,1,NaN,NaN,0,0.323423147201538
C043,C,1,236,1,NaN,NaN,0,0.397751092910767
C043,C,1,237,NaN,1,0,NaN,NaN
C043,C,1,238,1,NaN,NaN,0,0.309644937515259
C043,C,1,239,1,NaN,NaN,0,0.290680885314941
C043,C,1,240,1,NaN,NaN,0,NaN
C043,C,1,241,1,NaN,NaN,0,0.369136095046997
C043,C,1,242,1,NaN,NaN,0,0.336122989654541
C043,C,1,243,1,NaN,NaN,0,0.391052961349487
C043,C,1,244,1,NaN,NaN,0,0.372100114822388
C043,C,1,245,1,NaN,NaN,0,0.379415035247803
C043,C,1,246,1,NaN,NaN,0,0.360912084579468
C043,C,1,247,1,NaN,NaN,0,0.381111145019531
C043,C,1,248,1,NaN,NaN,0,0.355764865875244
C043,C,1,249,NaN,1,0,NaN,NaN
C043,C,1,250,1,NaN,NaN,0,0.39079213142395
C043,C,1,251,1,NaN,NaN,0,0.361707925796509
C043,C,1,252,1,NaN,NaN,0,0.44655704498291
C043,C,1,253,1,NaN,NaN,0,0.361963987350464
C043,C,1,254,1,NaN,NaN,0,0.395359992980957
C043,C,1,255,1,NaN,NaN,0,0.340297937393188
C043,C,1,256,NaN,1,0,NaN,NaN
C043,C,1,257,1,NaN,NaN,0,0.313806056976318
C043,C,1,258,1,NaN,NaN,0,0.527552127838135
C043,C,1,259,1,NaN,NaN,0,0.376691102981567
C043,C,1,260,1,NaN,NaN,0,0.467649936676025
C043,C,1,261,1,NaN,NaN,0,0.426893949508667
C043,C,1,262,1,NaN,NaN,0,0.421402931213379
C043,C,1,263,1,NaN,NaN,0,0.461377143859863
C043,C,1,264,1,NaN,NaN,0,0.426493883132935
C043,C,1,265,1,NaN,NaN,0,0.479007959365845
C043,C,1,266,1,NaN,NaN,0,0.437172174453735
C043,C,1,267,NaN,0,1,NaN,NaN
C043,C,1,268,1,NaN,NaN,0,0.427634000778198
C043,C,1,269,1,NaN,NaN,0,0.676372051239014
C043,C,1,270,1,NaN,NaN,0,0.345068216323853
C043,C,1,271,1,NaN,NaN,0,0.349519014358521
C043,C,1,272,1,NaN,NaN,0,0.370718002319336
C043,C,1,273,1,NaN,NaN,0,0.376101016998291
C043,C,1,274,1,NaN,NaN,0,0.365263938903809
C043,C,1,275,1,NaN,NaN,0,0.361497163772583
C043,C,1,276,NaN,0,1,NaN,NaN
C043,C,1,277,1,NaN,NaN,0,0.466861963272095
C043,C,1,278,0,NaN,NaN,1,NaN
C043,C,1,279,1,NaN,NaN,0,0.386857032775879
C043,C,1,280,1,NaN,NaN,0,0.393911838531494
C043,C,1,281,1,NaN,NaN,0,0.540520191192627
C043,C,1,282,1,NaN,NaN,0,0.654146194458008
C043,C,1,283,1,NaN,NaN,0,0.623570919036865
C043,C,1,284,1,NaN,NaN,0,0.664419889450073
C043,C,1,285,NaN,1,0,NaN,NaN
C043,C,1,286,1,NaN,NaN,0,0.297317028045654
C043,C,1,287,1,NaN,NaN,0,0.303346872329712
C043,C,1,288,1,NaN,NaN,0,0.338118076324463
C043,C,1,289,1,NaN,NaN,0,0.320941925048828
C043,C,1,290,1,NaN,NaN,0,0.33219313621521
C043,C,1,291,NaN,1,0,NaN,NaN
C043,C,1,292,1,NaN,NaN,0,0.341871976852417
C043,C,1,293,1,NaN,NaN,0,0.335258007049561
C043,C,1,294,1,NaN,NaN,0,0.380407094955444
C043,C,1,295,1,NaN,NaN,0,0.308923006057739
C043,C,1,296,1,NaN,NaN,0,0.345324039459229
C043,C,1,297,1,NaN,NaN,0,0.344641923904419
C043,C,1,298,1,NaN,NaN,0,0.395943164825439
C043,C,1,299,1,NaN,NaN,0,0.381721019744873
C043,C,1,300,1,NaN,NaN,0,0.326463937759399
C043,C,1,301,1,NaN,NaN,0,0.342238903045654
C043,C,1,302,1,NaN,NaN,0,0.403860092163086
C043,C,1,303,NaN,1,0,NaN,NaN
C043,C,1,304,1,NaN,NaN,0,0.336194038391113
C043,C,1,305,1,NaN,NaN,0,0.292297840118408
C043,C,1,306,1,NaN,NaN,0,0.305211067199707
C043,C,1,307,1,NaN,NaN,0,0.298486948013306
C043,C,1,308,NaN,0,1,NaN,NaN
C043,C,1,309,1,NaN,NaN,0,0.417728900909424
C043,C,1,310,1,NaN,NaN,0,0.361647844314575
C043,C,1,311,1,NaN,NaN,0,0.303924083709717
C043,C,1,312,1,NaN,NaN,0,0.301378965377808
C043,C,1,313,1,NaN,NaN,0,0.306534051895142
C043,C,1,314,1,NaN,NaN,0,0.30620002746582
C043,C,1,315,1,NaN,NaN,0,0.395606994628906
C043,C,1,316,1,NaN,NaN,0,0.462385892868042
C043,C,1,317,1,NaN,NaN,0,0.388807058334351
C043,C,1,318,1,NaN,NaN,0,0.513289928436279
C043,C,1,319,1,NaN,NaN,0,0.635965824127197
C043,C,1,320,NaN,1,0,NaN,NaN
C043,C,1,321,1,NaN,NaN,0,0.4169020652771
C043,C,1,322,1,NaN,NaN,0,0.514393091201782
C043,C,1,323,1,NaN,NaN,0,0.467767953872681
C043,C,1,324,1,NaN,NaN,0,0.459600925445557
C043,C,1,325,1,NaN,NaN,0,0.379086971282959
C043,C,1,326,1,NaN,NaN,0,0.439541101455688
C043,C,1,327,1,NaN,NaN,0,0.578450918197632
C043,C,1,328,NaN,1,0,NaN,NaN
C043,C,1,329,1,NaN,NaN,0,0.420058965682983
C043,C,1,330,1,NaN,NaN,0,0.373012065887451
C043,C,1,331,1,NaN,NaN,0,0.372541904449463
C043,C,1,332,1,NaN,NaN,0,0.363471031188965
C043,C,1,333,1,NaN,NaN,0,0.319685935974121
C043,C,1,334,1,NaN,NaN,0,0.381564140319824
C043,C,1,335,1,NaN,NaN,0,0.367055892944336
C043,C,1,336,1,NaN,NaN,0,0.383233070373535
C043,C,1,337,1,NaN,NaN,0,0.500741004943848
C043,C,1,338,1,NaN,NaN,0,0.43317699432373
C043,C,1,339,NaN,1,0,NaN,NaN
C043,C,1,340,1,NaN,NaN,0,0.353074789047241
C043,C,1,341,1,NaN,NaN,0,0.372848987579346
C043,C,1,342,1,NaN,NaN,0,0.41349196434021
C043,C,1,343,1,NaN,NaN,0,0.364979982376099
C043,C,1,344,1,NaN,NaN,0,0.312816143035889
C043,C,1,345,1,NaN,NaN,0,0.32256007194519
C043,C,1,346,1,NaN,NaN,0,0.356351137161255
C043,C,1,347,1,NaN,NaN,0,0.343086004257202
C043,C,1,348,1,NaN,NaN,0,0.382784843444824
C043,C,1,349,1,NaN,NaN,0,0.545361995697021
C043,C,1,350,NaN,1,0,NaN,NaN
C043,C,1,351,1,NaN,NaN,0,0.422941207885742
C043,C,1,352,1,NaN,NaN,0,0.338481903076172
C043,C,1,353,1,NaN,NaN,0,0.381501913070679
C043,C,1,354,1,NaN,NaN,0,0.476067066192627
C043,C,1,355,1,NaN,NaN,0,0.423804044723511
C043,C,1,356,NaN,1,0,NaN,NaN
C043,C,1,357,1,NaN,NaN,0,0.388155937194824
C043,C,1,358,1,NaN,NaN,0,0.432621002197266
C043,C,1,359,1,NaN,NaN,0,0.406499862670898
C043,C,1,360,1,NaN,NaN,0,0.359474897384644
C043,C,1,361,1,NaN,NaN,0,0.444453001022339
C043,C,1,362,NaN,0,1,NaN,NaN
C043,C,1,363,1,NaN,NaN,0,0.462846994400024
C043,C,1,364,1,NaN,NaN,0,0.32080602645874
C043,C,1,365,1,NaN,NaN,0,0.249019861221313
C043,C,1,366,1,NaN,NaN,0,0.35005521774292
C043,C,1,367,1,NaN,NaN,0,0.374605178833008
C043,C,1,368,1,NaN,NaN,0,0.320112943649292
C043,C,1,369,1,NaN,NaN,0,0.396600008010864
C043,C,1,370,1,NaN,NaN,0,0.371463060379028
C043,C,1,371,NaN,1,0,NaN,NaN
C043,C,1,372,1,NaN,NaN,0,0.317060947418213
C043,C,1,373,1,NaN,NaN,0,0.303824901580811
C043,C,1,374,1,NaN,NaN,0,0.34025502204895
C043,C,1,375,1,NaN,NaN,0,0.360887050628662
C043,C,1,376,1,NaN,NaN,0,0.29415488243103
C043,C,1,377,1,NaN,NaN,0,0.347378969192505
C043,C,1,378,1,NaN,NaN,0,0.469208002090454
C043,C,1,379,1,NaN,NaN,0,0.38788914680481
C043,C,1,380,1,NaN,NaN,0,0.402462959289551
C043,C,1,381,1,NaN,NaN,0,0.850427865982056
C043,C,1,382,1,NaN,NaN,0,0.42791485786438
C043,C,1,383,1,NaN,NaN,0,0.387600183486938
C043,C,1,384,1,NaN,NaN,0,0.621093034744263
C043,C,1,385,NaN,1,0,NaN,NaN
C043,C,1,386,1,NaN,NaN,0,0.393910884857178
C043,C,1,387,1,NaN,NaN,0,0.419629096984863
C043,C,1,388,1,NaN,NaN,0,0.411901950836182
C043,C,1,389,1,NaN,NaN,0,0.346810817718506
C043,C,1,390,1,NaN,NaN,0,0.266184091567993
C043,C,1,391,NaN,0,1,NaN,NaN
C043,C,1,392,1,NaN,NaN,0,0.320505857467651
C043,C,1,393,1,NaN,NaN,0,0.308613061904907
C043,C,1,394,1,NaN,NaN,0,0.32580304145813
C043,C,1,395,1,NaN,NaN,0,0.301679134368896
C043,C,1,396,1,NaN,NaN,0,0.326720952987671
C043,C,1,397,1,NaN,NaN,0,0.371598958969116
C043,C,1,398,1,NaN,NaN,0,0.432082176208496
C043,C,1,399,NaN,1,0,NaN,NaN
C043,C,1,400,1,NaN,NaN,0,0.309983015060425
C043,C,1,401,1,NaN,NaN,0,0.315155029296875
C043,C,1,402,1,NaN,NaN,0,0.33187198638916
C043,C,1,403,1,NaN,NaN,0,0.380606889724731
C043,C,1,404,1,NaN,NaN,0,0.438096046447754
C043,C,1,405,1,NaN,NaN,0,0.475688934326172
C043,C,1,406,1,NaN,NaN,0,0.384629011154175
C043,C,1,407,1,NaN,NaN,0,0.390712022781372
C043,C,1,408,1,NaN,NaN,0,0.403645038604736
C043,C,1,409,1,NaN,NaN,0,0.369266986846924
C043,C,1,410,1,NaN,NaN,0,0.351851940155029
C043,C,1,411,NaN,0,1,NaN,NaN
C043,C,1,412,1,NaN,NaN,0,0.439861059188843
C043,C,1,413,1,NaN,NaN,0,0.392402172088623
C043,C,1,414,1,NaN,NaN,0,0.323920965194702
C043,C,1,415,1,NaN,NaN,0,0.333642959594727
C043,C,1,416,1,NaN,NaN,0,0.341034889221191
C043,C,1,417,NaN,1,0,NaN,NaN
C043,C,1,418,1,NaN,NaN,0,0.44225287437439
C043,C,1,419,1,NaN,NaN,0,0.312316179275513
C043,C,1,420,1,NaN,NaN,0,0.339545965194702
C043,C,1,421,1,NaN,NaN,0,0.328134059906006
C043,C,1,422,1,NaN,NaN,0,0.328068971633911
C043,C,1,423,1,NaN,NaN,0,0.447837114334106
C043,C,1,424,1,NaN,NaN,0,0.329131126403809
C043,C,1,425,1,NaN,NaN,0,0.378638029098511
C043,C,1,426,NaN,0,1,NaN,NaN
C043,C,1,427,1,NaN,NaN,0,0.566143035888672
C043,C,1,428,1,NaN,NaN,0,0.419793128967285
C043,C,1,429,1,NaN,NaN,0,0.32312798500061
C043,C,1,430,1,NaN,NaN,0,0.336205959320068
C043,C,1,431,1,NaN,NaN,0,0.337024927139282
C043,C,1,432,1,NaN,NaN,0,0.371264934539795
C043,C,1,433,1,NaN,NaN,0,0.316072940826416
C043,C,1,434,1,NaN,NaN,0,0.281382083892822
C043,C,1,435,NaN,0,1,NaN,NaN
C043,C,1,436,1,NaN,NaN,0,0.437899112701416
C043,C,1,437,1,NaN,NaN,0,0.322751045227051
C043,C,1,438,1,NaN,NaN,0,0.210675954818726
C043,C,1,439,1,NaN,NaN,0,0.231617212295532
C043,C,1,440,1,NaN,NaN,0,0.33246898651123
C043,C,1,441,1,NaN,NaN,0,0.357371091842651
C043,C,1,442,1,NaN,NaN,0,0.362537145614624
C043,C,1,443,1,NaN,NaN,0,0.378045082092285
C043,C,1,444,1,NaN,NaN,0,0.294673919677734
C043,C,1,445,1,NaN,NaN,0,0.37533712387085
C043,C,1,446,NaN,1,0,NaN,NaN
C043,C,1,447,1,NaN,NaN,0,0.327549934387207
C043,C,1,448,1,NaN,NaN,0,0.301597118377686
C043,C,1,449,1,NaN,NaN,0,0.246148109436035
C043,C,1,450,1,NaN,NaN,0,0.422839164733887
C043,C,1,451,1,NaN,NaN,0,0.339669942855835
C043,C,1,452,1,NaN,NaN,0,0.307448148727417
C043,C,1,453,NaN,1,0,NaN,NaN
C043,C,1,454,1,NaN,NaN,0,0.3768310546875
C043,C,1,455,1,NaN,NaN,0,0.428781032562256
C043,C,1,456,1,NaN,NaN,0,0.449490785598755
C043,C,1,457,1,NaN,NaN,0,0.46068811416626
C043,C,1,458,1,NaN,NaN,0,0.603060007095337
C043,C,1,459,1,NaN,NaN,0,0.503313064575195
C043,C,1,460,1,NaN,NaN,0,0.757172107696533
C043,C,1,461,NaN,0,1,NaN,NaN
C043,C,1,462,1,NaN,NaN,0,0.358585834503174
C043,C,1,463,1,NaN,NaN,0,0.407814979553223
C043,C,1,464,1,NaN,NaN,0,0.435065031051636
C043,C,1,465,1,NaN,NaN,0,0.674211978912354
C043,C,1,466,1,NaN,NaN,0,0.417329072952271
C043,C,1,467,1,NaN,NaN,0,0.402026176452637
C043,C,1,468,1,NaN,NaN,0,0.372545003890991
C043,C,1,469,1,NaN,NaN,0,0.386361837387085
C043,C,1,470,1,NaN,NaN,0,0.356586933135986
C043,C,1,471,1,NaN,NaN,0,0.381645917892456
C043,C,1,472,1,NaN,NaN,0,0.382925033569336
C043,C,1,473,1,NaN,NaN,0,0.336004972457886
C043,C,1,474,1,NaN,NaN,0,0.317101001739502
C043,C,1,475,1,NaN,NaN,0,0.367236137390137
C043,C,1,476,NaN,1,0,NaN,NaN
C043,C,1,477,1,NaN,NaN,0,0.280029058456421
C043,C,1,478,1,NaN,NaN,0,0.305966138839722
C043,C,1,479,1,NaN,NaN,0,0.282696008682251
C043,C,1,480,NaN,0,1,NaN,NaN
C043,C,1,481,1,NaN,NaN,0,0.317155838012695
C043,C,1,482,0,NaN,NaN,1,NaN
C043,C,1,483,1,NaN,NaN,0,0.266637086868286
C043,C,1,484,1,NaN,NaN,0,0.30354905128479
C043,C,1,485,1,NaN,NaN,0,0.528011083602905
C043,C,1,486,1,NaN,NaN,0,0.364141941070557
C043,C,1,487,1,NaN,NaN,0,0.339869976043701
C043,C,1,488,1,NaN,NaN,0,0.392510890960693
C043,C,1,489,1,NaN,NaN,0,0.427489995956421
C043,C,1,490,1,NaN,NaN,0,0.369997024536133
C043,C,1,491,1,NaN,NaN,0,0.462069988250732
C043,C,1,492,NaN,1,0,NaN,NaN
C043,C,1,493,1,NaN,NaN,0,0.335225105285645
C043,C,1,494,1,NaN,NaN,0,0.454708099365234
C043,C,1,495,1,NaN,NaN,0,0.455890893936157
C043,C,1,496,1,NaN,NaN,0,0.340384960174561
C043,C,1,497,1,NaN,NaN,0,0.352675914764404
C043,C,1,498,1,NaN,NaN,0,0.438063144683838
C043,C,1,499,1,NaN,NaN,0,0.4007568359375
C043,C,1,500,1,NaN,NaN,0,0.537964105606079
C043,C,1,501,1,NaN,NaN,0,0.436172962188721
C043,C,1,502,1,NaN,NaN,0,0.44037914276123
C043,C,2,1,1,NaN,NaN,0,0.445870876312256
C043,C,2,2,1,NaN,NaN,0,0.381782054901123
C043,C,2,3,1,NaN,NaN,0,0.352920055389404
C043,C,2,4,1,NaN,NaN,0,0.405548810958862
C043,C,2,5,NaN,1,0,NaN,NaN
C043,C,2,6,1,NaN,NaN,0,0.335036993026733
C043,C,2,7,1,NaN,NaN,0,0.355802059173584
C043,C,2,8,1,NaN,NaN,0,0.382875919342041
C043,C,2,9,1,NaN,NaN,0,0.330759048461914
C043,C,2,10,1,NaN,NaN,0,0.291301012039185
C043,C,2,11,1,NaN,NaN,0,0.343804121017456
C043,C,2,12,1,NaN,NaN,0,0.367908000946045
C043,C,2,13,1,NaN,NaN,0,0.358191967010498
C043,C,2,14,1,NaN,NaN,0,0.376645088195801
C043,C,2,15,1,NaN,NaN,0,0.423471927642822
C043,C,2,16,1,NaN,NaN,0,0.37977409362793
C043,C,2,17,NaN,1,0,NaN,NaN
C043,C,2,18,1,NaN,NaN,0,0.306047201156616
C043,C,2,19,1,NaN,NaN,0,0.354127883911133
C043,C,2,20,1,NaN,NaN,0,0.310158014297485
C043,C,2,21,1,NaN,NaN,0,0.304620027542114
C043,C,2,22,NaN,0,1,NaN,NaN
C043,C,2,23,1,NaN,NaN,0,0.377275943756104
C043,C,2,24,1,NaN,NaN,0,0.466202020645142
C043,C,2,25,1,NaN,NaN,0,0.35374903678894
C043,C,2,26,1,NaN,NaN,0,0.575882911682129
C043,C,2,27,1,NaN,NaN,0,0.319278955459595
C043,C,2,28,1,NaN,NaN,0,0.386404991149902
C043,C,2,29,1,NaN,NaN,0,0.555670022964478
C043,C,2,30,1,NaN,NaN,0,0.532644987106323
C043,C,2,31,NaN,1,0,NaN,NaN
C043,C,2,32,1,NaN,NaN,0,0.426423072814941
C043,C,2,33,1,NaN,NaN,0,0.415374994277954
C043,C,2,34,1,NaN,NaN,0,0.405084133148193
C043,C,2,35,1,NaN,NaN,0,0.391012907028198
C043,C,2,36,1,NaN,NaN,0,0.428839921951294
C043,C,2,37,1,NaN,NaN,0,0.403288841247559
C043,C,2,38,NaN,1,0,NaN,NaN
C043,C,2,39,1,NaN,NaN,0,0.314013957977295
C043,C,2,40,1,NaN,NaN,0,0.371171236038208
C043,C,2,41,1,NaN,NaN,0,0.440135955810547
C043,C,2,42,1,NaN,NaN,0,0.390164852142334
C043,C,2,43,1,NaN,NaN,0,0.433866024017334
C043,C,2,44,1,NaN,NaN,0,0.414769172668457
C043,C,2,45,1,NaN,NaN,0,0.374890089035034
C043,C,2,46,1,NaN,NaN,0,0.438201904296875
C043,C,2,47,1,NaN,NaN,0,0.400398015975952
C043,C,2,48,1,NaN,NaN,0,0.383682012557983
C043,C,2,49,NaN,1,0,NaN,NaN
C043,C,2,50,1,NaN,NaN,0,0.305711984634399
C043,C,2,51,1,NaN,NaN,0,0.329499959945679
C043,C,2,52,1,NaN,NaN,0,0.398138999938965
C043,C,2,53,1,NaN,NaN,0,0.386442899703979
C043,C,2,54,1,NaN,NaN,0,0.364308834075928
C043,C,2,55,1,NaN,NaN,0,0.364688158035278
C043,C,2,56,1,NaN,NaN,0,0.339992046356201
C043,C,2,57,1,NaN,NaN,0,0.377547025680542
C043,C,2,58,1,NaN,NaN,0,0.338745832443237
C043,C,2,59,1,NaN,NaN,0,0.356032133102417
C043,C,2,60,1,NaN,NaN,0,0.316466808319092
C043,C,2,61,NaN,0,1,NaN,NaN
C043,C,2,62,0,NaN,NaN,1,NaN
C043,C,2,63,1,NaN,NaN,0,0.396363019943237
C043,C,2,64,1,NaN,NaN,0,0.337817907333374
C043,C,2,65,1,NaN,NaN,0,0.298714876174927
C043,C,2,66,NaN,1,0,NaN,NaN
C043,C,2,67,1,NaN,NaN,0,0.490929841995239
C043,C,2,68,1,NaN,NaN,0,0.340773820877075
C043,C,2,69,1,NaN,NaN,0,0.325146913528442
C043,C,2,70,1,NaN,NaN,0,0.380196809768677
C043,C,2,71,1,NaN,NaN,0,0.36713695526123
C043,C,2,72,1,NaN,NaN,0,0.394156932830811
C043,C,2,73,1,NaN,NaN,0,0.396842002868652
C043,C,2,74,1,NaN,NaN,0,0.321913003921509
C043,C,2,75,1,NaN,NaN,0,0.389972925186157
C043,C,2,76,1,NaN,NaN,0,0.384823799133301
C043,C,2,77,1,NaN,NaN,0,0.349537134170532
C043,C,2,78,1,NaN,NaN,0,0.593684911727905
C043,C,2,79,NaN,1,0,NaN,NaN
C043,C,2,80,1,NaN,NaN,0,0.303076982498169
C043,C,2,81,1,NaN,NaN,0,0.376046895980835
C043,C,2,82,1,NaN,NaN,0,0.319421052932739
C043,C,2,83,1,NaN,NaN,0,0.321404933929443
C043,C,2,84,1,NaN,NaN,0,0.28898811340332
C043,C,2,85,NaN,1,0,NaN,NaN
C043,C,2,86,1,NaN,NaN,0,0.234711885452271
C043,C,2,87,1,NaN,NaN,0,0.298939943313599
C043,C,2,88,1,NaN,NaN,0,0.372575998306274
C043,C,2,89,1,NaN,NaN,0,0.231311798095703
C043,C,2,90,1,NaN,NaN,0,0.357263803482056
C043,C,2,91,1,NaN,NaN,0,0.310569047927856
C043,C,2,92,1,NaN,NaN,0,0.443559885025024
C043,C,2,93,1,NaN,NaN,0,0.360183000564575
C043,C,2,94,1,NaN,NaN,0,0.392388820648193
C043,C,2,95,1,NaN,NaN,0,0.450520038604736
C043,C,2,96,1,NaN,NaN,0,0.434608221054077
C043,C,2,97,NaN,1,0,NaN,NaN
C043,C,2,98,1,NaN,NaN,0,0.318786144256592
C043,C,2,99,1,NaN,NaN,0,0.349286794662476
C043,C,2,100,1,NaN,NaN,0,0.415419101715088
C043,C,2,101,1,NaN,NaN,0,0.316472053527832
C043,C,2,102,1,NaN,NaN,0,0.589179039001465
C043,C,2,103,1,NaN,NaN,0,0.4272620677948
C043,C,2,104,1,NaN,NaN,0,0.389186143875122
C043,C,2,105,1,NaN,NaN,0,0.391613006591797
C043,C,2,106,1,NaN,NaN,0,0.473918914794922
C043,C,2,107,NaN,1,0,NaN,NaN
C043,C,2,108,1,NaN,NaN,0,0.483515024185181
C043,C,2,109,0,NaN,NaN,1,NaN
C043,C,2,110,1,NaN,NaN,0,0.427231073379517
C043,C,2,111,1,NaN,NaN,0,0.439769983291626
C043,C,2,112,1,NaN,NaN,0,0.360941171646118
C043,C,2,113,0,NaN,NaN,1,NaN
C043,C,2,114,1,NaN,NaN,0,0.329079866409302
C043,C,2,115,1,NaN,NaN,0,0.378273010253906
C043,C,2,116,NaN,1,0,NaN,NaN
C043,C,2,117,1,NaN,NaN,0,0.300065994262695
C043,C,2,118,1,NaN,NaN,0,0.270997047424316
C043,C,2,119,1,NaN,NaN,0,0.467175006866455
C043,C,2,120,1,NaN,NaN,0,0.324496984481812
C043,C,2,121,1,NaN,NaN,0,0.296627044677734
C043,C,2,122,1,NaN,NaN,0,0.319846153259277
C043,C,2,123,1,NaN,NaN,0,0.351010084152222
C043,C,2,124,NaN,1,0,NaN,NaN
C043,C,2,125,1,NaN,NaN,0,0.403446912765503
C043,C,2,126,1,NaN,NaN,0,0.344913959503174
C043,C,2,127,1,NaN,NaN,0,0.266518831253052
C043,C,2,128,1,NaN,NaN,0,0.253266096115112
C043,C,2,129,1,NaN,NaN,0,0.289676189422607
C043,C,2,130,1,NaN,NaN,0,0.318890810012817
C043,C,2,131,NaN,0,1,NaN,NaN
C043,C,2,132,1,NaN,NaN,0,0.342132091522217
C043,C,2,133,1,NaN,NaN,0,0.360859155654907
C043,C,2,134,1,NaN,NaN,0,0.37697696685791
C043,C,2,135,1,NaN,NaN,0,0.6545729637146
C043,C,2,136,1,NaN,NaN,0,0.378135919570923
C043,C,2,137,1,NaN,NaN,0,0.289932012557983
C043,C,2,138,1,NaN,NaN,0,0.322866916656494
C043,C,2,139,1,NaN,NaN,0,0.55996298789978
C043,C,2,140,1,NaN,NaN,0,0.394479990005493
C043,C,2,141,1,NaN,NaN,0,0.398473978042603
C043,C,2,142,1,NaN,NaN,0,0.396358966827393
C043,C,2,143,NaN,1,0,NaN,NaN
C043,C,2,144,1,NaN,NaN,0,0.326050996780396
C043,C,2,145,1,NaN,NaN,0,0.390823841094971
C043,C,2,146,NaN,0,1,NaN,NaN
C043,C,2,147,1,NaN,NaN,0,0.36690092086792
C043,C,2,148,1,NaN,NaN,0,0.421733856201172
C043,C,2,149,1,NaN,NaN,0,0.505813121795654
C043,C,2,150,1,NaN,NaN,0,0.439496040344238
C043,C,2,151,1,NaN,NaN,0,0.423423051834106
C043,C,2,152,1,NaN,NaN,0,0.390851974487305
C043,C,2,153,1,NaN,NaN,0,0.595794916152954
C043,C,2,154,1,NaN,NaN,0,0.509742021560669
C043,C,2,155,1,NaN,NaN,0,0.372488021850586
C043,C,2,156,1,NaN,NaN,0,0.298925876617432
C043,C,2,157,1,NaN,NaN,0,0.300079822540283
C043,C,2,158,NaN,1,0,NaN,NaN
C043,C,2,159,1,NaN,NaN,0,0.242373943328857
C043,C,2,160,1,NaN,NaN,0,0.337352991104126
C043,C,2,161,1,NaN,NaN,0,0.29495906829834
C043,C,2,162,1,NaN,NaN,0,0.304097175598145
C043,C,2,163,1,NaN,NaN,0,0.343825101852417
C043,C,2,164,1,NaN,NaN,0,0.282254934310913
C043,C,2,165,1,NaN,NaN,0,0.28486704826355
C043,C,2,166,1,NaN,NaN,0,0.304620027542114
C043,C,2,167,1,NaN,NaN,0,0.291216135025024
C043,C,2,168,1,NaN,NaN,0,0.351736068725586
C043,C,2,169,NaN,1,0,NaN,NaN
C043,C,2,170,1,NaN,NaN,0,0.333517074584961
C043,C,2,171,1,NaN,NaN,0,0.318043947219849
C043,C,2,172,1,NaN,NaN,0,0.34481406211853
C043,C,2,173,1,NaN,NaN,0,0.425657987594604
C043,C,2,174,1,NaN,NaN,0,0.435058832168579
C043,C,2,175,1,NaN,NaN,0,0.385494947433472
C043,C,2,176,1,NaN,NaN,0,0.348603010177612
C043,C,2,177,1,NaN,NaN,0,0.240556955337524
C043,C,2,178,1,NaN,NaN,0,0.30121922492981
C043,C,2,179,NaN,1,0,NaN,NaN
C043,C,2,180,1,NaN,NaN,0,0.290679931640625
C043,C,2,181,1,NaN,NaN,0,0.275804042816162
C043,C,2,182,1,NaN,NaN,0,0.256902933120728
C043,C,2,183,1,NaN,NaN,0,0.228054046630859
C043,C,2,184,1,NaN,NaN,0,NaN
C043,C,2,185,1,NaN,NaN,0,0.176559925079346
C043,C,2,186,1,NaN,NaN,0,0.497102022171021
C043,C,2,187,NaN,0,1,NaN,NaN
C043,C,2,188,1,NaN,NaN,0,0.294652938842773
C043,C,2,189,1,NaN,NaN,0,0.379738092422485
C043,C,2,190,1,NaN,NaN,0,0.341331958770752
C043,C,2,191,1,NaN,NaN,0,0.331218004226685
C043,C,2,192,1,NaN,NaN,0,0.376267910003662
C043,C,2,193,1,NaN,NaN,0,0.401738166809082
C043,C,2,194,1,NaN,NaN,0,0.345478057861328
C043,C,2,195,1,NaN,NaN,0,0.382586002349854
C043,C,2,196,1,NaN,NaN,0,0.419081211090088
C043,C,2,197,NaN,1,0,NaN,NaN
C043,C,2,198,1,NaN,NaN,0,0.269585847854614
C043,C,2,199,1,NaN,NaN,0,0.330590963363647
C043,C,2,200,1,NaN,NaN,0,0.331377029418945
C043,C,2,201,NaN,1,0,NaN,NaN
C043,C,2,202,1,NaN,NaN,0,0.309351205825806
C043,C,2,203,1,NaN,NaN,0,0.341865062713623
C043,C,2,204,1,NaN,NaN,0,0.399168968200684
C043,C,2,205,1,NaN,NaN,0,0.340127944946289
C043,C,2,206,1,NaN,NaN,0,0.343647003173828
C043,C,2,207,1,NaN,NaN,0,0.309038877487183
C043,C,2,208,1,NaN,NaN,0,0.284054040908813
C043,C,2,209,1,NaN,NaN,0,0.301432132720947
C043,C,2,210,NaN,1,0,NaN,NaN
C043,C,2,211,1,NaN,NaN,0,0.289685964584351
C043,C,2,212,1,NaN,NaN,0,0.311453104019165
C043,C,2,213,1,NaN,NaN,0,0.347548961639404
C043,C,2,214,1,NaN,NaN,0,0.336894989013672
C043,C,2,215,1,NaN,NaN,0,0.320305109024048
C043,C,2,216,1,NaN,NaN,0,0.345041036605835
C043,C,2,217,1,NaN,NaN,0,0.329360961914062
C043,C,2,218,NaN,1,0,NaN,NaN
C043,C,2,219,1,NaN,NaN,0,0.285380840301514
C043,C,2,220,1,NaN,NaN,0,0.330543994903564
C043,C,2,221,1,NaN,NaN,0,0.325046062469482
C043,C,2,222,1,NaN,NaN,0,0.28815484046936
C043,C,2,223,1,NaN,NaN,0,0.365787029266357
C043,C,2,224,1,NaN,NaN,0,0.331032037734985
C043,C,2,225,1,NaN,NaN,0,0.377567052841187
C043,C,2,226,1,NaN,NaN,0,0.354406833648682
C043,C,2,227,1,NaN,NaN,0,0.370660066604614
C043,C,2,228,1,NaN,NaN,0,0.37526798248291
C043,C,2,229,1,NaN,NaN,0,0.364371061325073
C043,C,2,230,1,NaN,NaN,0,0.264892101287842
C043,C,2,231,NaN,0,1,NaN,NaN
C043,C,2,232,1,NaN,NaN,0,0.343766212463379
C043,C,2,233,1,NaN,NaN,0,0.396347045898438
C043,C,2,234,1,NaN,NaN,0,0.549018144607544
C043,C,2,235,1,NaN,NaN,0,0.318758010864258
C043,C,2,236,1,NaN,NaN,0,0.339312076568604
C043,C,2,237,1,NaN,NaN,0,0.3801589012146
C043,C,2,238,NaN,0,1,NaN,NaN
C043,C,2,239,1,NaN,NaN,0,0.407995939254761
C043,C,2,240,1,NaN,NaN,0,0.362246990203857
C043,C,2,241,1,NaN,NaN,0,0.563863039016724
C043,C,2,242,1,NaN,NaN,0,0.348768949508667
C043,C,2,243,1,NaN,NaN,0,0.507827997207642
C043,C,2,244,1,NaN,NaN,0,0.331593036651611
C043,C,2,245,1,NaN,NaN,0,0.30522894859314
C043,C,2,246,0,NaN,NaN,1,NaN
C043,C,2,247,1,NaN,NaN,0,0.363859891891479
C043,C,2,248,NaN,1,0,NaN,NaN
C043,C,2,249,1,NaN,NaN,0,0.336483001708984
C043,C,2,250,1,NaN,NaN,0,0.423354864120483
C043,C,2,251,1,NaN,NaN,0,0.313165903091431
C043,C,2,252,1,NaN,NaN,0,0.151609897613525
C043,C,2,253,1,NaN,NaN,0,0.295494079589844
C043,C,2,254,1,NaN,NaN,0,0.291524887084961
C043,C,2,255,NaN,0,1,NaN,NaN
C043,C,2,256,1,NaN,NaN,0,0.410217046737671
C043,C,2,257,1,NaN,NaN,0,0.327451229095459
C043,C,2,258,1,NaN,NaN,0,0.283941030502319
C043,C,2,259,1,NaN,NaN,0,0.290148019790649
C043,C,2,260,1,NaN,NaN,0,0.340996026992798
C043,C,2,261,1,NaN,NaN,0,0.388147830963135
C043,C,2,262,1,NaN,NaN,0,0.333702087402344
C043,C,2,263,1,NaN,NaN,0,0.324263095855713
C043,C,2,264,1,NaN,NaN,0,0.31954288482666
C043,C,2,265,1,NaN,NaN,0,0.338627099990845
C043,C,2,266,1,NaN,NaN,0,0.318678855895996
C043,C,2,267,1,NaN,NaN,0,0.443489074707031
C043,C,2,268,1,NaN,NaN,0,0.368298053741455
C043,C,2,269,NaN,1,0,NaN,NaN
C043,C,2,270,1,NaN,NaN,0,0.25679612159729
C043,C,2,271,1,NaN,NaN,0,0.30582594871521
C043,C,2,272,1,NaN,NaN,0,0.217003107070923
C043,C,2,273,1,NaN,NaN,0,0.318289995193481
C043,C,2,274,1,NaN,NaN,0,0.33301305770874
C043,C,2,275,1,NaN,NaN,0,0.308488130569458
C043,C,2,276,1,NaN,NaN,0,0.350245952606201
C043,C,2,277,1,NaN,NaN,0,0.327889919281006
C043,C,2,278,NaN,1,0,NaN,NaN
C043,C,2,279,1,NaN,NaN,0,0.309839963912964
C043,C,2,280,1,NaN,NaN,0,0.42394495010376
C043,C,2,281,1,NaN,NaN,0,0.334020853042603
C043,C,2,282,NaN,0,1,NaN,NaN
C043,C,2,283,1,NaN,NaN,0,0.361269950866699
C043,C,2,284,1,NaN,NaN,0,0.297591924667358
C043,C,2,285,1,NaN,NaN,0,0.418548822402954
C043,C,2,286,1,NaN,NaN,0,0.357110023498535
C043,C,2,287,1,NaN,NaN,0,0.410180807113647
C043,C,2,288,1,NaN,NaN,0,0.414634943008423
C043,C,2,289,1,NaN,NaN,0,0.384690999984741
C043,C,2,290,1,NaN,NaN,0,0.397731065750122
C043,C,2,291,1,NaN,NaN,0,0.417845010757446
C043,C,2,292,1,NaN,NaN,0,0.327224016189575
C043,C,2,293,NaN,1,0,NaN,NaN
C043,C,2,294,1,NaN,NaN,0,0.193757057189941
C043,C,2,295,1,NaN,NaN,0,0.359606027603149
C043,C,2,296,1,NaN,NaN,0,0.336849212646484
C043,C,2,297,1,NaN,NaN,0,0.297116041183472
C043,C,2,298,1,NaN,NaN,0,0.324038028717041
C043,C,2,299,1,NaN,NaN,0,0.304757118225098
C043,C,2,300,NaN,0,1,NaN,NaN
C043,C,2,301,1,NaN,NaN,0,0.393993139266968
C043,C,2,302,1,NaN,NaN,0,0.380551099777222
C043,C,2,303,1,NaN,NaN,0,0.438444852828979
C043,C,2,304,1,NaN,NaN,0,0.343598127365112
C043,C,2,305,1,NaN,NaN,0,0.397569894790649
C043,C,2,306,1,NaN,NaN,0,0.486910820007324
C043,C,2,307,1,NaN,NaN,0,0.395262956619263
C043,C,2,308,1,NaN,NaN,0,0.370782136917114
C043,C,2,309,1,NaN,NaN,0,0.460081100463867
C043,C,2,310,1,NaN,NaN,0,0.444392919540405
C043,C,2,311,NaN,1,0,NaN,NaN
C043,C,2,312,1,NaN,NaN,0,0.424001932144165
C043,C,2,313,1,NaN,NaN,0,0.49193000793457
C043,C,2,314,1,NaN,NaN,0,0.451198101043701
C043,C,2,315,1,NaN,NaN,0,0.376426935195923
C043,C,2,316,1,NaN,NaN,0,0.371814012527466
C043,C,2,317,1,NaN,NaN,0,0.362104892730713
C043,C,2,318,1,NaN,NaN,0,0.406935930252075
C043,C,2,319,1,NaN,NaN,0,0.371315002441406
C043,C,2,320,NaN,1,0,NaN,NaN
C043,C,2,321,1,NaN,NaN,0,0.381631135940552
C043,C,2,322,1,NaN,NaN,0,0.383107900619507
C043,C,2,323,1,NaN,NaN,0,0.428689956665039
C043,C,2,324,1,NaN,NaN,0,0.412099123001099
C043,C,2,325,1,NaN,NaN,0,0.385201930999756
C043,C,2,326,1,NaN,NaN,0,0.371350049972534
C043,C,2,327,1,NaN,NaN,0,0.535085916519165
C043,C,2,328,1,NaN,NaN,0,0.46624493598938
C043,C,2,329,1,NaN,NaN,0,0.419815063476562
C043,C,2,330,1,NaN,NaN,0,0.398963928222656
C043,C,2,331,NaN,1,0,NaN,NaN
C043,C,2,332,1,NaN,NaN,0,0.305912971496582
C043,C,2,333,1,NaN,NaN,0,0.367189884185791
C043,C,2,334,1,NaN,NaN,0,0.389969110488892
C043,C,2,335,1,NaN,NaN,0,0.381366968154907
C043,C,2,336,NaN,0,1,NaN,NaN
C043,C,2,337,1,NaN,NaN,0,0.394070863723755
C043,C,2,338,1,NaN,NaN,0,0.422608137130737
C043,C,2,339,1,NaN,NaN,0,0.667680978775024
C043,C,2,340,1,NaN,NaN,0,0.433185815811157
C043,C,2,341,1,NaN,NaN,0,0.329854011535645
C043,C,2,342,1,NaN,NaN,0,0.350865840911865
C043,C,2,343,1,NaN,NaN,0,0.334390163421631
C043,C,2,344,1,NaN,NaN,0,0.424555063247681
C043,C,2,345,NaN,0,1,NaN,NaN
C043,C,2,346,1,NaN,NaN,0,0.333464860916138
C043,C,2,347,1,NaN,NaN,0,0.336505174636841
C043,C,2,348,1,NaN,NaN,0,0.37795615196228
C043,C,2,349,1,NaN,NaN,0,0.39736008644104
C043,C,2,350,1,NaN,NaN,0,0.571271896362305
C043,C,2,351,1,NaN,NaN,0,0.372282028198242
C043,C,2,352,1,NaN,NaN,0,0.347170114517212
C043,C,2,353,1,NaN,NaN,0,0.362124919891357
C043,C,2,354,NaN,1,0,NaN,NaN
C043,C,2,355,1,NaN,NaN,0,0.254449129104614
C043,C,2,356,1,NaN,NaN,0,0.286716938018799
C043,C,2,357,1,NaN,NaN,0,0.336112976074219
C043,C,2,358,1,NaN,NaN,0,0.416661977767944
C043,C,2,359,1,NaN,NaN,0,0.354686975479126
C043,C,2,360,1,NaN,NaN,0,0.348615884780884
C043,C,2,361,1,NaN,NaN,0,0.309154033660889
C043,C,2,362,NaN,1,0,NaN,NaN
C043,C,2,363,1,NaN,NaN,0,0.282384872436523
C043,C,2,364,1,NaN,NaN,0,0.360427856445312
C043,C,2,365,1,NaN,NaN,0,0.333856105804443
C043,C,2,366,1,NaN,NaN,0,0.366476058959961
C043,C,2,367,1,NaN,NaN,0,0.435606002807617
C043,C,2,368,1,NaN,NaN,0,0.367637157440186
C043,C,2,369,1,NaN,NaN,0,0.429908990859985
C043,C,2,370,1,NaN,NaN,0,0.575448989868164
C043,C,2,371,1,NaN,NaN,0,0.433757066726685
C043,C,2,372,1,NaN,NaN,0,0.399176836013794
C043,C,2,373,1,NaN,NaN,0,0.436593055725098
C043,C,2,374,1,NaN,NaN,0,0.530462980270386
C043,C,2,375,1,NaN,NaN,0,0.478235006332397
C043,C,2,376,1,NaN,NaN,0,0.494972944259644
C043,C,2,377,NaN,1,0,NaN,NaN
C043,C,2,378,1,NaN,NaN,0,0.304650068283081
C043,C,2,379,1,NaN,NaN,0,0.361449003219604
C043,C,2,380,1,NaN,NaN,0,0.364980220794678
C043,C,2,381,1,NaN,NaN,0,0.442431926727295
C043,C,2,382,1,NaN,NaN,0,0.421916007995605
C043,C,2,383,NaN,1,0,NaN,NaN
C043,C,2,384,1,NaN,NaN,0,0.387824058532715
C043,C,2,385,1,NaN,NaN,0,0.555542230606079
C043,C,2,386,1,NaN,NaN,0,0.376733064651489
C043,C,2,387,1,NaN,NaN,0,0.404080867767334
C043,C,2,388,1,NaN,NaN,0,0.362272024154663
C043,C,2,389,1,NaN,NaN,0,0.339874029159546
C043,C,2,390,1,NaN,NaN,0,0.372161149978638
C043,C,2,391,1,NaN,NaN,0,0.39012598991394
C043,C,2,392,1,NaN,NaN,0,0.338572978973389
C043,C,2,393,1,NaN,NaN,0,0.373183012008667
C043,C,2,394,NaN,1,0,NaN,NaN
C043,C,2,395,1,NaN,NaN,0,0.338356018066406
C043,C,2,396,1,NaN,NaN,0,0.320625066757202
C043,C,2,397,1,NaN,NaN,0,0.363249778747559
C043,C,2,398,1,NaN,NaN,0,0.361443996429443
C043,C,2,399,1,NaN,NaN,0,0.375294208526611
C043,C,2,400,1,NaN,NaN,0,0.372153997421265
C043,C,2,401,1,NaN,NaN,0,0.372096061706543
C043,C,2,402,NaN,0,1,NaN,NaN
C043,C,2,403,1,NaN,NaN,0,0.367670059204102
C043,C,2,404,1,NaN,NaN,0,0.33533501625061
C043,C,2,405,1,NaN,NaN,0,0.396327972412109
C043,C,2,406,1,NaN,NaN,0,0.344722986221313
C043,C,2,407,1,NaN,NaN,0,0.341343879699707
C043,C,2,408,1,NaN,NaN,0,0.317469120025635
C043,C,2,409,1,NaN,NaN,0,0.366456031799316
C043,C,2,410,1,NaN,NaN,0,0.352553844451904
C043,C,2,411,1,NaN,NaN,0,0.392887830734253
C043,C,2,412,NaN,1,0,NaN,NaN
C043,C,2,413,1,NaN,NaN,0,0.3124098777771
C043,C,2,414,1,NaN,NaN,0,0.336529016494751
C043,C,2,415,1,NaN,NaN,0,0.335340023040771
C043,C,2,416,1,NaN,NaN,0,0.287830829620361
C043,C,2,417,1,NaN,NaN,0,0.284308910369873
C043,C,2,418,1,NaN,NaN,0,0.308740139007568
C043,C,2,419,1,NaN,NaN,0,0.315490007400513
C043,C,2,420,1,NaN,NaN,0,0.392755031585693
C043,C,2,421,NaN,1,0,NaN,NaN
C043,C,2,422,1,NaN,NaN,0,0.2553391456604
C043,C,2,423,1,NaN,NaN,0,0.320527076721191
C043,C,2,424,1,NaN,NaN,0,0.34495210647583
C043,C,2,425,1,NaN,NaN,0,0.301761865615845
C043,C,2,426,1,NaN,NaN,0,0.186872959136963
C043,C,2,427,1,NaN,NaN,0,0.499056100845337
C043,C,2,428,NaN,1,0,NaN,NaN
C043,C,2,429,1,NaN,NaN,0,0.31575608253479
C043,C,2,430,1,NaN,NaN,0,0.31262993812561
C043,C,2,431,1,NaN,NaN,0,0.326713085174561
C043,C,2,432,1,NaN,NaN,0,0.335908889770508
C043,C,2,433,1,NaN,NaN,0,0.328916072845459
C043,C,2,434,1,NaN,NaN,0,0.331346035003662
C043,C,2,435,1,NaN,NaN,0,0.307202100753784
C043,C,2,436,1,NaN,NaN,0,0.30192494392395
C043,C,2,437,1,NaN,NaN,0,0.335232973098755
C043,C,2,438,1,NaN,NaN,0,0.342646837234497
C043,C,2,439,1,NaN,NaN,0,0.515658855438232
C043,C,2,440,NaN,1,0,NaN,NaN
C043,C,2,441,1,NaN,NaN,0,0.429596185684204
C043,C,2,442,1,NaN,NaN,0,0.380579948425293
C043,C,2,443,NaN,0,1,NaN,NaN
C043,C,2,444,1,NaN,NaN,0,0.446231126785278
C043,C,2,445,1,NaN,NaN,0,0.488887071609497
C043,C,2,446,1,NaN,NaN,0,0.428094863891602
C043,C,2,447,1,NaN,NaN,0,0.344768047332764
C043,C,2,448,1,NaN,NaN,0,0.339302062988281
C043,C,2,449,1,NaN,NaN,0,0.254240036010742
C043,C,2,450,1,NaN,NaN,0,0.415513038635254
C043,C,2,451,1,NaN,NaN,0,0.397536993026733
C043,C,2,452,1,NaN,NaN,0,0.379981994628906
C043,C,2,453,1,NaN,NaN,0,0.438192129135132
C043,C,2,454,NaN,1,0,NaN,NaN
C043,C,2,455,1,NaN,NaN,0,0.212363004684448
C043,C,2,456,1,NaN,NaN,0,0.230123043060303
C043,C,2,457,1,NaN,NaN,0,0.33876895904541
C043,C,2,458,1,NaN,NaN,0,0.421015977859497
C043,C,2,459,1,NaN,NaN,0,0.335096120834351
C043,C,2,460,1,NaN,NaN,0,0.336122989654541
C043,C,2,461,1,NaN,NaN,0,0.449349164962769
C043,C,2,462,NaN,1,0,NaN,NaN
C043,C,2,463,1,NaN,NaN,0,0.331386089324951
C043,C,2,464,1,NaN,NaN,0,0.383400917053223
C043,C,2,465,1,NaN,NaN,0,0.388217926025391
C043,C,2,466,1,NaN,NaN,0,0.297715902328491
C043,C,2,467,1,NaN,NaN,0,0.365532875061035
C043,C,2,468,1,NaN,NaN,0,0.265933990478516
C043,C,2,469,1,NaN,NaN,0,0.311311960220337
C043,C,2,470,1,NaN,NaN,0,0.415971994400024
C043,C,2,471,NaN,1,0,NaN,NaN
C043,C,2,472,1,NaN,NaN,0,0.284014940261841
C043,C,2,473,1,NaN,NaN,0,0.539283037185669
C043,C,2,474,1,NaN,NaN,0,0.355448961257935
C043,C,2,475,1,NaN,NaN,0,0.364828109741211
C043,C,2,476,1,NaN,NaN,0,0.390255212783813
C043,C,2,477,1,NaN,NaN,0,0.355566024780273
C043,C,2,478,1,NaN,NaN,0,0.358092069625854
C043,C,2,479,1,NaN,NaN,0,0.306779861450195
C043,C,2,480,NaN,1,0,NaN,NaN
C043,C,3,1,1,NaN,NaN,0,0.323998928070068
C043,C,3,2,1,NaN,NaN,0,0.371351957321167
C043,C,3,3,1,NaN,NaN,0,0.304610013961792
C043,C,3,4,1,NaN,NaN,0,0.266628980636597
C043,C,3,5,1,NaN,NaN,0,0.295578002929688
C043,C,3,6,NaN,0,1,NaN,NaN
C043,C,3,7,1,NaN,NaN,0,0.339912891387939
C043,C,3,8,1,NaN,NaN,0,0.283601999282837
C043,C,3,9,1,NaN,NaN,0,0.334342002868652
C043,C,3,10,1,NaN,NaN,0,0.337884187698364
C043,C,3,11,1,NaN,NaN,0,0.321748018264771
C043,C,3,12,1,NaN,NaN,0,0.334526062011719
C043,C,3,13,1,NaN,NaN,0,0.359991788864136
C043,C,3,14,1,NaN,NaN,0,0.3453528881073
C043,C,3,15,NaN,0,1,NaN,NaN
C043,C,3,16,1,NaN,NaN,0,0.310619831085205
C043,C,3,17,1,NaN,NaN,0,0.359042882919312
C043,C,3,18,1,NaN,NaN,0,0.263764142990112
C043,C,3,19,1,NaN,NaN,0,0.292366027832031
C043,C,3,20,NaN,0,1,NaN,NaN
C043,C,3,21,1,NaN,NaN,0,0.537796974182129
C043,C,3,22,1,NaN,NaN,0,0.238722085952759
C043,C,3,23,1,NaN,NaN,0,0.354900121688843
C043,C,3,24,1,NaN,NaN,0,0.378529071807861
C043,C,3,25,1,NaN,NaN,0,0.372061014175415
C043,C,3,26,1,NaN,NaN,0,0.304641008377075
C043,C,3,27,1,NaN,NaN,0,0.338894844055176
C043,C,3,28,1,NaN,NaN,0,0.354071140289307
C043,C,3,29,1,NaN,NaN,0,0.376616954803467
C043,C,3,30,1,NaN,NaN,0,0.337855100631714
C043,C,3,31,1,NaN,NaN,0,0.339596033096313
C043,C,3,32,NaN,1,0,NaN,NaN
C043,C,3,33,1,NaN,NaN,0,0.265846967697144
C043,C,3,34,1,NaN,NaN,0,0.331693887710571
C043,C,3,35,1,NaN,NaN,0,0.349279880523682
C043,C,3,36,1,NaN,NaN,0,0.285711050033569
C043,C,3,37,1,NaN,NaN,0,0.292596101760864
C043,C,3,38,1,NaN,NaN,0,0.34136700630188
C043,C,3,39,1,NaN,NaN,0,0.388324975967407
C043,C,3,40,1,NaN,NaN,0,0.316753149032593
C043,C,3,41,1,NaN,NaN,0,0.361321926116943
C043,C,3,42,1,NaN,NaN,0,0.413529872894287
C043,C,3,43,1,NaN,NaN,0,0.388967990875244
C043,C,3,44,NaN,1,0,NaN,NaN
C043,C,3,45,1,NaN,NaN,0,0.286892890930176
C043,C,3,46,1,NaN,NaN,0,0.342753887176514
C043,C,3,47,1,NaN,NaN,0,0.359930992126465
C043,C,3,48,NaN,0,1,NaN,NaN
C043,C,3,49,1,NaN,NaN,0,0.389277935028076
C043,C,3,50,1,NaN,NaN,0,0.3798987865448
C043,C,3,51,1,NaN,NaN,0,0.369553089141846
C043,C,3,52,1,NaN,NaN,0,0.351304054260254
C043,C,3,53,1,NaN,NaN,0,0.37260890007019
C043,C,3,54,1,NaN,NaN,0,0.336309194564819
C043,C,3,55,1,NaN,NaN,0,0.372734069824219
C043,C,3,56,1,NaN,NaN,0,0.339848041534424
C043,C,3,57,1,NaN,NaN,0,0.357052087783813
C043,C,3,58,NaN,1,0,NaN,NaN
C043,C,3,59,1,NaN,NaN,0,0.334066867828369
C043,C,3,60,1,NaN,NaN,0,0.346992015838623
C043,C,3,61,1,NaN,NaN,0,0.276048898696899
C043,C,3,62,1,NaN,NaN,0,0.26042103767395
C043,C,3,63,1,NaN,NaN,0,0.321740865707397
C043,C,3,64,1,NaN,NaN,0,0.358798027038574
C043,C,3,65,NaN,1,0,NaN,NaN
C043,C,3,66,1,NaN,NaN,0,0.339879989624023
C043,C,3,67,1,NaN,NaN,0,0.30144214630127
C043,C,3,68,1,NaN,NaN,0,0.314000844955444
C043,C,3,69,1,NaN,NaN,0,0.28644585609436
C043,C,3,70,1,NaN,NaN,0,0.307800769805908
C043,C,3,71,1,NaN,NaN,0,0.362015962600708
C043,C,3,72,1,NaN,NaN,0,0.322461128234863
C043,C,3,73,1,NaN,NaN,0,0.349004983901978
C043,C,3,74,1,NaN,NaN,0,0.365729808807373
C043,C,3,75,1,NaN,NaN,0,0.314105987548828
C043,C,3,76,1,NaN,NaN,0,0.383733034133911
C043,C,3,77,NaN,1,0,NaN,NaN
C043,C,3,78,1,NaN,NaN,0,0.215666055679321
C043,C,3,79,1,NaN,NaN,0,0.284301042556763
C043,C,3,80,1,NaN,NaN,0,0.269448041915894
C043,C,3,81,1,NaN,NaN,0,0.289923906326294
C043,C,3,82,1,NaN,NaN,0,0.332974195480347
C043,C,3,83,1,NaN,NaN,0,0.632853031158447
C043,C,3,84,1,NaN,NaN,0,0.374682903289795
C043,C,3,85,1,NaN,NaN,0,0.360323905944824
C043,C,3,86,1,NaN,NaN,0,0.351087093353271
C043,C,3,87,1,NaN,NaN,0,0.335157871246338
C043,C,3,88,1,NaN,NaN,0,0.460165023803711
C043,C,3,89,NaN,0,1,NaN,NaN
C043,C,3,90,1,NaN,NaN,0,0.519520998001099
C043,C,3,91,1,NaN,NaN,0,0.432240962982178
C043,C,3,92,1,NaN,NaN,0,0.26640796661377
C043,C,3,93,0,NaN,NaN,1,NaN
C043,C,3,94,1,NaN,NaN,0,0.634702920913696
C043,C,3,95,1,NaN,NaN,0,0.367508888244629
C043,C,3,96,1,NaN,NaN,0,0.33695387840271
C043,C,3,97,NaN,1,0,NaN,NaN
C043,C,3,98,1,NaN,NaN,0,0.243246078491211
C043,C,3,99,1,NaN,NaN,0,0.300849914550781
C043,C,3,100,1,NaN,NaN,0,0.299591064453125
C043,C,3,101,1,NaN,NaN,0,0.268594026565552
C043,C,3,102,1,NaN,NaN,0,0.30328106880188
C043,C,3,103,1,NaN,NaN,0,0.360377073287964
C043,C,3,104,1,NaN,NaN,0,0.356395959854126
C043,C,3,105,1,NaN,NaN,0,0.381584882736206
C043,C,3,106,NaN,0,1,NaN,NaN
C043,C,3,107,1,NaN,NaN,0,0.325890064239502
C043,C,3,108,1,NaN,NaN,0,0.328845977783203
C043,C,3,109,1,NaN,NaN,0,0.350474119186401
C043,C,3,110,1,NaN,NaN,0,0.327605009078979
C043,C,3,111,1,NaN,NaN,0,0.409259080886841
C043,C,3,112,1,NaN,NaN,0,0.278193950653076
C043,C,3,113,NaN,0,1,NaN,NaN
C043,C,3,114,1,NaN,NaN,0,0.466567993164062
C043,C,3,115,1,NaN,NaN,0,0.339346885681152
C043,C,3,116,1,NaN,NaN,0,0.318142890930176
C043,C,3,117,1,NaN,NaN,0,0.396419048309326
C043,C,3,118,1,NaN,NaN,0,0.333252906799316
C043,C,3,119,1,NaN,NaN,0,0.389364957809448
C043,C,3,120,1,NaN,NaN,0,0.406505823135376
C043,C,3,121,1,NaN,NaN,0,0.459785938262939
C043,C,3,122,1,NaN,NaN,0,0.458839178085327
C043,C,3,123,NaN,1,0,NaN,NaN
C043,C,3,124,1,NaN,NaN,0,0.294756174087524
C043,C,3,125,1,NaN,NaN,0,0.393147945404053
C043,C,3,126,1,NaN,NaN,0,0.329291105270386
C043,C,3,127,1,NaN,NaN,0,0.250148057937622
C043,C,3,128,NaN,0,1,NaN,NaN
C043,C,3,129,1,NaN,NaN,0,0.26260781288147
C043,C,3,130,1,NaN,NaN,0,0.341012001037598
C043,C,3,131,1,NaN,NaN,0,0.375664234161377
C043,C,3,132,1,NaN,NaN,0,0.241400957107544
C043,C,3,133,1,NaN,NaN,0,0.22760009765625
C043,C,3,134,1,NaN,NaN,0,0.344153881072998
C043,C,3,135,1,NaN,NaN,0,0.361726045608521
C043,C,3,136,1,NaN,NaN,0,0.368239164352417
C043,C,3,137,1,NaN,NaN,0,0.364449024200439
C043,C,3,138,NaN,1,0,NaN,NaN
C043,C,3,139,1,NaN,NaN,0,0.267994165420532
C043,C,3,140,1,NaN,NaN,0,0.273541927337646
C043,C,3,141,1,NaN,NaN,0,0.218832015991211
C043,C,3,142,1,NaN,NaN,0,0.267094135284424
C043,C,3,143,1,NaN,NaN,0,0.338661909103394
C043,C,3,144,1,NaN,NaN,0,0.330371141433716
C043,C,3,145,1,NaN,NaN,0,0.346602916717529
C043,C,3,146,NaN,1,0,NaN,NaN
C043,C,3,147,1,NaN,NaN,0,0.405889987945557
C043,C,3,148,1,NaN,NaN,0,0.366925001144409
C043,C,3,149,1,NaN,NaN,0,0.335619926452637
C043,C,3,150,1,NaN,NaN,0,0.334800958633423
C043,C,3,151,1,NaN,NaN,0,0.398068904876709
C043,C,3,152,1,NaN,NaN,0,0.375776052474976
C043,C,3,153,1,NaN,NaN,0,0.585479021072388
C043,C,3,154,1,NaN,NaN,0,0.611830949783325
C043,C,3,155,NaN,1,0,NaN,NaN
C043,C,3,156,1,NaN,NaN,0,0.705412864685059
C043,C,3,157,1,NaN,NaN,0,0.4046790599823
C043,C,3,158,1,NaN,NaN,0,0.351953029632568
C043,C,3,159,1,NaN,NaN,0,0.324526071548462
C043,C,3,160,1,NaN,NaN,0,0.446532011032104
C043,C,3,161,1,NaN,NaN,0,0.514364004135132
C043,C,3,162,1,NaN,NaN,0,0.372935056686401
C043,C,3,163,1,NaN,NaN,0,0.41411304473877
C043,C,3,164,1,NaN,NaN,0,0.442762136459351
C043,C,3,165,NaN,1,0,NaN,NaN
C043,C,3,166,1,NaN,NaN,0,0.395531892776489
C043,C,3,167,1,NaN,NaN,0,0.365854978561401
C043,C,3,168,1,NaN,NaN,0,0.353294134140015
C043,C,3,169,1,NaN,NaN,0,0.36487603187561
C043,C,3,170,1,NaN,NaN,0,0.329509019851685
C043,C,3,171,1,NaN,NaN,0,0.341116905212402
C043,C,3,172,1,NaN,NaN,0,0.350048065185547
C043,C,3,173,1,NaN,NaN,0,0.324972867965698
C043,C,3,174,NaN,0,1,NaN,NaN
C043,C,3,175,1,NaN,NaN,0,0.3677978515625
C043,C,3,176,1,NaN,NaN,0,0.350332975387573
C043,C,3,177,1,NaN,NaN,0,0.329148054122925
C043,C,3,178,1,NaN,NaN,0,0.307346820831299
C043,C,3,179,1,NaN,NaN,0,0.344995975494385
C043,C,3,180,1,NaN,NaN,0,0.362375974655151
C043,C,3,181,1,NaN,NaN,0,0.327000856399536
C043,C,3,182,NaN,1,0,NaN,NaN
C043,C,3,183,1,NaN,NaN,0,0.25797700881958
C043,C,3,184,1,NaN,NaN,0,0.326946973800659
C043,C,3,185,1,NaN,NaN,0,0.331945896148682
C043,C,3,186,1,NaN,NaN,0,0.428746938705444
C043,C,3,187,1,NaN,NaN,0,0.431443929672241
C043,C,3,188,1,NaN,NaN,0,0.412425994873047
C043,C,3,189,1,NaN,NaN,0,0.391528129577637
C043,C,3,190,1,NaN,NaN,0,0.386460781097412
C043,C,3,191,1,NaN,NaN,0,0.448745012283325
C043,C,3,192,1,NaN,NaN,0,0.329886913299561
C043,C,3,193,1,NaN,NaN,0,0.319263935089111
C043,C,3,194,NaN,0,1,NaN,NaN
C043,C,3,195,1,NaN,NaN,0,0.304908037185669
C043,C,3,196,1,NaN,NaN,0,0.333142995834351
C043,C,3,197,1,NaN,NaN,0,0.344316005706787
C043,C,3,198,1,NaN,NaN,0,0.373275995254517
C043,C,3,199,1,NaN,NaN,0,0.367904186248779
C043,C,3,200,NaN,0,1,NaN,NaN
C043,C,3,201,1,NaN,NaN,0,0.374334812164307
C043,C,3,202,1,NaN,NaN,0,0.371284008026123
C043,C,3,203,1,NaN,NaN,0,0.3562331199646
C043,C,3,204,1,NaN,NaN,0,0.29952597618103
C043,C,3,205,1,NaN,NaN,0,0.333254814147949
C043,C,3,206,1,NaN,NaN,0,0.350528001785278
C043,C,3,207,1,NaN,NaN,0,0.375788927078247
C043,C,3,208,1,NaN,NaN,0,0.381187915802002
C043,C,3,209,1,NaN,NaN,0,0.386437892913818
C043,C,3,210,1,NaN,NaN,0,0.363110065460205
C043,C,3,211,NaN,1,0,NaN,NaN
C043,C,3,212,1,NaN,NaN,0,0.352358818054199
C043,C,3,213,1,NaN,NaN,0,0.36150598526001
C043,C,3,214,1,NaN,NaN,0,0.340878963470459
C043,C,3,215,1,NaN,NaN,0,0.33787989616394
C043,C,3,216,1,NaN,NaN,0,0.322288990020752
C043,C,3,217,1,NaN,NaN,0,0.313516139984131
C043,C,3,218,NaN,0,1,NaN,NaN
C043,C,3,219,1,NaN,NaN,0,0.534193992614746
C043,C,3,220,1,NaN,NaN,0,0.415165185928345
C043,C,3,221,1,NaN,NaN,0,0.22869610786438
C043,C,3,222,1,NaN,NaN,0,0.468279838562012
C043,C,3,223,1,NaN,NaN,0,0.353078842163086
C043,C,3,224,1,NaN,NaN,0,0.310130834579468
C043,C,3,225,1,NaN,NaN,0,0.408829927444458
C043,C,3,226,1,NaN,NaN,0,0.420398950576782
C043,C,3,227,1,NaN,NaN,0,0.380891084671021
C043,C,3,228,1,NaN,NaN,0,0.401757955551147
C043,C,3,229,1,NaN,NaN,0,0.357387065887451
C043,C,3,230,1,NaN,NaN,0,0.385960102081299
C043,C,3,231,NaN,0,1,NaN,NaN
C043,C,3,232,1,NaN,NaN,0,0.359808921813965
C043,C,3,233,1,NaN,NaN,0,0.359220027923584
C043,C,3,234,1,NaN,NaN,0,0.320436000823975
C043,C,3,235,1,NaN,NaN,0,0.36559009552002
C043,C,3,236,1,NaN,NaN,0,0.345018148422241
C043,C,3,237,1,NaN,NaN,0,0.381617069244385
C043,C,3,238,1,NaN,NaN,0,0.383307933807373
C043,C,3,239,1,NaN,NaN,0,0.449998140335083
C043,C,3,240,NaN,1,0,NaN,NaN
C043,C,3,241,1,NaN,NaN,0,0.218116998672485
C043,C,3,242,1,NaN,NaN,0,0.339541912078857
C043,C,3,243,1,NaN,NaN,0,0.40223503112793
C043,C,3,244,1,NaN,NaN,0,0.588680982589722
C043,C,3,245,1,NaN,NaN,0,0.306441068649292
C043,C,3,246,1,NaN,NaN,0,0.332834959030151
C043,C,3,247,1,NaN,NaN,0,0.312326908111572
C043,C,3,248,1,NaN,NaN,0,0.335814952850342
C043,C,3,249,NaN,1,0,NaN,NaN
C043,C,3,250,1,NaN,NaN,0,0.297871112823486
C043,C,3,251,1,NaN,NaN,0,0.28755784034729
C043,C,3,252,1,NaN,NaN,0,0.318022012710571
C043,C,3,253,1,NaN,NaN,0,0.356065988540649
C043,C,3,254,1,NaN,NaN,0,0.291758060455322
C043,C,3,255,1,NaN,NaN,0,0.33591890335083
C043,C,3,256,1,NaN,NaN,0,0.294922828674316
C043,C,3,257,1,NaN,NaN,0,0.531538963317871
C043,C,3,258,1,NaN,NaN,0,0.311795949935913
C043,C,3,259,NaN,0,1,NaN,NaN
C043,C,3,260,1,NaN,NaN,0,0.293063879013062
C043,C,3,261,1,NaN,NaN,0,0.359226942062378
C043,C,3,262,1,NaN,NaN,0,0.479954957962036
C043,C,3,263,1,NaN,NaN,0,0.357948064804077
C043,C,3,264,1,NaN,NaN,0,0.313668012619019
C043,C,3,265,1,NaN,NaN,0,0.316413879394531
C043,C,3,266,1,NaN,NaN,0,0.367431163787842
C043,C,3,267,1,NaN,NaN,0,0.372297048568726
C043,C,3,268,1,NaN,NaN,0,0.357675790786743
C043,C,3,269,NaN,0,1,NaN,NaN
C043,C,3,270,1,NaN,NaN,0,0.315989017486572
C043,C,3,271,1,NaN,NaN,0,0.253247976303101
C043,C,3,272,NaN,0,1,NaN,NaN
C043,C,3,273,1,NaN,NaN,0,0.235512018203735
C043,C,3,274,1,NaN,NaN,0,0.336977005004883
C043,C,3,275,1,NaN,NaN,0,0.354804039001465
C043,C,3,276,1,NaN,NaN,0,0.248548984527588
C043,C,3,277,1,NaN,NaN,0,NaN
C043,C,3,278,1,NaN,NaN,0,0.276607990264893
C043,C,3,279,1,NaN,NaN,0,0.321024894714355
C043,C,3,280,1,NaN,NaN,0,0.334300994873047
C043,C,3,281,1,NaN,NaN,0,0.393632888793945
C043,C,3,282,NaN,1,0,NaN,NaN
C043,C,3,283,1,NaN,NaN,0,0.250301837921143
C043,C,3,284,1,NaN,NaN,0,0.555294990539551
C043,C,3,285,1,NaN,NaN,0,0.393733024597168
C043,C,3,286,1,NaN,NaN,0,0.384562015533447
C043,C,3,287,1,NaN,NaN,0,0.405576944351196
C043,C,3,288,1,NaN,NaN,0,0.29378604888916
C043,C,3,289,1,NaN,NaN,0,0.344213962554932
C043,C,3,290,NaN,1,0,NaN,NaN
C043,C,3,291,1,NaN,NaN,0,0.309848785400391
C043,C,3,292,1,NaN,NaN,0,0.340862035751343
C043,C,3,293,1,NaN,NaN,0,0.490164041519165
C043,C,3,294,1,NaN,NaN,0,0.291535139083862
C043,C,3,295,1,NaN,NaN,0,0.364840984344482
C043,C,3,296,1,NaN,NaN,0,0.298497915267944
C043,C,3,297,1,NaN,NaN,0,0.315261840820312
C043,C,3,298,1,NaN,NaN,0,0.386949062347412
C043,C,3,299,1,NaN,NaN,0,0.407756090164185
C043,C,3,300,1,NaN,NaN,0,0.341602802276611
C043,C,3,301,1,NaN,NaN,0,0.322093963623047
C043,C,3,302,NaN,1,0,NaN,NaN
C043,C,3,303,1,NaN,NaN,0,0.318501949310303
C043,C,3,304,1,NaN,NaN,0,0.478956937789917
C043,C,3,305,1,NaN,NaN,0,0.328276872634888
C043,C,3,306,1,NaN,NaN,0,0.332719087600708
C043,C,3,307,1,NaN,NaN,0,0.293568849563599
C043,C,3,308,1,NaN,NaN,0,0.379073143005371
C043,C,3,309,1,NaN,NaN,0,0.314312934875488
C043,C,3,310,1,NaN,NaN,0,0.326563119888306
C043,C,3,311,1,NaN,NaN,0,0.357885122299194
C043,C,3,312,NaN,0,1,NaN,NaN
C043,C,3,313,1,NaN,NaN,0,0.283379077911377
C043,C,3,314,1,NaN,NaN,0,0.419120073318481
C043,C,3,315,1,NaN,NaN,0,0.392461776733398
C043,C,3,316,1,NaN,NaN,0,0.341794013977051
C043,C,3,317,1,NaN,NaN,0,0.311754941940308
C043,C,3,318,1,NaN,NaN,0,0.31110405921936
C043,C,3,319,1,NaN,NaN,0,0.302223920822144
C043,C,3,320,NaN,0,1,NaN,NaN
C043,C,3,321,1,NaN,NaN,0,0.293951034545898
C043,C,3,322,1,NaN,NaN,0,0.365396022796631
C043,C,3,323,1,NaN,NaN,0,0.334819078445435
C043,C,3,324,1,NaN,NaN,0,0.275890111923218
C043,C,3,325,1,NaN,NaN,0,0.350636959075928
C043,C,3,326,1,NaN,NaN,0,0.339731216430664
C043,C,3,327,1,NaN,NaN,0,0.335139036178589
C043,C,3,328,1,NaN,NaN,0,0.343873023986816
C043,C,3,329,NaN,1,0,NaN,NaN
C043,C,3,330,1,NaN,NaN,0,0.249182939529419
C043,C,3,331,1,NaN,NaN,0,0.299769878387451
C043,C,3,332,1,NaN,NaN,0,0.305634021759033
C043,C,3,333,1,NaN,NaN,0,0.277939081192017
C043,C,3,334,1,NaN,NaN,0,0.367307901382446
C043,C,3,335,1,NaN,NaN,0,0.360040903091431
C043,C,3,336,0,NaN,NaN,1,NaN
C043,C,3,337,NaN,1,0,NaN,NaN
C043,C,3,338,1,NaN,NaN,0,0.372061967849731
C043,C,3,339,1,NaN,NaN,0,0.329195976257324
C043,C,3,340,1,NaN,NaN,0,0.248627901077271
C043,C,3,341,1,NaN,NaN,0,0.28715705871582
C043,C,3,342,1,NaN,NaN,0,0.34122109413147
C043,C,3,343,1,NaN,NaN,0,0.246350049972534
C043,C,3,344,1,NaN,NaN,0,0.291417121887207
C043,C,3,345,NaN,0,1,NaN,NaN
C043,C,3,346,1,NaN,NaN,0,0.24075984954834
C043,C,3,347,1,NaN,NaN,0,0.280143976211548
C043,C,3,348,1,NaN,NaN,0,0.309198141098022
C043,C,3,349,1,NaN,NaN,0,0.297637939453125
C043,C,3,350,1,NaN,NaN,0,0.289528131484985
C043,C,3,351,1,NaN,NaN,0,0.26648998260498
C043,C,3,352,1,NaN,NaN,0,0.322177886962891
C043,C,3,353,1,NaN,NaN,0,0.300884962081909
C043,C,3,354,1,NaN,NaN,0,0.33389687538147
C043,C,3,355,1,NaN,NaN,0,0.33466100692749
C043,C,3,356,NaN,1,0,NaN,NaN
C043,C,3,357,1,NaN,NaN,0,0.315553903579712
C043,C,3,358,1,NaN,NaN,0,0.323368787765503
C043,C,3,359,1,NaN,NaN,0,0.600029945373535
C043,C,3,360,1,NaN,NaN,0,0.364954948425293
C043,C,3,361,1,NaN,NaN,0,0.297449827194214
C043,C,3,362,1,NaN,NaN,0,0.334842920303345
C043,C,3,363,1,NaN,NaN,0,0.356882095336914
C043,C,3,364,1,NaN,NaN,0,0.304481983184814
C043,C,3,365,NaN,1,0,NaN,NaN
C043,C,3,366,1,NaN,NaN,0,0.292021036148071
C043,C,3,367,1,NaN,NaN,0,0.465095996856689
C043,C,3,368,1,NaN,NaN,0,0.333416938781738
C043,C,3,369,1,NaN,NaN,0,0.365025997161865
C043,C,3,370,1,NaN,NaN,0,0.389739990234375
C043,C,3,371,1,NaN,NaN,0,0.321534872055054
C043,C,3,372,NaN,1,0,NaN,NaN
C043,C,3,373,1,NaN,NaN,0,0.330502033233643
C043,C,3,374,1,NaN,NaN,0,0.293070077896118
C043,C,3,375,1,NaN,NaN,0,0.289800882339478
C043,C,3,376,1,NaN,NaN,0,0.30461597442627
C043,C,3,377,1,NaN,NaN,0,0.342633962631226
C043,C,3,378,1,NaN,NaN,0,0.191948175430298
C043,C,3,379,1,NaN,NaN,0,0.399348974227905
C043,C,3,380,1,NaN,NaN,0,0.424490928649902
C043,C,3,381,1,NaN,NaN,0,0.413631916046143
C043,C,3,382,NaN,0,1,NaN,NaN
C043,C,3,383,1,NaN,NaN,0,0.430765151977539
C043,C,3,384,1,NaN,NaN,0,0.315131902694702
C043,C,3,385,1,NaN,NaN,0,0.291001081466675
C043,C,3,386,1,NaN,NaN,0,0.230188131332397
C043,C,3,387,1,NaN,NaN,0,0.265341997146606
C043,C,3,388,1,NaN,NaN,0,0.282845973968506
C043,C,3,389,1,NaN,NaN,0,0.312669038772583
C043,C,3,390,1,NaN,NaN,0,0.326061964035034
C043,C,3,391,1,NaN,NaN,0,0.295859098434448
C043,C,3,392,1,NaN,NaN,0,0.247163057327271
C043,C,3,393,NaN,0,1,NaN,NaN
C043,C,3,394,1,NaN,NaN,0,0.279463052749634
C043,C,3,395,1,NaN,NaN,0,0.271749973297119
C043,C,3,396,1,NaN,NaN,0,0.164255857467651
C043,C,3,397,1,NaN,NaN,0,0.261550903320312
C043,C,3,398,1,NaN,NaN,0,0.342230081558228
C043,C,3,399,1,NaN,NaN,0,0.287040948867798
C043,C,3,400,1,NaN,NaN,0,0.328845977783203
C043,C,3,401,1,NaN,NaN,0,0.333338022232056
C043,C,3,402,1,NaN,NaN,0,0.350703001022339
C043,C,3,403,NaN,1,0,NaN,NaN
C043,C,3,404,1,NaN,NaN,0,NaN
C043,C,3,405,1,NaN,NaN,0,0.242350101470947
C043,C,3,406,1,NaN,NaN,0,0.483357191085815
C043,C,3,407,1,NaN,NaN,0,0.163119077682495
C043,C,3,408,1,NaN,NaN,0,0.330028057098389
C043,C,3,409,1,NaN,NaN,0,0.288472175598145
C043,C,3,410,1,NaN,NaN,0,0.273945093154907
C043,C,3,411,1,NaN,NaN,0,0.331119775772095
C043,C,3,412,NaN,1,0,NaN,NaN
C043,C,3,413,1,NaN,NaN,0,0.330774068832397
C043,C,3,414,1,NaN,NaN,0,0.335829973220825
C043,C,3,415,1,NaN,NaN,0,0.323881864547729
C043,C,3,416,1,NaN,NaN,0,0.349404811859131
C043,C,3,417,1,NaN,NaN,0,0.316464900970459
C043,C,3,418,1,NaN,NaN,0,0.348829030990601
C043,C,3,419,NaN,1,0,NaN,NaN
C043,C,3,420,1,NaN,NaN,0,0.315564870834351
C043,C,3,421,1,NaN,NaN,0,0.510973930358887
C043,C,3,422,1,NaN,NaN,0,0.40020489692688
C043,C,3,423,1,NaN,NaN,0,0.341696977615356
C043,C,3,424,1,NaN,NaN,0,0.301522016525269
C043,C,3,425,1,NaN,NaN,0,0.406813859939575
C043,C,3,426,1,NaN,NaN,0,0.347285985946655
C043,C,3,427,1,NaN,NaN,0,0.319928884506226
C043,C,3,428,NaN,1,0,NaN,NaN
C043,C,3,429,1,NaN,NaN,0,0.286068916320801
C043,C,3,430,1,NaN,NaN,0,0.327408075332642
C043,C,3,431,1,NaN,NaN,0,0.315553903579712
C043,C,3,432,1,NaN,NaN,0,0.357779979705811
C043,C,3,433,1,NaN,NaN,0,0.322649955749512
C043,C,3,434,1,NaN,NaN,0,0.329190015792847
C043,C,3,435,1,NaN,NaN,0,0.351062059402466
C043,C,3,436,1,NaN,NaN,0,0.343172073364258
C043,C,3,437,1,NaN,NaN,0,0.300814151763916
C043,C,3,438,1,NaN,NaN,0,0.322211027145386
C043,C,3,439,1,NaN,NaN,0,0.295220851898193
C043,C,3,440,NaN,0,1,NaN,NaN
C043,C,3,441,1,NaN,NaN,0,0.349052906036377
C043,C,3,442,1,NaN,NaN,0,0.43074893951416
C043,C,3,443,1,NaN,NaN,0,0.323643922805786
C043,C,3,444,1,NaN,NaN,0,0.295643091201782
C043,C,3,445,1,NaN,NaN,0,0.338692188262939
C043,C,3,446,1,NaN,NaN,0,0.361366987228394
C043,C,3,447,NaN,1,0,NaN,NaN
C043,C,3,448,1,NaN,NaN,0,NaN
C043,C,3,449,1,NaN,NaN,0,0.272023916244507
C043,C,3,450,1,NaN,NaN,0,0.216028928756714
C043,C,3,451,1,NaN,NaN,0,NaN
C043,C,3,452,1,NaN,NaN,0,0.301391124725342
C043,C,3,453,1,NaN,NaN,0,0.362869024276733
C043,C,3,454,NaN,0,1,NaN,NaN
C043,C,3,455,1,NaN,NaN,0,0.477396011352539
C043,C,3,456,1,NaN,NaN,0,0.366030931472778
C043,C,3,457,1,NaN,NaN,0,0.278413057327271
C043,C,3,458,1,NaN,NaN,0,0.269079923629761
C043,C,3,459,1,NaN,NaN,0,0.346289873123169
C043,C,3,460,1,NaN,NaN,0,0.347159147262573
C043,C,3,461,1,NaN,NaN,0,0.32776403427124
C043,C,3,462,1,NaN,NaN,0,0.369894027709961
C043,C,3,463,1,NaN,NaN,0,0.307202816009521
C043,C,3,464,1,NaN,NaN,0,0.344210147857666
C043,C,3,465,1,NaN,NaN,0,0.345517873764038
C043,C,3,466,1,NaN,NaN,0,0.341588020324707
C043,C,3,467,NaN,1,0,NaN,NaN
C043,C,3,468,1,NaN,NaN,0,0.363895893096924
C043,C,3,469,1,NaN,NaN,0,0.381491899490356
C043,C,3,470,1,NaN,NaN,0,0.382966995239258
C043,C,3,471,0,NaN,NaN,1,NaN
C043,C,3,472,1,NaN,NaN,0,0.456301927566528
C043,C,3,473,1,NaN,NaN,0,0.389352083206177
C043,C,3,474,1,NaN,NaN,0,0.392570972442627
C043,C,3,475,1,NaN,NaN,0,0.334891080856323
C043,C,3,476,NaN,1,0,NaN,NaN
C043,C,3,477,1,NaN,NaN,0,0.315366983413696
C043,C,3,478,1,NaN,NaN,0,0.319103956222534
C043,C,3,479,1,NaN,NaN,0,0.323609113693237
C043,C,3,480,NaN,1,0,NaN,NaN
C043,C,3,481,1,NaN,NaN,0,0.354429006576538
C043,C,3,482,1,NaN,NaN,0,0.454921007156372
C043,C,3,483,1,NaN,NaN,0,0.292906045913696
C043,C,3,484,1,NaN,NaN,0,0.321057081222534
C043,C,3,485,1,NaN,NaN,0,0.305885076522827
C043,C,3,486,1,NaN,NaN,0,0.34288501739502
C043,C,3,487,1,NaN,NaN,0,0.325037956237793
C043,C,3,488,1,NaN,NaN,0,0.306548118591309
C043,C,3,489,NaN,1,0,NaN,NaN
C043,C,3,490,1,NaN,NaN,0,0.383430004119873
C043,C,3,491,1,NaN,NaN,0,0.328072071075439
C043,C,3,492,1,NaN,NaN,0,0.353453874588013
C043,C,3,493,1,NaN,NaN,0,0.23039698600769
C043,C,3,494,1,NaN,NaN,0,0.196701049804688
C043,C,3,495,1,NaN,NaN,0,NaN
C043,C,3,496,1,NaN,NaN,0,0.307882070541382
C043,C,3,497,1,NaN,NaN,0,0.333201885223389
C043,C,3,498,1,NaN,NaN,0,0.341175079345703
C043,C,3,499,1,NaN,NaN,0,0.498736143112183
C043,C,3,500,NaN,1,0,NaN,NaN
C043,C,3,501,1,NaN,NaN,0,0.310195922851562
C043,C,3,502,1,NaN,NaN,0,0.312787055969238
C043,C,3,503,1,NaN,NaN,0,0.324413061141968
C043,C,3,504,1,NaN,NaN,0,0.359564065933228
C043,C,3,505,1,NaN,NaN,0,0.432753086090088
C043,C,3,506,1,NaN,NaN,0,0.324760913848877
C043,C,3,507,1,NaN,NaN,0,0.357813119888306
C043,C,3,508,1,NaN,NaN,0,0.29652214050293
C043,C,3,509,1,NaN,NaN,0,0.345225095748901
C043,C,3,510,NaN,1,0,NaN,NaN
C043,C,3,511,1,NaN,NaN,0,0.241278886795044
C043,C,3,512,1,NaN,NaN,0,0.307488918304443
C043,C,3,513,1,NaN,NaN,0,0.303960084915161
C043,C,3,514,1,NaN,NaN,0,0.320666074752808
C043,C,3,515,1,NaN,NaN,0,0.404761075973511
C043,C,3,516,NaN,0,1,NaN,NaN
C043,C,3,517,1,NaN,NaN,0,0.260948181152344
C043,C,3,518,1,NaN,NaN,0,0.537607192993164
C043,C,3,519,1,NaN,NaN,0,0.333579063415527
C043,C,4,1,1,NaN,NaN,0,0.326278924942017
C043,C,4,2,1,NaN,NaN,0,0.326756000518799
C043,C,4,3,1,NaN,NaN,0,0.352051973342896
C043,C,4,4,1,NaN,NaN,0,0.443154096603394
C043,C,4,5,1,NaN,NaN,0,0.299537897109985
C043,C,4,6,NaN,1,0,NaN,NaN
C043,C,4,7,1,NaN,NaN,0,0.391065120697021
C043,C,4,8,1,NaN,NaN,0,0.340411901473999
C043,C,4,9,1,NaN,NaN,0,0.44171404838562
C043,C,4,10,1,NaN,NaN,0,0.319965124130249
C043,C,4,11,1,NaN,NaN,0,0.306179046630859
C043,C,4,12,1,NaN,NaN,0,0.301964998245239
C043,C,4,13,1,NaN,NaN,0,0.342713117599487
C043,C,4,14,1,NaN,NaN,0,0.344792127609253
C043,C,4,15,1,NaN,NaN,0,0.344467163085938
C043,C,4,16,NaN,0,1,NaN,NaN
C043,C,4,17,1,NaN,NaN,0,0.341094017028809
C043,C,4,18,1,NaN,NaN,0,0.683151006698608
C043,C,4,19,1,NaN,NaN,0,0.419881105422974
C043,C,4,20,1,NaN,NaN,0,0.3369300365448
C043,C,4,21,NaN,0,1,NaN,NaN
C043,C,4,22,1,NaN,NaN,0,0.41195011138916
C043,C,4,23,1,NaN,NaN,0,0.410130023956299
C043,C,4,24,1,NaN,NaN,0,0.336553812026978
C043,C,4,25,1,NaN,NaN,0,0.355516910552979
C043,C,4,26,1,NaN,NaN,0,0.342422962188721
C043,C,4,27,1,NaN,NaN,0,0.355993986129761
C043,C,4,28,1,NaN,NaN,0,0.332246065139771
C043,C,4,29,1,NaN,NaN,0,0.369534969329834
C043,C,4,30,1,NaN,NaN,0,0.455300092697144
C043,C,4,31,1,NaN,NaN,0,0.401070117950439
C043,C,4,32,1,NaN,NaN,0,0.335341215133667
C043,C,4,33,NaN,0,1,NaN,NaN
C043,C,4,34,1,NaN,NaN,0,0.268260955810547
C043,C,4,35,1,NaN,NaN,0,0.264755010604858
C043,C,4,36,1,NaN,NaN,0,0.298169136047363
C043,C,4,37,1,NaN,NaN,0,0.271653890609741
C043,C,4,38,NaN,1,0,NaN,NaN
C043,C,4,39,1,NaN,NaN,0,0.339675188064575
C043,C,4,40,1,NaN,NaN,0,0.436996936798096
C043,C,4,41,1,NaN,NaN,0,0.383510828018188
C043,C,4,42,1,NaN,NaN,0,0.314752101898193
C043,C,4,43,1,NaN,NaN,0,0.359508037567139
C043,C,4,44,1,NaN,NaN,0,0.400187969207764
C043,C,4,45,1,NaN,NaN,0,0.413241863250732
C043,C,4,46,1,NaN,NaN,0,0.399688005447388
C043,C,4,47,NaN,1,0,NaN,NaN
C043,C,4,48,1,NaN,NaN,0,0.294137954711914
C043,C,4,49,1,NaN,NaN,0,0.352345943450928
C043,C,4,50,1,NaN,NaN,0,0.296304941177368
C043,C,4,51,0,NaN,NaN,1,NaN
C043,C,4,52,0,NaN,NaN,1,NaN
C043,C,4,53,1,NaN,NaN,0,0.337427139282227
C043,C,4,54,1,NaN,NaN,0,0.348502159118652
C043,C,4,55,1,NaN,NaN,0,0.410124063491821
C043,C,4,56,1,NaN,NaN,0,0.396960020065308
C043,C,4,57,1,NaN,NaN,0,0.438622951507568
C043,C,4,58,1,NaN,NaN,0,0.427093029022217
C043,C,4,59,1,NaN,NaN,0,0.660003900527954
C043,C,4,60,1,NaN,NaN,0,0.405694961547852
C043,C,4,61,1,NaN,NaN,0,0.354506015777588
C043,C,4,62,NaN,1,0,NaN,NaN
C043,C,4,63,1,NaN,NaN,0,0.248996019363403
C043,C,4,64,1,NaN,NaN,0,0.28600811958313
C043,C,4,65,1,NaN,NaN,0,0.38056206703186
C043,C,4,66,1,NaN,NaN,0,0.302093982696533
C043,C,4,67,NaN,0,1,NaN,NaN
C043,C,4,68,1,NaN,NaN,0,0.31206202507019
C043,C,4,69,1,NaN,NaN,0,0.302064895629883
C043,C,4,70,1,NaN,NaN,0,0.351671934127808
C043,C,4,71,1,NaN,NaN,0,0.287630081176758
C043,C,4,72,1,NaN,NaN,0,0.32097601890564
C043,C,4,73,1,NaN,NaN,0,0.328683853149414
C043,C,4,74,1,NaN,NaN,0,0.338505029678345
C043,C,4,75,1,NaN,NaN,0,0.336880922317505
C043,C,4,76,1,NaN,NaN,0,0.320396900177002
C043,C,4,77,1,NaN,NaN,0,0.345195055007935
C043,C,4,78,1,NaN,NaN,0,0.40821385383606
C043,C,4,79,NaN,1,0,NaN,NaN
C043,C,4,80,1,NaN,NaN,0,0.307523012161255
C043,C,4,81,1,NaN,NaN,0,0.323121070861816
C043,C,4,82,1,NaN,NaN,0,0.307616949081421
C043,C,4,83,1,NaN,NaN,0,0.308021068572998
C043,C,4,84,1,NaN,NaN,0,0.304634809494019
C043,C,4,85,1,NaN,NaN,0,0.390072822570801
C043,C,4,86,1,NaN,NaN,0,0.34893798828125
C043,C,4,87,1,NaN,NaN,0,0.353392839431763
C043,C,4,88,NaN,1,0,NaN,NaN
C043,C,4,89,1,NaN,NaN,0,0.290218114852905
C043,C,4,90,1,NaN,NaN,0,0.314834833145142
C043,C,4,91,1,NaN,NaN,0,0.334143877029419
C043,C,4,92,NaN,1,0,NaN,NaN
C043,C,4,93,1,NaN,NaN,0,0.241532802581787
C043,C,4,94,1,NaN,NaN,0,0.303071975708008
C043,C,4,95,1,NaN,NaN,0,0.269552230834961
C043,C,4,96,1,NaN,NaN,0,0.318401098251343
C043,C,4,97,1,NaN,NaN,0,0.321857929229736
C043,C,4,98,1,NaN,NaN,0,0.34292197227478
C043,C,4,99,1,NaN,NaN,0,0.370651006698608
C043,C,4,100,1,NaN,NaN,0,0.338810920715332
C043,C,4,101,1,NaN,NaN,0,0.335088014602661
C043,C,4,102,1,NaN,NaN,0,0.315171957015991
C043,C,4,103,1,NaN,NaN,0,0.344048976898193
C043,C,4,104,1,NaN,NaN,0,0.373791933059692
C043,C,4,105,NaN,1,0,NaN,NaN
C043,C,4,106,1,NaN,NaN,0,0.268946170806885
C043,C,4,107,1,NaN,NaN,0,0.236097097396851
C043,C,4,108,1,NaN,NaN,0,0.281163930892944
C043,C,4,109,1,NaN,NaN,0,0.265939950942993
C043,C,4,110,1,NaN,NaN,0,0.369121074676514
C043,C,4,111,NaN,1,0,NaN,NaN
C043,C,4,112,1,NaN,NaN,0,0.296229124069214
C043,C,4,113,1,NaN,NaN,0,0.253001928329468
C043,C,4,114,1,NaN,NaN,0,0.286608934402466
C043,C,4,115,1,NaN,NaN,0,0.319736003875732
C043,C,4,116,1,NaN,NaN,0,0.27811598777771
C043,C,4,117,1,NaN,NaN,0,0.316722869873047
C043,C,4,118,1,NaN,NaN,0,0.310173034667969
C043,C,4,119,1,NaN,NaN,0,0.330666065216064
C043,C,4,120,1,NaN,NaN,0,0.328884124755859
C043,C,4,121,1,NaN,NaN,0,0.345748901367188
C043,C,4,122,1,NaN,NaN,0,0.339428186416626
C043,C,4,123,NaN,0,1,NaN,NaN
C043,C,4,124,1,NaN,NaN,0,0.352543115615845
C043,C,4,125,1,NaN,NaN,0,0.370721101760864
C043,C,4,126,1,NaN,NaN,0,0.323172092437744
C043,C,4,127,1,NaN,NaN,0,0.340440034866333
C043,C,4,128,1,NaN,NaN,0,0.31680703163147
C043,C,4,129,NaN,1,0,NaN,NaN
C043,C,4,130,1,NaN,NaN,0,0.207695007324219
C043,C,4,131,1,NaN,NaN,0,0.249279022216797
C043,C,4,132,1,NaN,NaN,0,0.478033065795898
C043,C,4,133,1,NaN,NaN,0,0.290832996368408
C043,C,4,134,1,NaN,NaN,0,0.355309963226318
C043,C,4,135,1,NaN,NaN,0,0.328812122344971
C043,C,4,136,1,NaN,NaN,0,0.326903104782104
C043,C,4,137,1,NaN,NaN,0,0.369971990585327
C043,C,4,138,1,NaN,NaN,0,0.333732128143311
C043,C,4,139,1,NaN,NaN,0,0.333581924438477
C043,C,4,140,1,NaN,NaN,0,0.324190855026245
C043,C,4,141,1,NaN,NaN,0,0.305570840835571
C043,C,4,142,NaN,0,1,NaN,NaN
C043,C,4,143,1,NaN,NaN,0,0.287918090820312
C043,C,4,144,1,NaN,NaN,0,0.309382915496826
C043,C,4,145,1,NaN,NaN,0,0.359076976776123
C043,C,4,146,1,NaN,NaN,0,0.321214914321899
C043,C,4,147,1,NaN,NaN,0,0.501059770584106
C043,C,4,148,1,NaN,NaN,0,0.324679136276245
C043,C,4,149,1,NaN,NaN,0,0.308639049530029
C043,C,4,150,1,NaN,NaN,0,0.326381921768188
C043,C,4,151,1,NaN,NaN,0,0.485919952392578
C043,C,4,152,NaN,0,1,NaN,NaN
C043,C,4,153,1,NaN,NaN,0,0.301726102828979
C043,C,4,154,1,NaN,NaN,0,0.317269086837769
C043,C,4,155,1,NaN,NaN,0,0.348495006561279
C043,C,4,156,1,NaN,NaN,0,0.431896924972534
C043,C,4,157,NaN,1,0,NaN,NaN
C043,C,4,158,1,NaN,NaN,0,0.305258989334106
C043,C,4,159,1,NaN,NaN,0,0.298410177230835
C043,C,4,160,1,NaN,NaN,0,0.336861848831177
C043,C,4,161,0,NaN,NaN,1,NaN
C043,C,4,162,1,NaN,NaN,0,0.322545051574707
C043,C,4,163,1,NaN,NaN,0,0.363393068313599
C043,C,4,164,1,NaN,NaN,0,0.376322984695435
C043,C,4,165,1,NaN,NaN,0,0.358325958251953
C043,C,4,166,1,NaN,NaN,0,0.419216156005859
C043,C,4,167,1,NaN,NaN,0,0.354279041290283
C043,C,4,168,NaN,0,1,NaN,NaN
C043,C,4,169,1,NaN,NaN,0,0.428572177886963
C043,C,4,170,1,NaN,NaN,0,0.334063053131104
C043,C,4,171,1,NaN,NaN,0,0.380300045013428
C043,C,4,172,1,NaN,NaN,0,0.37139892578125
C043,C,4,173,1,NaN,NaN,0,0.339497089385986
C043,C,4,174,1,NaN,NaN,0,0.366308927536011
C043,C,4,175,1,NaN,NaN,0,0.370366096496582
C043,C,4,176,1,NaN,NaN,0,0.338821172714233
C043,C,4,177,NaN,1,0,NaN,NaN
C043,C,4,178,1,NaN,NaN,0,0.26253080368042
C043,C,4,179,1,NaN,NaN,0,0.351401090621948
C043,C,4,180,1,NaN,NaN,0,0.379761934280396
C043,C,4,181,1,NaN,NaN,0,0.344901084899902
C043,C,4,182,1,NaN,NaN,0,0.357463121414185
C043,C,4,183,1,NaN,NaN,0,0.470267057418823
C043,C,4,184,1,NaN,NaN,0,0.523370981216431
C043,C,4,185,NaN,1,0,NaN,NaN
C043,C,4,186,1,NaN,NaN,0,0.325017929077148
C043,C,4,187,1,NaN,NaN,0,0.355808973312378
C043,C,4,188,1,NaN,NaN,0,0.324421167373657
C043,C,4,189,1,NaN,NaN,0,0.343887090682983
C043,C,4,190,1,NaN,NaN,0,0.360518932342529
C043,C,4,191,0,NaN,NaN,1,NaN
C043,C,4,192,1,NaN,NaN,0,0.305036067962646
C043,C,4,193,1,NaN,NaN,0,0.332781791687012
C043,C,4,194,1,NaN,NaN,0,0.348168134689331
C043,C,4,195,1,NaN,NaN,0,0.462741136550903
C043,C,4,196,1,NaN,NaN,0,0.338006019592285
C043,C,4,197,NaN,0,1,NaN,NaN
C043,C,4,198,1,NaN,NaN,0,0.30748987197876
C043,C,4,199,1,NaN,NaN,0,0.307858943939209
C043,C,4,200,NaN,0,1,NaN,NaN
C043,C,4,201,1,NaN,NaN,0,0.57804012298584
C043,C,4,202,1,NaN,NaN,0,0.326964855194092
C043,C,4,203,1,NaN,NaN,0,0.315701007843018
C043,C,4,204,1,NaN,NaN,0,0.28721284866333
C043,C,4,205,1,NaN,NaN,0,0.332264184951782
C043,C,4,206,1,NaN,NaN,0,0.470173120498657
C043,C,4,207,1,NaN,NaN,0,0.351253986358643
C043,C,4,208,1,NaN,NaN,0,0.298933029174805
C043,C,4,209,1,NaN,NaN,0,0.288089990615845
C043,C,4,210,1,NaN,NaN,0,0.433467149734497
C043,C,4,211,1,NaN,NaN,0,0.412546157836914
C043,C,4,212,NaN,0,1,NaN,NaN
C043,C,4,213,1,NaN,NaN,0,0.480005979537964
C043,C,4,214,1,NaN,NaN,0,0.728868007659912
C043,C,4,215,1,NaN,NaN,0,0.470916986465454
C043,C,4,216,1,NaN,NaN,0,0.35678505897522
C043,C,4,217,1,NaN,NaN,0,0.503135919570923
C043,C,4,218,1,NaN,NaN,0,0.329681158065796
C043,C,4,219,NaN,1,0,NaN,NaN
C043,C,4,220,1,NaN,NaN,0,0.369335889816284
C043,C,4,221,1,NaN,NaN,0,0.261796951293945
C043,C,4,222,1,NaN,NaN,0,0.3299880027771
C043,C,4,223,1,NaN,NaN,0,0.312392950057983
C043,C,4,224,1,NaN,NaN,0,0.349397897720337
C043,C,4,225,1,NaN,NaN,0,0.324348926544189
C043,C,4,226,1,NaN,NaN,0,0.38204288482666
C043,C,4,227,1,NaN,NaN,0,0.302865028381348
C043,C,4,228,1,NaN,NaN,0,0.330118894577026
C043,C,4,229,1,NaN,NaN,0,0.35942006111145
C043,C,4,230,1,NaN,NaN,0,0.347843885421753
C043,C,4,231,1,NaN,NaN,0,0.473954916000366
C043,C,4,232,1,NaN,NaN,0,0.376729965209961
C043,C,4,233,NaN,1,0,NaN,NaN
C043,C,4,234,1,NaN,NaN,0,0.230828046798706
C043,C,4,235,1,NaN,NaN,0,0.3711998462677
C043,C,4,236,1,NaN,NaN,0,0.264725923538208
C043,C,4,237,1,NaN,NaN,0,0.423792123794556
C043,C,4,238,NaN,1,0,NaN,NaN
C043,C,4,239,1,NaN,NaN,0,0.354055881500244
C043,C,4,240,1,NaN,NaN,0,0.337900161743164
C043,C,4,241,1,NaN,NaN,0,0.289390087127686
C043,C,4,242,1,NaN,NaN,0,0.366179943084717
C043,C,4,243,1,NaN,NaN,0,0.351392030715942
C043,C,4,244,1,NaN,NaN,0,0.31644606590271
C043,C,4,245,1,NaN,NaN,0,0.384122848510742
C043,C,4,246,1,NaN,NaN,0,0.357237100601196
C043,C,4,247,1,NaN,NaN,0,0.321902990341187
C043,C,4,248,1,NaN,NaN,0,0.382459163665771
C043,C,4,249,NaN,1,0,NaN,NaN
C043,C,4,250,1,NaN,NaN,0,0.441270112991333
C043,C,4,251,1,NaN,NaN,0,0.301573038101196
C043,C,4,252,1,NaN,NaN,0,0.196331977844238
C043,C,4,253,1,NaN,NaN,0,0.466738224029541
C043,C,4,254,NaN,1,0,NaN,NaN
C043,C,4,255,1,NaN,NaN,0,0.352548122406006
C043,C,4,256,1,NaN,NaN,0,0.349653005599976
C043,C,4,257,1,NaN,NaN,0,0.322802066802979
C043,C,4,258,1,NaN,NaN,0,0.326366901397705
C043,C,4,259,1,NaN,NaN,0,0.36753511428833
C043,C,4,260,1,NaN,NaN,0,0.328423976898193
C043,C,4,261,1,NaN,NaN,0,0.387519836425781
C043,C,4,262,1,NaN,NaN,0,0.365773916244507
C043,C,4,263,1,NaN,NaN,0,0.371320962905884
C043,C,4,264,1,NaN,NaN,0,0.378535985946655
C043,C,4,265,1,NaN,NaN,0,0.330080032348633
C043,C,4,266,1,NaN,NaN,0,0.340266942977905
C043,C,4,267,NaN,0,1,NaN,NaN
C043,C,4,268,1,NaN,NaN,0,0.314524173736572
C043,C,4,269,1,NaN,NaN,0,0.387665987014771
C043,C,4,270,1,NaN,NaN,0,0.352229118347168
C043,C,4,271,1,NaN,NaN,0,0.348222970962524
C043,C,4,272,1,NaN,NaN,0,0.392261028289795
C043,C,4,273,1,NaN,NaN,0,0.36284613609314
C043,C,4,274,1,NaN,NaN,0,0.351279973983765
C043,C,4,275,NaN,1,0,NaN,NaN
C043,C,4,276,1,NaN,NaN,0,0.324567794799805
C043,C,4,277,1,NaN,NaN,0,0.369364023208618
C043,C,4,278,1,NaN,NaN,0,0.302025079727173
C043,C,4,279,1,NaN,NaN,0,0.331165075302124
C043,C,4,280,1,NaN,NaN,0,0.330085039138794
C043,C,4,281,1,NaN,NaN,0,0.308799028396606
C043,C,4,282,1,NaN,NaN,0,0.365853071212769
C043,C,4,283,1,NaN,NaN,0,0.322198867797852
C043,C,4,284,1,NaN,NaN,0,0.642745018005371
C043,C,4,285,1,NaN,NaN,0,0.337600946426392
C043,C,4,286,1,NaN,NaN,0,0.362505912780762
C043,C,4,287,NaN,1,0,NaN,NaN
C043,C,4,288,1,NaN,NaN,0,0.379869937896729
C043,C,4,289,1,NaN,NaN,0,0.309631109237671
C043,C,4,290,1,NaN,NaN,0,0.441983938217163
C043,C,4,291,1,NaN,NaN,0,0.394861936569214
C043,C,4,292,1,NaN,NaN,0,0.440532922744751
C043,C,4,293,1,NaN,NaN,0,0.395308017730713
C043,C,4,294,1,NaN,NaN,0,0.383933067321777
C043,C,4,295,1,NaN,NaN,0,0.426042795181274
C043,C,4,296,NaN,1,0,NaN,NaN
C043,C,4,297,1,NaN,NaN,0,0.295536994934082
C043,C,4,298,1,NaN,NaN,0,0.383019924163818
C043,C,4,299,1,NaN,NaN,0,0.368378162384033
C043,C,4,300,1,NaN,NaN,0,0.592410087585449
C043,C,4,301,1,NaN,NaN,0,0.333562135696411
C043,C,4,302,NaN,1,0,NaN,NaN
C043,C,4,303,1,NaN,NaN,0,0.547577142715454
C043,C,4,304,1,NaN,NaN,0,0.39566707611084
C043,C,4,305,1,NaN,NaN,0,0.360352993011475
C043,C,4,306,1,NaN,NaN,0,0.346669912338257
C043,C,4,307,1,NaN,NaN,0,0.382015228271484
C043,C,4,308,1,NaN,NaN,0,0.259242057800293
C043,C,4,309,1,NaN,NaN,0,0.37217903137207
C043,C,4,310,1,NaN,NaN,0,0.361136913299561
C043,C,4,311,NaN,0,1,NaN,NaN
C043,C,4,312,1,NaN,NaN,0,0.325611114501953
C043,C,4,313,1,NaN,NaN,0,0.314321994781494
C043,C,4,314,1,NaN,NaN,0,0.399107217788696
C043,C,4,315,1,NaN,NaN,0,0.362149000167847
C043,C,4,316,1,NaN,NaN,0,0.3488609790802
C043,C,4,317,1,NaN,NaN,0,0.382505178451538
C043,C,4,318,1,NaN,NaN,0,0.349704027175903
C043,C,4,319,1,NaN,NaN,0,0.337690830230713
C043,C,4,320,NaN,1,0,NaN,NaN
C043,C,4,321,1,NaN,NaN,0,0.329253911972046
C043,C,4,322,1,NaN,NaN,0,0.27584981918335
C043,C,4,323,1,NaN,NaN,0,0.285484790802002
C043,C,4,324,1,NaN,NaN,0,0.321508169174194
C043,C,4,325,1,NaN,NaN,0,0.322026014328003
C043,C,4,326,NaN,1,0,NaN,NaN
C043,C,4,327,1,NaN,NaN,0,0.307387113571167
C043,C,4,328,1,NaN,NaN,0,0.328917026519775
C043,C,4,329,1,NaN,NaN,0,0.304467916488647
C043,C,4,330,1,NaN,NaN,0,0.333475112915039
C043,C,4,331,1,NaN,NaN,0,0.320328950881958
C043,C,4,332,1,NaN,NaN,0,0.316936016082764
C043,C,4,333,1,NaN,NaN,0,0.349967002868652
C043,C,4,334,1,NaN,NaN,0,0.715548038482666
C043,C,4,335,1,NaN,NaN,0,0.405832052230835
C043,C,4,336,1,NaN,NaN,0,0.38321590423584
C043,C,4,337,1,NaN,NaN,0,0.339124917984009
C043,C,4,338,1,NaN,NaN,0,0.280261039733887
C043,C,4,339,1,NaN,NaN,0,0.411879062652588
C043,C,4,340,1,NaN,NaN,0,0.37049388885498
C043,C,4,341,NaN,1,0,NaN,NaN
C043,C,4,342,1,NaN,NaN,0,0.219007015228271
C043,C,4,343,1,NaN,NaN,0,0.304791927337646
C043,C,4,344,1,NaN,NaN,0,0.25731897354126
C043,C,4,345,NaN,1,0,NaN,NaN
C043,C,4,346,1,NaN,NaN,0,0.382653951644897
C043,C,4,347,1,NaN,NaN,0,0.348884105682373
C043,C,4,348,1,NaN,NaN,0,0.334745168685913
C043,C,4,349,1,NaN,NaN,0,0.312832117080688
C043,C,4,350,1,NaN,NaN,0,0.362802982330322
C043,C,4,351,1,NaN,NaN,0,0.313894987106323
C043,C,4,352,1,NaN,NaN,0,0.317912101745605
C043,C,4,353,1,NaN,NaN,0,0.30791187286377
C043,C,4,354,1,NaN,NaN,0,0.325296878814697
C043,C,4,355,1,NaN,NaN,0,0.285675048828125
C043,C,4,356,NaN,1,0,NaN,NaN
C043,C,4,357,1,NaN,NaN,0,0.307791948318481
C043,C,4,358,1,NaN,NaN,0,0.325109004974365
C043,C,4,359,1,NaN,NaN,0,0.291727066040039
C043,C,4,360,1,NaN,NaN,0,0.397240877151489
C043,C,4,361,1,NaN,NaN,0,0.331648826599121
C043,C,4,362,1,NaN,NaN,0,0.321262121200562
C043,C,4,363,NaN,0,1,NaN,NaN
C043,C,4,364,1,NaN,NaN,0,0.436372995376587
C043,C,4,365,1,NaN,NaN,0,0.354220867156982
C043,C,4,366,1,NaN,NaN,0,0.54279899597168
C043,C,4,367,1,NaN,NaN,0,0.370109081268311
C043,C,4,368,1,NaN,NaN,0,0.38415789604187
C043,C,4,369,1,NaN,NaN,0,0.32695198059082
C043,C,4,370,0,NaN,NaN,1,NaN
C043,C,4,371,1,NaN,NaN,0,0.324514865875244
C043,C,4,372,1,NaN,NaN,0,0.389262914657593
C043,C,4,373,NaN,1,0,NaN,NaN
C043,C,4,374,1,NaN,NaN,0,0.318964004516602
C043,C,4,375,1,NaN,NaN,0,0.379596948623657
C043,C,4,376,1,NaN,NaN,0,0.328045845031738
C043,C,4,377,1,NaN,NaN,0,0.349093914031982
C043,C,4,378,1,NaN,NaN,0,0.351588010787964
C043,C,4,379,1,NaN,NaN,0,0.282822132110596
C043,C,4,380,1,NaN,NaN,0,0.362210035324097
C043,C,4,381,1,NaN,NaN,0,0.316526889801025
C043,C,4,382,1,NaN,NaN,0,0.294482946395874
C043,C,4,383,1,NaN,NaN,0,0.376349925994873
C043,C,4,384,1,NaN,NaN,0,0.429683923721313
C043,C,4,385,NaN,1,0,NaN,NaN
C043,C,4,386,1,NaN,NaN,0,0.307524919509888
C043,C,4,387,1,NaN,NaN,0,0.304445028305054
C043,C,4,388,1,NaN,NaN,0,0.264643907546997
C043,C,4,389,1,NaN,NaN,0,0.270468950271606
C043,C,4,390,NaN,0,1,NaN,NaN
C043,C,4,391,1,NaN,NaN,0,0.289543867111206
C043,C,4,392,0,NaN,NaN,1,NaN
C043,C,4,393,1,NaN,NaN,0,NaN
C043,C,4,394,1,NaN,NaN,0,0.237675905227661
C043,C,4,395,1,NaN,NaN,0,0.306266069412231
C043,C,4,396,1,NaN,NaN,0,0.298963069915771
C043,C,4,397,1,NaN,NaN,0,0.330875873565674
C043,C,4,398,1,NaN,NaN,0,0.302669048309326
C043,C,4,399,NaN,0,1,NaN,NaN
C043,C,4,400,1,NaN,NaN,0,0.683223962783813
C043,C,4,401,1,NaN,NaN,0,0.405457973480225
C043,C,4,402,1,NaN,NaN,0,0.361994028091431
C043,C,4,403,1,NaN,NaN,0,0.347549915313721
C043,C,4,404,1,NaN,NaN,0,0.400214195251465
C043,C,4,405,1,NaN,NaN,0,0.323328018188477
C043,C,4,406,1,NaN,NaN,0,0.341015100479126
C043,C,4,407,1,NaN,NaN,0,0.369718074798584
C043,C,4,408,0,NaN,NaN,1,NaN
C043,C,4,409,1,NaN,NaN,0,0.262871980667114
C043,C,4,410,1,NaN,NaN,0,0.418009042739868
C043,C,4,411,1,NaN,NaN,0,0.357988834381104
C043,C,4,412,1,NaN,NaN,0,0.367449998855591
C043,C,4,413,NaN,0,1,NaN,NaN
C043,C,4,414,1,NaN,NaN,0,0.371809959411621
C043,C,4,415,1,NaN,NaN,0,0.259922027587891
C043,C,4,416,1,NaN,NaN,0,0.264480113983154
C043,C,4,417,1,NaN,NaN,0,0.303821086883545
C043,C,4,418,1,NaN,NaN,0,0.378720998764038
C043,C,4,419,1,NaN,NaN,0,0.374942064285278
C043,C,4,420,NaN,1,0,NaN,NaN
C043,C,4,421,1,NaN,NaN,0,0.205160140991211
C043,C,4,422,1,NaN,NaN,0,0.281445980072021
C043,C,4,423,1,NaN,NaN,0,0.298213958740234
C043,C,4,424,1,NaN,NaN,0,0.290966987609863
C043,C,4,425,1,NaN,NaN,0,0.357465982437134
C043,C,4,426,1,NaN,NaN,0,0.324411153793335
C043,C,4,427,1,NaN,NaN,0,0.61860203742981
C043,C,4,428,1,NaN,NaN,0,0.364457845687866
C043,C,4,429,1,NaN,NaN,0,0.366621971130371
C043,C,4,430,NaN,1,0,NaN,NaN
C043,C,4,431,1,NaN,NaN,0,0.332932949066162
C043,C,4,432,1,NaN,NaN,0,0.299865007400513
C043,C,4,433,1,NaN,NaN,0,0.322163105010986
C043,C,4,434,1,NaN,NaN,0,0.420028924942017
C043,C,4,435,1,NaN,NaN,0,0.394202947616577
C043,C,4,436,1,NaN,NaN,0,0.364037990570068
C043,C,4,437,1,NaN,NaN,0,0.550801992416382
C043,C,4,438,1,NaN,NaN,0,0.378761053085327
C043,C,4,439,NaN,1,0,NaN,NaN
C043,C,4,440,1,NaN,NaN,0,0.257231950759888
C043,C,4,441,1,NaN,NaN,0,0.21160101890564
C043,C,4,442,0,NaN,NaN,1,NaN
C043,C,4,443,1,NaN,NaN,0,0.30929708480835
C043,C,4,444,1,NaN,NaN,0,0.241761922836304
C043,C,4,445,NaN,0,1,NaN,NaN
C043,C,4,446,1,NaN,NaN,0,0.235725879669189
C043,C,4,447,1,NaN,NaN,0,0.316871166229248
C043,C,4,448,1,NaN,NaN,0,0.297447919845581
C043,C,4,449,1,NaN,NaN,0,0.309700965881348
C043,C,4,450,1,NaN,NaN,0,0.370540857315063
C043,C,4,451,1,NaN,NaN,0,0.311949968338013
C043,C,4,452,NaN,1,0,NaN,NaN
C043,C,4,453,1,NaN,NaN,0,0.315080881118774
C043,C,4,454,1,NaN,NaN,0,0.317790031433105
C043,C,4,455,1,NaN,NaN,0,0.386502027511597
C043,C,4,456,1,NaN,NaN,0,0.352795124053955
C043,C,4,457,1,NaN,NaN,0,0.325282096862793
C043,C,4,458,1,NaN,NaN,0,0.431081771850586
C043,C,4,459,1,NaN,NaN,0,0.307115077972412
C043,C,4,460,1,NaN,NaN,0,0.345278024673462
C043,C,4,461,1,NaN,NaN,0,0.324700832366943
C043,C,4,462,NaN,0,1,NaN,NaN
C043,C,4,463,1,NaN,NaN,0,0.3367018699646
C043,C,4,464,1,NaN,NaN,0,0.354357957839966
C043,C,4,465,1,NaN,NaN,0,0.294972896575928
C043,C,4,466,1,NaN,NaN,0,0.356515884399414
C043,C,4,467,1,NaN,NaN,0,0.34131908416748
C043,C,4,468,0,NaN,NaN,1,NaN
C043,C,4,469,1,NaN,NaN,0,0.316895008087158
C043,C,4,470,0,NaN,NaN,1,NaN
C043,C,4,471,1,NaN,NaN,0,0.317156076431274
C043,C,4,472,1,NaN,NaN,0,0.329118013381958
C043,C,4,473,1,NaN,NaN,0,0.356399059295654
C043,C,4,474,1,NaN,NaN,0,0.35483193397522
C043,C,4,475,1,NaN,NaN,0,0.399399042129517
C043,C,4,476,NaN,1,0,NaN,NaN
C043,C,4,477,1,NaN,NaN,0,0.431056022644043
C043,C,4,478,1,NaN,NaN,0,0.299718141555786
C043,C,4,479,1,NaN,NaN,0,0.331525087356567
C043,C,4,480,NaN,0,1,NaN,NaN
C043,C,4,481,1,NaN,NaN,0,0.403674125671387
C043,C,4,482,1,NaN,NaN,0,0.311885118484497
C043,C,4,483,1,NaN,NaN,0,0.364605903625488
C043,C,4,484,1,NaN,NaN,0,0.361424207687378
C043,C,4,485,1,NaN,NaN,0,0.400712966918945
C043,C,4,486,1,NaN,NaN,0,0.578187942504883
C043,C,4,487,1,NaN,NaN,0,0.460884094238281
C043,C,4,488,NaN,1,0,NaN,NaN
C043,C,4,489,1,NaN,NaN,0,0.292412996292114
C043,C,4,490,1,NaN,NaN,0,0.313930988311768
C043,C,4,491,1,NaN,NaN,0,0.355310916900635
C043,C,4,492,1,NaN,NaN,0,0.383887052536011
C043,C,4,493,1,NaN,NaN,0,0.355269193649292
C043,C,4,494,1,NaN,NaN,0,0.362217903137207
C043,C,4,495,1,NaN,NaN,0,0.415157079696655
C043,C,4,496,1,NaN,NaN,0,0.508543014526367
C043,C,4,497,1,NaN,NaN,0,0.432328939437866
C043,C,4,498,1,NaN,NaN,0,0.425724983215332
C043,C,4,499,NaN,0,1,NaN,NaN
C043,C,4,500,1,NaN,NaN,0,0.318320035934448
C043,C,4,501,1,NaN,NaN,0,0.367748975753784
C043,C,4,502,1,NaN,NaN,0,0.324664115905762
C043,C,4,503,1,NaN,NaN,0,0.402751922607422
C043,C,4,504,1,NaN,NaN,0,0.333492040634155
C043,C,4,505,1,NaN,NaN,0,0.374335050582886
C043,C,4,506,1,NaN,NaN,0,0.521109104156494
C043,C,4,507,1,NaN,NaN,0,0.38779616355896
C043,C,4,508,1,NaN,NaN,0,0.394165992736816
C043,C,4,509,1,NaN,NaN,0,0.3681800365448
C043,C,4,510,NaN,0,1,NaN,NaN
C043,C,4,511,1,NaN,NaN,0,0.289731979370117
C043,C,4,512,1,NaN,NaN,0,0.36873722076416
C043,C,4,513,1,NaN,NaN,0,0.384603977203369
C043,C,4,514,1,NaN,NaN,0,0.392467021942139
C043,C,4,515,NaN,0,1,NaN,NaN
C043,C,4,516,1,NaN,NaN,0,0.317720174789429
C043,C,4,517,1,NaN,NaN,0,0.313338994979858
C043,C,4,518,1,NaN,NaN,0,0.511680841445923
C043,C,4,519,1,NaN,NaN,0,0.30515193939209
C043,C,4,520,1,NaN,NaN,0,0.308542013168335
C043,C,4,521,1,NaN,NaN,0,0.411934852600098
C043,C,4,522,1,NaN,NaN,0,0.36362099647522
C043,C,4,523,1,NaN,NaN,0,0.323966026306152
C043,C,4,524,1,NaN,NaN,0,0.823302984237671
C043,C,4,525,1,NaN,NaN,0,0.399308919906616
C043,C,4,526,NaN,1,0,NaN,NaN
C043,C,4,527,1,NaN,NaN,0,0.276526927947998
C043,C,4,528,1,NaN,NaN,0,0.334736824035645
C043,C,4,529,1,NaN,NaN,0,0.339590072631836
C043,C,4,530,1,NaN,NaN,0,0.372076988220215
C043,C,4,531,1,NaN,NaN,0,0.429858922958374
C043,C,4,532,1,NaN,NaN,0,0.415117025375366
C043,C,4,533,1,NaN,NaN,0,0.493129968643188
C043,C,4,534,1,NaN,NaN,0,0.461719036102295
C043,C,4,535,1,NaN,NaN,0,0.397866010665894
C043,C,4,536,NaN,1,0,NaN,NaN
C043,C,4,537,1,NaN,NaN,0,0.32286810874939
C043,C,4,538,1,NaN,NaN,0,0.350421905517578
C043,C,4,539,1,NaN,NaN,0,0.351773977279663
C043,C,4,540,1,NaN,NaN,0,0.457680940628052
C043,C,4,541,1,NaN,NaN,0,0.405126094818115
C043,C,4,542,1,NaN,NaN,0,0.363646030426025
C043,C,4,543,1,NaN,NaN,0,0.35968804359436
C043,C,4,544,1,NaN,NaN,0,0.380245923995972
C043,C,4,545,1,NaN,NaN,0,0.369060039520264
C043,C,4,546,NaN,1,0,NaN,NaN
C043,C,4,547,1,NaN,NaN,0,0.352360963821411
C043,C,4,548,1,NaN,NaN,0,0.37711501121521
C043,C,4,549,1,NaN,NaN,0,0.318439960479736
C043,C,4,550,1,NaN,NaN,0,0.351513147354126
C043,C,4,551,1,NaN,NaN,0,0.384839057922363
C043,C,4,552,1,NaN,NaN,0,0.436247825622559
C043,C,4,553,1,NaN,NaN,0,0.450030088424683
C043,C,4,554,NaN,0,1,NaN,NaN
C043,C,4,555,1,NaN,NaN,0,0.361797094345093
C043,C,4,556,1,NaN,NaN,0,0.33855414390564
