SubID,Group,BlockN,nTrial,GoTrials,NoGoTrials,FA,Misses,RT
A016,A,1,1,1,NaN,NaN,0,0.69043493270874
A016,A,1,2,1,NaN,NaN,0,0.477524042129517
A016,A,1,3,NaN,1,0,NaN,NaN
A016,A,1,4,1,NaN,NaN,0,0.367871999740601
A016,A,1,5,1,NaN,NaN,0,0.512732982635498
A016,A,1,6,1,NaN,NaN,0,0.544050216674805
A016,A,1,7,1,NaN,NaN,0,0.464288949966431
A016,A,1,8,1,NaN,NaN,0,0.401343107223511
A016,A,1,9,1,NaN,NaN,0,0.464766025543213
A016,A,1,10,1,NaN,NaN,0,0.553648948669434
A016,A,1,11,NaN,1,0,NaN,NaN
A016,A,1,12,1,NaN,NaN,0,0.355070829391479
A016,A,1,13,1,NaN,NaN,0,0.402896881103516
A016,A,1,14,1,NaN,NaN,0,0.388440847396851
A016,A,1,15,1,NaN,NaN,0,0.340713024139404
A016,A,1,16,1,NaN,NaN,0,0.367630004882812
A016,A,1,17,1,NaN,NaN,0,0.396156072616577
A016,A,1,18,1,NaN,NaN,0,0.387481927871704
A016,A,1,19,1,NaN,NaN,0,0.532687902450562
A016,A,1,20,1,NaN,NaN,0,0.550813913345337
A016,A,1,21,1,NaN,NaN,0,0.550642967224121
A016,A,1,22,1,NaN,NaN,0,0.542099952697754
A016,A,1,23,1,NaN,NaN,0,0.467057943344116
A016,A,1,24,1,NaN,NaN,0,0.538435935974121
A016,A,1,25,1,NaN,NaN,0,0.53509783744812
A016,A,1,26,NaN,1,0,NaN,NaN
A016,A,1,27,1,NaN,NaN,0,0.557260036468506
A016,A,1,28,1,NaN,NaN,0,0.422965049743652
A016,A,1,29,1,NaN,NaN,0,0.327242136001587
A016,A,1,30,1,NaN,NaN,0,0.433570146560669
A016,A,1,31,1,NaN,NaN,0,0.552074909210205
A016,A,1,32,1,NaN,NaN,0,0.666254997253418
A016,A,1,33,NaN,1,0,NaN,NaN
A016,A,1,34,1,NaN,NaN,0,0.417901039123535
A016,A,1,35,1,NaN,NaN,0,0.320531129837036
A016,A,1,36,1,NaN,NaN,0,0.373356819152832
A016,A,1,37,1,NaN,NaN,0,0.43119215965271
A016,A,1,38,1,NaN,NaN,0,0.456428050994873
A016,A,1,39,NaN,1,0,NaN,NaN
A016,A,1,40,0,NaN,NaN,1,NaN
A016,A,1,41,0,NaN,NaN,1,NaN
A016,A,1,42,0,NaN,NaN,1,NaN
A016,A,1,43,0,NaN,NaN,1,NaN
A016,A,1,44,0,NaN,NaN,1,NaN
A016,A,1,45,0,NaN,NaN,1,NaN
A016,A,1,46,1,NaN,NaN,0,0.607867956161499
A016,A,1,47,1,NaN,NaN,0,0.417202949523926
A016,A,1,48,1,NaN,NaN,0,0.356344938278198
A016,A,1,49,1,NaN,NaN,0,0.289146900177002
A016,A,1,50,1,NaN,NaN,0,0.237746953964233
A016,A,1,51,1,NaN,NaN,0,0.32684588432312
A016,A,1,52,NaN,0,1,NaN,NaN
A016,A,1,53,1,NaN,NaN,0,0.410545110702515
A016,A,1,54,1,NaN,NaN,0,0.535146951675415
A016,A,1,55,1,NaN,NaN,0,0.534143924713135
A016,A,1,56,1,NaN,NaN,0,0.74695611000061
A016,A,1,57,NaN,1,0,NaN,NaN
A016,A,1,58,1,NaN,NaN,0,0.501165151596069
A016,A,1,59,1,NaN,NaN,0,0.411071062088013
A016,A,1,60,1,NaN,NaN,0,0.504027843475342
A016,A,1,61,1,NaN,NaN,0,0.334914922714233
A016,A,1,62,1,NaN,NaN,0,0.365932941436768
A016,A,1,63,1,NaN,NaN,0,0.355371952056885
A016,A,1,64,1,NaN,NaN,0,0.308613061904907
A016,A,1,65,1,NaN,NaN,0,0.361907005310059
A016,A,1,66,NaN,1,0,NaN,NaN
A016,A,1,67,1,NaN,NaN,0,0.403170824050903
A016,A,1,68,1,NaN,NaN,0,0.338443994522095
A016,A,1,69,1,NaN,NaN,0,0.399312973022461
A016,A,1,70,1,NaN,NaN,0,0.366811037063599
A016,A,1,71,1,NaN,NaN,0,0.424803018569946
A016,A,1,72,1,NaN,NaN,0,0.52631402015686
A016,A,1,73,1,NaN,NaN,0,0.470267057418823
A016,A,1,74,1,NaN,NaN,0,0.391918182373047
A016,A,1,75,1,NaN,NaN,0,0.378680944442749
A016,A,1,76,1,NaN,NaN,0,0.380914926528931
A016,A,1,77,1,NaN,NaN,0,0.430823087692261
A016,A,1,78,1,NaN,NaN,0,0.369262933731079
A016,A,1,79,1,NaN,NaN,0,0.374116182327271
A016,A,1,80,NaN,1,0,NaN,NaN
A016,A,1,81,1,NaN,NaN,0,0.218353986740112
A016,A,1,82,1,NaN,NaN,0,0.235970020294189
A016,A,1,83,1,NaN,NaN,0,0.311008214950562
A016,A,1,84,1,NaN,NaN,0,0.326540946960449
A016,A,1,85,1,NaN,NaN,0,0.339822053909302
A016,A,1,86,1,NaN,NaN,0,0.290753126144409
A016,A,1,87,1,NaN,NaN,0,0.324376821517944
A016,A,1,88,1,NaN,NaN,0,0.458393096923828
A016,A,1,89,NaN,1,0,NaN,NaN
A016,A,1,90,1,NaN,NaN,0,0.370678186416626
A016,A,1,91,1,NaN,NaN,0,0.472707986831665
A016,A,1,92,NaN,0,1,NaN,NaN
A016,A,1,93,1,NaN,NaN,0,0.476104021072388
A016,A,1,94,1,NaN,NaN,0,0.486732959747314
A016,A,1,95,1,NaN,NaN,0,0.34147310256958
A016,A,1,96,1,NaN,NaN,0,0.466901063919067
A016,A,1,97,1,NaN,NaN,0,0.371250867843628
A016,A,1,98,1,NaN,NaN,0,0.547749996185303
A016,A,1,99,1,NaN,NaN,0,0.495558977127075
A016,A,1,100,1,NaN,NaN,0,0.391901969909668
A016,A,1,101,1,NaN,NaN,0,0.312674045562744
A016,A,1,102,1,NaN,NaN,0,0.344933986663818
A016,A,1,103,1,NaN,NaN,0,0.407831907272339
A016,A,1,104,1,NaN,NaN,0,0.35213303565979
A016,A,1,105,1,NaN,NaN,0,0.439023017883301
A016,A,1,106,NaN,1,0,NaN,NaN
A016,A,1,107,1,NaN,NaN,0,0.507339954376221
A016,A,1,108,1,NaN,NaN,0,0.374393939971924
A016,A,1,109,1,NaN,NaN,0,0.330588102340698
A016,A,1,110,NaN,0,1,NaN,NaN
A016,A,1,111,1,NaN,NaN,0,0.33044695854187
A016,A,1,112,1,NaN,NaN,0,0.335486888885498
A016,A,1,113,1,NaN,NaN,0,0.286158084869385
A016,A,1,114,1,NaN,NaN,0,0.364199161529541
A016,A,1,115,1,NaN,NaN,0,0.37821102142334
A016,A,1,116,1,NaN,NaN,0,0.39299201965332
A016,A,1,117,1,NaN,NaN,0,0.363566160202026
A016,A,1,118,1,NaN,NaN,0,0.31458306312561
A016,A,1,119,1,NaN,NaN,0,0.424880027770996
A016,A,1,120,1,NaN,NaN,0,0.346925973892212
A016,A,1,121,NaN,0,1,NaN,NaN
A016,A,1,122,1,NaN,NaN,0,0.359296083450317
A016,A,1,123,1,NaN,NaN,0,0.299773931503296
A016,A,1,124,1,NaN,NaN,0,0.299487113952637
A016,A,1,125,1,NaN,NaN,0,0.311109066009521
A016,A,1,126,1,NaN,NaN,0,0.290230989456177
A016,A,1,127,1,NaN,NaN,0,0.282092809677124
A016,A,1,128,1,NaN,NaN,0,0.342849016189575
A016,A,1,129,1,NaN,NaN,0,0.351871967315674
A016,A,1,130,1,NaN,NaN,0,0.448067188262939
A016,A,1,131,1,NaN,NaN,0,0.402796030044556
A016,A,1,132,1,NaN,NaN,0,0.732809066772461
A016,A,1,133,1,NaN,NaN,0,0.499271154403687
A016,A,1,134,NaN,1,0,NaN,NaN
A016,A,1,135,1,NaN,NaN,0,0.316391944885254
A016,A,1,136,1,NaN,NaN,0,0.345576047897339
A016,A,1,137,1,NaN,NaN,0,0.45878005027771
A016,A,1,138,NaN,1,0,NaN,NaN
A016,A,1,139,1,NaN,NaN,0,0.320918083190918
A016,A,1,140,1,NaN,NaN,0,0.361799955368042
A016,A,1,141,1,NaN,NaN,0,0.347086906433105
A016,A,1,142,1,NaN,NaN,0,0.397274971008301
A016,A,1,143,1,NaN,NaN,0,0.310597896575928
A016,A,1,144,1,NaN,NaN,0,0.296113014221191
A016,A,1,145,1,NaN,NaN,0,0.357729911804199
A016,A,1,146,1,NaN,NaN,0,0.412165880203247
A016,A,1,147,1,NaN,NaN,0,0.645127058029175
A016,A,1,148,1,NaN,NaN,0,0.437762022018433
A016,A,1,149,NaN,1,0,NaN,NaN
A016,A,1,150,1,NaN,NaN,0,0.324557065963745
A016,A,1,151,1,NaN,NaN,0,0.518779039382935
A016,A,1,152,1,NaN,NaN,0,0.494656801223755
A016,A,1,153,1,NaN,NaN,0,0.403223037719727
A016,A,1,154,1,NaN,NaN,0,0.46570897102356
A016,A,1,155,NaN,0,1,NaN,NaN
A016,A,1,156,1,NaN,NaN,0,0.529773950576782
A016,A,1,157,1,NaN,NaN,0,0.425649881362915
A016,A,1,158,1,NaN,NaN,0,0.476145029067993
A016,A,1,159,1,NaN,NaN,0,0.589874982833862
A016,A,1,160,1,NaN,NaN,0,0.449937105178833
A016,A,1,161,1,NaN,NaN,0,0.483870983123779
A016,A,1,162,1,NaN,NaN,0,0.500307083129883
A016,A,1,163,1,NaN,NaN,0,0.607095003128052
A016,A,1,164,1,NaN,NaN,0,0.477835893630981
A016,A,1,165,1,NaN,NaN,0,0.40558910369873
A016,A,1,166,1,NaN,NaN,0,0.358515024185181
A016,A,1,167,1,NaN,NaN,0,0.409512996673584
A016,A,1,168,1,NaN,NaN,0,0.385171890258789
A016,A,1,169,NaN,1,0,NaN,NaN
A016,A,1,170,1,NaN,NaN,0,0.372456789016724
A016,A,1,171,1,NaN,NaN,0,0.47395396232605
A016,A,1,172,1,NaN,NaN,0,0.315435886383057
A016,A,1,173,1,NaN,NaN,0,0.317129850387573
A016,A,1,174,NaN,1,0,NaN,NaN
A016,A,1,175,1,NaN,NaN,0,0.634346008300781
A016,A,1,176,1,NaN,NaN,0,0.4082350730896
A016,A,1,177,1,NaN,NaN,0,0.396756887435913
A016,A,1,178,1,NaN,NaN,0,0.349244832992554
A016,A,1,179,1,NaN,NaN,0,0.388782978057861
A016,A,1,180,1,NaN,NaN,0,0.386772155761719
A016,A,1,181,1,NaN,NaN,0,0.569563865661621
A016,A,1,182,1,NaN,NaN,0,0.470597982406616
A016,A,1,183,1,NaN,NaN,0,0.491614103317261
A016,A,1,184,1,NaN,NaN,0,0.600220918655396
A016,A,1,185,1,NaN,NaN,0,0.419864892959595
A016,A,1,186,1,NaN,NaN,0,0.400744915008545
A016,A,1,187,1,NaN,NaN,0,0.469691038131714
A016,A,1,188,NaN,1,0,NaN,NaN
A016,A,1,189,1,NaN,NaN,0,0.309003829956055
A016,A,1,190,1,NaN,NaN,0,0.259306907653809
A016,A,1,191,1,NaN,NaN,0,0.276630163192749
A016,A,1,192,1,NaN,NaN,0,0.205448865890503
A016,A,1,193,NaN,0,1,NaN,NaN
A016,A,1,194,1,NaN,NaN,0,0.446117877960205
A016,A,1,195,1,NaN,NaN,0,0.408241033554077
A016,A,1,196,1,NaN,NaN,0,0.320704936981201
A016,A,1,197,1,NaN,NaN,0,0.441817998886108
A016,A,1,198,1,NaN,NaN,0,0.361428022384644
A016,A,1,199,1,NaN,NaN,0,0.312193870544434
A016,A,1,200,NaN,1,0,NaN,NaN
A016,A,1,201,1,NaN,NaN,0,0.292454957962036
A016,A,1,202,1,NaN,NaN,0,0.293694019317627
A016,A,1,203,1,NaN,NaN,0,0.249480009078979
A016,A,1,204,1,NaN,NaN,0,NaN
A016,A,1,205,1,NaN,NaN,0,0.253413915634155
A016,A,1,206,1,NaN,NaN,0,0.28204607963562
A016,A,1,207,1,NaN,NaN,0,0.271427869796753
A016,A,1,208,1,NaN,NaN,0,0.295370101928711
A016,A,1,209,1,NaN,NaN,0,0.341717004776001
A016,A,1,210,1,NaN,NaN,0,0.325108051300049
A016,A,1,211,NaN,0,1,NaN,NaN
A016,A,1,212,1,NaN,NaN,0,0.468125104904175
A016,A,1,213,1,NaN,NaN,0,1.01739907264709
A016,A,1,214,1,NaN,NaN,0,0.583178043365479
A016,A,1,215,1,NaN,NaN,0,0.351024866104126
A016,A,1,216,1,NaN,NaN,0,0.303593158721924
A016,A,1,217,1,NaN,NaN,0,0.297422885894775
A016,A,1,218,1,NaN,NaN,0,0.295063972473145
A016,A,1,219,1,NaN,NaN,0,0.320329904556274
A016,A,1,220,1,NaN,NaN,0,0.292600154876709
A016,A,1,221,1,NaN,NaN,0,0.265666007995605
A016,A,1,222,1,NaN,NaN,0,0.278825998306274
A016,A,1,223,NaN,0,1,NaN,NaN
A016,A,1,224,1,NaN,NaN,0,0.305891036987305
A016,A,1,225,1,NaN,NaN,0,0.300593852996826
A016,A,1,226,1,NaN,NaN,0,0.354858875274658
A016,A,1,227,1,NaN,NaN,0,0.251833200454712
A016,A,1,228,1,NaN,NaN,0,0.353615999221802
A016,A,1,229,1,NaN,NaN,0,0.343215942382812
A016,A,1,230,NaN,1,0,NaN,NaN
A016,A,1,231,1,NaN,NaN,0,0.285454034805298
A016,A,1,232,1,NaN,NaN,0,0.313239812850952
A016,A,1,233,1,NaN,NaN,0,0.358644962310791
A016,A,1,234,1,NaN,NaN,0,0.463438987731934
A016,A,1,235,1,NaN,NaN,0,0.406309127807617
A016,A,1,236,1,NaN,NaN,0,0.40915584564209
A016,A,1,237,1,NaN,NaN,0,0.466801881790161
A016,A,1,238,1,NaN,NaN,0,0.519860982894897
A016,A,1,239,1,NaN,NaN,0,0.455148935317993
A016,A,1,240,1,NaN,NaN,0,0.415886878967285
A016,A,1,241,1,NaN,NaN,0,0.414382934570312
A016,A,1,242,NaN,1,0,NaN,NaN
A016,A,1,243,1,NaN,NaN,0,0.366465091705322
A016,A,1,244,1,NaN,NaN,0,0.312242984771729
A016,A,1,245,NaN,0,1,NaN,NaN
A016,A,1,246,1,NaN,NaN,0,0.435529947280884
A016,A,1,247,1,NaN,NaN,0,0.413048028945923
A016,A,1,248,1,NaN,NaN,0,0.436396837234497
A016,A,1,249,1,NaN,NaN,0,0.313750982284546
A016,A,1,250,1,NaN,NaN,0,0.415405988693237
A016,A,1,251,1,NaN,NaN,0,0.412287950515747
A016,A,1,252,1,NaN,NaN,0,0.518556833267212
A016,A,1,253,1,NaN,NaN,0,0.370074033737183
A016,A,1,254,1,NaN,NaN,0,0.441012144088745
A016,A,1,255,1,NaN,NaN,0,0.512936115264893
A016,A,1,256,1,NaN,NaN,0,0.490612030029297
A016,A,1,257,1,NaN,NaN,0,0.564502000808716
A016,A,1,258,NaN,0,1,NaN,NaN
A016,A,1,259,1,NaN,NaN,0,0.634083032608032
A016,A,1,260,1,NaN,NaN,0,0.578073024749756
A016,A,1,261,1,NaN,NaN,0,0.402082920074463
A016,A,1,262,1,NaN,NaN,0,0.398932933807373
A016,A,1,263,1,NaN,NaN,0,0.480148077011108
A016,A,1,264,1,NaN,NaN,0,0.493177175521851
A016,A,1,265,NaN,1,0,NaN,NaN
A016,A,1,266,1,NaN,NaN,0,0.528503894805908
A016,A,1,267,1,NaN,NaN,0,0.461722135543823
A016,A,1,268,1,NaN,NaN,0,0.392072916030884
A016,A,1,269,1,NaN,NaN,0,0.368069887161255
A016,A,1,270,1,NaN,NaN,0,0.342148065567017
A016,A,1,271,1,NaN,NaN,0,0.488207817077637
A016,A,1,272,1,NaN,NaN,0,0.539089918136597
A016,A,1,273,1,NaN,NaN,0,0.671934127807617
A016,A,1,274,1,NaN,NaN,0,0.790294170379639
A016,A,1,275,1,NaN,NaN,0,1.02408313751221
A016,A,1,276,1,NaN,NaN,0,0.689190149307251
A016,A,1,277,1,NaN,NaN,0,0.599041938781738
A016,A,1,278,NaN,1,0,NaN,NaN
A016,A,1,279,1,NaN,NaN,0,0.30317497253418
A016,A,1,280,1,NaN,NaN,0,0.35612678527832
A016,A,1,281,NaN,0,1,NaN,NaN
A016,A,1,282,1,NaN,NaN,0,0.283866167068481
A016,A,1,283,1,NaN,NaN,0,0.308089017868042
A016,A,1,284,1,NaN,NaN,0,0.377690076828003
A016,A,1,285,1,NaN,NaN,0,0.329999923706055
A016,A,1,286,1,NaN,NaN,0,0.342671871185303
A016,A,1,287,1,NaN,NaN,0,0.263950109481812
A016,A,1,288,1,NaN,NaN,0,0.348905801773071
A016,A,1,289,1,NaN,NaN,0,0.446408033370972
A016,A,1,290,1,NaN,NaN,0,0.334821939468384
A016,A,1,291,1,NaN,NaN,0,0.391960859298706
A016,A,1,292,1,NaN,NaN,0,0.37650203704834
A016,A,1,293,1,NaN,NaN,0,0.337363004684448
A016,A,1,294,1,NaN,NaN,0,0.339905977249146
A016,A,1,295,NaN,0,1,NaN,NaN
A016,A,1,296,1,NaN,NaN,0,0.290663957595825
A016,A,1,297,1,NaN,NaN,0,0.262938976287842
A016,A,1,298,1,NaN,NaN,0,0.330718040466309
A016,A,1,299,1,NaN,NaN,0,0.392491102218628
A016,A,1,300,1,NaN,NaN,0,0.359968900680542
A016,A,1,301,NaN,0,1,NaN,NaN
A016,A,1,302,1,NaN,NaN,0,0.365125894546509
A016,A,1,303,1,NaN,NaN,0,0.490625143051147
A016,A,1,304,1,NaN,NaN,0,0.556700944900513
A016,A,1,305,1,NaN,NaN,0,0.564129114151001
A016,A,1,306,1,NaN,NaN,0,0.674787998199463
A016,A,1,307,1,NaN,NaN,0,0.547488212585449
A016,A,1,308,1,NaN,NaN,0,0.592133045196533
A016,A,1,309,1,NaN,NaN,0,0.437469005584717
A016,A,1,310,1,NaN,NaN,0,0.446453094482422
A016,A,1,311,1,NaN,NaN,0,0.38287091255188
A016,A,1,312,1,NaN,NaN,0,0.414201974868774
A016,A,1,313,1,NaN,NaN,0,0.787108898162842
A016,A,1,314,NaN,1,0,NaN,NaN
A016,A,1,315,1,NaN,NaN,0,0.351020097732544
A016,A,1,316,1,NaN,NaN,0,0.388967990875244
A016,A,1,317,1,NaN,NaN,0,0.794334173202515
A016,A,1,318,1,NaN,NaN,0,0.491538047790527
A016,A,1,319,1,NaN,NaN,0,0.401039123535156
A016,A,1,320,1,NaN,NaN,0,0.399098873138428
A016,A,1,321,1,NaN,NaN,0,0.403465032577515
A016,A,1,322,NaN,1,0,NaN,NaN
A016,A,1,323,1,NaN,NaN,0,0.324182987213135
A016,A,1,324,1,NaN,NaN,0,0.401638031005859
A016,A,1,325,1,NaN,NaN,0,0.296236991882324
A016,A,1,326,1,NaN,NaN,0,0.30155086517334
A016,A,1,327,NaN,0,1,NaN,NaN
A016,A,1,328,1,NaN,NaN,0,0.523263931274414
A016,A,1,329,1,NaN,NaN,0,0.395532131195068
A016,A,1,330,1,NaN,NaN,0,0.436262130737305
A016,A,1,331,1,NaN,NaN,0,0.395370006561279
A016,A,1,332,1,NaN,NaN,0,0.387460947036743
A016,A,1,333,1,NaN,NaN,0,0.452431917190552
A016,A,1,334,1,NaN,NaN,0,0.414633989334106
A016,A,1,335,1,NaN,NaN,0,0.363128900527954
A016,A,1,336,1,NaN,NaN,0,0.449582099914551
A016,A,1,337,NaN,0,1,NaN,NaN
A016,A,1,338,1,NaN,NaN,0,0.31572699546814
A016,A,1,339,1,NaN,NaN,0,0.301030874252319
A016,A,1,340,1,NaN,NaN,0,0.362915992736816
A016,A,1,341,1,NaN,NaN,0,0.334239959716797
A016,A,1,342,1,NaN,NaN,0,0.310703992843628
A016,A,1,343,1,NaN,NaN,0,0.323930025100708
A016,A,1,344,1,NaN,NaN,0,0.416195869445801
A016,A,1,345,1,NaN,NaN,0,0.417372941970825
A016,A,1,346,1,NaN,NaN,0,0.360949039459229
A016,A,1,347,1,NaN,NaN,0,0.508610963821411
A016,A,1,348,1,NaN,NaN,0,0.468295097351074
A016,A,1,349,NaN,1,0,NaN,NaN
A016,A,1,350,1,NaN,NaN,0,0.34453010559082
A016,A,1,351,1,NaN,NaN,0,0.379719018936157
A016,A,1,352,1,NaN,NaN,0,0.480432987213135
A016,A,1,353,1,NaN,NaN,0,0.372464895248413
A016,A,1,354,1,NaN,NaN,0,0.417476892471313
A016,A,1,355,NaN,1,0,NaN,NaN
A016,A,1,356,1,NaN,NaN,0,0.272138833999634
A016,A,1,357,1,NaN,NaN,0,0.313071012496948
A016,A,1,358,1,NaN,NaN,0,0.421088933944702
A016,A,1,359,1,NaN,NaN,0,0.375298976898193
A016,A,1,360,1,NaN,NaN,0,0.387859106063843
A016,A,1,361,1,NaN,NaN,0,0.299769878387451
A016,A,1,362,1,NaN,NaN,0,0.395988941192627
A016,A,1,363,1,NaN,NaN,0,0.945058107376099
A016,A,1,364,1,NaN,NaN,0,0.638295888900757
A016,A,1,365,NaN,1,0,NaN,NaN
A016,A,1,366,1,NaN,NaN,0,0.383303165435791
A016,A,1,367,1,NaN,NaN,0,0.311359882354736
A016,A,1,368,1,NaN,NaN,0,0.321301221847534
A016,A,1,369,1,NaN,NaN,0,0.286519050598145
A016,A,1,370,1,NaN,NaN,0,0.313634157180786
A016,A,1,371,NaN,1,0,NaN,NaN
A016,A,1,372,1,NaN,NaN,0,0.295269012451172
A016,A,1,373,1,NaN,NaN,0,0.303743839263916
A016,A,1,374,1,NaN,NaN,0,0.296470165252686
A016,A,1,375,1,NaN,NaN,0,0.366085052490234
A016,A,1,376,1,NaN,NaN,0,0.406424999237061
A016,A,1,377,1,NaN,NaN,0,0.395012140274048
A016,A,1,378,1,NaN,NaN,0,0.412616014480591
A016,A,1,379,1,NaN,NaN,0,0.333330869674683
A016,A,1,380,1,NaN,NaN,0,0.378975868225098
A016,A,1,381,1,NaN,NaN,0,0.397474050521851
A016,A,1,382,NaN,1,0,NaN,NaN
A016,A,1,383,1,NaN,NaN,0,0.306108951568604
A016,A,1,384,1,NaN,NaN,0,0.305420160293579
A016,A,1,385,1,NaN,NaN,0,0.294907808303833
A016,A,1,386,1,NaN,NaN,0,0.415688991546631
A016,A,1,387,1,NaN,NaN,0,0.401952028274536
A016,A,1,388,1,NaN,NaN,0,0.334920167922974
A016,A,1,389,1,NaN,NaN,0,0.571439981460571
A016,A,1,390,1,NaN,NaN,0,0.544502973556519
A016,A,1,391,1,NaN,NaN,0,0.451107978820801
A016,A,1,392,1,NaN,NaN,0,0.366770029067993
A016,A,1,393,1,NaN,NaN,0,0.388885974884033
A016,A,1,394,1,NaN,NaN,0,0.338239908218384
A016,A,1,395,NaN,1,0,NaN,NaN
A016,A,1,396,1,NaN,NaN,0,0.31235408782959
A016,A,1,397,1,NaN,NaN,0,0.32847785949707
A016,A,1,398,NaN,0,1,NaN,NaN
A016,A,1,399,1,NaN,NaN,0,0.295735120773315
A016,A,1,400,1,NaN,NaN,0,0.303514003753662
A016,A,1,401,1,NaN,NaN,0,0.353768110275269
A016,A,1,402,1,NaN,NaN,0,0.362325191497803
A016,A,1,403,1,NaN,NaN,0,0.418564796447754
A016,A,1,404,1,NaN,NaN,0,0.555124044418335
A016,A,1,405,1,NaN,NaN,0,0.440318822860718
A016,A,1,406,1,NaN,NaN,0,0.44182300567627
A016,A,1,407,1,NaN,NaN,0,0.403151988983154
A016,A,1,408,1,NaN,NaN,0,0.423840999603271
A016,A,1,409,1,NaN,NaN,0,0.576220035552979
A016,A,1,410,1,NaN,NaN,0,0.645369052886963
A016,A,1,411,1,NaN,NaN,0,0.673843860626221
A016,A,1,412,NaN,1,0,NaN,NaN
A016,A,1,413,1,NaN,NaN,0,0.423080921173096
A016,A,1,414,1,NaN,NaN,0,0.342493057250977
A016,A,1,415,1,NaN,NaN,0,0.31698203086853
A016,A,1,416,NaN,0,1,NaN,NaN
A016,A,1,417,1,NaN,NaN,0,0.288275957107544
A016,A,1,418,1,NaN,NaN,0,0.317521810531616
A016,A,1,419,1,NaN,NaN,0,0.350561857223511
A016,A,1,420,1,NaN,NaN,0,0.421197891235352
A016,A,1,421,1,NaN,NaN,0,0.417274951934814
A016,A,1,422,1,NaN,NaN,0,0.632673025131226
A016,A,1,423,1,NaN,NaN,0,0.386057138442993
A016,A,1,424,1,NaN,NaN,0,0.352790832519531
A016,A,1,425,1,NaN,NaN,0,0.225811004638672
A016,A,1,426,1,NaN,NaN,0,0.256049156188965
A016,A,1,427,1,NaN,NaN,0,0.261341094970703
A016,A,1,428,1,NaN,NaN,0,0.290421962738037
A016,A,1,429,NaN,0,1,NaN,NaN
A016,A,1,430,1,NaN,NaN,0,0.31289005279541
A016,A,1,431,1,NaN,NaN,0,0.309070825576782
A016,A,1,432,1,NaN,NaN,0,0.327446937561035
A016,A,1,433,1,NaN,NaN,0,0.347930908203125
A016,A,1,434,NaN,1,0,NaN,NaN
A016,A,1,435,1,NaN,NaN,0,0.322697877883911
A016,A,1,436,1,NaN,NaN,0,0.540698051452637
A016,A,1,437,1,NaN,NaN,0,0.609493017196655
A016,A,1,438,1,NaN,NaN,0,0.786159038543701
A016,A,1,439,1,NaN,NaN,0,0.795860052108765
A016,A,1,440,1,NaN,NaN,0,0.770979881286621
A016,A,1,441,1,NaN,NaN,0,0.876158952713013
A016,A,1,442,1,NaN,NaN,0,1.00481510162354
A016,A,1,443,1,NaN,NaN,0,1.12321901321411
A016,A,1,444,0,NaN,NaN,1,NaN
A016,A,1,445,1,NaN,NaN,0,NaN
A016,A,1,446,NaN,0,1,NaN,NaN
A016,A,1,447,1,NaN,NaN,0,0.253751039505005
A016,A,1,448,1,NaN,NaN,0,0.478932857513428
A016,A,1,449,1,NaN,NaN,0,0.475075960159302
A016,A,1,450,1,NaN,NaN,0,0.368618965148926
A016,A,1,451,1,NaN,NaN,0,0.582494020462036
A016,A,1,452,1,NaN,NaN,0,0.48189902305603
A016,A,1,453,NaN,1,0,NaN,NaN
A016,A,1,454,1,NaN,NaN,0,0.403563976287842
A016,A,1,455,1,NaN,NaN,0,0.442239046096802
A016,A,1,456,1,NaN,NaN,0,0.405579090118408
A016,A,1,457,1,NaN,NaN,0,0.583080053329468
A016,A,1,458,1,NaN,NaN,0,0.650689840316772
A016,A,1,459,1,NaN,NaN,0,0.89047908782959
A016,A,1,460,1,NaN,NaN,0,0.838359117507935
A016,A,1,461,1,NaN,NaN,0,0.818115949630737
A016,A,1,462,1,NaN,NaN,0,0.65899395942688
A016,A,1,463,1,NaN,NaN,0,0.689979076385498
A016,A,1,464,1,NaN,NaN,0,0.687385082244873
A016,A,1,465,NaN,1,0,NaN,NaN
A016,A,1,466,1,NaN,NaN,0,0.303960084915161
A016,A,1,467,1,NaN,NaN,0,0.34383487701416
A016,A,1,468,1,NaN,NaN,0,0.537451982498169
A016,A,1,469,1,NaN,NaN,0,0.424858093261719
A016,A,1,470,1,NaN,NaN,0,0.350011110305786
A016,A,1,471,1,NaN,NaN,0,0.379776000976562
A016,A,1,472,1,NaN,NaN,0,0.543623924255371
A016,A,1,473,1,NaN,NaN,0,0.549848079681396
A016,A,1,474,NaN,1,0,NaN,NaN
A016,A,1,475,1,NaN,NaN,0,0.321975946426392
A016,A,1,476,1,NaN,NaN,0,0.311529874801636
A016,A,1,477,1,NaN,NaN,0,0.348246097564697
A016,A,1,478,1,NaN,NaN,0,0.3285071849823
A016,A,1,479,1,NaN,NaN,0,0.340137958526611
A016,A,1,480,NaN,1,0,NaN,NaN
A016,A,1,481,1,NaN,NaN,0,0.29271411895752
A016,A,1,482,1,NaN,NaN,0,0.357535123825073
A016,A,1,483,1,NaN,NaN,0,0.394250154495239
A016,A,1,484,1,NaN,NaN,0,0.444247961044312
A016,A,1,485,1,NaN,NaN,0,0.411723136901855
A016,A,1,486,1,NaN,NaN,0,0.374439001083374
A016,A,1,487,1,NaN,NaN,0,0.290786981582642
A016,A,1,488,NaN,0,1,NaN,NaN
A016,A,1,489,1,NaN,NaN,0,0.389374971389771
A016,A,1,490,1,NaN,NaN,0,0.392635107040405
A016,A,1,491,1,NaN,NaN,0,0.446148872375488
A016,A,1,492,1,NaN,NaN,0,0.425795078277588
A016,A,1,493,1,NaN,NaN,0,0.418385028839111
A016,A,1,494,1,NaN,NaN,0,0.567574977874756
A016,A,1,495,1,NaN,NaN,0,0.483999013900757
A016,A,1,496,1,NaN,NaN,0,0.548797845840454
A016,A,1,497,1,NaN,NaN,0,0.476697206497192
A016,A,1,498,1,NaN,NaN,0,0.47737717628479
A016,A,1,499,1,NaN,NaN,0,0.545707941055298
A016,A,1,500,1,NaN,NaN,0,0.555711030960083
A016,A,1,501,NaN,1,0,NaN,NaN
A016,A,1,502,1,NaN,NaN,0,0.285292148590088
A016,A,1,503,1,NaN,NaN,0,0.273184061050415
A016,A,1,504,1,NaN,NaN,0,0.302454948425293
A016,A,1,505,1,NaN,NaN,0,0.326705932617188
A016,A,1,506,1,NaN,NaN,0,0.224047899246216
A016,A,1,507,1,NaN,NaN,0,0.331363201141357
A016,A,1,508,NaN,0,1,NaN,NaN
A016,A,1,509,1,NaN,NaN,0,0.468816995620728
A016,A,1,510,1,NaN,NaN,0,0.545930862426758
A016,A,1,511,1,NaN,NaN,0,0.437662124633789
A016,A,1,512,1,NaN,NaN,0,0.459133863449097
A016,A,1,513,1,NaN,NaN,0,0.674431085586548
A016,A,1,514,1,NaN,NaN,0,0.948024988174438
A016,A,1,515,1,NaN,NaN,0,0.932013988494873
A016,A,1,516,0,NaN,NaN,1,NaN
A016,A,1,517,1,NaN,NaN,0,NaN
A016,A,1,518,1,NaN,NaN,0,0.176705121994019
A016,A,1,519,1,NaN,NaN,0,0.278139114379883
A016,A,1,520,NaN,0,1,NaN,NaN
A016,A,1,521,1,NaN,NaN,0,0.323080062866211
A016,A,1,522,1,NaN,NaN,0,0.361814975738525
A016,A,1,523,1,NaN,NaN,0,0.415010929107666
A016,A,1,524,NaN,1,0,NaN,NaN
A016,A,1,525,1,NaN,NaN,0,0.328492164611816
A016,A,1,526,1,NaN,NaN,0,0.369293928146362
A016,A,1,527,1,NaN,NaN,0,0.442934989929199
A016,A,1,528,1,NaN,NaN,0,0.323270797729492
A016,A,1,529,1,NaN,NaN,0,0.308474063873291
A016,A,1,530,1,NaN,NaN,0,0.39462685585022
A016,A,1,531,1,NaN,NaN,0,0.802605152130127
A016,A,1,532,1,NaN,NaN,0,0.507122993469238
A016,A,1,533,1,NaN,NaN,0,0.509407997131348
A016,A,1,534,1,NaN,NaN,0,0.477170944213867
A016,A,1,535,1,NaN,NaN,0,0.395201921463013
A016,A,1,536,1,NaN,NaN,0,0.392692089080811
A016,A,1,537,1,NaN,NaN,0,0.290035963058472
A016,A,1,538,NaN,0,1,NaN,NaN
A016,A,1,539,1,NaN,NaN,0,0.380717992782593
A016,A,1,540,1,NaN,NaN,0,0.368108987808228
A016,A,1,541,1,NaN,NaN,0,0.355746984481812
A016,A,1,542,1,NaN,NaN,0,0.326434135437012
A016,A,1,543,1,NaN,NaN,0,0.431166887283325
A016,A,1,544,1,NaN,NaN,0,0.499817848205566
A016,A,1,545,NaN,0,1,NaN,NaN
A016,A,1,546,1,NaN,NaN,0,0.325374126434326
A016,A,1,547,1,NaN,NaN,0,0.376541137695312
A016,A,1,548,1,NaN,NaN,0,0.352316856384277
A016,A,1,549,1,NaN,NaN,0,0.332957029342651
A016,A,1,550,1,NaN,NaN,0,0.378407001495361
A016,A,1,551,1,NaN,NaN,0,0.55156683921814
A016,A,1,552,1,NaN,NaN,0,0.645528078079224
A016,A,1,553,1,NaN,NaN,0,0.521987915039062
A016,A,1,554,1,NaN,NaN,0,0.4130859375
A016,A,1,555,1,NaN,NaN,0,0.486155986785889
A016,A,1,556,1,NaN,NaN,0,0.400378942489624
A016,A,1,557,NaN,0,1,NaN,NaN
A016,A,1,558,1,NaN,NaN,0,0.33870005607605
A016,A,1,559,1,NaN,NaN,0,0.40369701385498
A016,A,1,560,1,NaN,NaN,0,0.358654975891113
A016,A,1,561,1,NaN,NaN,0,0.323662996292114
A016,A,1,562,1,NaN,NaN,0,0.352596998214722
A016,A,1,563,1,NaN,NaN,0,0.269017934799194
A016,A,1,564,1,NaN,NaN,0,0.342273950576782
A016,A,1,565,NaN,0,1,NaN,NaN
A016,A,1,566,1,NaN,NaN,0,0.317443132400513
A016,A,1,567,1,NaN,NaN,0,0.329657077789307
A016,A,1,568,1,NaN,NaN,0,0.426899909973145
A016,A,1,569,NaN,1,0,NaN,NaN
A016,A,1,570,1,NaN,NaN,0,0.38043999671936
A016,A,1,571,1,NaN,NaN,0,0.315405130386353
A016,A,1,572,1,NaN,NaN,0,0.344902038574219
A016,A,1,573,1,NaN,NaN,0,0.328819990158081
A016,A,1,574,1,NaN,NaN,0,0.349001884460449
A016,A,1,575,1,NaN,NaN,0,0.385565996170044
A016,A,1,576,1,NaN,NaN,0,0.320693016052246
A016,A,1,577,1,NaN,NaN,0,0.569155931472778
A016,A,1,578,NaN,1,0,NaN,NaN
A016,A,1,579,1,NaN,NaN,0,0.747422933578491
A016,A,1,580,1,NaN,NaN,0,0.610090970993042
A016,A,1,581,1,NaN,NaN,0,0.508865118026733
A016,A,1,582,1,NaN,NaN,0,0.389431953430176
A016,A,1,583,1,NaN,NaN,0,0.476109981536865
A016,A,1,584,1,NaN,NaN,0,0.463673114776611
A016,A,1,585,1,NaN,NaN,0,0.548145055770874
A016,A,1,586,1,NaN,NaN,0,0.549411058425903
A016,A,1,587,1,NaN,NaN,0,0.418970108032227
A016,A,1,588,1,NaN,NaN,0,0.310707092285156
A016,A,1,589,1,NaN,NaN,0,0.268011093139648
A016,A,2,1,1,NaN,NaN,0,0.572245836257935
A016,A,2,2,1,NaN,NaN,0,0.366671085357666
A016,A,2,3,1,NaN,NaN,0,0.363691091537476
A016,A,2,4,1,NaN,NaN,0,0.293048143386841
A016,A,2,5,NaN,1,0,NaN,NaN
A016,A,2,6,1,NaN,NaN,0,0.277827978134155
A016,A,2,7,1,NaN,NaN,0,0.300961971282959
A016,A,2,8,1,NaN,NaN,0,0.316006898880005
A016,A,2,9,1,NaN,NaN,0,0.217495918273926
A016,A,2,10,1,NaN,NaN,0,0.290332078933716
A016,A,2,11,1,NaN,NaN,0,0.273015975952148
A016,A,2,12,1,NaN,NaN,0,0.19865083694458
A016,A,2,13,NaN,0,1,NaN,NaN
A016,A,2,14,1,NaN,NaN,0,0.291955947875977
A016,A,2,15,1,NaN,NaN,0,0.31725001335144
A016,A,2,16,1,NaN,NaN,0,0.387102842330933
A016,A,2,17,1,NaN,NaN,0,0.313602209091187
A016,A,2,18,1,NaN,NaN,0,0.287290096282959
A016,A,2,19,1,NaN,NaN,0,0.310532093048096
A016,A,2,20,1,NaN,NaN,0,0.323703050613403
A016,A,2,21,1,NaN,NaN,0,0.311459064483643
A016,A,2,22,1,NaN,NaN,0,0.347929954528809
A016,A,2,23,1,NaN,NaN,0,0.36863112449646
A016,A,2,24,NaN,1,0,NaN,NaN
A016,A,2,25,1,NaN,NaN,0,0.392421007156372
A016,A,2,26,1,NaN,NaN,0,0.40070104598999
A016,A,2,27,1,NaN,NaN,0,0.359137058258057
A016,A,2,28,1,NaN,NaN,0,0.306526184082031
A016,A,2,29,NaN,0,1,NaN,NaN
A016,A,2,30,1,NaN,NaN,0,0.354709148406982
A016,A,2,31,1,NaN,NaN,0,0.528012990951538
A016,A,2,32,1,NaN,NaN,0,0.403869867324829
A016,A,2,33,1,NaN,NaN,0,0.455302953720093
A016,A,2,34,1,NaN,NaN,0,0.46558690071106
A016,A,2,35,1,NaN,NaN,0,0.585845947265625
A016,A,2,36,1,NaN,NaN,0,0.674495935440063
A016,A,2,37,1,NaN,NaN,0,0.429775953292847
A016,A,2,38,1,NaN,NaN,0,0.306483030319214
A016,A,2,39,1,NaN,NaN,0,0.242846012115479
A016,A,2,40,1,NaN,NaN,0,0.397500038146973
A016,A,2,41,1,NaN,NaN,0,0.262217044830322
A016,A,2,42,1,NaN,NaN,0,0.272532939910889
A016,A,2,43,NaN,0,1,NaN,NaN
A016,A,2,44,1,NaN,NaN,0,0.354625940322876
A016,A,2,45,1,NaN,NaN,0,0.294747829437256
A016,A,2,46,1,NaN,NaN,0,0.295078039169312
A016,A,2,47,1,NaN,NaN,0,0.391798973083496
A016,A,2,48,1,NaN,NaN,0,0.434206008911133
A016,A,2,49,1,NaN,NaN,0,0.290917158126831
A016,A,2,50,1,NaN,NaN,0,0.48773193359375
A016,A,2,51,NaN,1,0,NaN,NaN
A016,A,2,52,1,NaN,NaN,0,0.316045045852661
A016,A,2,53,1,NaN,NaN,0,0.256814002990723
A016,A,2,54,1,NaN,NaN,0,0.288731098175049
A016,A,2,55,1,NaN,NaN,0,0.310662031173706
A016,A,2,56,1,NaN,NaN,0,0.347622871398926
A016,A,2,57,1,NaN,NaN,0,0.338618040084839
A016,A,2,58,1,NaN,NaN,0,0.307867050170898
A016,A,2,59,1,NaN,NaN,0,0.34615683555603
A016,A,2,60,NaN,0,1,NaN,NaN
A016,A,2,61,1,NaN,NaN,0,0.296783924102783
A016,A,2,62,1,NaN,NaN,0,0.475058794021606
A016,A,2,63,1,NaN,NaN,0,0.548144102096558
A016,A,2,64,1,NaN,NaN,0,0.704555988311768
A016,A,2,65,1,NaN,NaN,0,0.640688896179199
A016,A,2,66,1,NaN,NaN,0,0.617578029632568
A016,A,2,67,1,NaN,NaN,0,0.67703104019165
A016,A,2,68,1,NaN,NaN,0,0.745491981506348
A016,A,2,69,1,NaN,NaN,0,0.855483055114746
A016,A,2,70,NaN,1,0,NaN,NaN
A016,A,2,71,1,NaN,NaN,0,0.51083517074585
A016,A,2,72,1,NaN,NaN,0,0.512866973876953
A016,A,2,73,1,NaN,NaN,0,0.369606018066406
A016,A,2,74,1,NaN,NaN,0,0.456115007400513
A016,A,2,75,1,NaN,NaN,0,0.360188961029053
A016,A,2,76,1,NaN,NaN,0,0.336307048797607
A016,A,2,77,1,NaN,NaN,0,0.329200029373169
A016,A,2,78,NaN,1,0,NaN,NaN
A016,A,2,79,1,NaN,NaN,0,0.446947813034058
A016,A,2,80,1,NaN,NaN,0,0.354483842849731
A016,A,2,81,1,NaN,NaN,0,0.557769060134888
A016,A,2,82,1,NaN,NaN,0,0.886809825897217
A016,A,2,83,1,NaN,NaN,0,0.781260013580322
A016,A,2,84,1,NaN,NaN,0,0.480421781539917
A016,A,2,85,1,NaN,NaN,0,0.37775993347168
A016,A,2,86,NaN,0,1,NaN,NaN
A016,A,2,87,1,NaN,NaN,0,0.463284015655518
A016,A,2,88,1,NaN,NaN,0,0.382465124130249
A016,A,2,89,1,NaN,NaN,0,0.38192081451416
A016,A,2,90,1,NaN,NaN,0,0.392458915710449
A016,A,2,91,1,NaN,NaN,0,0.409857034683228
A016,A,2,92,1,NaN,NaN,0,0.475993156433105
A016,A,2,93,1,NaN,NaN,0,0.541562080383301
A016,A,2,94,1,NaN,NaN,0,0.416968107223511
A016,A,2,95,1,NaN,NaN,0,0.372988939285278
A016,A,2,96,1,NaN,NaN,0,0.337183952331543
A016,A,2,97,1,NaN,NaN,0,0.320509910583496
A016,A,2,98,NaN,0,1,NaN,NaN
A016,A,2,99,1,NaN,NaN,0,0.503813982009888
A016,A,2,100,1,NaN,NaN,0,0.364373922348022
A016,A,2,101,1,NaN,NaN,0,0.366984844207764
A016,A,2,102,1,NaN,NaN,0,0.355180978775024
A016,A,2,103,1,NaN,NaN,0,0.345170021057129
A016,A,2,104,NaN,1,0,NaN,NaN
A016,A,2,105,1,NaN,NaN,0,0.296628952026367
A016,A,2,106,1,NaN,NaN,0,0.341521978378296
A016,A,2,107,1,NaN,NaN,0,0.348610877990723
A016,A,2,108,1,NaN,NaN,0,0.312511920928955
A016,A,2,109,1,NaN,NaN,0,0.35700511932373
A016,A,2,110,1,NaN,NaN,0,0.375839948654175
A016,A,2,111,1,NaN,NaN,0,0.460252046585083
A016,A,2,112,NaN,1,0,NaN,NaN
A016,A,2,113,1,NaN,NaN,0,0.318051099777222
A016,A,2,114,1,NaN,NaN,0,0.383718013763428
A016,A,2,115,1,NaN,NaN,0,0.370810985565186
A016,A,2,116,1,NaN,NaN,0,0.341170072555542
A016,A,2,117,1,NaN,NaN,0,0.410231828689575
A016,A,2,118,1,NaN,NaN,0,0.380197048187256
A016,A,2,119,1,NaN,NaN,0,0.449876070022583
A016,A,2,120,1,NaN,NaN,0,0.473556041717529
A016,A,2,121,NaN,1,0,NaN,NaN
A016,A,2,122,1,NaN,NaN,0,0.416659116744995
A016,A,2,123,1,NaN,NaN,0,0.379745006561279
A016,A,2,124,1,NaN,NaN,0,0.333683013916016
A016,A,2,125,1,NaN,NaN,0,0.354691982269287
A016,A,2,126,1,NaN,NaN,0,0.289074897766113
A016,A,2,127,1,NaN,NaN,0,0.317207098007202
A016,A,2,128,NaN,0,1,NaN,NaN
A016,A,2,129,1,NaN,NaN,0,0.317287921905518
A016,A,2,130,1,NaN,NaN,0,0.365283966064453
A016,A,2,131,1,NaN,NaN,0,0.338829040527344
A016,A,2,132,1,NaN,NaN,0,0.437852144241333
A016,A,2,133,1,NaN,NaN,0,0.374285936355591
A016,A,2,134,1,NaN,NaN,0,0.690563917160034
A016,A,2,135,1,NaN,NaN,0,0.791738986968994
A016,A,2,136,1,NaN,NaN,0,0.796674013137817
A016,A,2,137,1,NaN,NaN,0,0.798439025878906
A016,A,2,138,1,NaN,NaN,0,0.73180079460144
A016,A,2,139,1,NaN,NaN,0,0.633347988128662
A016,A,2,140,NaN,1,0,NaN,NaN
A016,A,2,141,1,NaN,NaN,0,0.340322017669678
A016,A,2,142,1,NaN,NaN,0,0.353273153305054
A016,A,2,143,1,NaN,NaN,0,0.299075126647949
A016,A,2,144,1,NaN,NaN,0,0.288506031036377
A016,A,2,145,1,NaN,NaN,0,0.329254865646362
A016,A,2,146,1,NaN,NaN,0,0.251924991607666
A016,A,2,147,1,NaN,NaN,0,0.334795951843262
A016,A,2,148,1,NaN,NaN,0,0.30318284034729
A016,A,2,149,1,NaN,NaN,0,0.279896974563599
A016,A,2,150,NaN,1,0,NaN,NaN
A016,A,2,151,1,NaN,NaN,0,0.322292804718018
A016,A,2,152,1,NaN,NaN,0,0.304679870605469
A016,A,2,153,1,NaN,NaN,0,0.311320066452026
A016,A,2,154,1,NaN,NaN,0,0.336436033248901
A016,A,2,155,1,NaN,NaN,0,0.308307886123657
A016,A,2,156,1,NaN,NaN,0,0.292536020278931
A016,A,2,157,NaN,1,0,NaN,NaN
A016,A,2,158,1,NaN,NaN,0,0.343400001525879
A016,A,2,159,1,NaN,NaN,0,0.294872999191284
A016,A,2,160,1,NaN,NaN,0,0.315017938613892
A016,A,2,161,1,NaN,NaN,0,0.320507049560547
A016,A,2,162,1,NaN,NaN,0,0.246235847473145
A016,A,2,163,1,NaN,NaN,0,0.359085083007812
A016,A,2,164,1,NaN,NaN,0,0.331466913223267
A016,A,2,165,1,NaN,NaN,0,0.389236927032471
A016,A,2,166,1,NaN,NaN,0,0.4185950756073
A016,A,2,167,1,NaN,NaN,0,0.366292953491211
A016,A,2,168,NaN,1,0,NaN,NaN
A016,A,2,169,1,NaN,NaN,0,0.327183961868286
A016,A,2,170,1,NaN,NaN,0,0.360572099685669
A016,A,2,171,1,NaN,NaN,0,0.281988859176636
A016,A,2,172,1,NaN,NaN,0,0.369567155838013
A016,A,2,173,1,NaN,NaN,0,0.451548099517822
A016,A,2,174,1,NaN,NaN,0,0.480666160583496
A016,A,2,175,1,NaN,NaN,0,0.501852035522461
A016,A,2,176,1,NaN,NaN,0,0.451528072357178
A016,A,2,177,1,NaN,NaN,0,0.396406888961792
A016,A,2,178,NaN,1,0,NaN,NaN
A016,A,2,179,1,NaN,NaN,0,0.321349859237671
A016,A,2,180,1,NaN,NaN,0,0.336735010147095
A016,A,2,181,1,NaN,NaN,0,0.5243239402771
A016,A,2,182,1,NaN,NaN,0,0.749161005020142
A016,A,2,183,1,NaN,NaN,0,0.64483380317688
A016,A,2,184,1,NaN,NaN,0,0.448999881744385
A016,A,2,185,1,NaN,NaN,0,0.417918920516968
A016,A,2,186,1,NaN,NaN,0,0.357131004333496
A016,A,2,187,NaN,0,1,NaN,NaN
A016,A,2,188,1,NaN,NaN,0,0.383486032485962
A016,A,2,189,1,NaN,NaN,0,0.331624031066895
A016,A,2,190,1,NaN,NaN,0,0.399697065353394
A016,A,2,191,1,NaN,NaN,0,0.398076057434082
A016,A,2,192,1,NaN,NaN,0,0.462815999984741
A016,A,2,193,1,NaN,NaN,0,0.351656913757324
A016,A,2,194,1,NaN,NaN,0,0.31207013130188
A016,A,2,195,1,NaN,NaN,0,0.221574783325195
A016,A,2,196,1,NaN,NaN,0,0.36679482460022
A016,A,2,197,NaN,0,1,NaN,NaN
A016,A,2,198,1,NaN,NaN,0,0.398581981658936
A016,A,2,199,1,NaN,NaN,0,0.407100915908813
A016,A,2,200,1,NaN,NaN,0,0.417198181152344
A016,A,2,201,1,NaN,NaN,0,0.337048053741455
A016,A,2,202,1,NaN,NaN,0,0.398416996002197
A016,A,2,203,NaN,0,1,NaN,NaN
A016,A,2,204,1,NaN,NaN,0,0.342081069946289
A016,A,2,205,1,NaN,NaN,0,0.451056003570557
A016,A,2,206,1,NaN,NaN,0,0.622184038162231
A016,A,2,207,1,NaN,NaN,0,0.711950063705444
A016,A,2,208,1,NaN,NaN,0,0.869930028915405
A016,A,2,209,1,NaN,NaN,0,0.738993167877197
A016,A,2,210,1,NaN,NaN,0,0.807544946670532
A016,A,2,211,1,NaN,NaN,0,0.906159162521362
A016,A,2,212,NaN,1,0,NaN,NaN
A016,A,2,213,1,NaN,NaN,0,0.495496034622192
A016,A,2,214,1,NaN,NaN,0,0.548113107681274
A016,A,2,215,1,NaN,NaN,0,0.805220127105713
A016,A,2,216,1,NaN,NaN,0,0.864108800888062
A016,A,2,217,1,NaN,NaN,0,0.760531902313232
A016,A,2,218,1,NaN,NaN,0,0.843103170394897
A016,A,2,219,1,NaN,NaN,0,0.865600109100342
A016,A,2,220,1,NaN,NaN,0,0.718487977981567
A016,A,2,221,NaN,1,0,NaN,NaN
A016,A,2,222,1,NaN,NaN,0,0.371857881546021
A016,A,2,223,1,NaN,NaN,0,0.433007001876831
A016,A,2,224,1,NaN,NaN,0,0.55805516242981
A016,A,2,225,1,NaN,NaN,0,0.571279048919678
A016,A,2,226,1,NaN,NaN,0,0.401417970657349
A016,A,2,227,NaN,0,1,NaN,NaN
A016,A,2,228,1,NaN,NaN,0,0.370929956436157
A016,A,2,229,1,NaN,NaN,0,0.428232192993164
A016,A,2,230,1,NaN,NaN,0,0.406638860702515
A016,A,2,231,1,NaN,NaN,0,0.467236042022705
A016,A,2,232,1,NaN,NaN,0,0.405112028121948
A016,A,2,233,1,NaN,NaN,0,0.678647994995117
A016,A,2,234,1,NaN,NaN,0,0.379287004470825
A016,A,2,235,1,NaN,NaN,0,0.252300024032593
A016,A,2,236,NaN,0,1,NaN,NaN
A016,A,2,237,1,NaN,NaN,0,0.3995521068573
A016,A,2,238,1,NaN,NaN,0,0.454457998275757
A016,A,2,239,1,NaN,NaN,0,0.361151933670044
A016,A,2,240,1,NaN,NaN,0,0.318727970123291
A016,A,2,241,1,NaN,NaN,0,0.347610950469971
A016,A,2,242,1,NaN,NaN,0,0.469880104064941
A016,A,2,243,1,NaN,NaN,0,0.626575946807861
A016,A,2,244,1,NaN,NaN,0,0.508553981781006
A016,A,2,245,1,NaN,NaN,0,0.648767948150635
A016,A,2,246,1,NaN,NaN,0,0.506036043167114
A016,A,2,247,NaN,0,1,NaN,NaN
A016,A,2,248,1,NaN,NaN,0,0.441789150238037
A016,A,2,249,1,NaN,NaN,0,0.493781089782715
A016,A,2,250,1,NaN,NaN,0,0.449131965637207
A016,A,2,251,1,NaN,NaN,0,0.419280052185059
A016,A,2,252,1,NaN,NaN,0,0.353518009185791
A016,A,2,253,1,NaN,NaN,0,0.312705039978027
A016,A,2,254,1,NaN,NaN,0,0.335823059082031
A016,A,2,255,1,NaN,NaN,0,0.336199998855591
A016,A,2,256,1,NaN,NaN,0,NaN
A016,A,2,257,1,NaN,NaN,0,0.270582914352417
A016,A,2,258,1,NaN,NaN,0,0.3910071849823
A016,A,2,259,NaN,1,0,NaN,NaN
A016,A,2,260,1,NaN,NaN,0,0.362110137939453
A016,A,2,261,1,NaN,NaN,0,0.425403833389282
A016,A,2,262,1,NaN,NaN,0,0.384766101837158
A016,A,2,263,1,NaN,NaN,0,0.375610828399658
A016,A,2,264,1,NaN,NaN,0,0.485574960708618
A016,A,2,265,NaN,0,1,NaN,NaN
A016,A,2,266,1,NaN,NaN,0,0.340349197387695
A016,A,2,267,1,NaN,NaN,0,0.347366094589233
A016,A,2,268,1,NaN,NaN,0,0.388442039489746
A016,A,2,269,1,NaN,NaN,0,0.558439016342163
A016,A,2,270,1,NaN,NaN,0,0.704020023345947
A016,A,2,271,1,NaN,NaN,0,0.83914589881897
A016,A,2,272,NaN,1,0,NaN,NaN
A016,A,2,273,1,NaN,NaN,0,0.61556601524353
A016,A,2,274,1,NaN,NaN,0,0.55095911026001
A016,A,2,275,1,NaN,NaN,0,0.47602105140686
A016,A,2,276,1,NaN,NaN,0,0.413279056549072
A016,A,2,277,1,NaN,NaN,0,0.442605018615723
A016,A,2,278,1,NaN,NaN,0,0.291585922241211
A016,A,2,279,1,NaN,NaN,0,0.392075061798096
A016,A,2,280,1,NaN,NaN,0,0.373409032821655
A016,A,2,281,1,NaN,NaN,0,0.329645156860352
A016,A,2,282,1,NaN,NaN,0,0.293715000152588
A016,A,2,283,1,NaN,NaN,0,0.330875873565674
A016,A,2,284,NaN,1,0,NaN,NaN
A016,A,2,285,1,NaN,NaN,0,0.3211510181427
A016,A,2,286,1,NaN,NaN,0,0.288938999176025
A016,A,2,287,1,NaN,NaN,0,0.35403299331665
A016,A,2,288,1,NaN,NaN,0,0.487185001373291
A016,A,2,289,1,NaN,NaN,0,0.508503913879395
A016,A,2,290,1,NaN,NaN,0,0.417906045913696
A016,A,2,291,1,NaN,NaN,0,0.347880125045776
A016,A,2,292,1,NaN,NaN,0,0.381915092468262
A016,A,2,293,1,NaN,NaN,0,0.392748832702637
A016,A,2,294,1,NaN,NaN,0,0.613968849182129
A016,A,2,295,1,NaN,NaN,0,0.722172975540161
A016,A,2,296,NaN,1,0,NaN,NaN
A016,A,2,297,1,NaN,NaN,0,0.409033060073853
A016,A,2,298,1,NaN,NaN,0,0.471440076828003
A016,A,2,299,1,NaN,NaN,0,0.452558040618896
A016,A,2,300,NaN,1,0,NaN,NaN
A016,A,2,301,1,NaN,NaN,0,0.389135122299194
A016,A,2,302,1,NaN,NaN,0,0.513678073883057
A016,A,2,303,1,NaN,NaN,0,0.548471927642822
A016,A,2,304,1,NaN,NaN,0,0.513835906982422
A016,A,2,305,1,NaN,NaN,0,0.400346040725708
A016,A,2,306,1,NaN,NaN,0,0.358443021774292
A016,A,2,307,1,NaN,NaN,0,0.307904958724976
A016,A,2,308,1,NaN,NaN,0,0.341173887252808
A016,A,2,309,NaN,1,0,NaN,NaN
A016,A,2,310,1,NaN,NaN,0,0.505486011505127
A016,A,2,311,1,NaN,NaN,0,0.44382119178772
A016,A,2,312,1,NaN,NaN,0,0.373350858688354
A016,A,2,313,1,NaN,NaN,0,0.430582046508789
A016,A,2,314,1,NaN,NaN,0,0.343143939971924
A016,A,2,315,1,NaN,NaN,0,0.768043041229248
A016,A,2,316,1,NaN,NaN,0,0.574959993362427
A016,A,2,317,NaN,1,0,NaN,NaN
A016,A,2,318,1,NaN,NaN,0,0.326988935470581
A016,A,2,319,1,NaN,NaN,0,0.389072179794312
A016,A,2,320,1,NaN,NaN,0,0.406710147857666
A016,A,2,321,1,NaN,NaN,0,0.454207181930542
A016,A,2,322,1,NaN,NaN,0,0.409778833389282
A016,A,2,323,1,NaN,NaN,0,0.400688886642456
A016,A,2,324,1,NaN,NaN,0,0.425090074539185
A016,A,2,325,1,NaN,NaN,0,0.321640014648438
A016,A,2,326,1,NaN,NaN,0,0.427557945251465
A016,A,2,327,1,NaN,NaN,0,0.444772958755493
A016,A,2,328,1,NaN,NaN,0,0.524565935134888
A016,A,2,329,1,NaN,NaN,0,0.469003915786743
A016,A,2,330,1,NaN,NaN,0,0.758358001708984
A016,A,2,331,NaN,1,0,NaN,NaN
A016,A,2,332,1,NaN,NaN,0,0.445040941238403
A016,A,2,333,1,NaN,NaN,0,0.727402925491333
A016,A,2,334,1,NaN,NaN,0,0.755683898925781
A016,A,2,335,NaN,1,0,NaN,NaN
A016,A,2,336,1,NaN,NaN,0,0.341674089431763
A016,A,2,337,1,NaN,NaN,0,0.435877799987793
A016,A,2,338,1,NaN,NaN,0,0.398464918136597
A016,A,2,339,1,NaN,NaN,0,0.522927045822144
A016,A,2,340,1,NaN,NaN,0,0.546284914016724
A016,A,2,341,1,NaN,NaN,0,0.572983980178833
A016,A,2,342,1,NaN,NaN,0,0.658793926239014
A016,A,2,343,1,NaN,NaN,0,0.803821086883545
A016,A,2,344,1,NaN,NaN,0,0.814949035644531
A016,A,2,345,1,NaN,NaN,0,0.96404504776001
A016,A,2,346,1,NaN,NaN,0,0.947281122207642
A016,A,2,347,NaN,1,0,NaN,NaN
A016,A,2,348,1,NaN,NaN,0,0.303509950637817
A016,A,2,349,1,NaN,NaN,0,0.328561067581177
A016,A,2,350,1,NaN,NaN,0,0.450211048126221
A016,A,2,351,1,NaN,NaN,0,0.415474891662598
A016,A,2,352,1,NaN,NaN,0,0.396476984024048
A016,A,2,353,1,NaN,NaN,0,0.562932968139648
A016,A,2,354,NaN,1,0,NaN,NaN
A016,A,2,355,1,NaN,NaN,0,0.589096069335938
A016,A,2,356,1,NaN,NaN,0,0.434328079223633
A016,A,2,357,1,NaN,NaN,0,0.387990951538086
A016,A,2,358,1,NaN,NaN,0,0.31903600692749
A016,A,2,359,1,NaN,NaN,0,NaN
A016,A,2,360,1,NaN,NaN,0,0.331566095352173
A016,A,2,361,1,NaN,NaN,0,0.315845012664795
A016,A,2,362,1,NaN,NaN,0,0.448404788970947
A016,A,2,363,1,NaN,NaN,0,0.609642028808594
A016,A,2,364,NaN,1,0,NaN,NaN
A016,A,2,365,1,NaN,NaN,0,0.345292091369629
A016,A,2,366,1,NaN,NaN,0,0.356430053710938
A016,A,2,367,1,NaN,NaN,0,0.369235038757324
A016,A,2,368,1,NaN,NaN,0,0.402137994766235
A016,A,2,369,1,NaN,NaN,0,0.38987398147583
A016,A,2,370,1,NaN,NaN,0,0.337000131607056
A016,A,2,371,1,NaN,NaN,0,0.31184983253479
A016,A,2,372,1,NaN,NaN,0,0.37755298614502
A016,A,2,373,1,NaN,NaN,0,0.40617299079895
A016,A,2,374,1,NaN,NaN,0,0.457756042480469
A016,A,2,375,NaN,1,0,NaN,NaN
A016,A,2,376,1,NaN,NaN,0,0.363939762115479
A016,A,2,377,1,NaN,NaN,0,0.353341102600098
A016,A,2,378,1,NaN,NaN,0,0.486415147781372
A016,A,2,379,1,NaN,NaN,0,0.448677062988281
A016,A,2,380,1,NaN,NaN,0,0.510093212127686
A016,A,2,381,1,NaN,NaN,0,0.406566858291626
A016,A,2,382,NaN,0,1,NaN,NaN
A016,A,2,383,1,NaN,NaN,0,0.327579021453857
A016,A,2,384,1,NaN,NaN,0,0.560237884521484
A016,A,2,385,1,NaN,NaN,0,0.654839992523193
A016,A,2,386,1,NaN,NaN,0,0.563192844390869
A016,A,2,387,1,NaN,NaN,0,0.819978952407837
A016,A,2,388,1,NaN,NaN,0,0.795032978057861
A016,A,2,389,1,NaN,NaN,0,0.771472215652466
A016,A,2,390,1,NaN,NaN,0,0.972110986709595
A016,A,2,391,NaN,0,1,NaN,NaN
A016,A,2,392,1,NaN,NaN,0,0.366650104522705
A016,A,2,393,1,NaN,NaN,0,0.336083889007568
A016,A,2,394,1,NaN,NaN,0,0.530468225479126
A016,A,2,395,1,NaN,NaN,0,0.572016954421997
A016,A,2,396,1,NaN,NaN,0,0.556526899337769
A016,A,2,397,1,NaN,NaN,0,0.488729953765869
A016,A,2,398,NaN,1,0,NaN,NaN
A016,A,2,399,1,NaN,NaN,0,0.530747175216675
A016,A,2,400,1,NaN,NaN,0,0.482562065124512
A016,A,2,401,1,NaN,NaN,0,0.744079113006592
A016,A,2,402,1,NaN,NaN,0,0.614452123641968
A016,A,2,403,1,NaN,NaN,0,0.584681034088135
A016,A,2,404,1,NaN,NaN,0,0.498963117599487
A016,A,2,405,1,NaN,NaN,0,0.449363946914673
A016,A,2,406,1,NaN,NaN,0,0.322683095932007
A016,A,2,407,1,NaN,NaN,0,0.319295167922974
A016,A,2,408,1,NaN,NaN,0,0.383530855178833
A016,A,2,409,1,NaN,NaN,0,0.409679889678955
A016,A,2,410,NaN,1,0,NaN,NaN
A016,A,2,411,1,NaN,NaN,0,0.628377199172974
A016,A,2,412,1,NaN,NaN,0,0.439996004104614
A016,A,2,413,1,NaN,NaN,0,0.409608125686646
A016,A,2,414,1,NaN,NaN,0,0.337121963500977
A016,A,2,415,1,NaN,NaN,0,0.332967042922974
A016,A,2,416,1,NaN,NaN,0,0.317283153533936
A016,A,2,417,1,NaN,NaN,0,0.343271017074585
A016,A,2,418,1,NaN,NaN,0,0.408060073852539
A016,A,2,419,NaN,1,0,NaN,NaN
A016,A,2,420,1,NaN,NaN,0,0.405846118927002
A016,A,2,421,1,NaN,NaN,0,0.434883117675781
A016,A,2,422,1,NaN,NaN,0,0.378726959228516
A016,A,2,423,1,NaN,NaN,0,0.423733949661255
A016,A,2,424,1,NaN,NaN,0,0.478669881820679
A016,A,2,425,1,NaN,NaN,0,0.628235816955566
A016,A,2,426,1,NaN,NaN,0,0.961264133453369
A016,A,2,427,1,NaN,NaN,0,0.846421003341675
A016,A,2,428,1,NaN,NaN,0,0.670526027679443
A016,A,2,429,NaN,1,0,NaN,NaN
A016,A,2,430,1,NaN,NaN,0,0.36720609664917
A016,A,2,431,1,NaN,NaN,0,0.420300006866455
A016,A,2,432,1,NaN,NaN,0,0.587277173995972
A016,A,2,433,1,NaN,NaN,0,0.456075191497803
A016,A,2,434,1,NaN,NaN,0,0.484637022018433
A016,A,2,435,1,NaN,NaN,0,0.669189214706421
A016,A,2,436,1,NaN,NaN,0,0.514003992080688
A016,A,2,437,NaN,0,1,NaN,NaN
A016,A,2,438,1,NaN,NaN,0,0.392660140991211
A016,A,2,439,1,NaN,NaN,0,0.397069931030273
A016,A,2,440,1,NaN,NaN,0,0.410291910171509
A016,A,2,441,1,NaN,NaN,0,0.499361991882324
A016,A,2,442,1,NaN,NaN,0,0.43921685218811
A016,A,2,443,1,NaN,NaN,0,0.417098999023438
A016,A,2,444,1,NaN,NaN,0,0.42467999458313
A016,A,2,445,1,NaN,NaN,0,0.408046960830688
A016,A,2,446,1,NaN,NaN,0,0.534734010696411
A016,A,2,447,1,NaN,NaN,0,0.619565963745117
A016,A,2,448,NaN,1,0,NaN,NaN
A016,A,2,449,1,NaN,NaN,0,0.292146921157837
A016,A,2,450,1,NaN,NaN,0,0.370810985565186
A016,A,2,451,1,NaN,NaN,0,0.338767051696777
A016,A,2,452,1,NaN,NaN,0,0.437194108963013
A016,A,2,453,1,NaN,NaN,0,0.853760004043579
A016,A,2,454,NaN,1,0,NaN,NaN
A016,A,2,455,1,NaN,NaN,0,0.417156934738159
A016,A,2,456,1,NaN,NaN,0,0.546632051467896
A016,A,2,457,1,NaN,NaN,0,0.7359619140625
A016,A,2,458,1,NaN,NaN,0,0.787898063659668
A016,A,2,459,1,NaN,NaN,0,0.551474809646606
A016,A,2,460,1,NaN,NaN,0,0.401466846466064
A016,A,2,461,1,NaN,NaN,0,0.390074014663696
A016,A,2,462,1,NaN,NaN,0,0.326953172683716
A016,A,2,463,1,NaN,NaN,0,0.293720960617065
A016,A,2,464,NaN,1,0,NaN,NaN
A016,A,2,465,1,NaN,NaN,0,0.305773019790649
A016,A,2,466,1,NaN,NaN,0,0.28521203994751
A016,A,2,467,1,NaN,NaN,0,0.315281867980957
A016,A,2,468,1,NaN,NaN,0,0.242749929428101
A016,A,2,469,1,NaN,NaN,0,0.182736873626709
A016,A,2,470,1,NaN,NaN,0,0.279027938842773
A016,A,2,471,1,NaN,NaN,0,0.299892902374268
A016,A,2,472,NaN,0,1,NaN,NaN
A016,A,2,473,1,NaN,NaN,0,0.307832002639771
A016,A,2,474,1,NaN,NaN,0,0.349058151245117
A016,A,2,475,1,NaN,NaN,0,0.386084079742432
A016,A,2,476,1,NaN,NaN,0,0.293642997741699
A016,A,2,477,1,NaN,NaN,0,0.300738096237183
A016,A,2,478,1,NaN,NaN,0,0.197478055953979
A016,A,2,479,1,NaN,NaN,0,0.284430980682373
A016,A,2,480,NaN,0,1,NaN,NaN
A016,A,2,481,1,NaN,NaN,0,0.28842306137085
A016,A,2,482,1,NaN,NaN,0,0.331494808197021
A016,A,2,483,1,NaN,NaN,0,0.509258985519409
A016,A,2,484,1,NaN,NaN,0,0.506220817565918
A016,A,2,485,1,NaN,NaN,0,0.479151964187622
A016,A,2,486,1,NaN,NaN,0,0.413250207901001
A016,A,2,487,1,NaN,NaN,0,0.425681829452515
A016,A,2,488,1,NaN,NaN,0,0.430166006088257
A016,A,2,489,1,NaN,NaN,0,0.386482954025269
A016,A,2,490,1,NaN,NaN,0,0.349545955657959
A016,A,2,491,NaN,1,0,NaN,NaN
A016,A,2,492,1,NaN,NaN,0,0.322530031204224
A016,A,2,493,1,NaN,NaN,0,0.333916187286377
A016,A,2,494,1,NaN,NaN,0,0.326371192932129
A016,A,2,495,1,NaN,NaN,0,0.334547996520996
A016,A,2,496,1,NaN,NaN,0,0.331187963485718
A016,A,2,497,1,NaN,NaN,0,0.328197002410889
A016,A,2,498,1,NaN,NaN,0,0.343493938446045
A016,A,2,499,1,NaN,NaN,0,0.272109031677246
A016,A,2,500,NaN,0,1,NaN,NaN
A016,A,2,501,1,NaN,NaN,0,0.318663120269775
A016,A,2,502,1,NaN,NaN,0,0.271898031234741
A016,A,2,503,1,NaN,NaN,0,0.292520046234131
A016,A,2,504,1,NaN,NaN,0,0.357367038726807
A016,A,2,505,1,NaN,NaN,0,0.302541017532349
A016,A,2,506,1,NaN,NaN,0,0.28374195098877
A016,A,2,507,1,NaN,NaN,0,0.320004940032959
A016,A,3,1,1,NaN,NaN,0,0.436289072036743
A016,A,3,2,1,NaN,NaN,0,0.363224029541016
A016,A,3,3,1,NaN,NaN,0,0.403698205947876
A016,A,3,4,1,NaN,NaN,0,0.356890201568604
A016,A,3,5,NaN,1,0,NaN,NaN
A016,A,3,6,1,NaN,NaN,0,0.21017599105835
A016,A,3,7,1,NaN,NaN,0,0.321409940719604
A016,A,3,8,1,NaN,NaN,0,0.275752067565918
A016,A,3,9,1,NaN,NaN,0,0.257023096084595
A016,A,3,10,1,NaN,NaN,0,0.307423114776611
A016,A,3,11,1,NaN,NaN,0,0.292244911193848
A016,A,3,12,1,NaN,NaN,0,0.856703996658325
A016,A,3,13,1,NaN,NaN,0,0.490395069122314
A016,A,3,14,1,NaN,NaN,0,0.317022085189819
A016,A,3,15,1,NaN,NaN,0,0.275042057037354
A016,A,3,16,NaN,0,1,NaN,NaN
A016,A,3,17,1,NaN,NaN,0,0.509480953216553
A016,A,3,18,1,NaN,NaN,0,0.310338020324707
A016,A,3,19,1,NaN,NaN,0,0.360768795013428
A016,A,3,20,1,NaN,NaN,0,0.36565113067627
A016,A,3,21,1,NaN,NaN,0,0.286999940872192
A016,A,3,22,1,NaN,NaN,0,0.284868001937866
A016,A,3,23,1,NaN,NaN,0,0.339815139770508
A016,A,3,24,1,NaN,NaN,0,0.302789211273193
A016,A,3,25,1,NaN,NaN,0,0.376077175140381
A016,A,3,26,NaN,1,0,NaN,NaN
A016,A,3,27,1,NaN,NaN,0,0.276530027389526
A016,A,3,28,1,NaN,NaN,0,0.298048973083496
A016,A,3,29,1,NaN,NaN,0,0.317212104797363
A016,A,3,30,1,NaN,NaN,0,0.314712047576904
A016,A,3,31,NaN,0,1,NaN,NaN
A016,A,3,32,1,NaN,NaN,0,0.560002088546753
A016,A,3,33,1,NaN,NaN,0,0.300642967224121
A016,A,3,34,1,NaN,NaN,0,0.520241022109985
A016,A,3,35,1,NaN,NaN,0,0.400006055831909
A016,A,3,36,1,NaN,NaN,0,0.389242172241211
A016,A,3,37,1,NaN,NaN,0,0.339965105056763
A016,A,3,38,1,NaN,NaN,0,0.282132148742676
A016,A,3,39,1,NaN,NaN,0,0.236259937286377
A016,A,3,40,1,NaN,NaN,0,0.309292078018188
A016,A,3,41,1,NaN,NaN,0,0.300478935241699
A016,A,3,42,1,NaN,NaN,0,0.298395872116089
A016,A,3,43,1,NaN,NaN,0,NaN
A016,A,3,44,NaN,0,1,NaN,NaN
A016,A,3,45,1,NaN,NaN,0,0.250005006790161
A016,A,3,46,1,NaN,NaN,0,0.310710906982422
A016,A,3,47,1,NaN,NaN,0,0.360797882080078
A016,A,3,48,1,NaN,NaN,0,0.309771060943604
A016,A,3,49,NaN,0,1,NaN,NaN
A016,A,3,50,1,NaN,NaN,0,0.150431871414185
A016,A,3,51,1,NaN,NaN,0,0.283000230789185
A016,A,3,52,1,NaN,NaN,0,0.390213012695312
A016,A,3,53,1,NaN,NaN,0,0.382573127746582
A016,A,3,54,1,NaN,NaN,0,0.305767059326172
A016,A,3,55,1,NaN,NaN,0,0.288072824478149
A016,A,3,56,1,NaN,NaN,0,0.493858814239502
A016,A,3,57,1,NaN,NaN,0,0.524654865264893
A016,A,3,58,NaN,0,1,NaN,NaN
A016,A,3,59,1,NaN,NaN,0,0.563678026199341
A016,A,3,60,1,NaN,NaN,0,0.414239883422852
A016,A,3,61,1,NaN,NaN,0,0.309721946716309
A016,A,3,62,1,NaN,NaN,0,0.335011005401611
A016,A,3,63,1,NaN,NaN,0,0.30648398399353
A016,A,3,64,1,NaN,NaN,0,0.322497129440308
A016,A,3,65,NaN,0,1,NaN,NaN
A016,A,3,66,1,NaN,NaN,0,0.37050199508667
A016,A,3,67,1,NaN,NaN,0,0.317675828933716
A016,A,3,68,1,NaN,NaN,0,0.34777307510376
A016,A,3,69,1,NaN,NaN,0,0.379951953887939
A016,A,3,70,1,NaN,NaN,0,0.3021080493927
A016,A,3,71,1,NaN,NaN,0,0.245609998703003
A016,A,3,72,1,NaN,NaN,0,0.406979084014893
A016,A,3,73,1,NaN,NaN,0,0.483752012252808
A016,A,3,74,1,NaN,NaN,0,0.493834972381592
A016,A,3,75,1,NaN,NaN,0,0.595211029052734
A016,A,3,76,1,NaN,NaN,0,0.746140956878662
A016,A,3,77,NaN,1,0,NaN,NaN
A016,A,3,78,1,NaN,NaN,0,0.303508996963501
A016,A,3,79,1,NaN,NaN,0,0.340035915374756
A016,A,3,80,1,NaN,NaN,0,0.354290008544922
A016,A,3,81,1,NaN,NaN,0,0.36898398399353
A016,A,3,82,1,NaN,NaN,0,0.377565145492554
A016,A,3,83,1,NaN,NaN,0,0.28987717628479
A016,A,3,84,1,NaN,NaN,0,0.342956066131592
A016,A,3,85,NaN,0,1,NaN,NaN
A016,A,3,86,1,NaN,NaN,0,0.33375883102417
A016,A,3,87,1,NaN,NaN,0,0.490386962890625
A016,A,3,88,1,NaN,NaN,0,0.460684061050415
A016,A,3,89,1,NaN,NaN,0,0.358331918716431
A016,A,3,90,1,NaN,NaN,0,0.374125003814697
A016,A,3,91,1,NaN,NaN,0,0.326504945755005
A016,A,3,92,1,NaN,NaN,0,0.412051916122437
A016,A,3,93,1,NaN,NaN,0,0.361196994781494
A016,A,3,94,1,NaN,NaN,0,0.382494926452637
A016,A,3,95,1,NaN,NaN,0,0.50815486907959
A016,A,3,96,NaN,1,0,NaN,NaN
A016,A,3,97,1,NaN,NaN,0,0.393109083175659
A016,A,3,98,1,NaN,NaN,0,0.430834054946899
A016,A,3,99,1,NaN,NaN,0,0.4967041015625
A016,A,3,100,1,NaN,NaN,0,0.480104923248291
A016,A,3,101,1,NaN,NaN,0,0.429746150970459
A016,A,3,102,1,NaN,NaN,0,0.382588863372803
A016,A,3,103,NaN,1,0,NaN,NaN
A016,A,3,104,1,NaN,NaN,0,0.403877973556519
A016,A,3,105,1,NaN,NaN,0,0.455468893051147
A016,A,3,106,1,NaN,NaN,0,0.360244035720825
A016,A,3,107,1,NaN,NaN,0,0.426394939422607
A016,A,3,108,1,NaN,NaN,0,0.47685980796814
A016,A,3,109,1,NaN,NaN,0,0.49766993522644
A016,A,3,110,1,NaN,NaN,0,0.478591918945312
A016,A,3,111,1,NaN,NaN,0,0.406105041503906
A016,A,3,112,1,NaN,NaN,0,0.400099992752075
A016,A,3,113,1,NaN,NaN,0,0.382968187332153
A016,A,3,114,NaN,1,0,NaN,NaN
A016,A,3,115,1,NaN,NaN,0,0.389214992523193
A016,A,3,116,1,NaN,NaN,0,0.354098081588745
A016,A,3,117,1,NaN,NaN,0,0.358772039413452
A016,A,3,118,1,NaN,NaN,0,0.420758962631226
A016,A,3,119,1,NaN,NaN,0,0.394374132156372
A016,A,3,120,1,NaN,NaN,0,0.434196949005127
A016,A,3,121,1,NaN,NaN,0,0.350219011306763
A016,A,3,122,1,NaN,NaN,0,0.404299974441528
A016,A,3,123,NaN,1,0,NaN,NaN
A016,A,3,124,1,NaN,NaN,0,0.306428909301758
A016,A,3,125,1,NaN,NaN,0,0.337929964065552
A016,A,3,126,1,NaN,NaN,0,0.331222057342529
A016,A,3,127,1,NaN,NaN,0,0.356995105743408
A016,A,3,128,1,NaN,NaN,0,0.417475938796997
A016,A,3,129,1,NaN,NaN,0,0.415421009063721
A016,A,3,130,NaN,1,0,NaN,NaN
A016,A,3,131,1,NaN,NaN,0,0.3647780418396
A016,A,3,132,1,NaN,NaN,0,0.353450059890747
A016,A,3,133,1,NaN,NaN,0,0.344810009002686
A016,A,3,134,1,NaN,NaN,0,0.470351934432983
A016,A,3,135,1,NaN,NaN,0,0.38205099105835
A016,A,3,136,1,NaN,NaN,0,0.466901063919067
A016,A,3,137,NaN,0,1,NaN,NaN
A016,A,3,138,1,NaN,NaN,0,0.390658140182495
A016,A,3,139,1,NaN,NaN,0,0.366427898406982
A016,A,3,140,1,NaN,NaN,0,0.595464944839478
A016,A,3,141,1,NaN,NaN,0,0.473978042602539
A016,A,3,142,1,NaN,NaN,0,0.728492975234985
A016,A,3,143,1,NaN,NaN,0,0.8731529712677
A016,A,3,144,1,NaN,NaN,0,0.779327154159546
A016,A,3,145,1,NaN,NaN,0,0.568850040435791
A016,A,3,146,NaN,1,0,NaN,NaN
A016,A,3,147,1,NaN,NaN,0,0.398426055908203
A016,A,3,148,1,NaN,NaN,0,0.419909000396729
A016,A,3,149,1,NaN,NaN,0,0.356096982955933
A016,A,3,150,1,NaN,NaN,0,0.353185892105103
A016,A,3,151,1,NaN,NaN,0,0.333210945129395
A016,A,3,152,1,NaN,NaN,0,0.408490180969238
A016,A,3,153,1,NaN,NaN,0,0.462235927581787
A016,A,3,154,1,NaN,NaN,0,0.427335023880005
A016,A,3,155,1,NaN,NaN,0,0.404181003570557
A016,A,3,156,1,NaN,NaN,0,0.329249143600464
A016,A,3,157,NaN,0,1,NaN,NaN
A016,A,3,158,1,NaN,NaN,0,0.328833103179932
A016,A,3,159,1,NaN,NaN,0,0.462523937225342
A016,A,3,160,1,NaN,NaN,0,0.865690946578979
A016,A,3,161,1,NaN,NaN,0,0.773861885070801
A016,A,3,162,1,NaN,NaN,0,0.58541202545166
A016,A,3,163,1,NaN,NaN,0,0.430356979370117
A016,A,3,164,1,NaN,NaN,0,0.366641044616699
A016,A,3,165,1,NaN,NaN,0,0.399560928344727
A016,A,3,166,NaN,0,1,NaN,NaN
A016,A,3,167,1,NaN,NaN,0,0.324007034301758
A016,A,3,168,1,NaN,NaN,0,0.346458911895752
A016,A,3,169,1,NaN,NaN,0,0.463428974151611
A016,A,3,170,1,NaN,NaN,0,0.521456003189087
A016,A,3,171,1,NaN,NaN,0,0.357234001159668
A016,A,3,172,1,NaN,NaN,0,0.290710926055908
A016,A,3,173,1,NaN,NaN,0,0.293345928192139
A016,A,3,174,1,NaN,NaN,0,0.307907104492188
A016,A,3,175,1,NaN,NaN,0,0.354176998138428
A016,A,3,176,1,NaN,NaN,0,0.447046995162964
A016,A,3,177,NaN,1,0,NaN,NaN
A016,A,3,178,1,NaN,NaN,0,0.403363943099976
A016,A,3,179,1,NaN,NaN,0,0.489750146865845
A016,A,3,180,1,NaN,NaN,0,1.13937997817993
A016,A,3,181,1,NaN,NaN,0,0.702939033508301
A016,A,3,182,1,NaN,NaN,0,0.454880952835083
A016,A,3,183,1,NaN,NaN,0,0.436400175094604
A016,A,3,184,1,NaN,NaN,0,0.611764192581177
A016,A,3,185,1,NaN,NaN,0,0.416301012039185
A016,A,3,186,1,NaN,NaN,0,0.399441957473755
A016,A,3,187,1,NaN,NaN,0,0.453325986862183
A016,A,3,188,NaN,1,0,NaN,NaN
A016,A,3,189,1,NaN,NaN,0,0.411441087722778
A016,A,3,190,1,NaN,NaN,0,0.446677923202515
A016,A,3,191,1,NaN,NaN,0,0.316526174545288
A016,A,3,192,1,NaN,NaN,0,0.300350189208984
A016,A,3,193,1,NaN,NaN,0,0.304126024246216
A016,A,3,194,NaN,0,1,NaN,NaN
A016,A,3,195,1,NaN,NaN,0,0.37771201133728
A016,A,3,196,1,NaN,NaN,0,0.418309926986694
A016,A,3,197,1,NaN,NaN,0,0.377673864364624
A016,A,3,198,0,NaN,NaN,1,NaN
A016,A,3,199,0,NaN,NaN,1,NaN
A016,A,3,200,0,NaN,NaN,1,NaN
A016,A,3,201,1,NaN,NaN,0,0.992798089981079
A016,A,3,202,1,NaN,NaN,0,0.631757974624634
A016,A,3,203,NaN,1,0,NaN,NaN
A016,A,3,204,1,NaN,NaN,0,0.302983999252319
A016,A,3,205,1,NaN,NaN,0,0.334579944610596
A016,A,3,206,1,NaN,NaN,0,0.363433122634888
A016,A,3,207,1,NaN,NaN,0,0.3524329662323
A016,A,3,208,1,NaN,NaN,0,0.252008199691772
A016,A,3,209,NaN,0,1,NaN,NaN
A016,A,3,210,1,NaN,NaN,0,0.268639087677002
A016,A,3,211,1,NaN,NaN,0,0.38336181640625
A016,A,3,212,1,NaN,NaN,0,0.300967216491699
A016,A,3,213,1,NaN,NaN,0,0.325623035430908
A016,A,3,214,1,NaN,NaN,0,0.334450006484985
A016,A,3,215,1,NaN,NaN,0,0.379510879516602
A016,A,3,216,1,NaN,NaN,0,0.440392971038818
A016,A,3,217,1,NaN,NaN,0,0.365505933761597
A016,A,3,218,1,NaN,NaN,0,0.403480052947998
A016,A,3,219,1,NaN,NaN,0,0.478120088577271
A016,A,3,220,1,NaN,NaN,0,0.37256908416748
A016,A,3,221,1,NaN,NaN,0,0.401880025863647
A016,A,3,222,NaN,1,0,NaN,NaN
A016,A,3,223,1,NaN,NaN,0,0.388123035430908
A016,A,3,224,1,NaN,NaN,0,0.323580980300903
A016,A,3,225,1,NaN,NaN,0,0.319494009017944
A016,A,3,226,1,NaN,NaN,0,0.31281304359436
A016,A,3,227,1,NaN,NaN,0,0.377992153167725
A016,A,3,228,1,NaN,NaN,0,0.318154096603394
A016,A,3,229,1,NaN,NaN,0,0.331218957901001
A016,A,3,230,1,NaN,NaN,0,0.336413860321045
A016,A,3,231,1,NaN,NaN,0,0.350641012191772
A016,A,3,232,1,NaN,NaN,0,0.350106000900269
A016,A,3,233,NaN,1,0,NaN,NaN
A016,A,3,234,1,NaN,NaN,0,0.255574941635132
A016,A,3,235,1,NaN,NaN,0,0.302387952804565
A016,A,3,236,1,NaN,NaN,0,0.36687707901001
A016,A,3,237,1,NaN,NaN,0,0.312376976013184
A016,A,3,238,1,NaN,NaN,0,0.703569889068604
A016,A,3,239,1,NaN,NaN,0,0.445902824401855
A016,A,3,240,1,NaN,NaN,0,0.314320087432861
A016,A,3,241,NaN,0,1,NaN,NaN
A016,A,3,242,1,NaN,NaN,0,0.328219890594482
A016,A,3,243,1,NaN,NaN,0,0.298629999160767
A016,A,3,244,1,NaN,NaN,0,0.257668018341064
A016,A,3,245,1,NaN,NaN,0,0.338387966156006
A016,A,3,246,1,NaN,NaN,0,0.294034004211426
A016,A,3,247,1,NaN,NaN,0,NaN
A016,A,3,248,NaN,1,0,NaN,NaN
A016,A,3,249,1,NaN,NaN,0,0.441035985946655
A016,A,3,250,1,NaN,NaN,0,0.298295021057129
A016,A,3,251,1,NaN,NaN,0,0.384992837905884
A016,A,3,252,1,NaN,NaN,0,0.339583873748779
A016,A,3,253,1,NaN,NaN,0,0.302172899246216
A016,A,3,254,1,NaN,NaN,0,0.347102880477905
A016,A,3,255,1,NaN,NaN,0,0.392825126647949
A016,A,3,256,1,NaN,NaN,0,0.438274145126343
A016,A,3,257,1,NaN,NaN,0,0.432355165481567
A016,A,3,258,1,NaN,NaN,0,0.375835180282593
A016,A,3,259,NaN,1,0,NaN,NaN
A016,A,3,260,1,NaN,NaN,0,0.166078090667725
A016,A,3,261,1,NaN,NaN,0,0.432765007019043
A016,A,3,262,1,NaN,NaN,0,0.368069171905518
A016,A,3,263,1,NaN,NaN,0,0.364588975906372
A016,A,3,264,1,NaN,NaN,0,0.392991065979004
A016,A,3,265,1,NaN,NaN,0,0.40350604057312
A016,A,3,266,NaN,1,0,NaN,NaN
A016,A,3,267,1,NaN,NaN,0,0.359179973602295
A016,A,3,268,1,NaN,NaN,0,0.320353984832764
A016,A,3,269,1,NaN,NaN,0,0.395977973937988
A016,A,3,270,1,NaN,NaN,0,0.333208799362183
A016,A,3,271,1,NaN,NaN,0,0.354046106338501
A016,A,3,272,1,NaN,NaN,0,0.462494134902954
A016,A,3,273,1,NaN,NaN,0,0.480714082717896
A016,A,3,274,1,NaN,NaN,0,0.551190137863159
A016,A,3,275,1,NaN,NaN,0,0.426048994064331
A016,A,3,276,1,NaN,NaN,0,0.363487958908081
A016,A,3,277,1,NaN,NaN,0,0.40477991104126
A016,A,3,278,NaN,1,0,NaN,NaN
A016,A,3,279,1,NaN,NaN,0,0.51502513885498
A016,A,3,280,1,NaN,NaN,0,0.496555089950562
A016,A,3,281,1,NaN,NaN,0,0.481369018554688
A016,A,3,282,1,NaN,NaN,0,0.483054161071777
A016,A,3,283,1,NaN,NaN,0,0.482853889465332
A016,A,3,284,1,NaN,NaN,0,0.499671936035156
A016,A,3,285,1,NaN,NaN,0,0.629556179046631
A016,A,3,286,1,NaN,NaN,0,0.478426933288574
A016,A,3,287,NaN,0,1,NaN,NaN
A016,A,3,288,1,NaN,NaN,0,0.238033056259155
A016,A,3,289,1,NaN,NaN,0,0.363090991973877
A016,A,3,290,1,NaN,NaN,0,0.396014928817749
A016,A,3,291,1,NaN,NaN,0,0.287142038345337
A016,A,3,292,1,NaN,NaN,0,0.318984985351562
A016,A,3,293,1,NaN,NaN,0,0.218516826629639
A016,A,3,294,1,NaN,NaN,0,0.223909139633179
A016,A,3,295,1,NaN,NaN,0,0.243116140365601
A016,A,3,296,NaN,0,1,NaN,NaN
A016,A,3,297,1,NaN,NaN,0,0.167459964752197
A016,A,3,298,1,NaN,NaN,0,0.33571195602417
A016,A,3,299,1,NaN,NaN,0,0.385630130767822
A016,A,3,300,1,NaN,NaN,0,0.302747011184692
A016,A,3,301,1,NaN,NaN,0,0.411113977432251
A016,A,3,302,1,NaN,NaN,0,0.383486032485962
A016,A,3,303,1,NaN,NaN,0,0.488991975784302
A016,A,3,304,NaN,0,1,NaN,NaN
A016,A,3,305,1,NaN,NaN,0,NaN
A016,A,3,306,1,NaN,NaN,0,0.363528966903687
A016,A,3,307,1,NaN,NaN,0,0.344043016433716
A016,A,3,308,1,NaN,NaN,0,0.429168939590454
A016,A,3,309,1,NaN,NaN,0,0.318358898162842
A016,A,3,310,1,NaN,NaN,0,0.332366943359375
A016,A,3,311,1,NaN,NaN,0,0.303085088729858
A016,A,3,312,NaN,0,1,NaN,NaN
A016,A,3,313,1,NaN,NaN,0,0.353472948074341
A016,A,3,314,1,NaN,NaN,0,0.462409973144531
A016,A,3,315,1,NaN,NaN,0,0.371409177780151
A016,A,3,316,1,NaN,NaN,0,0.262593984603882
A016,A,3,317,1,NaN,NaN,0,0.257886171340942
A016,A,3,318,1,NaN,NaN,0,0.38680100440979
A016,A,3,319,1,NaN,NaN,0,1.04761695861816
A016,A,3,320,NaN,1,0,NaN,NaN
A016,A,3,321,1,NaN,NaN,0,0.376751899719238
A016,A,3,322,1,NaN,NaN,0,0.46964693069458
A016,A,3,323,1,NaN,NaN,0,0.407518863677979
A016,A,3,324,1,NaN,NaN,0,0.360507011413574
A016,A,3,325,1,NaN,NaN,0,0.397954940795898
A016,A,3,326,1,NaN,NaN,0,0.408262014389038
A016,A,3,327,1,NaN,NaN,0,0.457395076751709
A016,A,3,328,NaN,1,0,NaN,NaN
A016,A,3,329,1,NaN,NaN,0,0.429497957229614
A016,A,3,330,1,NaN,NaN,0,0.57548189163208
A016,A,3,331,1,NaN,NaN,0,0.474540948867798
A016,A,3,332,1,NaN,NaN,0,0.564870119094849
A016,A,3,333,1,NaN,NaN,0,0.61428689956665
A016,A,3,334,1,NaN,NaN,0,0.525527000427246
A016,A,3,335,1,NaN,NaN,0,0.512552976608276
A016,A,3,336,1,NaN,NaN,0,0.433180093765259
A016,A,3,337,1,NaN,NaN,0,0.459321022033691
A016,A,3,338,1,NaN,NaN,0,0.576222896575928
A016,A,3,339,1,NaN,NaN,0,0.492760896682739
A016,A,3,340,NaN,0,1,NaN,NaN
A016,A,3,341,1,NaN,NaN,0,0.4825439453125
A016,A,3,342,1,NaN,NaN,0,0.532140016555786
A016,A,3,343,1,NaN,NaN,0,0.528879880905151
A016,A,3,344,1,NaN,NaN,0,0.448271989822388
A016,A,3,345,1,NaN,NaN,0,0.447925806045532
A016,A,3,346,1,NaN,NaN,0,0.427130937576294
A016,A,3,347,1,NaN,NaN,0,0.420346975326538
A016,A,3,348,1,NaN,NaN,0,0.46675705909729
A016,A,3,349,1,NaN,NaN,0,0.995260000228882
A016,A,3,350,NaN,1,0,NaN,NaN
A016,A,3,351,1,NaN,NaN,0,NaN
A016,A,3,352,1,NaN,NaN,0,0.446704864501953
A016,A,3,353,1,NaN,NaN,0,0.384058952331543
A016,A,3,354,1,NaN,NaN,0,0.375257968902588
A016,A,3,355,1,NaN,NaN,0,0.429693937301636
A016,A,3,356,1,NaN,NaN,0,0.472949028015137
A016,A,3,357,NaN,1,0,NaN,NaN
A016,A,3,358,1,NaN,NaN,0,0.484408855438232
A016,A,3,359,1,NaN,NaN,0,0.443841934204102
A016,A,3,360,1,NaN,NaN,0,0.420928001403809
A016,A,3,361,1,NaN,NaN,0,0.367172956466675
A016,A,3,362,1,NaN,NaN,0,0.548734188079834
A016,A,3,363,1,NaN,NaN,0,0.888516902923584
A016,A,3,364,1,NaN,NaN,0,0.546192169189453
A016,A,3,365,NaN,1,0,NaN,NaN
A016,A,3,366,1,NaN,NaN,0,0.52799916267395
A016,A,3,367,1,NaN,NaN,0,0.549395084381104
A016,A,3,368,1,NaN,NaN,0,0.423128843307495
A016,A,3,369,1,NaN,NaN,0,0.572046041488647
A016,A,3,370,1,NaN,NaN,0,0.401679992675781
A016,A,3,371,1,NaN,NaN,0,0.401015043258667
A016,A,3,372,NaN,0,1,NaN,NaN
A016,A,3,373,1,NaN,NaN,0,0.358426094055176
A016,A,3,374,1,NaN,NaN,0,0.399769067764282
A016,A,3,375,1,NaN,NaN,0,0.481497049331665
A016,A,3,376,1,NaN,NaN,0,0.458869218826294
A016,A,3,377,1,NaN,NaN,0,0.649303913116455
A016,A,3,378,1,NaN,NaN,0,0.422134876251221
A016,A,3,379,1,NaN,NaN,0,0.325773954391479
A016,A,3,380,1,NaN,NaN,0,0.372118949890137
A016,A,3,381,NaN,0,1,NaN,NaN
A016,A,3,382,1,NaN,NaN,0,0.370126008987427
A016,A,3,383,1,NaN,NaN,0,0.395353078842163
A016,A,3,384,1,NaN,NaN,0,0.635977983474731
A016,A,3,385,1,NaN,NaN,0,1.01758098602295
A016,A,3,386,1,NaN,NaN,0,0.660437107086182
A016,A,3,387,1,NaN,NaN,0,0.485039949417114
A016,A,3,388,1,NaN,NaN,0,0.622200012207031
A016,A,3,389,1,NaN,NaN,0,0.515805959701538
A016,A,3,390,1,NaN,NaN,0,0.464720010757446
A016,A,3,391,1,NaN,NaN,0,0.478900909423828
A016,A,3,392,1,NaN,NaN,0,0.752586126327515
A016,A,3,393,1,NaN,NaN,0,0.561285018920898
A016,A,3,394,1,NaN,NaN,0,0.50006890296936
A016,A,3,395,NaN,1,0,NaN,NaN
A016,A,3,396,1,NaN,NaN,0,0.408838033676147
A016,A,3,397,1,NaN,NaN,0,0.438615083694458
A016,A,3,398,1,NaN,NaN,0,0.48095703125
A016,A,3,399,1,NaN,NaN,0,0.445096969604492
A016,A,3,400,1,NaN,NaN,0,0.58270001411438
A016,A,3,401,1,NaN,NaN,0,0.464154005050659
A016,A,3,402,NaN,1,0,NaN,NaN
A016,A,3,403,1,NaN,NaN,0,0.248372077941895
A016,A,3,404,1,NaN,NaN,0,0.465939998626709
A016,A,3,405,1,NaN,NaN,0,0.544021844863892
A016,A,3,406,1,NaN,NaN,0,0.793022871017456
A016,A,3,407,1,NaN,NaN,0,1.13847398757935
A016,A,3,408,0,NaN,NaN,1,NaN
A016,A,3,409,1,NaN,NaN,0,NaN
A016,A,3,410,1,NaN,NaN,0,0.494743824005127
A016,A,3,411,NaN,1,0,NaN,NaN
A016,A,3,412,1,NaN,NaN,0,0.461824178695679
A016,A,3,413,1,NaN,NaN,0,0.57852578163147
A016,A,3,414,1,NaN,NaN,0,0.65879487991333
A016,A,3,415,1,NaN,NaN,0,0.887740135192871
A016,A,3,416,0,NaN,NaN,1,NaN
A016,A,3,417,1,NaN,NaN,0,NaN
A016,A,3,418,1,NaN,NaN,0,0.239370822906494
A016,A,3,419,1,NaN,NaN,0,0.382284879684448
A016,A,3,420,1,NaN,NaN,0,0.716533184051514
A016,A,3,421,1,NaN,NaN,0,0.603888988494873
A016,A,3,422,NaN,1,0,NaN,NaN
A016,A,3,423,1,NaN,NaN,0,0.343944072723389
A016,A,3,424,1,NaN,NaN,0,0.496357917785645
A016,A,3,425,1,NaN,NaN,0,0.536572933197021
A016,A,3,426,NaN,0,1,NaN,NaN
A016,A,3,427,1,NaN,NaN,0,0.547873020172119
A016,A,3,428,1,NaN,NaN,0,0.541707992553711
A016,A,3,429,1,NaN,NaN,0,0.599268198013306
A016,A,3,430,1,NaN,NaN,0,0.576643943786621
A016,A,3,431,1,NaN,NaN,0,0.577538013458252
A016,A,3,432,1,NaN,NaN,0,0.607168912887573
A016,A,3,433,1,NaN,NaN,0,0.539102077484131
A016,A,3,434,1,NaN,NaN,0,0.472538948059082
A016,A,3,435,1,NaN,NaN,0,0.596979856491089
A016,A,3,436,1,NaN,NaN,0,0.468837976455688
A016,A,3,437,1,NaN,NaN,0,0.399499893188477
A016,A,3,438,1,NaN,NaN,0,0.480490922927856
A016,A,3,439,NaN,1,0,NaN,NaN
A016,A,3,440,1,NaN,NaN,0,0.509768009185791
A016,A,3,441,1,NaN,NaN,0,0.696131944656372
A016,A,3,442,1,NaN,NaN,0,0.399814128875732
A016,A,3,443,1,NaN,NaN,0,0.397464036941528
A016,A,3,444,1,NaN,NaN,0,0.658779859542847
A016,A,3,445,1,NaN,NaN,0,0.383940935134888
A016,A,3,446,1,NaN,NaN,0,0.485527992248535
A016,A,3,447,1,NaN,NaN,0,0.419166803359985
A016,A,3,448,1,NaN,NaN,0,0.39539909362793
A016,A,3,449,NaN,0,1,NaN,NaN
A016,A,3,450,1,NaN,NaN,0,0.481081008911133
A016,A,3,451,1,NaN,NaN,0,0.417236804962158
A016,A,3,452,1,NaN,NaN,0,0.989170074462891
A016,A,3,453,1,NaN,NaN,0,0.672214984893799
A016,A,3,454,1,NaN,NaN,0,0.348980903625488
A016,A,3,455,1,NaN,NaN,0,0.481292963027954
A016,A,3,456,NaN,0,1,NaN,NaN
A016,A,3,457,1,NaN,NaN,0,0.4701988697052
A016,A,3,458,1,NaN,NaN,0,0.395823001861572
A016,A,3,459,1,NaN,NaN,0,0.405670881271362
A016,A,3,460,1,NaN,NaN,0,0.788625955581665
A016,A,3,461,1,NaN,NaN,0,0.432378053665161
A016,A,3,462,1,NaN,NaN,0,0.414709091186523
A016,A,3,463,1,NaN,NaN,0,0.435527086257935
A016,A,3,464,1,NaN,NaN,0,0.470418930053711
A016,A,3,465,NaN,0,1,NaN,NaN
A016,A,3,466,1,NaN,NaN,0,0.505542039871216
A016,A,3,467,1,NaN,NaN,0,0.406863927841187
A016,A,3,468,1,NaN,NaN,0,0.364231109619141
A016,A,3,469,1,NaN,NaN,0,0.406677961349487
A016,A,3,470,1,NaN,NaN,0,0.350160121917725
A016,A,3,471,1,NaN,NaN,0,0.350873947143555
A016,A,3,472,0,NaN,NaN,1,NaN
A016,A,3,473,1,NaN,NaN,0,0.458717823028564
A016,A,3,474,1,NaN,NaN,0,0.508423805236816
A016,A,3,475,1,NaN,NaN,0,0.403882026672363
A016,A,3,476,NaN,1,0,NaN,NaN
A016,A,3,477,1,NaN,NaN,0,0.688826084136963
A016,A,3,478,1,NaN,NaN,0,0.340452909469604
A016,A,3,479,NaN,0,1,NaN,NaN
A016,A,3,480,1,NaN,NaN,0,0.506231069564819
A016,A,3,481,1,NaN,NaN,0,0.367581844329834
A016,A,3,482,1,NaN,NaN,0,0.317737102508545
A016,A,3,483,1,NaN,NaN,0,0.265935182571411
A016,A,3,484,1,NaN,NaN,0,0.425348997116089
A016,A,3,485,1,NaN,NaN,0,0.530511856079102
A016,A,3,486,1,NaN,NaN,0,0.347204923629761
A016,A,3,487,1,NaN,NaN,0,0.524569034576416
A016,A,3,488,1,NaN,NaN,0,0.501220941543579
A016,A,3,489,NaN,0,1,NaN,NaN
A016,A,3,490,1,NaN,NaN,0,0.766144037246704
A016,A,3,491,1,NaN,NaN,0,0.663018941879272
A016,A,3,492,1,NaN,NaN,0,0.525331020355225
A016,A,3,493,1,NaN,NaN,0,0.666140079498291
A016,A,3,494,1,NaN,NaN,0,0.624428033828735
A016,A,3,495,1,NaN,NaN,0,0.89314603805542
A016,A,3,496,1,NaN,NaN,0,0.542176961898804
A016,A,3,497,NaN,1,0,NaN,NaN
A016,A,3,498,1,NaN,NaN,0,0.41586709022522
A016,A,3,499,1,NaN,NaN,0,0.368201971054077
A016,A,3,500,1,NaN,NaN,0,0.885394096374512
A016,A,3,501,1,NaN,NaN,0,0.452605009078979
A016,A,3,502,1,NaN,NaN,0,0.4305419921875
A016,A,3,503,1,NaN,NaN,0,0.337741851806641
A016,A,3,504,1,NaN,NaN,0,0.378204822540283
A016,A,4,1,1,NaN,NaN,0,0.489702939987183
A016,A,4,2,1,NaN,NaN,0,0.391055822372437
A016,A,4,3,1,NaN,NaN,0,0.337239980697632
A016,A,4,4,1,NaN,NaN,0,0.319031953811646
A016,A,4,5,1,NaN,NaN,0,0.317221879959106
A016,A,4,6,1,NaN,NaN,0,0.292966842651367
A016,A,4,7,NaN,0,1,NaN,NaN
A016,A,4,8,1,NaN,NaN,0,0.558444023132324
A016,A,4,9,1,NaN,NaN,0,0.356534957885742
A016,A,4,10,1,NaN,NaN,0,0.31338095664978
A016,A,4,11,NaN,0,1,NaN,NaN
A016,A,4,12,1,NaN,NaN,0,0.432139873504639
A016,A,4,13,1,NaN,NaN,0,0.417772054672241
A016,A,4,14,1,NaN,NaN,0,0.28273606300354
A016,A,4,15,1,NaN,NaN,0,0.340023040771484
A016,A,4,16,1,NaN,NaN,0,0.244135856628418
A016,A,4,17,1,NaN,NaN,0,0.492612838745117
A016,A,4,18,1,NaN,NaN,0,0.531149864196777
A016,A,4,19,1,NaN,NaN,0,0.465445995330811
A016,A,4,20,1,NaN,NaN,0,0.349705934524536
A016,A,4,21,1,NaN,NaN,0,0.253053903579712
A016,A,4,22,1,NaN,NaN,0,0.267538785934448
A016,A,4,23,1,NaN,NaN,0,0.331965923309326
A016,A,4,24,1,NaN,NaN,0,0.385138988494873
A016,A,4,25,1,NaN,NaN,0,0.362126111984253
A016,A,4,26,NaN,0,1,NaN,NaN
A016,A,4,27,1,NaN,NaN,0,0.358282804489136
A016,A,4,28,1,NaN,NaN,0,0.267251968383789
A016,A,4,29,NaN,0,1,NaN,NaN
A016,A,4,30,1,NaN,NaN,0,0.330492973327637
A016,A,4,31,1,NaN,NaN,0,0.328105926513672
A016,A,4,32,1,NaN,NaN,0,0.318311929702759
A016,A,4,33,1,NaN,NaN,0,0.281058073043823
A016,A,4,34,1,NaN,NaN,0,0.322637796401978
A016,A,4,35,1,NaN,NaN,0,0.423494100570679
A016,A,4,36,1,NaN,NaN,0,0.473763942718506
A016,A,4,37,1,NaN,NaN,0,0.375010013580322
A016,A,4,38,1,NaN,NaN,0,0.340358972549438
A016,A,4,39,1,NaN,NaN,0,0.351058006286621
A016,A,4,40,1,NaN,NaN,0,0.283853054046631
A016,A,4,41,1,NaN,NaN,0,0.317402124404907
A016,A,4,42,1,NaN,NaN,0,0.887424945831299
A016,A,4,43,NaN,1,0,NaN,NaN
A016,A,4,44,1,NaN,NaN,0,0.276237964630127
A016,A,4,45,1,NaN,NaN,0,0.348159074783325
A016,A,4,46,1,NaN,NaN,0,0.392777919769287
A016,A,4,47,1,NaN,NaN,0,0.31000804901123
A016,A,4,48,1,NaN,NaN,0,0.282814979553223
A016,A,4,49,NaN,1,0,NaN,NaN
A016,A,4,50,1,NaN,NaN,0,0.279815196990967
A016,A,4,51,1,NaN,NaN,0,0.264452934265137
A016,A,4,52,1,NaN,NaN,0,0.28402304649353
A016,A,4,53,1,NaN,NaN,0,0.288166999816895
A016,A,4,54,1,NaN,NaN,0,0.30366587638855
A016,A,4,55,1,NaN,NaN,0,0.452577829360962
A016,A,4,56,1,NaN,NaN,0,0.37608003616333
A016,A,4,57,1,NaN,NaN,0,0.422593832015991
A016,A,4,58,1,NaN,NaN,0,0.43133282661438
A016,A,4,59,NaN,1,0,NaN,NaN
A016,A,4,60,1,NaN,NaN,0,0.375760078430176
A016,A,4,61,1,NaN,NaN,0,0.315361976623535
A016,A,4,62,1,NaN,NaN,0,0.364570140838623
A016,A,4,63,1,NaN,NaN,0,0.351959943771362
A016,A,4,64,1,NaN,NaN,0,0.295511960983276
A016,A,4,65,NaN,0,1,NaN,NaN
A016,A,4,66,1,NaN,NaN,0,0.371803045272827
A016,A,4,67,1,NaN,NaN,0,0.32322096824646
A016,A,4,68,1,NaN,NaN,0,0.352216005325317
A016,A,4,69,1,NaN,NaN,0,0.401074886322021
A016,A,4,70,1,NaN,NaN,0,0.394315004348755
A016,A,4,71,1,NaN,NaN,0,0.315129041671753
A016,A,4,72,1,NaN,NaN,0,0.298947095870972
A016,A,4,73,1,NaN,NaN,0,0.309608936309814
A016,A,4,74,1,NaN,NaN,0,0.29447603225708
A016,A,4,75,1,NaN,NaN,0,0.308004856109619
A016,A,4,76,1,NaN,NaN,0,0.333199977874756
A016,A,4,77,1,NaN,NaN,0,0.334451913833618
A016,A,4,78,1,NaN,NaN,0,0.427664995193481
A016,A,4,79,NaN,0,1,NaN,NaN
A016,A,4,80,1,NaN,NaN,0,0.454674005508423
A016,A,4,81,1,NaN,NaN,0,0.355199098587036
A016,A,4,82,1,NaN,NaN,0,0.352400064468384
A016,A,4,83,NaN,0,1,NaN,NaN
A016,A,4,84,1,NaN,NaN,0,0.270330190658569
A016,A,4,85,1,NaN,NaN,0,0.354403018951416
A016,A,4,86,1,NaN,NaN,0,0.388047933578491
A016,A,4,87,1,NaN,NaN,0,0.373799085617065
A016,A,4,88,1,NaN,NaN,0,0.35306715965271
A016,A,4,89,1,NaN,NaN,0,0.373809099197388
A016,A,4,90,1,NaN,NaN,0,0.391494035720825
A016,A,4,91,1,NaN,NaN,0,0.36643385887146
A016,A,4,92,NaN,0,1,NaN,NaN
A016,A,4,93,1,NaN,NaN,0,0.3871910572052
A016,A,4,94,1,NaN,NaN,0,0.297131776809692
A016,A,4,95,1,NaN,NaN,0,0.319091081619263
A016,A,4,96,1,NaN,NaN,0,0.284224987030029
A016,A,4,97,1,NaN,NaN,0,0.320833921432495
A016,A,4,98,1,NaN,NaN,0,0.332995891571045
A016,A,4,99,1,NaN,NaN,0,0.296538829803467
A016,A,4,100,1,NaN,NaN,0,0.410440921783447
A016,A,4,101,1,NaN,NaN,0,0.461520910263062
A016,A,4,102,1,NaN,NaN,0,0.366060972213745
A016,A,4,103,1,NaN,NaN,0,0.669247150421143
A016,A,4,104,1,NaN,NaN,0,0.75139594078064
A016,A,4,105,NaN,1,0,NaN,NaN
A016,A,4,106,1,NaN,NaN,0,0.352437973022461
A016,A,4,107,1,NaN,NaN,0,0.305243015289307
A016,A,4,108,1,NaN,NaN,0,0.391711950302124
A016,A,4,109,1,NaN,NaN,0,0.428238153457642
A016,A,4,110,1,NaN,NaN,0,0.31740403175354
A016,A,4,111,1,NaN,NaN,0,0.360718011856079
A016,A,4,112,1,NaN,NaN,0,0.429316997528076
A016,A,4,113,NaN,0,1,NaN,NaN
A016,A,4,114,1,NaN,NaN,0,0.318406105041504
A016,A,4,115,1,NaN,NaN,0,0.389114856719971
A016,A,4,116,1,NaN,NaN,0,0.411976099014282
A016,A,4,117,1,NaN,NaN,0,0.797482967376709
A016,A,4,118,1,NaN,NaN,0,0.465889930725098
A016,A,4,119,1,NaN,NaN,0,0.417257070541382
A016,A,4,120,1,NaN,NaN,0,0.446223020553589
A016,A,4,121,1,NaN,NaN,0,0.4615638256073
A016,A,4,122,NaN,0,1,NaN,NaN
A016,A,4,123,1,NaN,NaN,0,0.336802005767822
A016,A,4,124,1,NaN,NaN,0,0.370044946670532
A016,A,4,125,1,NaN,NaN,0,0.373152017593384
A016,A,4,126,1,NaN,NaN,0,0.375352144241333
A016,A,4,127,0,NaN,NaN,1,NaN
A016,A,4,128,1,NaN,NaN,0,0.227581024169922
A016,A,4,129,1,NaN,NaN,0,0.375597953796387
A016,A,4,130,1,NaN,NaN,0,0.356891870498657
A016,A,4,131,1,NaN,NaN,0,0.659240961074829
A016,A,4,132,1,NaN,NaN,0,0.920146942138672
A016,A,4,133,NaN,1,0,NaN,NaN
A016,A,4,134,1,NaN,NaN,0,0.491446018218994
A016,A,4,135,1,NaN,NaN,0,0.432085990905762
A016,A,4,136,1,NaN,NaN,0,0.682274103164673
A016,A,4,137,1,NaN,NaN,0,0.742918014526367
A016,A,4,138,1,NaN,NaN,0,0.479714155197144
A016,A,4,139,1,NaN,NaN,0,0.413547039031982
A016,A,4,140,NaN,1,0,NaN,NaN
A016,A,4,141,1,NaN,NaN,0,0.369240045547485
A016,A,4,142,1,NaN,NaN,0,0.465918064117432
A016,A,4,143,1,NaN,NaN,0,0.377986907958984
A016,A,4,144,1,NaN,NaN,0,0.331269979476929
A016,A,4,145,1,NaN,NaN,0,0.35811710357666
A016,A,4,146,1,NaN,NaN,0,0.349050998687744
A016,A,4,147,1,NaN,NaN,0,0.505439043045044
A016,A,4,148,1,NaN,NaN,0,0.363259077072144
A016,A,4,149,NaN,1,0,NaN,NaN
A016,A,4,150,1,NaN,NaN,0,NaN
A016,A,4,151,1,NaN,NaN,0,NaN
A016,A,4,152,1,NaN,NaN,0,0.234774827957153
A016,A,4,153,1,NaN,NaN,0,0.171777963638306
A016,A,4,154,1,NaN,NaN,0,0.296447038650513
A016,A,4,155,1,NaN,NaN,0,0.414045095443726
A016,A,4,156,NaN,1,0,NaN,NaN
A016,A,4,157,1,NaN,NaN,0,0.447108030319214
A016,A,4,158,1,NaN,NaN,0,0.426424026489258
A016,A,4,159,1,NaN,NaN,0,0.363626956939697
A016,A,4,160,1,NaN,NaN,0,0.347082138061523
A016,A,4,161,1,NaN,NaN,0,0.393872976303101
A016,A,4,162,1,NaN,NaN,0,0.384919881820679
A016,A,4,163,1,NaN,NaN,0,0.490206956863403
A016,A,4,164,1,NaN,NaN,0,0.483889102935791
A016,A,4,165,NaN,1,0,NaN,NaN
A016,A,4,166,1,NaN,NaN,0,0.454525947570801
A016,A,4,167,1,NaN,NaN,0,0.354566097259521
A016,A,4,168,1,NaN,NaN,0,0.873929977416992
A016,A,4,169,1,NaN,NaN,0,0.646744012832642
A016,A,4,170,1,NaN,NaN,0,0.675903081893921
A016,A,4,171,1,NaN,NaN,0,0.512278079986572
A016,A,4,172,1,NaN,NaN,0,0.39623498916626
A016,A,4,173,1,NaN,NaN,0,0.473667144775391
A016,A,4,174,1,NaN,NaN,0,0.532156944274902
A016,A,4,175,1,NaN,NaN,0,0.644397974014282
A016,A,4,176,1,NaN,NaN,0,0.436499834060669
A016,A,4,177,1,NaN,NaN,0,0.436531066894531
A016,A,4,178,1,NaN,NaN,0,0.527786016464233
A016,A,4,179,NaN,0,1,NaN,NaN
A016,A,4,180,1,NaN,NaN,0,0.336787223815918
A016,A,4,181,1,NaN,NaN,0,0.30805516242981
A016,A,4,182,1,NaN,NaN,0,0.297225952148438
A016,A,4,183,1,NaN,NaN,0,0.374156951904297
A016,A,4,184,NaN,0,1,NaN,NaN
A016,A,4,185,1,NaN,NaN,0,0.356337070465088
A016,A,4,186,1,NaN,NaN,0,0.38672399520874
A016,A,4,187,1,NaN,NaN,0,0.435955047607422
A016,A,4,188,1,NaN,NaN,0,0.355883836746216
A016,A,4,189,1,NaN,NaN,0,0.492279052734375
A016,A,4,190,1,NaN,NaN,0,0.489377975463867
A016,A,4,191,NaN,0,1,NaN,NaN
A016,A,4,192,1,NaN,NaN,0,0.465546846389771
A016,A,4,193,1,NaN,NaN,0,0.276013135910034
A016,A,4,194,1,NaN,NaN,0,0.475871086120605
A016,A,4,195,1,NaN,NaN,0,0.285306930541992
A016,A,4,196,1,NaN,NaN,0,0.250441074371338
A016,A,4,197,1,NaN,NaN,0,0.242284059524536
A016,A,4,198,1,NaN,NaN,0,0.236480951309204
A016,A,4,199,1,NaN,NaN,0,NaN
A016,A,4,200,1,NaN,NaN,0,0.186522006988525
A016,A,4,201,NaN,0,1,NaN,NaN
A016,A,4,202,1,NaN,NaN,0,0.206716060638428
A016,A,4,203,1,NaN,NaN,0,0.308852910995483
A016,A,4,204,1,NaN,NaN,0,0.310642957687378
A016,A,4,205,1,NaN,NaN,0,NaN
A016,A,4,206,1,NaN,NaN,0,NaN
A016,A,4,207,1,NaN,NaN,0,0.158281087875366
A016,A,4,208,1,NaN,NaN,0,0.338822841644287
A016,A,4,209,1,NaN,NaN,0,0.335256814956665
A016,A,4,210,1,NaN,NaN,0,0.495290994644165
A016,A,4,211,1,NaN,NaN,0,0.572176933288574
A016,A,4,212,1,NaN,NaN,0,0.364526033401489
A016,A,4,213,1,NaN,NaN,0,0.343172788619995
A016,A,4,214,NaN,1,0,NaN,NaN
A016,A,4,215,1,NaN,NaN,0,0.311900854110718
A016,A,4,216,1,NaN,NaN,0,0.421190023422241
A016,A,4,217,1,NaN,NaN,0,0.413136959075928
A016,A,4,218,1,NaN,NaN,0,0.439885854721069
A016,A,4,219,1,NaN,NaN,0,0.375303030014038
A016,A,4,220,1,NaN,NaN,0,0.406630992889404
A016,A,4,221,1,NaN,NaN,0,0.564526081085205
A016,A,4,222,1,NaN,NaN,0,0.731655836105347
A016,A,4,223,NaN,1,0,NaN,NaN
A016,A,4,224,1,NaN,NaN,0,0.509734869003296
A016,A,4,225,1,NaN,NaN,0,0.496660947799683
A016,A,4,226,1,NaN,NaN,0,0.519103050231934
A016,A,4,227,1,NaN,NaN,0,0.479847192764282
A016,A,4,228,NaN,0,1,NaN,NaN
A016,A,4,229,1,NaN,NaN,0,NaN
A016,A,4,230,1,NaN,NaN,0,0.355143070220947
A016,A,4,231,1,NaN,NaN,0,0.464931011199951
A016,A,4,232,1,NaN,NaN,0,0.406611919403076
A016,A,4,233,1,NaN,NaN,0,0.497193098068237
A016,A,4,234,1,NaN,NaN,0,0.417617082595825
A016,A,4,235,1,NaN,NaN,0,0.362858057022095
A016,A,4,236,NaN,1,0,NaN,NaN
A016,A,4,237,1,NaN,NaN,0,0.332489013671875
A016,A,4,238,1,NaN,NaN,0,0.497037172317505
A016,A,4,239,1,NaN,NaN,0,0.418515920639038
A016,A,4,240,1,NaN,NaN,0,0.342199087142944
A016,A,4,241,1,NaN,NaN,0,0.412164926528931
A016,A,4,242,1,NaN,NaN,0,0.529445886611938
A016,A,4,243,1,NaN,NaN,0,0.444106817245483
A016,A,4,244,1,NaN,NaN,0,0.498090982437134
A016,A,4,245,1,NaN,NaN,0,0.59534478187561
A016,A,4,246,1,NaN,NaN,0,0.497164011001587
A016,A,4,247,1,NaN,NaN,0,0.456730127334595
A016,A,4,248,1,NaN,NaN,0,0.377478837966919
A016,A,4,249,NaN,1,0,NaN,NaN
A016,A,4,250,1,NaN,NaN,0,0.611495971679688
A016,A,4,251,1,NaN,NaN,0,0.473453998565674
A016,A,4,252,1,NaN,NaN,0,0.667030096054077
A016,A,4,253,1,NaN,NaN,0,0.399464845657349
A016,A,4,254,NaN,0,1,NaN,NaN
A016,A,4,255,1,NaN,NaN,0,0.762306928634644
A016,A,4,256,1,NaN,NaN,0,0.418678998947144
A016,A,4,257,1,NaN,NaN,0,0.376605987548828
A016,A,4,258,1,NaN,NaN,0,0.295485019683838
A016,A,4,259,1,NaN,NaN,0,0.29813814163208
A016,A,4,260,1,NaN,NaN,0,0.390785932540894
A016,A,4,261,1,NaN,NaN,0,0.437126159667969
A016,A,4,262,1,NaN,NaN,0,0.526430130004883
A016,A,4,263,1,NaN,NaN,0,0.553956031799316
A016,A,4,264,1,NaN,NaN,0,0.57646107673645
A016,A,4,265,1,NaN,NaN,0,0.412661790847778
A016,A,4,266,1,NaN,NaN,0,0.56165885925293
A016,A,4,267,NaN,1,0,NaN,NaN
A016,A,4,268,1,NaN,NaN,0,0.492308139801025
A016,A,4,269,1,NaN,NaN,0,0.716038942337036
A016,A,4,270,1,NaN,NaN,0,0.576080083847046
A016,A,4,271,1,NaN,NaN,0,0.469190120697021
A016,A,4,272,NaN,1,0,NaN,NaN
A016,A,4,273,1,NaN,NaN,0,0.508286952972412
A016,A,4,274,1,NaN,NaN,0,0.318806171417236
A016,A,4,275,1,NaN,NaN,0,0.28393816947937
A016,A,4,276,1,NaN,NaN,0,0.320640087127686
A016,A,4,277,1,NaN,NaN,0,0.429579019546509
A016,A,4,278,1,NaN,NaN,0,0.376858949661255
A016,A,4,279,1,NaN,NaN,0,0.386950016021729
A016,A,4,280,1,NaN,NaN,0,0.440951824188232
A016,A,4,281,1,NaN,NaN,0,0.351386070251465
A016,A,4,282,NaN,1,0,NaN,NaN
A016,A,4,283,1,NaN,NaN,0,0.297581195831299
A016,A,4,284,1,NaN,NaN,0,0.447333097457886
A016,A,4,285,1,NaN,NaN,0,0.403512001037598
A016,A,4,286,1,NaN,NaN,0,0.319021940231323
A016,A,4,287,1,NaN,NaN,0,0.40883994102478
A016,A,4,288,1,NaN,NaN,0,0.357347011566162
A016,A,4,289,1,NaN,NaN,0,0.237279891967773
A016,A,4,290,NaN,0,1,NaN,NaN
A016,A,4,291,1,NaN,NaN,0,0.211023092269897
A016,A,4,292,1,NaN,NaN,0,0.311623811721802
A016,A,4,293,1,NaN,NaN,0,0.320406198501587
A016,A,4,294,1,NaN,NaN,0,0.332205057144165
A016,A,4,295,1,NaN,NaN,0,0.277364015579224
A016,A,4,296,1,NaN,NaN,0,0.337193965911865
A016,A,4,297,1,NaN,NaN,0,0.359081029891968
A016,A,4,298,1,NaN,NaN,0,0.385277032852173
A016,A,4,299,1,NaN,NaN,0,0.376492023468018
A016,A,4,300,1,NaN,NaN,0,0.44636607170105
A016,A,4,301,1,NaN,NaN,0,0.437485933303833
A016,A,4,302,1,NaN,NaN,0,0.487149953842163
A016,A,4,303,1,NaN,NaN,0,0.565285921096802
A016,A,4,304,1,NaN,NaN,0,0.483114004135132
A016,A,4,305,NaN,1,0,NaN,NaN
A016,A,4,306,1,NaN,NaN,0,0.38565993309021
A016,A,4,307,1,NaN,NaN,0,0.374658107757568
A016,A,4,308,NaN,0,1,NaN,NaN
A016,A,4,309,1,NaN,NaN,0,0.227430820465088
A016,A,4,310,1,NaN,NaN,0,0.259577989578247
A016,A,4,311,1,NaN,NaN,0,0.273200988769531
A016,A,4,312,1,NaN,NaN,0,0.273277044296265
A016,A,4,313,1,NaN,NaN,0,0.321696996688843
A016,A,4,314,1,NaN,NaN,0,0.330535173416138
A016,A,4,315,1,NaN,NaN,0,0.306087017059326
A016,A,4,316,1,NaN,NaN,0,0.283054113388062
A016,A,4,317,1,NaN,NaN,0,0.282824039459229
A016,A,4,318,NaN,0,1,NaN,NaN
A016,A,4,319,1,NaN,NaN,0,0.288144111633301
A016,A,4,320,1,NaN,NaN,0,0.278734922409058
A016,A,4,321,1,NaN,NaN,0,0.305180072784424
A016,A,4,322,1,NaN,NaN,0,0.321928024291992
A016,A,4,323,1,NaN,NaN,0,0.490706920623779
A016,A,4,324,1,NaN,NaN,0,0.544281005859375
A016,A,4,325,1,NaN,NaN,0,0.491384983062744
A016,A,4,326,1,NaN,NaN,0,0.411607980728149
A016,A,4,327,1,NaN,NaN,0,0.513719081878662
A016,A,4,328,NaN,0,1,NaN,NaN
A016,A,4,329,1,NaN,NaN,0,0.322953939437866
A016,A,4,330,1,NaN,NaN,0,0.369464874267578
A016,A,4,331,1,NaN,NaN,0,0.418063163757324
A016,A,4,332,1,NaN,NaN,0,0.380852937698364
A016,A,4,333,1,NaN,NaN,0,0.363926887512207
A016,A,4,334,1,NaN,NaN,0,0.352382898330688
A016,A,4,335,1,NaN,NaN,0,0.388572931289673
A016,A,4,336,1,NaN,NaN,0,0.355643033981323
A016,A,4,337,1,NaN,NaN,0,0.365853071212769
A016,A,4,338,NaN,1,0,NaN,NaN
A016,A,4,339,1,NaN,NaN,0,0.242784023284912
A016,A,4,340,1,NaN,NaN,0,0.28639817237854
A016,A,4,341,1,NaN,NaN,0,0.328252077102661
A016,A,4,342,1,NaN,NaN,0,0.33837890625
A016,A,4,343,1,NaN,NaN,0,0.323552846908569
A016,A,4,344,1,NaN,NaN,0,0.373301982879639
A016,A,4,345,1,NaN,NaN,0,0.38487696647644
A016,A,4,346,1,NaN,NaN,0,0.372453927993774
A016,A,4,347,NaN,0,1,NaN,NaN
A016,A,4,348,1,NaN,NaN,0,0.316799163818359
A016,A,4,349,1,NaN,NaN,0,0.349711894989014
A016,A,4,350,1,NaN,NaN,0,0.324717998504639
A016,A,4,351,1,NaN,NaN,0,0.309771060943604
A016,A,4,352,1,NaN,NaN,0,0.346864938735962
A016,A,4,353,1,NaN,NaN,0,0.367252826690674
A016,A,4,354,1,NaN,NaN,0,0.381596088409424
A016,A,4,355,1,NaN,NaN,0,0.471489906311035
A016,A,4,356,1,NaN,NaN,0,0.511415958404541
A016,A,4,357,1,NaN,NaN,0,0.419924020767212
A016,A,4,358,1,NaN,NaN,0,0.461114883422852
A016,A,4,359,NaN,1,0,NaN,NaN
A016,A,4,360,1,NaN,NaN,0,0.287173986434937
A016,A,4,361,1,NaN,NaN,0,0.316030979156494
A016,A,4,362,NaN,0,1,NaN,NaN
A016,A,4,363,1,NaN,NaN,0,0.226992130279541
A016,A,4,364,1,NaN,NaN,0,0.27108907699585
A016,A,4,365,1,NaN,NaN,0,0.358118057250977
A016,A,4,366,1,NaN,NaN,0,0.423419952392578
A016,A,4,367,1,NaN,NaN,0,0.446285009384155
A016,A,4,368,1,NaN,NaN,0,0.43484091758728
A016,A,4,369,1,NaN,NaN,0,0.39743709564209
A016,A,4,370,1,NaN,NaN,0,0.430034875869751
A016,A,4,371,NaN,1,0,NaN,NaN
A016,A,4,372,1,NaN,NaN,0,0.397346019744873
A016,A,4,373,1,NaN,NaN,0,0.277589082717896
A016,A,4,374,1,NaN,NaN,0,0.34101390838623
A016,A,4,375,1,NaN,NaN,0,0.296988010406494
A016,A,4,376,1,NaN,NaN,0,0.306946992874146
A016,A,4,377,1,NaN,NaN,0,0.35166597366333
A016,A,4,378,1,NaN,NaN,0,0.384907007217407
A016,A,4,379,1,NaN,NaN,0,0.39716911315918
A016,A,4,380,1,NaN,NaN,0,0.351067066192627
A016,A,4,381,1,NaN,NaN,0,0.294876098632812
A016,A,4,382,1,NaN,NaN,0,0.313075065612793
A016,A,4,383,NaN,0,1,NaN,NaN
A016,A,4,384,1,NaN,NaN,0,0.197618007659912
A016,A,4,385,1,NaN,NaN,0,0.319067001342773
A016,A,4,386,1,NaN,NaN,0,0.358047008514404
A016,A,4,387,1,NaN,NaN,0,0.377717018127441
A016,A,4,388,1,NaN,NaN,0,0.357391834259033
A016,A,4,389,1,NaN,NaN,0,0.286725044250488
A016,A,4,390,1,NaN,NaN,0,0.250732898712158
A016,A,4,391,1,NaN,NaN,0,0.337115049362183
A016,A,4,392,NaN,0,1,NaN,NaN
A016,A,4,393,1,NaN,NaN,0,NaN
A016,A,4,394,1,NaN,NaN,0,0.278723001480103
A016,A,4,395,1,NaN,NaN,0,0.381382942199707
A016,A,4,396,1,NaN,NaN,0,0.396183967590332
A016,A,4,397,1,NaN,NaN,0,0.438183069229126
A016,A,4,398,NaN,1,0,NaN,NaN
A016,A,4,399,1,NaN,NaN,0,0.330197095870972
A016,A,4,400,1,NaN,NaN,0,0.39505410194397
A016,A,4,401,1,NaN,NaN,0,0.397325992584229
A016,A,4,402,1,NaN,NaN,0,0.837334871292114
A016,A,4,403,1,NaN,NaN,0,0.538451910018921
A016,A,4,404,1,NaN,NaN,0,0.440035104751587
A016,A,4,405,1,NaN,NaN,0,0.353085041046143
A016,A,4,406,1,NaN,NaN,0,0.503134965896606
A016,A,4,407,1,NaN,NaN,0,0.434794902801514
A016,A,4,408,1,NaN,NaN,0,0.516738176345825
A016,A,4,409,NaN,1,0,NaN,NaN
A016,A,4,410,1,NaN,NaN,0,0.416061162948608
A016,A,4,411,1,NaN,NaN,0,0.720816135406494
A016,A,4,412,1,NaN,NaN,0,0.415821075439453
A016,A,4,413,1,NaN,NaN,0,0.34262490272522
A016,A,4,414,1,NaN,NaN,0,0.35747504234314
A016,A,4,415,1,NaN,NaN,0,0.510829925537109
A016,A,4,416,1,NaN,NaN,0,0.496023893356323
A016,A,4,417,NaN,0,1,NaN,NaN
A016,A,4,418,0,NaN,NaN,1,NaN
A016,A,4,419,1,NaN,NaN,0,0.267376899719238
A016,A,4,420,1,NaN,NaN,0,0.349020957946777
A016,A,4,421,1,NaN,NaN,0,0.264276027679443
A016,A,4,422,1,NaN,NaN,0,0.337857007980347
A016,A,4,423,1,NaN,NaN,0,0.348613023757935
A016,A,4,424,1,NaN,NaN,0,0.353398084640503
A016,A,4,425,1,NaN,NaN,0,0.465986967086792
A016,A,4,426,NaN,0,1,NaN,NaN
A016,A,4,427,1,NaN,NaN,0,0.507958889007568
A016,A,4,428,1,NaN,NaN,0,0.387298107147217
A016,A,4,429,1,NaN,NaN,0,0.316399097442627
A016,A,4,430,1,NaN,NaN,0,0.247018814086914
A016,A,4,431,1,NaN,NaN,0,NaN
A016,A,4,432,1,NaN,NaN,0,NaN
A016,A,4,433,1,NaN,NaN,0,0.80391788482666
A016,A,4,434,1,NaN,NaN,0,0.778294086456299
A016,A,4,435,1,NaN,NaN,0,0.949596881866455
A016,A,4,436,1,NaN,NaN,0,0.865813016891479
A016,A,4,437,1,NaN,NaN,0,0.760625123977661
A016,A,4,438,1,NaN,NaN,0,0.662699937820435
A016,A,4,439,1,NaN,NaN,0,0.50950288772583
A016,A,4,440,NaN,1,0,NaN,NaN
A016,A,4,441,1,NaN,NaN,0,0.482125043869019
A016,A,4,442,1,NaN,NaN,0,0.35648512840271
A016,A,4,443,1,NaN,NaN,0,0.313529014587402
A016,A,4,444,1,NaN,NaN,0,NaN
A016,A,4,445,1,NaN,NaN,0,0.179427146911621
A016,A,4,446,1,NaN,NaN,0,0.244353055953979
A016,A,4,447,1,NaN,NaN,0,NaN
A016,A,4,448,1,NaN,NaN,0,1.03132104873657
A016,A,4,449,NaN,1,0,NaN,NaN
A016,A,4,450,1,NaN,NaN,0,0.311112880706787
A016,A,4,451,1,NaN,NaN,0,0.197175025939941
A016,A,4,452,1,NaN,NaN,0,1.04946613311768
A016,A,4,453,1,NaN,NaN,0,1.06349921226501
A016,A,4,454,1,NaN,NaN,0,0.915782928466797
A016,A,4,455,1,NaN,NaN,0,0.945168972015381
A016,A,4,456,1,NaN,NaN,0,0.992681980133057
A016,A,4,457,NaN,1,0,NaN,NaN
A016,A,4,458,1,NaN,NaN,0,0.286466836929321
A016,A,4,459,1,NaN,NaN,0,0.159530878067017
A016,A,4,460,1,NaN,NaN,0,NaN
A016,A,4,461,0,NaN,NaN,1,NaN
A016,A,4,462,NaN,0,1,NaN,NaN
A016,A,4,463,0,NaN,NaN,1,NaN
A016,A,4,464,1,NaN,NaN,0,0.194953918457031
A016,A,4,465,1,NaN,NaN,0,0.283969163894653
A016,A,4,466,1,NaN,NaN,0,0.319509983062744
A016,A,4,467,1,NaN,NaN,0,0.311790943145752
A016,A,4,468,1,NaN,NaN,0,0.393283843994141
A016,A,4,469,1,NaN,NaN,0,0.422240018844604
A016,A,4,470,1,NaN,NaN,0,0.387209892272949
A016,A,4,471,1,NaN,NaN,0,0.456540107727051
A016,A,4,472,1,NaN,NaN,0,0.333796977996826
A016,A,4,473,1,NaN,NaN,0,0.450657844543457
A016,A,4,474,NaN,1,0,NaN,NaN
A016,A,4,475,1,NaN,NaN,0,NaN
A016,A,4,476,1,NaN,NaN,0,NaN
A016,A,4,477,1,NaN,NaN,0,0.209880828857422
A016,A,4,478,1,NaN,NaN,0,0.178265810012817
A016,A,4,479,1,NaN,NaN,0,NaN
A016,A,4,480,1,NaN,NaN,0,0.233769178390503
A016,A,4,481,1,NaN,NaN,0,0.367621183395386
A016,A,4,482,1,NaN,NaN,0,0.362340927124023
A016,A,4,483,NaN,0,1,NaN,NaN
A016,A,4,484,1,NaN,NaN,0,0.862441062927246
A016,A,4,485,1,NaN,NaN,0,0.722361087799072
A016,A,4,486,1,NaN,NaN,0,0.79892110824585
A016,A,4,487,1,NaN,NaN,0,0.685872077941895
A016,A,4,488,1,NaN,NaN,0,0.592565059661865
A016,A,4,489,1,NaN,NaN,0,0.461313962936401
A016,A,4,490,1,NaN,NaN,0,0.387052059173584
A016,A,4,491,1,NaN,NaN,0,0.324750185012817
A016,A,4,492,1,NaN,NaN,0,0.271999835968018
A016,A,4,493,1,NaN,NaN,0,0.325784921646118
A016,A,4,494,NaN,0,1,NaN,NaN
A016,A,4,495,1,NaN,NaN,0,0.31276798248291
A016,A,4,496,1,NaN,NaN,0,0.361570119857788
A016,A,4,497,1,NaN,NaN,0,0.296470165252686
A016,A,4,498,1,NaN,NaN,0,0.290706872940063
A016,A,4,499,1,NaN,NaN,0,0.287704229354858
A016,A,4,500,1,NaN,NaN,0,0.276257038116455
A016,A,4,501,1,NaN,NaN,0,0.297333955764771
A016,A,4,502,NaN,0,1,NaN,NaN
A016,A,4,503,1,NaN,NaN,0,0.199725866317749
A016,A,4,504,1,NaN,NaN,0,NaN
A016,A,4,505,1,NaN,NaN,0,0.264278888702393
A016,A,4,506,1,NaN,NaN,0,0.282860994338989
A016,A,4,507,1,NaN,NaN,0,0.316657066345215
A016,A,4,508,1,NaN,NaN,0,0.29417896270752
A016,A,4,509,1,NaN,NaN,0,0.329910039901733
A016,A,4,510,1,NaN,NaN,0,0.402869939804077
A016,A,4,511,NaN,1,0,NaN,NaN
A016,A,4,512,1,NaN,NaN,0,0.277418851852417
A016,A,4,513,1,NaN,NaN,0,0.310586929321289
A016,A,4,514,1,NaN,NaN,0,0.320060014724731
A016,A,4,515,1,NaN,NaN,0,0.309371948242188
A016,A,4,516,NaN,0,1,NaN,NaN
A016,A,4,517,1,NaN,NaN,0,0.275758028030396
A016,A,4,518,1,NaN,NaN,0,0.246442079544067
A016,A,4,519,1,NaN,NaN,0,NaN
A016,A,4,520,1,NaN,NaN,0,NaN
A016,A,4,521,0,NaN,NaN,1,NaN
A016,A,4,522,1,NaN,NaN,0,0.229835987091064
A016,A,4,523,1,NaN,NaN,0,0.287076950073242
A016,A,4,524,NaN,0,1,NaN,NaN
A016,A,4,525,1,NaN,NaN,0,0.292419910430908
A016,A,4,526,1,NaN,NaN,0,0.279437065124512
A016,A,4,527,1,NaN,NaN,0,0.281347990036011
A016,A,4,528,1,NaN,NaN,0,0.331991910934448
A016,A,4,529,1,NaN,NaN,0,0.287434816360474
A016,A,4,530,1,NaN,NaN,0,0.383939027786255
A016,A,4,531,1,NaN,NaN,0,0.328358173370361
A016,A,4,532,1,NaN,NaN,0,0.385047912597656
A016,A,4,533,1,NaN,NaN,0,0.360146999359131
A016,A,4,534,1,NaN,NaN,0,0.350807905197144
A016,A,4,535,1,NaN,NaN,0,0.325222969055176
