SubID,Group,BlockN,nTrial,GoTrials,NoGoTrials,FA,Misses,RT
A044,A,1,1,1,NaN,NaN,0,0.475511074066162
A044,A,1,2,1,NaN,NaN,0,0.350418090820312
A044,A,1,3,1,NaN,NaN,0,0.357311964035034
A044,A,1,4,1,NaN,NaN,0,0.380627870559692
A044,A,1,5,1,NaN,NaN,0,0.52592396736145
A044,A,1,6,1,NaN,NaN,0,0.574429035186768
A044,A,1,7,1,NaN,NaN,0,0.595685958862305
A044,A,1,8,1,NaN,NaN,0,0.625176191329956
A044,A,1,9,NaN,1,0,NaN,NaN
A044,A,1,10,1,NaN,NaN,0,0.338788986206055
A044,A,1,11,1,NaN,NaN,0,0.298292875289917
A044,A,1,12,1,NaN,NaN,0,0.619013071060181
A044,A,1,13,1,NaN,NaN,0,0.604626178741455
A044,A,1,14,NaN,1,0,NaN,NaN
A044,A,1,15,1,NaN,NaN,0,0.316268920898438
A044,A,1,16,1,NaN,NaN,0,0.323860883712769
A044,A,1,17,1,NaN,NaN,0,0.340399026870728
A044,A,1,18,1,NaN,NaN,0,0.58233118057251
A044,A,1,19,1,NaN,NaN,0,0.475964069366455
A044,A,1,20,1,NaN,NaN,0,0.440057039260864
A044,A,1,21,1,NaN,NaN,0,0.408384084701538
A044,A,1,22,1,NaN,NaN,0,0.404448986053467
A044,A,1,23,NaN,1,0,NaN,NaN
A044,A,1,24,1,NaN,NaN,0,0.286219835281372
A044,A,1,25,1,NaN,NaN,0,0.30222487449646
A044,A,1,26,1,NaN,NaN,0,0.422632932662964
A044,A,1,27,1,NaN,NaN,0,0.491876125335693
A044,A,1,28,1,NaN,NaN,0,0.585798978805542
A044,A,1,29,1,NaN,NaN,0,0.403734922409058
A044,A,1,30,NaN,1,0,NaN,NaN
A044,A,1,31,1,NaN,NaN,0,0.26163911819458
A044,A,1,32,1,NaN,NaN,0,0.290318965911865
A044,A,1,33,1,NaN,NaN,0,0.286512851715088
A044,A,1,34,1,NaN,NaN,0,0.393715858459473
A044,A,1,35,1,NaN,NaN,0,0.371826887130737
A044,A,1,36,1,NaN,NaN,0,0.530288934707642
A044,A,1,37,1,NaN,NaN,0,0.295212030410767
A044,A,1,38,1,NaN,NaN,0,0.375942945480347
A044,A,1,39,1,NaN,NaN,0,0.334831953048706
A044,A,1,40,NaN,1,0,NaN,NaN
A044,A,1,41,1,NaN,NaN,0,0.300384044647217
A044,A,1,42,1,NaN,NaN,0,0.289343118667603
A044,A,1,43,1,NaN,NaN,0,0.378000974655151
A044,A,1,44,1,NaN,NaN,0,0.270668029785156
A044,A,1,45,1,NaN,NaN,0,0.376827001571655
A044,A,1,46,1,NaN,NaN,0,0.438977956771851
A044,A,1,47,0,NaN,NaN,1,NaN
A044,A,1,48,NaN,1,0,NaN,NaN
A044,A,1,49,1,NaN,NaN,0,0.213203907012939
A044,A,1,50,1,NaN,NaN,0,0.328856945037842
A044,A,1,51,1,NaN,NaN,0,0.338372945785522
A044,A,1,52,1,NaN,NaN,0,0.349461078643799
A044,A,1,53,1,NaN,NaN,0,0.456416130065918
A044,A,1,54,1,NaN,NaN,0,0.445329189300537
A044,A,1,55,1,NaN,NaN,0,0.446793079376221
A044,A,1,56,1,NaN,NaN,0,0.513454914093018
A044,A,1,57,1,NaN,NaN,0,0.358382940292358
A044,A,1,58,NaN,1,0,NaN,NaN
A044,A,1,59,1,NaN,NaN,0,0.239161014556885
A044,A,1,60,1,NaN,NaN,0,0.406132936477661
A044,A,1,61,1,NaN,NaN,0,0.701268911361694
A044,A,1,62,1,NaN,NaN,0,0.361783981323242
A044,A,1,63,1,NaN,NaN,0,0.360544919967651
A044,A,1,64,1,NaN,NaN,0,0.401304960250854
A044,A,1,65,1,NaN,NaN,0,0.445873975753784
A044,A,1,66,1,NaN,NaN,0,0.538396835327148
A044,A,1,67,1,NaN,NaN,0,0.563273906707764
A044,A,1,68,1,NaN,NaN,0,0.605547189712524
A044,A,1,69,1,NaN,NaN,0,0.474056005477905
A044,A,1,70,1,NaN,NaN,0,0.770757913589478
A044,A,1,71,NaN,1,0,NaN,NaN
A044,A,1,72,1,NaN,NaN,0,0.48757791519165
A044,A,1,73,1,NaN,NaN,0,0.3367600440979
A044,A,1,74,1,NaN,NaN,0,0.338427782058716
A044,A,1,75,1,NaN,NaN,0,0.505001068115234
A044,A,1,76,NaN,1,0,NaN,NaN
A044,A,1,77,1,NaN,NaN,0,0.299960136413574
A044,A,1,78,1,NaN,NaN,0,0.360503911972046
A044,A,1,79,1,NaN,NaN,0,0.515281915664673
A044,A,1,80,1,NaN,NaN,0,0.56898307800293
A044,A,1,81,1,NaN,NaN,0,0.806295871734619
A044,A,1,82,1,NaN,NaN,0,0.448947191238403
A044,A,1,83,1,NaN,NaN,0,0.369853019714355
A044,A,1,84,NaN,1,0,NaN,NaN
A044,A,1,85,1,NaN,NaN,0,0.343063116073608
A044,A,1,86,1,NaN,NaN,0,0.49458909034729
A044,A,1,87,1,NaN,NaN,0,0.355070114135742
A044,A,1,88,1,NaN,NaN,0,0.717250108718872
A044,A,1,89,1,NaN,NaN,0,0.61195707321167
A044,A,1,90,1,NaN,NaN,0,0.771596908569336
A044,A,1,91,1,NaN,NaN,0,0.703577041625977
A044,A,1,92,NaN,1,0,NaN,NaN
A044,A,1,93,1,NaN,NaN,0,0.294111013412476
A044,A,1,94,1,NaN,NaN,0,0.346167087554932
A044,A,1,95,1,NaN,NaN,0,0.63155198097229
A044,A,1,96,1,NaN,NaN,0,0.817837953567505
A044,A,1,97,1,NaN,NaN,0,0.455222129821777
A044,A,1,98,1,NaN,NaN,0,0.641227006912231
A044,A,1,99,1,NaN,NaN,0,0.334039211273193
A044,A,1,100,1,NaN,NaN,0,0.384017944335938
A044,A,1,101,1,NaN,NaN,0,0.628833055496216
A044,A,1,102,1,NaN,NaN,0,0.662705898284912
A044,A,1,103,1,NaN,NaN,0,0.41972017288208
A044,A,1,104,1,NaN,NaN,0,0.407103061676025
A044,A,1,105,NaN,0,1,NaN,NaN
A044,A,1,106,1,NaN,NaN,0,0.346013069152832
A044,A,1,107,1,NaN,NaN,0,0.491556882858276
A044,A,1,108,1,NaN,NaN,0,0.479873895645142
A044,A,1,109,1,NaN,NaN,0,0.514847040176392
A044,A,1,110,1,NaN,NaN,0,0.403165102005005
A044,A,1,111,1,NaN,NaN,0,0.560360908508301
A044,A,1,112,1,NaN,NaN,0,0.306633949279785
A044,A,1,113,1,NaN,NaN,0,0.293177843093872
A044,A,1,114,1,NaN,NaN,0,0.332076072692871
A044,A,1,115,1,NaN,NaN,0,0.330026149749756
A044,A,1,116,NaN,1,0,NaN,NaN
A044,A,1,117,1,NaN,NaN,0,0.268794059753418
A044,A,1,118,1,NaN,NaN,0,0.205233097076416
A044,A,1,119,1,NaN,NaN,0,0.278346061706543
A044,A,1,120,NaN,0,1,NaN,NaN
A044,A,1,121,1,NaN,NaN,0,0.243726015090942
A044,A,1,122,1,NaN,NaN,0,0.225296020507812
A044,A,1,123,1,NaN,NaN,0,0.294757127761841
A044,A,1,124,1,NaN,NaN,0,0.286557912826538
A044,A,1,125,1,NaN,NaN,0,0.604192972183228
A044,A,1,126,1,NaN,NaN,0,0.245238065719604
A044,A,1,127,1,NaN,NaN,0,NaN
A044,A,1,128,1,NaN,NaN,0,0.273283004760742
A044,A,1,129,NaN,0,1,NaN,NaN
A044,A,1,130,1,NaN,NaN,0,0.3382568359375
A044,A,1,131,1,NaN,NaN,0,0.487900972366333
A044,A,1,132,1,NaN,NaN,0,0.532698154449463
A044,A,1,133,1,NaN,NaN,0,0.560060977935791
A044,A,1,134,1,NaN,NaN,0,0.465309858322144
A044,A,1,135,1,NaN,NaN,0,0.410531997680664
A044,A,1,136,1,NaN,NaN,0,0.520962953567505
A044,A,1,137,1,NaN,NaN,0,0.570803165435791
A044,A,1,138,1,NaN,NaN,0,0.494168043136597
A044,A,1,139,1,NaN,NaN,0,0.585458993911743
A044,A,1,140,1,NaN,NaN,0,0.455029010772705
A044,A,1,141,NaN,1,0,NaN,NaN
A044,A,1,142,1,NaN,NaN,0,0.262650966644287
A044,A,1,143,1,NaN,NaN,0,0.249224901199341
A044,A,1,144,1,NaN,NaN,0,0.258647918701172
A044,A,1,145,1,NaN,NaN,0,0.326578855514526
A044,A,1,146,1,NaN,NaN,0,0.386348009109497
A044,A,1,147,1,NaN,NaN,0,0.352755784988403
A044,A,1,148,NaN,1,0,NaN,NaN
A044,A,1,149,1,NaN,NaN,0,0.822991847991943
A044,A,1,150,1,NaN,NaN,0,0.360383033752441
A044,A,1,151,1,NaN,NaN,0,0.326613903045654
A044,A,1,152,1,NaN,NaN,0,0.379100799560547
A044,A,1,153,1,NaN,NaN,0,0.36382794380188
A044,A,1,154,1,NaN,NaN,0,0.355823040008545
A044,A,1,155,1,NaN,NaN,0,0.275574207305908
A044,A,1,156,1,NaN,NaN,0,0.309678077697754
A044,A,1,157,1,NaN,NaN,0,0.310562133789062
A044,A,1,158,1,NaN,NaN,0,0.267076969146729
A044,A,1,159,NaN,0,1,NaN,NaN
A044,A,1,160,1,NaN,NaN,0,0.263572931289673
A044,A,1,161,1,NaN,NaN,0,0.258304119110107
A044,A,1,162,1,NaN,NaN,0,0.267616987228394
A044,A,1,163,1,NaN,NaN,0,0.313374042510986
A044,A,1,164,1,NaN,NaN,0,0.304475784301758
A044,A,1,165,1,NaN,NaN,0,0.285903930664062
A044,A,1,166,1,NaN,NaN,0,0.337594985961914
A044,A,1,167,1,NaN,NaN,0,0.279592990875244
A044,A,1,168,NaN,0,1,NaN,NaN
A044,A,1,169,1,NaN,NaN,0,0.273772001266479
A044,A,1,170,1,NaN,NaN,0,0.27283501625061
A044,A,1,171,1,NaN,NaN,0,0.344743013381958
A044,A,1,172,1,NaN,NaN,0,0.379238128662109
A044,A,1,173,1,NaN,NaN,0,0.368438959121704
A044,A,1,174,NaN,1,0,NaN,NaN
A044,A,1,175,1,NaN,NaN,0,0.235928058624268
A044,A,1,176,1,NaN,NaN,0,0.242614030838013
A044,A,1,177,1,NaN,NaN,0,0.296279191970825
A044,A,1,178,1,NaN,NaN,0,0.277728080749512
A044,A,1,179,1,NaN,NaN,0,0.346031188964844
A044,A,1,180,1,NaN,NaN,0,0.382925033569336
A044,A,1,181,1,NaN,NaN,0,0.363956928253174
A044,A,1,182,1,NaN,NaN,0,0.260668039321899
A044,A,1,183,NaN,0,1,NaN,NaN
A044,A,1,184,1,NaN,NaN,0,0.509884119033813
A044,A,1,185,1,NaN,NaN,0,0.311553001403809
A044,A,1,186,1,NaN,NaN,0,0.270862102508545
A044,A,1,187,1,NaN,NaN,0,0.264811038970947
A044,A,1,188,1,NaN,NaN,0,0.251900196075439
A044,A,1,189,1,NaN,NaN,0,0.33235502243042
A044,A,1,190,1,NaN,NaN,0,0.628206968307495
A044,A,1,191,NaN,1,0,NaN,NaN
A044,A,1,192,1,NaN,NaN,0,0.336335182189941
A044,A,1,193,1,NaN,NaN,0,0.339977025985718
A044,A,1,194,1,NaN,NaN,0,0.328794002532959
A044,A,1,195,1,NaN,NaN,0,0.279165983200073
A044,A,1,196,1,NaN,NaN,0,0.27872896194458
A044,A,1,197,1,NaN,NaN,0,0.375507116317749
A044,A,1,198,1,NaN,NaN,0,0.316215038299561
A044,A,1,199,1,NaN,NaN,0,0.514988899230957
A044,A,1,200,1,NaN,NaN,0,0.378391027450562
A044,A,1,201,1,NaN,NaN,0,0.343611001968384
A044,A,1,202,1,NaN,NaN,0,0.296234846115112
A044,A,1,203,1,NaN,NaN,0,0.30466103553772
A044,A,1,204,1,NaN,NaN,0,0.313115119934082
A044,A,1,205,NaN,1,0,NaN,NaN
A044,A,1,206,1,NaN,NaN,0,0.266080141067505
A044,A,1,207,1,NaN,NaN,0,0.288766145706177
A044,A,1,208,1,NaN,NaN,0,0.283089160919189
A044,A,1,209,1,NaN,NaN,0,0.241518020629883
A044,A,1,210,1,NaN,NaN,0,0.278061151504517
A044,A,1,211,1,NaN,NaN,0,0.518427133560181
A044,A,1,212,NaN,0,1,NaN,NaN
A044,A,1,213,1,NaN,NaN,0,0.289160966873169
A044,A,1,214,1,NaN,NaN,0,0.386841058731079
A044,A,1,215,1,NaN,NaN,0,0.48507285118103
A044,A,1,216,1,NaN,NaN,0,0.488229990005493
A044,A,1,217,1,NaN,NaN,0,0.405524015426636
A044,A,1,218,1,NaN,NaN,0,0.360867023468018
A044,A,1,219,1,NaN,NaN,0,0.485424995422363
A044,A,1,220,NaN,1,0,NaN,NaN
A044,A,1,221,1,NaN,NaN,0,0.242780208587646
A044,A,1,222,1,NaN,NaN,0,0.275079011917114
A044,A,1,223,1,NaN,NaN,0,1.01164388656616
A044,A,1,224,1,NaN,NaN,0,1.0203709602356
A044,A,1,225,1,NaN,NaN,0,1.20831608772278
A044,A,1,226,0,NaN,NaN,1,NaN
A044,A,1,227,1,NaN,NaN,0,0.226349115371704
A044,A,1,228,1,NaN,NaN,0,0.236202001571655
A044,A,1,229,1,NaN,NaN,0,0.382088899612427
A044,A,1,230,1,NaN,NaN,0,0.368412971496582
A044,A,1,231,1,NaN,NaN,0,0.380919933319092
A044,A,1,232,NaN,0,1,NaN,NaN
A044,A,1,233,1,NaN,NaN,0,0.268476963043213
A044,A,1,234,1,NaN,NaN,0,0.214231967926025
A044,A,1,235,1,NaN,NaN,0,0.160475015640259
A044,A,1,236,1,NaN,NaN,0,0.276998043060303
A044,A,1,237,NaN,0,1,NaN,NaN
A044,A,1,238,1,NaN,NaN,0,0.240936040878296
A044,A,1,239,1,NaN,NaN,0,0.261497020721436
A044,A,1,240,1,NaN,NaN,0,1.08996105194092
A044,A,1,241,0,NaN,NaN,1,NaN
A044,A,1,242,1,NaN,NaN,0,0.222507953643799
A044,A,1,243,1,NaN,NaN,0,0.29761004447937
A044,A,1,244,1,NaN,NaN,0,0.275029897689819
A044,A,1,245,1,NaN,NaN,0,0.269263029098511
A044,A,1,246,1,NaN,NaN,0,0.150486946105957
A044,A,1,247,NaN,0,1,NaN,NaN
A044,A,1,248,1,NaN,NaN,0,0.298973083496094
A044,A,1,249,1,NaN,NaN,0,0.281869888305664
A044,A,1,250,1,NaN,NaN,0,0.832414865493774
A044,A,1,251,1,NaN,NaN,0,0.601028203964233
A044,A,1,252,1,NaN,NaN,0,0.669778108596802
A044,A,1,253,1,NaN,NaN,0,0.450114011764526
A044,A,1,254,1,NaN,NaN,0,0.412374019622803
A044,A,1,255,1,NaN,NaN,0,0.492120981216431
A044,A,1,256,1,NaN,NaN,0,0.444189071655273
A044,A,1,257,1,NaN,NaN,0,0.345118999481201
A044,A,1,258,1,NaN,NaN,0,0.315363168716431
A044,A,1,259,1,NaN,NaN,0,0.240242004394531
A044,A,1,260,NaN,0,1,NaN,NaN
A044,A,1,261,1,NaN,NaN,0,0.274754047393799
A044,A,1,262,1,NaN,NaN,0,0.465582847595215
A044,A,1,263,1,NaN,NaN,0,0.299090147018433
A044,A,1,264,1,NaN,NaN,0,0.248116970062256
A044,A,1,265,1,NaN,NaN,0,0.220609903335571
A044,A,1,266,1,NaN,NaN,0,0.295788049697876
A044,A,1,267,1,NaN,NaN,0,0.271463871002197
A044,A,1,268,NaN,0,1,NaN,NaN
A044,A,1,269,1,NaN,NaN,0,0.264328002929688
A044,A,1,270,1,NaN,NaN,0,0.227567911148071
A044,A,1,271,1,NaN,NaN,0,0.265491008758545
A044,A,1,272,1,NaN,NaN,0,0.270045042037964
A044,A,1,273,NaN,0,1,NaN,NaN
A044,A,1,274,1,NaN,NaN,0,0.328716993331909
A044,A,1,275,1,NaN,NaN,0,0.291202068328857
A044,A,1,276,1,NaN,NaN,0,0.300637006759644
A044,A,1,277,1,NaN,NaN,0,0.422029972076416
A044,A,1,278,1,NaN,NaN,0,0.474859952926636
A044,A,1,279,1,NaN,NaN,0,0.40013599395752
A044,A,1,280,1,NaN,NaN,0,0.441148996353149
A044,A,1,281,1,NaN,NaN,0,0.57928204536438
A044,A,1,282,1,NaN,NaN,0,0.46530294418335
A044,A,1,283,1,NaN,NaN,0,0.502670049667358
A044,A,1,284,1,NaN,NaN,0,0.393523931503296
A044,A,1,285,1,NaN,NaN,0,0.552814960479736
A044,A,1,286,NaN,1,0,NaN,NaN
A044,A,1,287,1,NaN,NaN,0,0.31656289100647
A044,A,1,288,1,NaN,NaN,0,0.247416973114014
A044,A,1,289,1,NaN,NaN,0,0.335213184356689
A044,A,1,290,1,NaN,NaN,0,0.259837865829468
A044,A,1,291,NaN,0,1,NaN,NaN
A044,A,1,292,1,NaN,NaN,0,0.275980949401855
A044,A,1,293,1,NaN,NaN,0,0.236852884292603
A044,A,1,294,1,NaN,NaN,0,0.245503902435303
A044,A,1,295,1,NaN,NaN,0,0.194101095199585
A044,A,1,296,1,NaN,NaN,0,0.355376958847046
A044,A,1,297,1,NaN,NaN,0,0.351500034332275
A044,A,1,298,1,NaN,NaN,0,0.456916093826294
A044,A,1,299,NaN,1,0,NaN,NaN
A044,A,1,300,1,NaN,NaN,0,0.316592931747437
A044,A,1,301,1,NaN,NaN,0,0.334908008575439
A044,A,1,302,1,NaN,NaN,0,0.315374135971069
A044,A,1,303,1,NaN,NaN,0,0.316884994506836
A044,A,1,304,1,NaN,NaN,0,0.277040004730225
A044,A,1,305,1,NaN,NaN,0,0.365962982177734
A044,A,1,306,1,NaN,NaN,0,0.354305982589722
A044,A,1,307,1,NaN,NaN,0,0.277925968170166
A044,A,1,308,1,NaN,NaN,0,0.36250901222229
A044,A,1,309,NaN,0,1,NaN,NaN
A044,A,1,310,1,NaN,NaN,0,0.254095077514648
A044,A,1,311,1,NaN,NaN,0,0.302822113037109
A044,A,1,312,1,NaN,NaN,0,0.403281927108765
A044,A,1,313,1,NaN,NaN,0,0.323508977890015
A044,A,1,314,1,NaN,NaN,0,0.316582918167114
A044,A,1,315,1,NaN,NaN,0,0.337985992431641
A044,A,1,316,1,NaN,NaN,0,0.240869045257568
A044,A,1,317,1,NaN,NaN,0,0.234148025512695
A044,A,1,318,NaN,0,1,NaN,NaN
A044,A,1,319,1,NaN,NaN,0,0.275506973266602
A044,A,1,320,1,NaN,NaN,0,0.291620016098022
A044,A,1,321,1,NaN,NaN,0,0.289352893829346
A044,A,1,322,1,NaN,NaN,0,0.337782859802246
A044,A,1,323,1,NaN,NaN,0,0.398266792297363
A044,A,1,324,1,NaN,NaN,0,0.326639890670776
A044,A,1,325,1,NaN,NaN,0,0.339563846588135
A044,A,1,326,1,NaN,NaN,0,0.31083083152771
A044,A,1,327,1,NaN,NaN,0,0.292227029800415
A044,A,1,328,1,NaN,NaN,0,0.526500940322876
A044,A,1,329,NaN,0,1,NaN,NaN
A044,A,1,330,1,NaN,NaN,0,0.246054887771606
A044,A,1,331,1,NaN,NaN,0,0.275502920150757
A044,A,1,332,1,NaN,NaN,0,0.322480201721191
A044,A,1,333,1,NaN,NaN,0,0.370450973510742
A044,A,1,334,1,NaN,NaN,0,0.357079029083252
A044,A,1,335,NaN,1,0,NaN,NaN
A044,A,1,336,1,NaN,NaN,0,0.203249931335449
A044,A,1,337,1,NaN,NaN,0,0.16588020324707
A044,A,1,338,1,NaN,NaN,0,0.267490148544312
A044,A,1,339,1,NaN,NaN,0,0.296853065490723
A044,A,1,340,1,NaN,NaN,0,NaN
A044,A,1,341,1,NaN,NaN,0,0.274122953414917
A044,A,1,342,1,NaN,NaN,0,0.232621908187866
A044,A,1,343,1,NaN,NaN,0,NaN
A044,A,1,344,1,NaN,NaN,0,0.288269996643066
A044,A,1,345,1,NaN,NaN,0,0.273308038711548
A044,A,1,346,1,NaN,NaN,0,0.298654079437256
A044,A,1,347,NaN,0,1,NaN,NaN
A044,A,1,348,1,NaN,NaN,0,0.223626136779785
A044,A,1,349,1,NaN,NaN,0,0.276705980300903
A044,A,1,350,1,NaN,NaN,0,0.277926921844482
A044,A,1,351,1,NaN,NaN,0,0.284964084625244
A044,A,1,352,1,NaN,NaN,0,0.33980393409729
A044,A,1,353,1,NaN,NaN,0,0.281154155731201
A044,A,1,354,1,NaN,NaN,0,0.2933669090271
A044,A,1,355,0,NaN,NaN,1,NaN
A044,A,1,356,1,NaN,NaN,0,NaN
A044,A,1,357,1,NaN,NaN,0,0.353204965591431
A044,A,1,358,1,NaN,NaN,0,0.357783079147339
A044,A,1,359,NaN,1,0,NaN,NaN
A044,A,1,360,1,NaN,NaN,0,0.274744033813477
A044,A,1,361,1,NaN,NaN,0,0.443869829177856
A044,A,1,362,1,NaN,NaN,0,0.374776124954224
A044,A,1,363,1,NaN,NaN,0,0.368098020553589
A044,A,1,364,1,NaN,NaN,0,0.275588035583496
A044,A,1,365,1,NaN,NaN,0,0.382986068725586
A044,A,1,366,1,NaN,NaN,0,0.153240203857422
A044,A,1,367,NaN,0,1,NaN,NaN
A044,A,1,368,1,NaN,NaN,0,0.300309896469116
A044,A,1,369,1,NaN,NaN,0,0.29320216178894
A044,A,1,370,1,NaN,NaN,0,0.284856081008911
A044,A,1,371,1,NaN,NaN,0,0.341639995574951
A044,A,1,372,1,NaN,NaN,0,0.275947093963623
A044,A,1,373,1,NaN,NaN,0,0.463170051574707
A044,A,1,374,1,NaN,NaN,0,0.367559909820557
A044,A,1,375,1,NaN,NaN,0,0.434262990951538
A044,A,1,376,1,NaN,NaN,0,0.326237916946411
A044,A,1,377,NaN,0,1,NaN,NaN
A044,A,1,378,1,NaN,NaN,0,0.241668224334717
A044,A,1,379,1,NaN,NaN,0,0.216202974319458
A044,A,1,380,NaN,0,1,NaN,NaN
A044,A,1,381,1,NaN,NaN,0,0.341932058334351
A044,A,1,382,1,NaN,NaN,0,0.30142617225647
A044,A,1,383,1,NaN,NaN,0,0.293883085250854
A044,A,1,384,1,NaN,NaN,0,0.298596858978271
A044,A,1,385,1,NaN,NaN,0,0.301382064819336
A044,A,1,386,1,NaN,NaN,0,0.327202081680298
A044,A,1,387,1,NaN,NaN,0,0.192497968673706
A044,A,1,388,1,NaN,NaN,0,0.331093072891235
A044,A,1,389,1,NaN,NaN,0,0.311631917953491
A044,A,1,390,NaN,1,0,NaN,NaN
A044,A,1,391,1,NaN,NaN,0,NaN
A044,A,1,392,1,NaN,NaN,0,0.236848831176758
A044,A,1,393,1,NaN,NaN,0,0.241398096084595
A044,A,1,394,1,NaN,NaN,0,0.302076101303101
A044,A,1,395,1,NaN,NaN,0,0.298187017440796
A044,A,1,396,1,NaN,NaN,0,0.472898960113525
A044,A,1,397,1,NaN,NaN,0,0.374490022659302
A044,A,1,398,1,NaN,NaN,0,0.33020281791687
A044,A,1,399,1,NaN,NaN,0,0.402153968811035
A044,A,1,400,1,NaN,NaN,0,0.396722078323364
A044,A,1,401,1,NaN,NaN,0,0.230887174606323
A044,A,1,402,1,NaN,NaN,0,0.326251029968262
A044,A,1,403,NaN,1,0,NaN,NaN
A044,A,1,404,0,NaN,NaN,1,NaN
A044,A,1,405,1,NaN,NaN,0,0.289232969284058
A044,A,1,406,1,NaN,NaN,0,0.32397198677063
A044,A,1,407,1,NaN,NaN,0,0.409794092178345
A044,A,1,408,1,NaN,NaN,0,0.325769901275635
A044,A,1,409,1,NaN,NaN,0,0.326846122741699
A044,A,1,410,1,NaN,NaN,0,0.235224008560181
A044,A,1,411,NaN,0,1,NaN,NaN
A044,A,1,412,1,NaN,NaN,0,0.33807897567749
A044,A,1,413,1,NaN,NaN,0,0.306956052780151
A044,A,1,414,1,NaN,NaN,0,0.323429822921753
A044,A,1,415,1,NaN,NaN,0,0.86970591545105
A044,A,1,416,1,NaN,NaN,0,0.562013864517212
A044,A,1,417,1,NaN,NaN,0,0.358107089996338
A044,A,1,418,1,NaN,NaN,0,0.348104000091553
A044,A,1,419,1,NaN,NaN,0,0.388863086700439
A044,A,1,420,1,NaN,NaN,0,0.302441120147705
A044,A,1,421,1,NaN,NaN,0,0.288248062133789
A044,A,1,422,NaN,0,1,NaN,NaN
A044,A,1,423,1,NaN,NaN,0,0.283360958099365
A044,A,1,424,1,NaN,NaN,0,0.277544021606445
A044,A,1,425,NaN,0,1,NaN,NaN
A044,A,1,426,1,NaN,NaN,0,0.254640102386475
A044,A,1,427,1,NaN,NaN,0,0.307121992111206
A044,A,1,428,1,NaN,NaN,0,0.275491952896118
A044,A,1,429,1,NaN,NaN,0,0.256118059158325
A044,A,1,430,1,NaN,NaN,0,0.244980096817017
A044,A,1,431,1,NaN,NaN,0,0.231117963790894
A044,A,1,432,1,NaN,NaN,0,0.169865846633911
A044,A,1,433,1,NaN,NaN,0,0.223402976989746
A044,A,1,434,1,NaN,NaN,0,0.321062088012695
A044,A,1,435,1,NaN,NaN,0,NaN
A044,A,1,436,1,NaN,NaN,0,0.240767002105713
A044,A,1,437,1,NaN,NaN,0,0.229809999465942
A044,A,1,438,NaN,0,1,NaN,NaN
A044,A,1,439,1,NaN,NaN,0,0.174365043640137
A044,A,1,440,1,NaN,NaN,0,0.311548948287964
A044,A,1,441,1,NaN,NaN,0,0.324276924133301
A044,A,1,442,1,NaN,NaN,0,0.31571888923645
A044,A,1,443,1,NaN,NaN,0,0.284124135971069
A044,A,1,444,1,NaN,NaN,0,0.249303102493286
A044,A,1,445,NaN,1,0,NaN,NaN
A044,A,1,446,1,NaN,NaN,0,0.303262948989868
A044,A,1,447,1,NaN,NaN,0,0.205693006515503
A044,A,1,448,1,NaN,NaN,0,0.258608818054199
A044,A,1,449,1,NaN,NaN,0,NaN
A044,A,1,450,1,NaN,NaN,0,0.177845001220703
A044,A,1,451,0,NaN,NaN,1,NaN
A044,A,1,452,NaN,0,1,NaN,NaN
A044,A,1,453,1,NaN,NaN,0,0.324576854705811
A044,A,1,454,1,NaN,NaN,0,0.286036968231201
A044,A,1,455,1,NaN,NaN,0,0.339988946914673
A044,A,1,456,1,NaN,NaN,0,0.28243088722229
A044,A,1,457,1,NaN,NaN,0,0.242443799972534
A044,A,1,458,1,NaN,NaN,0,0.243613004684448
A044,A,1,459,1,NaN,NaN,0,0.294224977493286
A044,A,1,460,1,NaN,NaN,0,0.314827919006348
A044,A,1,461,NaN,0,1,NaN,NaN
A044,A,1,462,1,NaN,NaN,0,0.289942026138306
A044,A,1,463,1,NaN,NaN,0,0.240849018096924
A044,A,1,464,1,NaN,NaN,0,0.265833139419556
A044,A,1,465,1,NaN,NaN,0,0.175886154174805
A044,A,1,466,1,NaN,NaN,0,0.335673093795776
A044,A,1,467,1,NaN,NaN,0,0.324810981750488
A044,A,1,468,1,NaN,NaN,0,0.322268962860107
A044,A,1,469,1,NaN,NaN,0,0.260798931121826
A044,A,1,470,1,NaN,NaN,0,0.281399965286255
A044,A,1,471,1,NaN,NaN,0,0.228193998336792
A044,A,1,472,1,NaN,NaN,0,0.200589895248413
A044,A,1,473,1,NaN,NaN,0,0.25385308265686
A044,A,1,474,1,NaN,NaN,0,0.314303874969482
A044,A,1,475,1,NaN,NaN,0,0.257444143295288
A044,A,1,476,NaN,0,1,NaN,NaN
A044,A,1,477,1,NaN,NaN,0,NaN
A044,A,1,478,1,NaN,NaN,0,0.162017107009888
A044,A,1,479,1,NaN,NaN,0,0.291457891464233
A044,A,1,480,1,NaN,NaN,0,0.208091974258423
A044,A,1,481,1,NaN,NaN,0,0.364500045776367
A044,A,1,482,1,NaN,NaN,0,0.310225963592529
A044,A,1,483,NaN,0,1,NaN,NaN
A044,A,1,484,0,NaN,NaN,1,NaN
A044,A,1,485,1,NaN,NaN,0,0.248544931411743
A044,A,1,486,1,NaN,NaN,0,0.297847032546997
A044,A,1,487,1,NaN,NaN,0,0.319453954696655
A044,A,1,488,1,NaN,NaN,0,0.276863098144531
A044,A,1,489,1,NaN,NaN,0,0.298449993133545
A044,A,1,490,1,NaN,NaN,0,0.254257917404175
A044,A,1,491,NaN,1,0,NaN,NaN
A044,A,1,492,1,NaN,NaN,0,0.240539073944092
A044,A,1,493,1,NaN,NaN,0,0.281688928604126
A044,A,1,494,1,NaN,NaN,0,0.298327207565308
A044,A,1,495,1,NaN,NaN,0,0.292114019393921
A044,A,1,496,1,NaN,NaN,0,0.412781000137329
A044,A,1,497,1,NaN,NaN,0,0.335585117340088
A044,A,1,498,1,NaN,NaN,0,0.27665114402771
A044,A,1,499,1,NaN,NaN,0,0.289768934249878
A044,A,1,500,NaN,0,1,NaN,NaN
A044,A,1,501,1,NaN,NaN,0,0.238358974456787
A044,A,1,502,1,NaN,NaN,0,0.672779083251953
A044,A,1,503,1,NaN,NaN,0,0.419242143630981
A044,A,1,504,1,NaN,NaN,0,0.445173025131226
A044,A,1,505,1,NaN,NaN,0,0.443795919418335
A044,A,1,506,1,NaN,NaN,0,0.389923095703125
A044,A,1,507,1,NaN,NaN,0,0.326773881912231
A044,A,1,508,1,NaN,NaN,0,0.266293048858643
A044,A,1,509,1,NaN,NaN,0,0.347114086151123
A044,A,1,510,1,NaN,NaN,0,0.318685054779053
A044,A,1,511,1,NaN,NaN,0,0.319613933563232
A044,A,1,512,NaN,1,0,NaN,NaN
A044,A,1,513,1,NaN,NaN,0,0.26230001449585
A044,A,1,514,1,NaN,NaN,0,0.26175594329834
A044,A,1,515,1,NaN,NaN,0,0.251970052719116
A044,A,1,516,1,NaN,NaN,0,0.272526979446411
A044,A,1,517,1,NaN,NaN,0,0.265382051467896
A044,A,1,518,1,NaN,NaN,0,0.245789051055908
A044,A,1,519,NaN,0,1,NaN,NaN
A044,A,1,520,1,NaN,NaN,0,0.272509098052979
A044,A,1,521,1,NaN,NaN,0,0.269603967666626
A044,A,1,522,1,NaN,NaN,0,0.292917013168335
A044,A,1,523,1,NaN,NaN,0,0.265156984329224
A044,A,1,524,1,NaN,NaN,0,0.511343955993652
A044,A,1,525,1,NaN,NaN,0,0.340337038040161
A044,A,1,526,1,NaN,NaN,0,0.283252000808716
A044,A,1,527,NaN,0,1,NaN,NaN
A044,A,1,528,1,NaN,NaN,0,0.253442049026489
A044,A,1,529,1,NaN,NaN,0,0.231000900268555
A044,A,1,530,1,NaN,NaN,0,0.238991022109985
A044,A,1,531,1,NaN,NaN,0,0.324417114257812
A044,A,1,532,1,NaN,NaN,0,0.319311857223511
A044,A,1,533,1,NaN,NaN,0,0.343973875045776
A044,A,1,534,NaN,1,0,NaN,NaN
A044,A,1,535,1,NaN,NaN,0,0.276819944381714
A044,A,1,536,1,NaN,NaN,0,0.297388076782227
A044,A,1,537,1,NaN,NaN,0,0.226980924606323
A044,A,1,538,1,NaN,NaN,0,0.178009033203125
A044,A,1,539,1,NaN,NaN,0,NaN
A044,A,1,540,1,NaN,NaN,0,0.207366943359375
A044,A,1,541,1,NaN,NaN,0,0.298990964889526
A044,A,1,542,1,NaN,NaN,0,0.183062076568604
A044,A,1,543,NaN,1,0,NaN,NaN
A044,A,1,544,1,NaN,NaN,0,0.233161926269531
A044,A,1,545,0,NaN,NaN,1,NaN
A044,A,1,546,1,NaN,NaN,0,0.305269956588745
A044,A,1,547,1,NaN,NaN,0,0.245822906494141
A044,A,1,548,1,NaN,NaN,0,0.254183053970337
A044,A,1,549,1,NaN,NaN,0,0.374824047088623
A044,A,1,550,1,NaN,NaN,0,0.346058130264282
A044,A,1,551,1,NaN,NaN,0,0.322799921035767
A044,A,1,552,1,NaN,NaN,0,0.333211898803711
A044,A,1,553,1,NaN,NaN,0,0.343963861465454
A044,A,1,554,1,NaN,NaN,0,0.313363075256348
A044,A,1,555,1,NaN,NaN,0,0.276839971542358
A044,A,1,556,1,NaN,NaN,0,0.391526937484741
A044,A,1,557,NaN,0,1,NaN,NaN
A044,A,1,558,1,NaN,NaN,0,0.244784832000732
A044,A,1,559,1,NaN,NaN,0,0.160271167755127
A044,A,1,560,NaN,0,1,NaN,NaN
A044,A,1,561,1,NaN,NaN,0,0.236340045928955
A044,A,2,1,1,NaN,NaN,0,0.610881090164185
A044,A,2,2,1,NaN,NaN,0,0.369179010391235
A044,A,2,3,1,NaN,NaN,0,0.353029012680054
A044,A,2,4,1,NaN,NaN,0,0.431873083114624
A044,A,2,5,1,NaN,NaN,0,0.385954141616821
A044,A,2,6,1,NaN,NaN,0,0.423702955245972
A044,A,2,7,NaN,1,0,NaN,NaN
A044,A,2,8,1,NaN,NaN,0,0.306657075881958
A044,A,2,9,1,NaN,NaN,0,0.390981912612915
A044,A,2,10,1,NaN,NaN,0,0.290199041366577
A044,A,2,11,1,NaN,NaN,0,0.303072929382324
A044,A,2,12,NaN,0,1,NaN,NaN
A044,A,2,13,1,NaN,NaN,0,0.244325876235962
A044,A,2,14,1,NaN,NaN,0,0.259125947952271
A044,A,2,15,1,NaN,NaN,0,0.35417103767395
A044,A,2,16,1,NaN,NaN,0,0.222876071929932
A044,A,2,17,1,NaN,NaN,0,0.271917104721069
A044,A,2,18,1,NaN,NaN,0,0.279085874557495
A044,A,2,19,1,NaN,NaN,0,0.339216947555542
A044,A,2,20,1,NaN,NaN,0,0.263871908187866
A044,A,2,21,1,NaN,NaN,0,0.304885864257812
A044,A,2,22,1,NaN,NaN,0,0.290243864059448
A044,A,2,23,1,NaN,NaN,0,0.295322895050049
A044,A,2,24,1,NaN,NaN,0,0.368809938430786
A044,A,2,25,NaN,1,0,NaN,NaN
A044,A,2,26,1,NaN,NaN,0,0.252545118331909
A044,A,2,27,1,NaN,NaN,0,0.277692079544067
A044,A,2,28,1,NaN,NaN,0,0.245894908905029
A044,A,2,29,1,NaN,NaN,0,0.290040016174316
A044,A,2,30,1,NaN,NaN,0,0.302487850189209
A044,A,2,31,NaN,0,1,NaN,NaN
A044,A,2,32,1,NaN,NaN,0,0.265095949172974
A044,A,2,33,1,NaN,NaN,0,0.259171962738037
A044,A,2,34,1,NaN,NaN,0,0.23376202583313
A044,A,2,35,1,NaN,NaN,0,NaN
A044,A,2,36,1,NaN,NaN,0,0.323339939117432
A044,A,2,37,1,NaN,NaN,0,0.309983015060425
A044,A,2,38,NaN,0,1,NaN,NaN
A044,A,2,39,1,NaN,NaN,0,0.252565860748291
A044,A,2,40,1,NaN,NaN,0,0.722007036209106
A044,A,2,41,1,NaN,NaN,0,0.530086994171143
A044,A,2,42,1,NaN,NaN,0,0.582254886627197
A044,A,2,43,1,NaN,NaN,0,0.696774959564209
A044,A,2,44,1,NaN,NaN,0,0.432551145553589
A044,A,2,45,1,NaN,NaN,0,0.408183097839355
A044,A,2,46,1,NaN,NaN,0,0.416630983352661
A044,A,2,47,NaN,1,0,NaN,NaN
A044,A,2,48,1,NaN,NaN,0,0.30270791053772
A044,A,2,49,1,NaN,NaN,0,0.245900869369507
A044,A,2,50,1,NaN,NaN,0,0.256181001663208
A044,A,2,51,1,NaN,NaN,0,0.317075967788696
A044,A,2,52,1,NaN,NaN,0,0.269967794418335
A044,A,2,53,1,NaN,NaN,0,0.246926069259644
A044,A,2,54,1,NaN,NaN,0,0.188304901123047
A044,A,2,55,1,NaN,NaN,0,0.281629085540771
A044,A,2,56,1,NaN,NaN,0,0.228413105010986
A044,A,2,57,1,NaN,NaN,0,0.289482116699219
A044,A,2,58,1,NaN,NaN,0,NaN
A044,A,2,59,NaN,0,1,NaN,NaN
A044,A,2,60,1,NaN,NaN,0,0.264590978622437
A044,A,2,61,1,NaN,NaN,0,0.246017932891846
A044,A,2,62,1,NaN,NaN,0,0.234979152679443
A044,A,2,63,1,NaN,NaN,0,NaN
A044,A,2,64,1,NaN,NaN,0,0.212460041046143
A044,A,2,65,1,NaN,NaN,0,0.267467975616455
A044,A,2,66,1,NaN,NaN,0,0.335922002792358
A044,A,2,67,1,NaN,NaN,0,0.388478994369507
A044,A,2,68,NaN,0,1,NaN,NaN
A044,A,2,69,1,NaN,NaN,0,0.229593992233276
A044,A,2,70,1,NaN,NaN,0,0.251622915267944
A044,A,2,71,1,NaN,NaN,0,0.265536069869995
A044,A,2,72,1,NaN,NaN,0,0.335590839385986
A044,A,2,73,1,NaN,NaN,0,0.2567138671875
A044,A,2,74,NaN,0,1,NaN,NaN
A044,A,2,75,1,NaN,NaN,0,0.226610898971558
A044,A,2,76,1,NaN,NaN,0,0.164583206176758
A044,A,2,77,1,NaN,NaN,0,NaN
A044,A,2,78,1,NaN,NaN,0,0.273974895477295
A044,A,2,79,1,NaN,NaN,0,0.26720404624939
A044,A,2,80,1,NaN,NaN,0,0.401094913482666
A044,A,2,81,1,NaN,NaN,0,0.445728063583374
A044,A,2,82,1,NaN,NaN,0,0.391656875610352
A044,A,2,83,1,NaN,NaN,0,0.327741146087646
A044,A,2,84,1,NaN,NaN,0,0.304296016693115
A044,A,2,85,1,NaN,NaN,0,0.314703941345215
A044,A,2,86,1,NaN,NaN,0,0.29408597946167
A044,A,2,87,1,NaN,NaN,0,0.302121877670288
A044,A,2,88,NaN,1,0,NaN,NaN
A044,A,2,89,1,NaN,NaN,0,0.308769941329956
A044,A,2,90,1,NaN,NaN,0,0.293865203857422
A044,A,2,91,1,NaN,NaN,0,0.398687124252319
A044,A,2,92,1,NaN,NaN,0,0.521183967590332
A044,A,2,93,1,NaN,NaN,0,0.438282012939453
A044,A,2,94,1,NaN,NaN,0,0.374656915664673
A044,A,2,95,1,NaN,NaN,0,0.459061861038208
A044,A,2,96,1,NaN,NaN,0,0.407248973846436
A044,A,2,97,1,NaN,NaN,0,0.391549825668335
A044,A,2,98,NaN,1,0,NaN,NaN
A044,A,2,99,1,NaN,NaN,0,0.231259107589722
A044,A,2,100,1,NaN,NaN,0,0.31993293762207
A044,A,2,101,1,NaN,NaN,0,0.420281887054443
A044,A,2,102,1,NaN,NaN,0,0.413481950759888
A044,A,2,103,1,NaN,NaN,0,0.482855081558228
A044,A,2,104,1,NaN,NaN,0,0.324147939682007
A044,A,2,105,NaN,0,1,NaN,NaN
A044,A,2,106,1,NaN,NaN,0,0.296871185302734
A044,A,2,107,1,NaN,NaN,0,0.29787802696228
A044,A,2,108,1,NaN,NaN,0,0.453324794769287
A044,A,2,109,1,NaN,NaN,0,0.494724988937378
A044,A,2,110,NaN,1,0,NaN,NaN
A044,A,2,111,1,NaN,NaN,0,0.240871906280518
A044,A,2,112,1,NaN,NaN,0,0.201658010482788
A044,A,2,113,1,NaN,NaN,0,0.350613832473755
A044,A,2,114,1,NaN,NaN,0,0.258753061294556
A044,A,2,115,1,NaN,NaN,0,0.298065185546875
A044,A,2,116,1,NaN,NaN,0,0.27637791633606
A044,A,2,117,1,NaN,NaN,0,0.329247951507568
A044,A,2,118,1,NaN,NaN,0,0.414123058319092
A044,A,2,119,1,NaN,NaN,0,0.294193983078003
A044,A,2,120,1,NaN,NaN,0,0.190951108932495
A044,A,2,121,1,NaN,NaN,0,0.290590047836304
A044,A,2,122,1,NaN,NaN,0,0.251926898956299
A044,A,2,123,1,NaN,NaN,0,0.432861089706421
A044,A,2,124,NaN,1,0,NaN,NaN
A044,A,2,125,1,NaN,NaN,0,0.201611042022705
A044,A,2,126,1,NaN,NaN,0,NaN
A044,A,2,127,1,NaN,NaN,0,0.183404922485352
A044,A,2,128,1,NaN,NaN,0,0.287853956222534
A044,A,2,129,1,NaN,NaN,0,0.261109113693237
A044,A,2,130,1,NaN,NaN,0,0.402218103408813
A044,A,2,131,1,NaN,NaN,0,0.421848058700562
A044,A,2,132,1,NaN,NaN,0,0.358647108078003
A044,A,2,133,NaN,1,0,NaN,NaN
A044,A,2,134,1,NaN,NaN,0,1.09148216247559
A044,A,2,135,1,NaN,NaN,0,0.365478992462158
A044,A,2,136,1,NaN,NaN,0,0.344209909439087
A044,A,2,137,1,NaN,NaN,0,0.440984964370728
A044,A,2,138,1,NaN,NaN,0,0.397562980651855
A044,A,2,139,1,NaN,NaN,0,0.591112852096558
A044,A,2,140,1,NaN,NaN,0,0.343303918838501
A044,A,2,141,NaN,0,1,NaN,NaN
A044,A,2,142,1,NaN,NaN,0,0.334038019180298
A044,A,2,143,1,NaN,NaN,0,0.360997915267944
A044,A,2,144,1,NaN,NaN,0,0.292625188827515
A044,A,2,145,1,NaN,NaN,0,0.262201070785522
A044,A,2,146,1,NaN,NaN,0,0.269062042236328
A044,A,2,147,1,NaN,NaN,0,0.250160932540894
A044,A,2,148,1,NaN,NaN,0,0.223582029342651
A044,A,2,149,NaN,0,1,NaN,NaN
A044,A,2,150,1,NaN,NaN,0,0.32872200012207
A044,A,2,151,1,NaN,NaN,0,0.285976886749268
A044,A,2,152,1,NaN,NaN,0,0.335003852844238
A044,A,2,153,1,NaN,NaN,0,0.257400989532471
A044,A,2,154,1,NaN,NaN,0,0.344297885894775
A044,A,2,155,1,NaN,NaN,0,0.330325126647949
A044,A,2,156,1,NaN,NaN,0,0.406921863555908
A044,A,2,157,1,NaN,NaN,0,0.348436117172241
A044,A,2,158,NaN,0,1,NaN,NaN
A044,A,2,159,1,NaN,NaN,0,0.271549940109253
A044,A,2,160,1,NaN,NaN,0,0.372073888778687
A044,A,2,161,1,NaN,NaN,0,0.482949018478394
A044,A,2,162,1,NaN,NaN,0,0.351516008377075
A044,A,2,163,1,NaN,NaN,0,0.300440073013306
A044,A,2,164,1,NaN,NaN,0,0.325627088546753
A044,A,2,165,1,NaN,NaN,0,0.332601070404053
A044,A,2,166,1,NaN,NaN,0,0.341444969177246
A044,A,2,167,1,NaN,NaN,0,0.305501937866211
A044,A,2,168,NaN,0,1,NaN,NaN
A044,A,2,169,1,NaN,NaN,0,0.296611070632935
A044,A,2,170,1,NaN,NaN,0,0.251878976821899
A044,A,2,171,1,NaN,NaN,0,0.364664077758789
A044,A,2,172,1,NaN,NaN,0,0.417473077774048
A044,A,2,173,1,NaN,NaN,0,0.32689380645752
A044,A,2,174,1,NaN,NaN,0,0.263841867446899
A044,A,2,175,1,NaN,NaN,0,0.274909019470215
A044,A,2,176,1,NaN,NaN,0,0.212199926376343
A044,A,2,177,1,NaN,NaN,0,0.252109050750732
A044,A,2,178,NaN,0,1,NaN,NaN
A044,A,2,179,1,NaN,NaN,0,0.203130006790161
A044,A,2,180,1,NaN,NaN,0,0.346238851547241
A044,A,2,181,1,NaN,NaN,0,0.318844079971313
A044,A,2,182,1,NaN,NaN,0,0.297194004058838
A044,A,2,183,NaN,0,1,NaN,NaN
A044,A,2,184,1,NaN,NaN,0,0.34111499786377
A044,A,2,185,1,NaN,NaN,0,0.249417066574097
A044,A,2,186,1,NaN,NaN,0,0.25836706161499
A044,A,2,187,1,NaN,NaN,0,0.331199169158936
A044,A,2,188,1,NaN,NaN,0,0.308341026306152
A044,A,2,189,1,NaN,NaN,0,0.288358926773071
A044,A,2,190,1,NaN,NaN,0,0.265967130661011
A044,A,2,191,1,NaN,NaN,0,0.263273954391479
A044,A,2,192,1,NaN,NaN,0,0.33069109916687
A044,A,2,193,NaN,0,1,NaN,NaN
A044,A,2,194,1,NaN,NaN,0,0.276952028274536
A044,A,2,195,1,NaN,NaN,0,0.303769111633301
A044,A,2,196,1,NaN,NaN,0,0.250590085983276
A044,A,2,197,1,NaN,NaN,0,0.291585922241211
A044,A,2,198,1,NaN,NaN,0,0.281813859939575
A044,A,2,199,1,NaN,NaN,0,0.54283595085144
A044,A,2,200,1,NaN,NaN,0,0.31656289100647
A044,A,2,201,1,NaN,NaN,0,0.297783136367798
A044,A,2,202,1,NaN,NaN,0,0.298686027526855
A044,A,2,203,NaN,0,1,NaN,NaN
A044,A,2,204,1,NaN,NaN,0,0.244338989257812
A044,A,2,205,1,NaN,NaN,0,0.226921081542969
A044,A,2,206,1,NaN,NaN,0,0.158066987991333
A044,A,2,207,1,NaN,NaN,0,0.238740205764771
A044,A,2,208,1,NaN,NaN,0,0.290354013442993
A044,A,2,209,1,NaN,NaN,0,0.28588604927063
A044,A,2,210,1,NaN,NaN,0,0.2830810546875
A044,A,2,211,1,NaN,NaN,0,0.27250599861145
A044,A,2,212,1,NaN,NaN,0,0.272001981735229
A044,A,2,213,1,NaN,NaN,0,0.226547956466675
A044,A,2,214,NaN,0,1,NaN,NaN
A044,A,2,215,1,NaN,NaN,0,0.225483894348145
A044,A,2,216,1,NaN,NaN,0,0.234647989273071
A044,A,2,217,1,NaN,NaN,0,0.258475065231323
A044,A,2,218,1,NaN,NaN,0,0.172676801681519
A044,A,2,219,1,NaN,NaN,0,0.2464599609375
A044,A,2,220,1,NaN,NaN,0,0.250396013259888
A044,A,2,221,NaN,0,1,NaN,NaN
A044,A,2,222,1,NaN,NaN,0,0.235156059265137
A044,A,2,223,1,NaN,NaN,0,0.235825061798096
A044,A,2,224,1,NaN,NaN,0,0.263038158416748
A044,A,2,225,1,NaN,NaN,0,0.256192922592163
A044,A,2,226,1,NaN,NaN,0,0.258260011672974
A044,A,2,227,1,NaN,NaN,0,0.461090803146362
A044,A,2,228,NaN,0,1,NaN,NaN
A044,A,2,229,1,NaN,NaN,0,0.254003047943115
A044,A,2,230,1,NaN,NaN,0,0.290605068206787
A044,A,2,231,1,NaN,NaN,0,0.84472393989563
A044,A,2,232,1,NaN,NaN,0,0.35007119178772
A044,A,2,233,1,NaN,NaN,0,0.346276998519897
A044,A,2,234,1,NaN,NaN,0,0.355566024780273
A044,A,2,235,1,NaN,NaN,0,0.348794937133789
A044,A,2,236,NaN,1,0,NaN,NaN
A044,A,2,237,1,NaN,NaN,0,0.270336866378784
A044,A,2,238,1,NaN,NaN,0,0.271755218505859
A044,A,2,239,1,NaN,NaN,0,0.319046020507812
A044,A,2,240,1,NaN,NaN,0,0.291256904602051
A044,A,2,241,1,NaN,NaN,0,0.339502811431885
A044,A,2,242,1,NaN,NaN,0,0.423636198043823
A044,A,2,243,1,NaN,NaN,0,0.313783884048462
A044,A,2,244,1,NaN,NaN,0,0.279253959655762
A044,A,2,245,1,NaN,NaN,0,0.328189134597778
A044,A,2,246,1,NaN,NaN,0,0.365006923675537
A044,A,2,247,1,NaN,NaN,0,0.324919939041138
A044,A,2,248,NaN,1,0,NaN,NaN
A044,A,2,249,1,NaN,NaN,0,0.240818977355957
A044,A,2,250,1,NaN,NaN,0,0.237907886505127
A044,A,2,251,1,NaN,NaN,0,0.30681300163269
A044,A,2,252,1,NaN,NaN,0,0.266250848770142
A044,A,2,253,1,NaN,NaN,0,0.278680086135864
A044,A,2,254,1,NaN,NaN,0,0.310039043426514
A044,A,2,255,NaN,1,0,NaN,NaN
A044,A,2,256,1,NaN,NaN,0,0.278423070907593
A044,A,2,257,1,NaN,NaN,0,0.232372999191284
A044,A,2,258,1,NaN,NaN,0,0.23386287689209
A044,A,2,259,1,NaN,NaN,0,0.274835109710693
A044,A,2,260,1,NaN,NaN,0,0.356909036636353
A044,A,2,261,1,NaN,NaN,0,0.390727043151855
A044,A,2,262,1,NaN,NaN,0,0.274289131164551
A044,A,2,263,1,NaN,NaN,0,0.317345857620239
A044,A,2,264,1,NaN,NaN,0,0.296921968460083
A044,A,2,265,NaN,0,1,NaN,NaN
A044,A,2,266,1,NaN,NaN,0,0.287657976150513
A044,A,2,267,1,NaN,NaN,0,0.196352005004883
A044,A,2,268,1,NaN,NaN,0,0.276056051254272
A044,A,2,269,1,NaN,NaN,0,0.248331069946289
A044,A,2,270,1,NaN,NaN,0,0.283358812332153
A044,A,2,271,1,NaN,NaN,0,0.269173860549927
A044,A,2,272,1,NaN,NaN,0,0.642930030822754
A044,A,2,273,NaN,1,0,NaN,NaN
A044,A,2,274,1,NaN,NaN,0,0.310675859451294
A044,A,2,275,1,NaN,NaN,0,0.304105997085571
A044,A,2,276,1,NaN,NaN,0,0.380865097045898
A044,A,2,277,1,NaN,NaN,0,0.321463823318481
A044,A,2,278,1,NaN,NaN,0,0.363786935806274
A044,A,2,279,1,NaN,NaN,0,0.300981044769287
A044,A,2,280,1,NaN,NaN,0,0.288739919662476
A044,A,2,281,1,NaN,NaN,0,0.280935049057007
A044,A,2,282,1,NaN,NaN,0,0.429063081741333
A044,A,2,283,1,NaN,NaN,0,0.314203023910522
A044,A,2,284,1,NaN,NaN,0,0.333189010620117
A044,A,2,285,1,NaN,NaN,0,0.303875207901001
A044,A,2,286,1,NaN,NaN,0,0.307029962539673
A044,A,2,287,NaN,0,1,NaN,NaN
A044,A,2,288,1,NaN,NaN,0,0.182651996612549
A044,A,2,289,1,NaN,NaN,0,0.272680044174194
A044,A,2,290,NaN,0,1,NaN,NaN
A044,A,2,291,1,NaN,NaN,0,0.334605932235718
A044,A,2,292,1,NaN,NaN,0,0.464862108230591
A044,A,2,293,1,NaN,NaN,0,0.413233995437622
A044,A,2,294,1,NaN,NaN,0,0.414664030075073
A044,A,2,295,1,NaN,NaN,0,0.34577488899231
A044,A,2,296,1,NaN,NaN,0,0.299076080322266
A044,A,2,297,1,NaN,NaN,0,0.426826953887939
A044,A,2,298,1,NaN,NaN,0,0.416853189468384
A044,A,2,299,NaN,1,0,NaN,NaN
A044,A,2,300,1,NaN,NaN,0,0.171270132064819
A044,A,2,301,1,NaN,NaN,0,0.272496938705444
A044,A,2,302,1,NaN,NaN,0,0.273780107498169
A044,A,2,303,1,NaN,NaN,0,0.293642044067383
A044,A,2,304,1,NaN,NaN,0,0.28698205947876
A044,A,2,305,1,NaN,NaN,0,0.359531164169312
A044,A,2,306,1,NaN,NaN,0,0.302436113357544
A044,A,2,307,1,NaN,NaN,0,0.306692838668823
A044,A,2,308,1,NaN,NaN,0,0.319344997406006
A044,A,2,309,1,NaN,NaN,0,0.303184986114502
A044,A,2,310,1,NaN,NaN,0,0.238358974456787
A044,A,2,311,1,NaN,NaN,0,0.323279857635498
A044,A,2,312,1,NaN,NaN,0,0.27314305305481
A044,A,2,313,1,NaN,NaN,0,0.260854959487915
A044,A,2,314,NaN,0,1,NaN,NaN
A044,A,2,315,1,NaN,NaN,0,0.224754095077515
A044,A,2,316,1,NaN,NaN,0,NaN
A044,A,2,317,1,NaN,NaN,0,0.208929061889648
A044,A,2,318,1,NaN,NaN,0,0.209963083267212
A044,A,2,319,NaN,0,1,NaN,NaN
A044,A,2,320,1,NaN,NaN,0,0.292287111282349
A044,A,2,321,1,NaN,NaN,0,0.603175163269043
A044,A,2,322,1,NaN,NaN,0,0.394528150558472
A044,A,2,323,1,NaN,NaN,0,0.346357107162476
A044,A,2,324,1,NaN,NaN,0,0.340030908584595
A044,A,2,325,1,NaN,NaN,0,0.390097856521606
A044,A,2,326,NaN,1,0,NaN,NaN
A044,A,2,327,1,NaN,NaN,0,0.271001100540161
A044,A,2,328,1,NaN,NaN,0,0.330338954925537
A044,A,2,329,1,NaN,NaN,0,0.289538145065308
A044,A,2,330,1,NaN,NaN,0,0.355339765548706
A044,A,2,331,1,NaN,NaN,0,0.328480958938599
A044,A,2,332,1,NaN,NaN,0,0.313170909881592
A044,A,2,333,1,NaN,NaN,0,0.375095844268799
A044,A,2,334,1,NaN,NaN,0,0.369115829467773
A044,A,2,335,1,NaN,NaN,0,0.329684019088745
A044,A,2,336,1,NaN,NaN,0,0.370929002761841
A044,A,2,337,1,NaN,NaN,0,0.332653045654297
A044,A,2,338,1,NaN,NaN,0,0.328336954116821
A044,A,2,339,1,NaN,NaN,0,0.284390926361084
A044,A,2,340,1,NaN,NaN,0,0.328598022460938
A044,A,2,341,NaN,1,0,NaN,NaN
A044,A,2,342,1,NaN,NaN,0,0.265105009078979
A044,A,2,343,1,NaN,NaN,0,0.227225065231323
A044,A,2,344,NaN,0,1,NaN,NaN
A044,A,2,345,1,NaN,NaN,0,0.31885814666748
A044,A,2,346,1,NaN,NaN,0,0.254284143447876
A044,A,2,347,1,NaN,NaN,0,0.327489852905273
A044,A,2,348,1,NaN,NaN,0,0.253476858139038
A044,A,2,349,1,NaN,NaN,0,0.267967939376831
A044,A,2,350,1,NaN,NaN,0,0.277668952941895
A044,A,2,351,1,NaN,NaN,0,0.252921104431152
A044,A,2,352,1,NaN,NaN,0,0.27820611000061
A044,A,2,353,1,NaN,NaN,0,0.247458934783936
A044,A,2,354,NaN,0,1,NaN,NaN
A044,A,2,355,1,NaN,NaN,0,0.223007917404175
A044,A,2,356,1,NaN,NaN,0,0.253285884857178
A044,A,2,357,1,NaN,NaN,0,0.369953870773315
A044,A,2,358,1,NaN,NaN,0,0.308048009872437
A044,A,2,359,1,NaN,NaN,0,0.394855976104736
A044,A,2,360,1,NaN,NaN,0,0.335902214050293
A044,A,2,361,1,NaN,NaN,0,0.288149118423462
A044,A,2,362,NaN,0,1,NaN,NaN
A044,A,2,363,1,NaN,NaN,0,NaN
A044,A,2,364,1,NaN,NaN,0,0.364467859268188
A044,A,2,365,1,NaN,NaN,0,NaN
A044,A,2,366,1,NaN,NaN,0,NaN
A044,A,2,367,1,NaN,NaN,0,NaN
A044,A,2,368,1,NaN,NaN,0,0.533831834793091
A044,A,2,369,1,NaN,NaN,0,0.386385917663574
A044,A,2,370,1,NaN,NaN,0,0.349433898925781
A044,A,2,371,1,NaN,NaN,0,0.360618829727173
A044,A,2,372,1,NaN,NaN,0,0.284264087677002
A044,A,2,373,NaN,0,1,NaN,NaN
A044,A,2,374,1,NaN,NaN,0,0.49905800819397
A044,A,2,375,1,NaN,NaN,0,0.257457971572876
A044,A,2,376,1,NaN,NaN,0,0.439100027084351
A044,A,2,377,1,NaN,NaN,0,0.340200185775757
A044,A,2,378,1,NaN,NaN,0,0.311634063720703
A044,A,2,379,1,NaN,NaN,0,NaN
A044,A,2,380,1,NaN,NaN,0,0.317606925964355
A044,A,2,381,1,NaN,NaN,0,0.284221887588501
A044,A,2,382,1,NaN,NaN,0,0.326575994491577
A044,A,2,383,NaN,0,1,NaN,NaN
A044,A,2,384,1,NaN,NaN,0,0.284887075424194
A044,A,2,385,1,NaN,NaN,0,0.279695987701416
A044,A,2,386,1,NaN,NaN,0,0.279656171798706
A044,A,2,387,1,NaN,NaN,0,0.748552083969116
A044,A,2,388,1,NaN,NaN,0,0.490024089813232
A044,A,2,389,1,NaN,NaN,0,0.310986995697021
A044,A,2,390,NaN,0,1,NaN,NaN
A044,A,2,391,1,NaN,NaN,0,0.316019773483276
A044,A,2,392,1,NaN,NaN,0,0.326110124588013
A044,A,2,393,1,NaN,NaN,0,0.423243999481201
A044,A,2,394,1,NaN,NaN,0,0.417464017868042
A044,A,2,395,1,NaN,NaN,0,0.213479995727539
A044,A,2,396,1,NaN,NaN,0,0.209565877914429
A044,A,2,397,1,NaN,NaN,0,0.349344968795776
A044,A,2,398,NaN,1,0,NaN,NaN
A044,A,2,399,1,NaN,NaN,0,0.258161067962646
A044,A,2,400,1,NaN,NaN,0,0.189252853393555
A044,A,2,401,1,NaN,NaN,0,0.246553182601929
A044,A,2,402,1,NaN,NaN,0,0.256850957870483
A044,A,2,403,1,NaN,NaN,0,0.248905897140503
A044,A,2,404,1,NaN,NaN,0,0.168212890625
A044,A,2,405,1,NaN,NaN,0,0.288981914520264
A044,A,2,406,1,NaN,NaN,0,0.270267009735107
A044,A,2,407,1,NaN,NaN,0,0.302962064743042
A044,A,2,408,1,NaN,NaN,0,0.153585910797119
A044,A,2,409,1,NaN,NaN,0,0.234518051147461
A044,A,2,410,NaN,0,1,NaN,NaN
A044,A,2,411,1,NaN,NaN,0,NaN
A044,A,2,412,1,NaN,NaN,0,0.287184000015259
A044,A,2,413,1,NaN,NaN,0,0.291244983673096
A044,A,2,414,1,NaN,NaN,0,0.322766065597534
A044,A,2,415,1,NaN,NaN,0,0.32380199432373
A044,A,2,416,1,NaN,NaN,0,0.339505910873413
A044,A,2,417,1,NaN,NaN,0,0.26153302192688
A044,A,2,418,NaN,0,1,NaN,NaN
A044,A,2,419,1,NaN,NaN,0,NaN
A044,A,2,420,1,NaN,NaN,0,0.320287227630615
A044,A,2,421,1,NaN,NaN,0,0.27836799621582
A044,A,2,422,1,NaN,NaN,0,0.51259708404541
A044,A,2,423,1,NaN,NaN,0,0.337939023971558
A044,A,2,424,1,NaN,NaN,0,0.274926900863647
A044,A,2,425,1,NaN,NaN,0,0.279889106750488
A044,A,2,426,1,NaN,NaN,0,0.312126159667969
A044,A,2,427,1,NaN,NaN,0,0.317209005355835
A044,A,2,428,1,NaN,NaN,0,0.279468059539795
A044,A,2,429,1,NaN,NaN,0,0.424399137496948
A044,A,2,430,1,NaN,NaN,0,0.380635023117065
A044,A,2,431,NaN,0,1,NaN,NaN
A044,A,2,432,1,NaN,NaN,0,0.298204898834229
A044,A,2,433,1,NaN,NaN,0,0.291331052780151
A044,A,2,434,1,NaN,NaN,0,0.288318157196045
A044,A,2,435,1,NaN,NaN,0,0.366263151168823
A044,A,2,436,1,NaN,NaN,0,0.397583961486816
A044,A,2,437,1,NaN,NaN,0,0.375377178192139
A044,A,2,438,1,NaN,NaN,0,0.350872993469238
A044,A,2,439,1,NaN,NaN,0,0.310241937637329
A044,A,2,440,NaN,1,0,NaN,NaN
A044,A,2,441,1,NaN,NaN,0,0.208288192749023
A044,A,2,442,1,NaN,NaN,0,0.262870073318481
A044,A,2,443,1,NaN,NaN,0,0.252309083938599
A044,A,2,444,1,NaN,NaN,0,0.263551950454712
A044,A,2,445,1,NaN,NaN,0,0.380123138427734
A044,A,2,446,1,NaN,NaN,0,0.325135946273804
A044,A,2,447,1,NaN,NaN,0,0.299988031387329
A044,A,2,448,NaN,1,0,NaN,NaN
A044,A,2,449,1,NaN,NaN,0,0.242892980575562
A044,A,2,450,1,NaN,NaN,0,0.30525803565979
A044,A,2,451,1,NaN,NaN,0,0.352481126785278
A044,A,2,452,1,NaN,NaN,0,0.344128847122192
A044,A,2,453,1,NaN,NaN,0,0.342611074447632
A044,A,2,454,1,NaN,NaN,0,0.327218055725098
A044,A,2,455,1,NaN,NaN,0,0.337028980255127
A044,A,2,456,1,NaN,NaN,0,0.354298114776611
A044,A,2,457,NaN,1,0,NaN,NaN
A044,A,2,458,1,NaN,NaN,0,NaN
A044,A,2,459,1,NaN,NaN,0,0.219698190689087
A044,A,2,460,1,NaN,NaN,0,NaN
A044,A,2,461,1,NaN,NaN,0,0.308396816253662
A044,A,2,462,1,NaN,NaN,0,0.322017908096313
A044,A,2,463,1,NaN,NaN,0,0.318656921386719
A044,A,2,464,1,NaN,NaN,0,0.616061925888062
A044,A,3,1,1,NaN,NaN,0,0.463612794876099
A044,A,3,2,1,NaN,NaN,0,0.409865140914917
A044,A,3,3,NaN,1,0,NaN,NaN
A044,A,3,4,1,NaN,NaN,0,0.290467977523804
A044,A,3,5,1,NaN,NaN,0,0.435102939605713
A044,A,3,6,1,NaN,NaN,0,0.434133052825928
A044,A,3,7,1,NaN,NaN,0,0.522891998291016
A044,A,3,8,1,NaN,NaN,0,0.451689958572388
A044,A,3,9,1,NaN,NaN,0,0.471920013427734
A044,A,3,10,1,NaN,NaN,0,0.550127983093262
A044,A,3,11,NaN,1,0,NaN,NaN
A044,A,3,12,1,NaN,NaN,0,0.290794134140015
A044,A,3,13,1,NaN,NaN,0,0.347853899002075
A044,A,3,14,1,NaN,NaN,0,0.335447072982788
A044,A,3,15,1,NaN,NaN,0,0.302537202835083
A044,A,3,16,1,NaN,NaN,0,0.395604848861694
A044,A,3,17,1,NaN,NaN,0,0.332767963409424
A044,A,3,18,1,NaN,NaN,0,0.340737104415894
A044,A,3,19,1,NaN,NaN,0,0.321355819702148
A044,A,3,20,1,NaN,NaN,0,0.267185211181641
A044,A,3,21,1,NaN,NaN,0,0.343618154525757
A044,A,3,22,1,NaN,NaN,0,0.359066963195801
A044,A,3,23,1,NaN,NaN,0,0.378862857818604
A044,A,3,24,NaN,1,0,NaN,NaN
A044,A,3,25,1,NaN,NaN,0,0.285303115844727
A044,A,3,26,1,NaN,NaN,0,0.266987085342407
A044,A,3,27,1,NaN,NaN,0,0.244404077529907
A044,A,3,28,1,NaN,NaN,0,0.246202945709229
A044,A,3,29,1,NaN,NaN,0,0.27524209022522
A044,A,3,30,1,NaN,NaN,0,0.331897974014282
A044,A,3,31,1,NaN,NaN,0,0.396697044372559
A044,A,3,32,NaN,0,1,NaN,NaN
A044,A,3,33,1,NaN,NaN,0,0.301865100860596
A044,A,3,34,1,NaN,NaN,0,0.262516021728516
A044,A,3,35,1,NaN,NaN,0,NaN
A044,A,3,36,1,NaN,NaN,0,0.244534015655518
A044,A,3,37,1,NaN,NaN,0,0.281716823577881
A044,A,3,38,NaN,0,1,NaN,NaN
A044,A,3,39,1,NaN,NaN,0,0.304192066192627
A044,A,3,40,1,NaN,NaN,0,0.916537046432495
A044,A,3,41,1,NaN,NaN,0,0.431832075119019
A044,A,3,42,1,NaN,NaN,0,0.538558959960938
A044,A,3,43,1,NaN,NaN,0,0.45606803894043
A044,A,3,44,1,NaN,NaN,0,0.429342985153198
A044,A,3,45,1,NaN,NaN,0,0.324282884597778
A044,A,3,46,1,NaN,NaN,0,0.330569982528687
A044,A,3,47,1,NaN,NaN,0,0.312050104141235
A044,A,3,48,1,NaN,NaN,0,0.386118173599243
A044,A,3,49,1,NaN,NaN,0,0.322483062744141
A044,A,3,50,NaN,1,0,NaN,NaN
A044,A,3,51,1,NaN,NaN,0,0.266800165176392
A044,A,3,52,1,NaN,NaN,0,0.321653127670288
A044,A,3,53,1,NaN,NaN,0,0.288537979125977
A044,A,3,54,1,NaN,NaN,0,0.325960159301758
A044,A,3,55,1,NaN,NaN,0,0.327006101608276
A044,A,3,56,1,NaN,NaN,0,0.385384082794189
A044,A,3,57,1,NaN,NaN,0,0.321465015411377
A044,A,3,58,1,NaN,NaN,0,0.35379695892334
A044,A,3,59,NaN,1,0,NaN,NaN
A044,A,3,60,1,NaN,NaN,0,0.26432204246521
A044,A,3,61,1,NaN,NaN,0,0.270598888397217
A044,A,3,62,1,NaN,NaN,0,0.223688840866089
A044,A,3,63,1,NaN,NaN,0,0.302103042602539
A044,A,3,64,1,NaN,NaN,0,0.3644859790802
A044,A,3,65,1,NaN,NaN,0,0.357687950134277
A044,A,3,66,1,NaN,NaN,0,0.38318395614624
A044,A,3,67,1,NaN,NaN,0,0.447765111923218
A044,A,3,68,1,NaN,NaN,0,0.412500858306885
A044,A,3,69,1,NaN,NaN,0,0.678228139877319
A044,A,3,70,1,NaN,NaN,0,0.798928022384644
A044,A,3,71,NaN,1,0,NaN,NaN
A044,A,3,72,1,NaN,NaN,0,0.304072856903076
A044,A,3,73,1,NaN,NaN,0,0.308675050735474
A044,A,3,74,1,NaN,NaN,0,0.314980983734131
A044,A,3,75,1,NaN,NaN,0,0.348436117172241
A044,A,3,76,1,NaN,NaN,0,0.338392019271851
A044,A,3,77,NaN,0,1,NaN,NaN
A044,A,3,78,1,NaN,NaN,0,0.272704124450684
A044,A,3,79,1,NaN,NaN,0,0.221767902374268
A044,A,3,80,1,NaN,NaN,0,0.258222103118896
A044,A,3,81,1,NaN,NaN,0,0.268014907836914
A044,A,3,82,1,NaN,NaN,0,0.239710092544556
A044,A,3,83,1,NaN,NaN,0,0.655458927154541
A044,A,3,84,1,NaN,NaN,0,0.404973030090332
A044,A,3,85,1,NaN,NaN,0,0.477946996688843
A044,A,3,86,1,NaN,NaN,0,0.343254804611206
A044,A,3,87,1,NaN,NaN,0,0.391468048095703
A044,A,3,88,1,NaN,NaN,0,0.389827013015747
A044,A,3,89,NaN,1,0,NaN,NaN
A044,A,3,90,1,NaN,NaN,0,0.289647817611694
A044,A,3,91,1,NaN,NaN,0,0.318225860595703
A044,A,3,92,1,NaN,NaN,0,0.300862789154053
A044,A,3,93,1,NaN,NaN,0,0.338458776473999
A044,A,3,94,1,NaN,NaN,0,0.454881191253662
A044,A,3,95,1,NaN,NaN,0,0.296218156814575
A044,A,3,96,1,NaN,NaN,0,0.309179067611694
A044,A,3,97,NaN,1,0,NaN,NaN
A044,A,3,98,1,NaN,NaN,0,0.32728099822998
A044,A,3,99,1,NaN,NaN,0,0.315881013870239
A044,A,3,100,1,NaN,NaN,0,0.318966150283813
A044,A,3,101,1,NaN,NaN,0,0.215705156326294
A044,A,3,102,1,NaN,NaN,0,0.25232720375061
A044,A,3,103,1,NaN,NaN,0,0.252788066864014
A044,A,3,104,1,NaN,NaN,0,0.357367038726807
A044,A,3,105,1,NaN,NaN,0,0.32635498046875
A044,A,3,106,NaN,1,0,NaN,NaN
A044,A,3,107,1,NaN,NaN,0,0.255347013473511
A044,A,3,108,1,NaN,NaN,0,0.273613929748535
A044,A,3,109,1,NaN,NaN,0,0.287086009979248
A044,A,3,110,1,NaN,NaN,0,0.304337978363037
A044,A,3,111,1,NaN,NaN,0,0.314516067504883
A044,A,3,112,1,NaN,NaN,0,0.309161901473999
A044,A,3,113,NaN,0,1,NaN,NaN
A044,A,3,114,1,NaN,NaN,0,0.185492038726807
A044,A,3,115,1,NaN,NaN,0,0.220817089080811
A044,A,3,116,1,NaN,NaN,0,0.289823055267334
A044,A,3,117,1,NaN,NaN,0,0.482457160949707
A044,A,3,118,1,NaN,NaN,0,0.375124931335449
A044,A,3,119,NaN,0,1,NaN,NaN
A044,A,3,120,1,NaN,NaN,0,0.676331996917725
A044,A,3,121,1,NaN,NaN,0,0.32275915145874
A044,A,3,122,1,NaN,NaN,0,0.31269097328186
A044,A,3,123,1,NaN,NaN,0,0.333224058151245
A044,A,3,124,1,NaN,NaN,0,0.330475807189941
A044,A,3,125,1,NaN,NaN,0,0.347582817077637
A044,A,3,126,1,NaN,NaN,0,0.240757942199707
A044,A,3,127,1,NaN,NaN,0,0.371739149093628
A044,A,3,128,1,NaN,NaN,0,0.32503604888916
A044,A,3,129,1,NaN,NaN,0,0.312689065933228
A044,A,3,130,1,NaN,NaN,0,0.34308910369873
A044,A,3,131,1,NaN,NaN,0,0.325425863265991
A044,A,3,132,1,NaN,NaN,0,0.341243982315063
A044,A,3,133,NaN,0,1,NaN,NaN
A044,A,3,134,1,NaN,NaN,0,0.265190839767456
A044,A,3,135,1,NaN,NaN,0,0.208178997039795
A044,A,3,136,1,NaN,NaN,0,0.234910011291504
A044,A,3,137,1,NaN,NaN,0,0.2223961353302
A044,A,3,138,0,NaN,NaN,1,NaN
A044,A,3,139,1,NaN,NaN,0,0.257928133010864
A044,A,3,140,1,NaN,NaN,0,0.248367071151733
A044,A,3,141,NaN,1,0,NaN,NaN
A044,A,3,142,1,NaN,NaN,0,NaN
A044,A,3,143,1,NaN,NaN,0,0.275470018386841
A044,A,3,144,1,NaN,NaN,0,0.267637014389038
A044,A,3,145,1,NaN,NaN,0,0.308145999908447
A044,A,3,146,NaN,1,0,NaN,NaN
A044,A,3,147,1,NaN,NaN,0,0.244286060333252
A044,A,3,148,1,NaN,NaN,0,0.326157093048096
A044,A,3,149,1,NaN,NaN,0,0.260910987854004
A044,A,3,150,1,NaN,NaN,0,0.278049945831299
A044,A,3,151,1,NaN,NaN,0,0.294872045516968
A044,A,3,152,1,NaN,NaN,0,0.255883932113647
A044,A,3,153,1,NaN,NaN,0,0.310466051101685
A044,A,3,154,1,NaN,NaN,0,0.342894077301025
A044,A,3,155,NaN,0,1,NaN,NaN
A044,A,3,156,1,NaN,NaN,0,0.232338905334473
A044,A,3,157,1,NaN,NaN,0,0.264352798461914
A044,A,3,158,1,NaN,NaN,0,0.257668018341064
A044,A,3,159,1,NaN,NaN,0,0.350459814071655
A044,A,3,160,1,NaN,NaN,0,0.324349880218506
A044,A,3,161,1,NaN,NaN,0,0.700494050979614
A044,A,3,162,1,NaN,NaN,0,0.385030031204224
A044,A,3,163,1,NaN,NaN,0,0.334934949874878
A044,A,3,164,1,NaN,NaN,0,0.359723091125488
A044,A,3,165,1,NaN,NaN,0,0.375144004821777
A044,A,3,166,1,NaN,NaN,0,0.336050987243652
A044,A,3,167,1,NaN,NaN,0,0.367211103439331
A044,A,3,168,NaN,1,0,NaN,NaN
A044,A,3,169,1,NaN,NaN,0,0.25462007522583
A044,A,3,170,1,NaN,NaN,0,0.28919792175293
A044,A,3,171,1,NaN,NaN,0,0.346458911895752
A044,A,3,172,1,NaN,NaN,0,0.312857866287231
A044,A,3,173,1,NaN,NaN,0,0.33311915397644
A044,A,3,174,1,NaN,NaN,0,0.370971918106079
A044,A,3,175,NaN,0,1,NaN,NaN
A044,A,3,176,1,NaN,NaN,0,0.227708101272583
A044,A,3,177,1,NaN,NaN,0,0.229074954986572
A044,A,3,178,1,NaN,NaN,0,0.258471965789795
A044,A,3,179,1,NaN,NaN,0,0.386647939682007
A044,A,3,180,1,NaN,NaN,0,0.456141948699951
A044,A,3,181,1,NaN,NaN,0,0.451483964920044
A044,A,3,182,1,NaN,NaN,0,0.321321964263916
A044,A,3,183,1,NaN,NaN,0,0.332005023956299
A044,A,3,184,1,NaN,NaN,0,0.36166787147522
A044,A,3,185,1,NaN,NaN,0,0.339077949523926
A044,A,3,186,1,NaN,NaN,0,0.363588094711304
A044,A,3,187,1,NaN,NaN,0,0.331507205963135
A044,A,3,188,NaN,0,1,NaN,NaN
A044,A,3,189,1,NaN,NaN,0,0.266671895980835
A044,A,3,190,1,NaN,NaN,0,0.355483055114746
A044,A,3,191,1,NaN,NaN,0,0.308788061141968
A044,A,3,192,1,NaN,NaN,0,0.273637056350708
A044,A,3,193,1,NaN,NaN,0,0.286895990371704
A044,A,3,194,1,NaN,NaN,0,0.32119607925415
A044,A,3,195,NaN,0,1,NaN,NaN
A044,A,3,196,1,NaN,NaN,0,0.271485090255737
A044,A,3,197,1,NaN,NaN,0,0.257503032684326
A044,A,3,198,1,NaN,NaN,0,0.262192964553833
A044,A,3,199,1,NaN,NaN,0,0.203348875045776
A044,A,3,200,1,NaN,NaN,0,0.242009878158569
A044,A,3,201,1,NaN,NaN,0,0.279156923294067
A044,A,3,202,1,NaN,NaN,0,0.283545970916748
A044,A,3,203,1,NaN,NaN,0,0.306282997131348
A044,A,3,204,1,NaN,NaN,0,0.376887083053589
A044,A,3,205,NaN,1,0,NaN,NaN
A044,A,3,206,1,NaN,NaN,0,0.256298780441284
A044,A,3,207,1,NaN,NaN,0,0.274907112121582
A044,A,3,208,1,NaN,NaN,0,NaN
A044,A,3,209,1,NaN,NaN,0,0.258132934570312
A044,A,3,210,1,NaN,NaN,0,0.245155096054077
A044,A,3,211,1,NaN,NaN,0,0.314822912216187
A044,A,3,212,1,NaN,NaN,0,0.29665994644165
A044,A,3,213,1,NaN,NaN,0,0.267358064651489
A044,A,3,214,NaN,1,0,NaN,NaN
A044,A,3,215,1,NaN,NaN,0,0.265083789825439
A044,A,3,216,0,NaN,NaN,1,NaN
A044,A,3,217,1,NaN,NaN,0,0.302488088607788
A044,A,3,218,1,NaN,NaN,0,0.248197078704834
A044,A,3,219,1,NaN,NaN,0,0.253168106079102
A044,A,3,220,1,NaN,NaN,0,0.262607097625732
A044,A,3,221,1,NaN,NaN,0,0.517439842224121
A044,A,3,222,1,NaN,NaN,0,0.322128057479858
A044,A,3,223,1,NaN,NaN,0,0.335494041442871
A044,A,3,224,NaN,0,1,NaN,NaN
A044,A,3,225,1,NaN,NaN,0,0.287192106246948
A044,A,3,226,1,NaN,NaN,0,0.329082012176514
A044,A,3,227,1,NaN,NaN,0,0.235651969909668
A044,A,3,228,1,NaN,NaN,0,0.282567024230957
A044,A,3,229,1,NaN,NaN,0,0.284255027770996
A044,A,3,230,1,NaN,NaN,0,0.282267093658447
A044,A,3,231,NaN,0,1,NaN,NaN
A044,A,3,232,1,NaN,NaN,0,0.237896919250488
A044,A,3,233,1,NaN,NaN,0,0.318428993225098
A044,A,3,234,1,NaN,NaN,0,NaN
A044,A,3,235,1,NaN,NaN,0,0.224310874938965
A044,A,3,236,NaN,0,1,NaN,NaN
A044,A,3,237,1,NaN,NaN,0,0.287689924240112
A044,A,3,238,1,NaN,NaN,0,0.264642000198364
A044,A,3,239,1,NaN,NaN,0,0.224012136459351
A044,A,3,240,1,NaN,NaN,0,0.231873035430908
A044,A,3,241,1,NaN,NaN,0,0.26180100440979
A044,A,3,242,1,NaN,NaN,0,0.252668857574463
A044,A,3,243,1,NaN,NaN,0,0.313703060150146
A044,A,3,244,1,NaN,NaN,0,0.425172090530396
A044,A,3,245,1,NaN,NaN,0,0.38486909866333
A044,A,3,246,1,NaN,NaN,0,0.273719072341919
A044,A,3,247,1,NaN,NaN,0,0.246738910675049
A044,A,3,248,1,NaN,NaN,0,0.297520875930786
A044,A,3,249,1,NaN,NaN,0,0.266312122344971
A044,A,3,250,1,NaN,NaN,0,0.28647780418396
A044,A,3,251,NaN,0,1,NaN,NaN
A044,A,3,252,1,NaN,NaN,0,0.260130882263184
A044,A,3,253,1,NaN,NaN,0,0.257645845413208
A044,A,3,254,1,NaN,NaN,0,0.270387887954712
A044,A,3,255,1,NaN,NaN,0,0.250823020935059
A044,A,3,256,NaN,1,0,NaN,NaN
A044,A,3,257,1,NaN,NaN,0,0.272794008255005
A044,A,3,258,0,NaN,NaN,1,NaN
A044,A,3,259,1,NaN,NaN,0,0.286226987838745
A044,A,3,260,1,NaN,NaN,0,0.388197898864746
A044,A,3,261,1,NaN,NaN,0,0.559067010879517
A044,A,3,262,1,NaN,NaN,0,0.51441216468811
A044,A,3,263,1,NaN,NaN,0,0.499163150787354
A044,A,3,264,1,NaN,NaN,0,0.496071815490723
A044,A,3,265,1,NaN,NaN,0,0.432832002639771
A044,A,3,266,NaN,1,0,NaN,NaN
A044,A,3,267,1,NaN,NaN,0,0.317000150680542
A044,A,3,268,1,NaN,NaN,0,0.286731004714966
A044,A,3,269,1,NaN,NaN,0,0.260170936584473
A044,A,3,270,1,NaN,NaN,0,0.280943155288696
A044,A,3,271,1,NaN,NaN,0,0.272876977920532
A044,A,3,272,1,NaN,NaN,0,0.293901205062866
A044,A,3,273,1,NaN,NaN,0,0.316765069961548
A044,A,3,274,1,NaN,NaN,0,0.389621019363403
A044,A,3,275,1,NaN,NaN,0,0.284006118774414
A044,A,3,276,1,NaN,NaN,0,0.256051063537598
A044,A,3,277,NaN,0,1,NaN,NaN
A044,A,3,278,1,NaN,NaN,0,0.38350510597229
A044,A,3,279,1,NaN,NaN,0,0.299989938735962
A044,A,3,280,1,NaN,NaN,0,0.349626064300537
A044,A,3,281,1,NaN,NaN,0,0.37054705619812
A044,A,3,282,1,NaN,NaN,0,0.310493946075439
A044,A,3,283,1,NaN,NaN,0,0.374969005584717
A044,A,3,284,1,NaN,NaN,0,0.391198873519897
A044,A,3,285,1,NaN,NaN,0,0.345163106918335
A044,A,3,286,NaN,0,1,NaN,NaN
A044,A,3,287,1,NaN,NaN,0,0.275491952896118
A044,A,3,288,1,NaN,NaN,0,0.313131809234619
A044,A,3,289,1,NaN,NaN,0,0.329895973205566
A044,A,3,290,1,NaN,NaN,0,0.430901050567627
A044,A,3,291,NaN,1,0,NaN,NaN
A044,A,3,292,1,NaN,NaN,0,0.238202810287476
A044,A,3,293,1,NaN,NaN,0,0.24522590637207
A044,A,3,294,1,NaN,NaN,0,0.301550149917603
A044,A,3,295,1,NaN,NaN,0,0.312152862548828
A044,A,3,296,1,NaN,NaN,0,0.34083104133606
A044,A,3,297,1,NaN,NaN,0,0.561313152313232
A044,A,3,298,1,NaN,NaN,0,0.530622005462646
A044,A,3,299,NaN,1,0,NaN,NaN
A044,A,3,300,1,NaN,NaN,0,0.238425970077515
A044,A,3,301,1,NaN,NaN,0,0.255458116531372
A044,A,3,302,1,NaN,NaN,0,0.235342025756836
A044,A,3,303,1,NaN,NaN,0,0.327757120132446
A044,A,3,304,1,NaN,NaN,0,0.426637887954712
A044,A,3,305,1,NaN,NaN,0,0.461187839508057
A044,A,3,306,1,NaN,NaN,0,0.529881954193115
A044,A,3,307,1,NaN,NaN,0,0.401596069335938
A044,A,3,308,1,NaN,NaN,0,0.432543039321899
A044,A,3,309,1,NaN,NaN,0,0.491791963577271
A044,A,3,310,NaN,0,1,NaN,NaN
A044,A,3,311,1,NaN,NaN,0,0.23769998550415
A044,A,3,312,1,NaN,NaN,0,0.396874904632568
A044,A,3,313,1,NaN,NaN,0,0.604033946990967
A044,A,3,314,1,NaN,NaN,0,0.546989917755127
A044,A,3,315,1,NaN,NaN,0,0.456374883651733
A044,A,3,316,1,NaN,NaN,0,0.370956897735596
A044,A,3,317,1,NaN,NaN,0,0.344020128250122
A044,A,3,318,1,NaN,NaN,0,0.458755016326904
A044,A,3,319,1,NaN,NaN,0,0.433680057525635
A044,A,3,320,1,NaN,NaN,0,0.386772155761719
A044,A,3,321,NaN,1,0,NaN,NaN
A044,A,3,322,1,NaN,NaN,0,0.243495941162109
A044,A,3,323,1,NaN,NaN,0,0.326029062271118
A044,A,3,324,1,NaN,NaN,0,0.412657022476196
A044,A,3,325,1,NaN,NaN,0,0.38092303276062
A044,A,3,326,1,NaN,NaN,0,0.544963836669922
A044,A,3,327,NaN,1,0,NaN,NaN
A044,A,3,328,1,NaN,NaN,0,0.313653945922852
A044,A,3,329,1,NaN,NaN,0,0.312023162841797
A044,A,3,330,1,NaN,NaN,0,0.262448072433472
A044,A,3,331,1,NaN,NaN,0,0.252377033233643
A044,A,3,332,1,NaN,NaN,0,0.308580160140991
A044,A,3,333,1,NaN,NaN,0,0.259583234786987
A044,A,3,334,1,NaN,NaN,0,0.338147878646851
A044,A,3,335,NaN,0,1,NaN,NaN
A044,A,3,336,1,NaN,NaN,0,0.351870059967041
A044,A,3,337,1,NaN,NaN,0,0.313314914703369
A044,A,3,338,1,NaN,NaN,0,0.28187108039856
A044,A,3,339,1,NaN,NaN,0,0.273305892944336
A044,A,3,340,1,NaN,NaN,0,0.291558027267456
A044,A,3,341,1,NaN,NaN,0,0.390330076217651
A044,A,3,342,1,NaN,NaN,0,0.363375902175903
A044,A,3,343,1,NaN,NaN,0,0.357295036315918
A044,A,3,344,1,NaN,NaN,0,0.308286905288696
A044,A,3,345,NaN,1,0,NaN,NaN
A044,A,3,346,1,NaN,NaN,0,NaN
A044,A,3,347,1,NaN,NaN,0,0.222141981124878
A044,A,3,348,1,NaN,NaN,0,0.228655815124512
A044,A,3,349,1,NaN,NaN,0,0.250273942947388
A044,A,3,350,1,NaN,NaN,0,0.278475046157837
A044,A,3,351,1,NaN,NaN,0,0.283955097198486
A044,A,3,352,1,NaN,NaN,0,0.545279979705811
A044,A,3,353,1,NaN,NaN,0,0.465276002883911
A044,A,3,354,1,NaN,NaN,0,0.367869853973389
A044,A,3,355,1,NaN,NaN,0,0.353464841842651
A044,A,3,356,1,NaN,NaN,0,0.292634963989258
A044,A,3,357,1,NaN,NaN,0,0.318298101425171
A044,A,3,358,NaN,0,1,NaN,NaN
A044,A,3,359,1,NaN,NaN,0,0.202632904052734
A044,A,3,360,1,NaN,NaN,0,0.255287170410156
A044,A,3,361,1,NaN,NaN,0,0.183661937713623
A044,A,3,362,1,NaN,NaN,0,0.256319046020508
A044,A,3,363,1,NaN,NaN,0,0.300687789916992
A044,A,3,364,1,NaN,NaN,0,0.32250189781189
A044,A,3,365,NaN,0,1,NaN,NaN
A044,A,3,366,1,NaN,NaN,0,0.2723228931427
A044,A,3,367,1,NaN,NaN,0,0.399652004241943
A044,A,3,368,1,NaN,NaN,0,0.368680953979492
A044,A,3,369,1,NaN,NaN,0,0.460751056671143
A044,A,3,370,1,NaN,NaN,0,0.49937915802002
A044,A,3,371,1,NaN,NaN,0,0.410369873046875
A044,A,3,372,1,NaN,NaN,0,0.371397018432617
A044,A,3,373,1,NaN,NaN,0,0.377893924713135
A044,A,3,374,NaN,1,0,NaN,NaN
A044,A,3,375,1,NaN,NaN,0,0.311457872390747
A044,A,3,376,1,NaN,NaN,0,0.307711124420166
A044,A,3,377,1,NaN,NaN,0,0.3680260181427
A044,A,3,378,1,NaN,NaN,0,0.365073919296265
A044,A,3,379,1,NaN,NaN,0,0.324496984481812
A044,A,3,380,1,NaN,NaN,0,0.345959901809692
A044,A,3,381,NaN,0,1,NaN,NaN
A044,A,3,382,1,NaN,NaN,0,0.240604162216187
A044,A,3,383,1,NaN,NaN,0,0.292814970016479
A044,A,3,384,1,NaN,NaN,0,0.28181004524231
A044,A,3,385,1,NaN,NaN,0,0.268346071243286
A044,A,3,386,1,NaN,NaN,0,0.251832008361816
A044,A,3,387,1,NaN,NaN,0,0.288284063339233
A044,A,3,388,1,NaN,NaN,0,0.245075941085815
A044,A,3,389,1,NaN,NaN,0,0.397633075714111
A044,A,3,390,1,NaN,NaN,0,0.31684398651123
A044,A,3,391,1,NaN,NaN,0,0.354989051818848
A044,A,3,392,NaN,1,0,NaN,NaN
A044,A,3,393,1,NaN,NaN,0,0.228487968444824
A044,A,3,394,1,NaN,NaN,0,0.390858888626099
A044,A,3,395,1,NaN,NaN,0,0.325639009475708
A044,A,3,396,1,NaN,NaN,0,0.322355031967163
A044,A,3,397,1,NaN,NaN,0,0.299511909484863
A044,A,3,398,1,NaN,NaN,0,0.372534990310669
A044,A,3,399,1,NaN,NaN,0,0.369796991348267
A044,A,3,400,NaN,0,1,NaN,NaN
A044,A,3,401,1,NaN,NaN,0,0.238616943359375
A044,A,3,402,1,NaN,NaN,0,0.179749965667725
A044,A,3,403,1,NaN,NaN,0,0.232529878616333
A044,A,3,404,1,NaN,NaN,0,0.327304124832153
A044,A,3,405,1,NaN,NaN,0,0.35670280456543
A044,A,3,406,1,NaN,NaN,0,0.266900777816772
A044,A,3,407,1,NaN,NaN,0,0.364183902740479
A044,A,3,408,1,NaN,NaN,0,0.355945110321045
A044,A,3,409,1,NaN,NaN,0,0.364925861358643
A044,A,3,410,NaN,1,0,NaN,NaN
A044,A,3,411,1,NaN,NaN,0,0.299496173858643
A044,A,3,412,1,NaN,NaN,0,0.225986957550049
A044,A,3,413,1,NaN,NaN,0,0.165220022201538
A044,A,3,414,1,NaN,NaN,0,NaN
A044,A,3,415,1,NaN,NaN,0,0.308040142059326
A044,A,3,416,1,NaN,NaN,0,0.304337978363037
A044,A,3,417,1,NaN,NaN,0,0.316865921020508
A044,A,3,418,1,NaN,NaN,0,0.272654056549072
A044,A,3,419,NaN,0,1,NaN,NaN
A044,A,3,420,1,NaN,NaN,0,0.252557039260864
A044,A,3,421,1,NaN,NaN,0,0.23383903503418
A044,A,3,422,1,NaN,NaN,0,0.18414306640625
A044,A,3,423,1,NaN,NaN,0,0.278591871261597
A044,A,3,424,1,NaN,NaN,0,0.251466035842896
A044,A,3,425,1,NaN,NaN,0,0.372583866119385
A044,A,3,426,1,NaN,NaN,0,0.370707035064697
A044,A,3,427,1,NaN,NaN,0,0.509407043457031
A044,A,3,428,NaN,0,1,NaN,NaN
A044,A,3,429,1,NaN,NaN,0,0.233164072036743
A044,A,3,430,1,NaN,NaN,0,0.242560863494873
A044,A,3,431,1,NaN,NaN,0,NaN
A044,A,3,432,1,NaN,NaN,0,NaN
A044,A,3,433,1,NaN,NaN,0,0.245416164398193
A044,A,3,434,1,NaN,NaN,0,0.383543968200684
A044,A,3,435,1,NaN,NaN,0,0.375817060470581
A044,A,3,436,1,NaN,NaN,0,0.354924917221069
A044,A,3,437,1,NaN,NaN,0,0.34532904624939
A044,A,3,438,NaN,1,0,NaN,NaN
A044,A,3,439,1,NaN,NaN,0,0.252823829650879
A044,A,3,440,1,NaN,NaN,0,0.234733104705811
A044,A,3,441,0,NaN,NaN,1,NaN
A044,A,3,442,1,NaN,NaN,0,0.235960006713867
A044,A,3,443,1,NaN,NaN,0,0.24341607093811
A044,A,3,444,1,NaN,NaN,0,0.250411987304688
A044,A,3,445,1,NaN,NaN,0,0.305177927017212
A044,A,3,446,NaN,1,0,NaN,NaN
A044,A,3,447,1,NaN,NaN,0,0.269005060195923
A044,A,3,448,1,NaN,NaN,0,0.262350082397461
A044,A,3,449,1,NaN,NaN,0,0.26088285446167
A044,A,3,450,1,NaN,NaN,0,0.371634960174561
A044,A,3,451,1,NaN,NaN,0,0.335352897644043
A044,A,3,452,1,NaN,NaN,0,0.252443075180054
A044,A,3,453,1,NaN,NaN,0,0.264077186584473
A044,A,3,454,1,NaN,NaN,0,0.365078926086426
A044,A,3,455,1,NaN,NaN,0,0.465514898300171
A044,A,3,456,1,NaN,NaN,0,0.321739912033081
A044,A,3,457,NaN,1,0,NaN,NaN
A044,A,3,458,1,NaN,NaN,0,0.253906011581421
A044,A,3,459,1,NaN,NaN,0,0.346069097518921
A044,A,3,460,1,NaN,NaN,0,0.29143500328064
A044,A,3,461,1,NaN,NaN,0,0.262139081954956
A044,A,3,462,NaN,0,1,NaN,NaN
A044,A,3,463,1,NaN,NaN,0,0.26692795753479
A044,A,3,464,1,NaN,NaN,0,NaN
A044,A,3,465,1,NaN,NaN,0,0.228973150253296
A044,A,3,466,1,NaN,NaN,0,0.262772083282471
A044,A,3,467,1,NaN,NaN,0,0.299259185791016
A044,A,3,468,1,NaN,NaN,0,0.313391923904419
A044,A,3,469,1,NaN,NaN,0,0.311566829681396
A044,A,3,470,1,NaN,NaN,0,0.221158981323242
A044,A,3,471,1,NaN,NaN,0,0.163102149963379
A044,A,3,472,NaN,0,1,NaN,NaN
A044,A,3,473,1,NaN,NaN,0,0.27455997467041
A044,A,3,474,1,NaN,NaN,0,0.273148059844971
A044,A,3,475,1,NaN,NaN,0,0.298452138900757
A044,A,3,476,1,NaN,NaN,0,0.31705904006958
A044,A,3,477,1,NaN,NaN,0,0.395142078399658
A044,A,3,478,1,NaN,NaN,0,0.420480966567993
A044,A,3,479,NaN,1,0,NaN,NaN
A044,A,3,480,1,NaN,NaN,0,0.318392038345337
A044,A,3,481,1,NaN,NaN,0,0.271363019943237
A044,A,3,482,1,NaN,NaN,0,0.25885796546936
A044,A,3,483,1,NaN,NaN,0,0.392470836639404
A044,A,3,484,1,NaN,NaN,0,0.407354116439819
A044,A,3,485,1,NaN,NaN,0,0.428301095962524
A044,A,3,486,1,NaN,NaN,0,0.416473150253296
A044,A,3,487,1,NaN,NaN,0,0.458171129226685
A044,A,3,488,1,NaN,NaN,0,0.388853073120117
A044,A,3,489,1,NaN,NaN,0,0.386486053466797
A044,A,3,490,1,NaN,NaN,0,0.330163955688477
A044,A,3,491,NaN,1,0,NaN,NaN
A044,A,3,492,1,NaN,NaN,0,0.230111122131348
A044,A,3,493,1,NaN,NaN,0,0.50246787071228
A044,A,3,494,1,NaN,NaN,0,0.39685320854187
A044,A,3,495,1,NaN,NaN,0,0.41923999786377
A044,A,3,496,1,NaN,NaN,0,0.43040919303894
A044,A,3,497,1,NaN,NaN,0,0.382769823074341
A044,A,3,498,1,NaN,NaN,0,0.459936857223511
A044,A,3,499,1,NaN,NaN,0,0.430835008621216
A044,A,3,500,1,NaN,NaN,0,0.372747898101807
A044,A,3,501,NaN,0,1,NaN,NaN
A044,A,3,502,1,NaN,NaN,0,0.343814849853516
A044,A,3,503,1,NaN,NaN,0,0.311283826828003
A044,A,3,504,1,NaN,NaN,0,0.294242143630981
A044,A,3,505,1,NaN,NaN,0,0.606848001480103
A044,A,3,506,1,NaN,NaN,0,0.449498891830444
A044,A,3,507,1,NaN,NaN,0,0.448604106903076
A044,A,3,508,1,NaN,NaN,0,0.373444080352783
A044,A,3,509,1,NaN,NaN,0,0.491427898406982
A044,A,3,510,1,NaN,NaN,0,0.496826171875
A044,A,3,511,1,NaN,NaN,0,0.443806886672974
A044,A,3,512,NaN,0,1,NaN,NaN
A044,A,4,1,1,NaN,NaN,0,0.47544002532959
A044,A,4,2,1,NaN,NaN,0,0.381808042526245
A044,A,4,3,NaN,1,0,NaN,NaN
A044,A,4,4,1,NaN,NaN,0,0.284626007080078
A044,A,4,5,1,NaN,NaN,0,0.314137935638428
A044,A,4,6,1,NaN,NaN,0,0.33319616317749
A044,A,4,7,1,NaN,NaN,0,0.385249137878418
A044,A,4,8,1,NaN,NaN,0,0.387399911880493
A044,A,4,9,1,NaN,NaN,0,0.300022125244141
A044,A,4,10,1,NaN,NaN,0,0.28244686126709
A044,A,4,11,1,NaN,NaN,0,0.336828947067261
A044,A,4,12,1,NaN,NaN,0,0.310851812362671
A044,A,4,13,1,NaN,NaN,0,0.308679103851318
A044,A,4,14,1,NaN,NaN,0,0.30328893661499
A044,A,4,15,1,NaN,NaN,0,0.285812139511108
A044,A,4,16,NaN,0,1,NaN,NaN
A044,A,4,17,1,NaN,NaN,0,0.245345115661621
A044,A,4,18,1,NaN,NaN,0,0.279911994934082
A044,A,4,19,1,NaN,NaN,0,0.236881017684937
A044,A,4,20,1,NaN,NaN,0,0.333996057510376
A044,A,4,21,1,NaN,NaN,0,0.30278491973877
A044,A,4,22,1,NaN,NaN,0,0.316265106201172
A044,A,4,23,NaN,1,0,NaN,NaN
A044,A,4,24,1,NaN,NaN,0,0.269943952560425
A044,A,4,25,1,NaN,NaN,0,0.315500974655151
A044,A,4,26,1,NaN,NaN,0,0.298755884170532
A044,A,4,27,1,NaN,NaN,0,0.372997999191284
A044,A,4,28,1,NaN,NaN,0,0.380321979522705
A044,A,4,29,1,NaN,NaN,0,0.348973035812378
A044,A,4,30,1,NaN,NaN,0,0.284136056900024
A044,A,4,31,1,NaN,NaN,0,0.271705865859985
A044,A,4,32,1,NaN,NaN,0,0.321360111236572
A044,A,4,33,1,NaN,NaN,0,0.406762838363647
A044,A,4,34,1,NaN,NaN,0,0.392308950424194
A044,A,4,35,NaN,0,1,NaN,NaN
A044,A,4,36,1,NaN,NaN,0,0.274791955947876
A044,A,4,37,1,NaN,NaN,0,0.265190839767456
A044,A,4,38,1,NaN,NaN,0,0.502471923828125
A044,A,4,39,1,NaN,NaN,0,0.406718015670776
A044,A,4,40,1,NaN,NaN,0,0.389518976211548
A044,A,4,41,1,NaN,NaN,0,0.429919004440308
A044,A,4,42,1,NaN,NaN,0,0.329080104827881
A044,A,4,43,1,NaN,NaN,0,0.366597175598145
A044,A,4,44,NaN,1,0,NaN,NaN
A044,A,4,45,1,NaN,NaN,0,0.231857061386108
A044,A,4,46,1,NaN,NaN,0,0.283737897872925
A044,A,4,47,1,NaN,NaN,0,0.196218013763428
A044,A,4,48,1,NaN,NaN,0,0.299131870269775
A044,A,4,49,NaN,0,1,NaN,NaN
A044,A,4,50,1,NaN,NaN,0,0.404173135757446
A044,A,4,51,1,NaN,NaN,0,0.316541910171509
A044,A,4,52,1,NaN,NaN,0,0.3699631690979
A044,A,4,53,1,NaN,NaN,0,0.34598708152771
A044,A,4,54,1,NaN,NaN,0,0.365525007247925
A044,A,4,55,1,NaN,NaN,0,0.331449031829834
A044,A,4,56,1,NaN,NaN,0,0.408039093017578
A044,A,4,57,1,NaN,NaN,0,0.385824918746948
A044,A,4,58,1,NaN,NaN,0,0.543734788894653
A044,A,4,59,NaN,1,0,NaN,NaN
A044,A,4,60,1,NaN,NaN,0,0.277891159057617
A044,A,4,61,1,NaN,NaN,0,0.331041097640991
A044,A,4,62,1,NaN,NaN,0,0.287165880203247
A044,A,4,63,1,NaN,NaN,0,0.216067790985107
A044,A,4,64,1,NaN,NaN,0,0.35895299911499
A044,A,4,65,1,NaN,NaN,0,0.397159814834595
A044,A,4,66,1,NaN,NaN,0,0.33208703994751
A044,A,4,67,1,NaN,NaN,0,0.357631921768188
A044,A,4,68,1,NaN,NaN,0,0.371099948883057
A044,A,4,69,1,NaN,NaN,0,0.344238996505737
A044,A,4,70,NaN,0,1,NaN,NaN
A044,A,4,71,1,NaN,NaN,0,NaN
A044,A,4,72,1,NaN,NaN,0,NaN
A044,A,4,73,1,NaN,NaN,0,0.277701854705811
A044,A,4,74,1,NaN,NaN,0,0.347200155258179
A044,A,4,75,NaN,1,0,NaN,NaN
A044,A,4,76,1,NaN,NaN,0,0.250058889389038
A044,A,4,77,1,NaN,NaN,0,0.356119871139526
A044,A,4,78,1,NaN,NaN,0,0.284170866012573
A044,A,4,79,1,NaN,NaN,0,0.288915872573853
A044,A,4,80,1,NaN,NaN,0,0.355922937393188
A044,A,4,81,1,NaN,NaN,0,0.480465173721313
A044,A,4,82,1,NaN,NaN,0,0.322329998016357
A044,A,4,83,1,NaN,NaN,0,0.352172136306763
A044,A,4,84,1,NaN,NaN,0,0.375659942626953
A044,A,4,85,1,NaN,NaN,0,0.298731088638306
A044,A,4,86,1,NaN,NaN,0,0.335905075073242
A044,A,4,87,NaN,0,1,NaN,NaN
A044,A,4,88,1,NaN,NaN,0,0.365257978439331
A044,A,4,89,1,NaN,NaN,0,0.344971895217896
A044,A,4,90,1,NaN,NaN,0,0.338478088378906
A044,A,4,91,1,NaN,NaN,0,0.25598406791687
A044,A,4,92,1,NaN,NaN,0,NaN
A044,A,4,93,1,NaN,NaN,0,0.273826122283936
A044,A,4,94,1,NaN,NaN,0,0.330172061920166
A044,A,4,95,1,NaN,NaN,0,0.472602128982544
A044,A,4,96,NaN,1,0,NaN,NaN
A044,A,4,97,1,NaN,NaN,0,0.180488109588623
A044,A,4,98,1,NaN,NaN,0,0.305567026138306
A044,A,4,99,1,NaN,NaN,0,0.305819034576416
A044,A,4,100,1,NaN,NaN,0,0.490629911422729
A044,A,4,101,1,NaN,NaN,0,0.387453079223633
A044,A,4,102,1,NaN,NaN,0,0.354703903198242
A044,A,4,103,1,NaN,NaN,0,0.518604040145874
A044,A,4,104,1,NaN,NaN,0,0.381107807159424
A044,A,4,105,1,NaN,NaN,0,0.431725978851318
A044,A,4,106,NaN,1,0,NaN,NaN
A044,A,4,107,1,NaN,NaN,0,NaN
A044,A,4,108,1,NaN,NaN,0,0.233480930328369
A044,A,4,109,1,NaN,NaN,0,0.287376880645752
A044,A,4,110,1,NaN,NaN,0,0.171394109725952
A044,A,4,111,0,NaN,NaN,1,NaN
A044,A,4,112,1,NaN,NaN,0,0.277395963668823
A044,A,4,113,NaN,1,0,NaN,NaN
A044,A,4,114,1,NaN,NaN,0,NaN
A044,A,4,115,1,NaN,NaN,0,0.349066019058228
A044,A,4,116,1,NaN,NaN,0,0.34686017036438
A044,A,4,117,1,NaN,NaN,0,0.354257106781006
A044,A,4,118,1,NaN,NaN,0,0.287461996078491
A044,A,4,119,1,NaN,NaN,0,0.386145114898682
A044,A,4,120,1,NaN,NaN,0,0.301805973052979
A044,A,4,121,1,NaN,NaN,0,0.42424201965332
A044,A,4,122,1,NaN,NaN,0,0.378873109817505
A044,A,4,123,NaN,1,0,NaN,NaN
A044,A,4,124,1,NaN,NaN,0,0.62877893447876
A044,A,4,125,1,NaN,NaN,0,0.305616855621338
A044,A,4,126,1,NaN,NaN,0,0.264177083969116
A044,A,4,127,1,NaN,NaN,0,0.370329141616821
A044,A,4,128,1,NaN,NaN,0,0.295334100723267
A044,A,4,129,1,NaN,NaN,0,0.38857889175415
A044,A,4,130,1,NaN,NaN,0,0.408128976821899
A044,A,4,131,1,NaN,NaN,0,0.46948504447937
A044,A,4,132,1,NaN,NaN,0,0.392119884490967
A044,A,4,133,1,NaN,NaN,0,0.390075922012329
A044,A,4,134,NaN,1,0,NaN,NaN
A044,A,4,135,1,NaN,NaN,0,0.347583055496216
A044,A,4,136,1,NaN,NaN,0,0.356274127960205
A044,A,4,137,1,NaN,NaN,0,0.43793511390686
A044,A,4,138,1,NaN,NaN,0,0.276745080947876
A044,A,4,139,1,NaN,NaN,0,0.381632089614868
A044,A,4,140,NaN,0,1,NaN,NaN
A044,A,4,141,0,NaN,NaN,1,NaN
A044,A,4,142,1,NaN,NaN,0,0.340333938598633
A044,A,4,143,1,NaN,NaN,0,0.264191865921021
A044,A,4,144,1,NaN,NaN,0,0.357353925704956
A044,A,4,145,1,NaN,NaN,0,0.321753025054932
A044,A,4,146,1,NaN,NaN,0,0.316130876541138
A044,A,4,147,1,NaN,NaN,0,0.610131978988647
A044,A,4,148,1,NaN,NaN,0,0.370025157928467
A044,A,4,149,NaN,1,0,NaN,NaN
A044,A,4,150,1,NaN,NaN,0,0.413388013839722
A044,A,4,151,1,NaN,NaN,0,0.270742893218994
A044,A,4,152,1,NaN,NaN,0,0.246222019195557
A044,A,4,153,1,NaN,NaN,0,0.235656023025513
A044,A,4,154,1,NaN,NaN,0,0.273083209991455
A044,A,4,155,1,NaN,NaN,0,0.365143060684204
A044,A,4,156,NaN,1,0,NaN,NaN
A044,A,4,157,1,NaN,NaN,0,0.331960201263428
A044,A,4,158,1,NaN,NaN,0,0.348859071731567
A044,A,4,159,1,NaN,NaN,0,0.363268136978149
A044,A,4,160,1,NaN,NaN,0,0.326840162277222
A044,A,4,161,1,NaN,NaN,0,0.30548882484436
A044,A,4,162,1,NaN,NaN,0,0.373641014099121
A044,A,4,163,1,NaN,NaN,0,0.406805992126465
A044,A,4,164,1,NaN,NaN,0,0.36677098274231
A044,A,4,165,1,NaN,NaN,0,0.441283941268921
A044,A,4,166,1,NaN,NaN,0,0.410737991333008
A044,A,4,167,1,NaN,NaN,0,0.333472013473511
A044,A,4,168,1,NaN,NaN,0,0.362875938415527
A044,A,4,169,NaN,1,0,NaN,NaN
A044,A,4,170,1,NaN,NaN,0,0.234070062637329
A044,A,4,171,1,NaN,NaN,0,0.302775859832764
A044,A,4,172,1,NaN,NaN,0,0.448433876037598
A044,A,4,173,1,NaN,NaN,0,0.303899049758911
A044,A,4,174,1,NaN,NaN,0,0.245223999023438
A044,A,4,175,NaN,0,1,NaN,NaN
A044,A,4,176,1,NaN,NaN,0,0.31651496887207
A044,A,4,177,1,NaN,NaN,0,0.291845083236694
A044,A,4,178,1,NaN,NaN,0,0.354614019393921
A044,A,4,179,1,NaN,NaN,0,0.339678049087524
A044,A,4,180,1,NaN,NaN,0,0.379812002182007
A044,A,4,181,1,NaN,NaN,0,0.416390895843506
A044,A,4,182,NaN,1,0,NaN,NaN
A044,A,4,183,1,NaN,NaN,0,0.386888980865479
A044,A,4,184,1,NaN,NaN,0,0.380276918411255
A044,A,4,185,1,NaN,NaN,0,0.324769973754883
A044,A,4,186,1,NaN,NaN,0,0.326481819152832
A044,A,4,187,1,NaN,NaN,0,0.298696041107178
A044,A,4,188,1,NaN,NaN,0,0.454720020294189
A044,A,4,189,1,NaN,NaN,0,0.394918918609619
A044,A,4,190,1,NaN,NaN,0,0.385321140289307
A044,A,4,191,1,NaN,NaN,0,0.386703014373779
A044,A,4,192,NaN,0,1,NaN,NaN
A044,A,4,193,1,NaN,NaN,0,0.380574941635132
A044,A,4,194,1,NaN,NaN,0,0.317378044128418
A044,A,4,195,1,NaN,NaN,0,0.349329948425293
A044,A,4,196,1,NaN,NaN,0,0.378634929656982
A044,A,4,197,1,NaN,NaN,0,0.430804014205933
A044,A,4,198,1,NaN,NaN,0,0.371037006378174
A044,A,4,199,1,NaN,NaN,0,0.396819829940796
A044,A,4,200,1,NaN,NaN,0,0.342735052108765
A044,A,4,201,1,NaN,NaN,0,0.34459114074707
A044,A,4,202,1,NaN,NaN,0,0.406022071838379
A044,A,4,203,1,NaN,NaN,0,0.33632493019104
A044,A,4,204,NaN,1,0,NaN,NaN
A044,A,4,205,1,NaN,NaN,0,0.317595958709717
A044,A,4,206,1,NaN,NaN,0,0.373054981231689
A044,A,4,207,1,NaN,NaN,0,0.329070091247559
A044,A,4,208,1,NaN,NaN,0,0.328630924224854
A044,A,4,209,1,NaN,NaN,0,0.34062385559082
A044,A,4,210,1,NaN,NaN,0,0.357006072998047
A044,A,4,211,1,NaN,NaN,0,0.395334959030151
A044,A,4,212,1,NaN,NaN,0,0.402334928512573
A044,A,4,213,NaN,1,0,NaN,NaN
A044,A,4,214,1,NaN,NaN,0,0.355883121490479
A044,A,4,215,1,NaN,NaN,0,0.22643780708313
A044,A,4,216,1,NaN,NaN,0,0.727972030639648
A044,A,4,217,1,NaN,NaN,0,0.576661825180054
A044,A,4,218,NaN,1,0,NaN,NaN
A044,A,4,219,1,NaN,NaN,0,0.32088303565979
A044,A,4,220,1,NaN,NaN,0,0.341853141784668
A044,A,4,221,1,NaN,NaN,0,0.439073085784912
A044,A,4,222,1,NaN,NaN,0,0.333478212356567
A044,A,4,223,1,NaN,NaN,0,0.321933031082153
A044,A,4,224,1,NaN,NaN,0,0.329056024551392
A044,A,4,225,1,NaN,NaN,0,0.439024209976196
A044,A,4,226,1,NaN,NaN,0,0.532330989837646
A044,A,4,227,1,NaN,NaN,0,0.575815200805664
A044,A,4,228,1,NaN,NaN,0,0.405853033065796
A044,A,4,229,1,NaN,NaN,0,0.398568153381348
A044,A,4,230,NaN,1,0,NaN,NaN
A044,A,4,231,1,NaN,NaN,0,0.248214960098267
A044,A,4,232,1,NaN,NaN,0,0.301676988601685
A044,A,4,233,1,NaN,NaN,0,0.243210077285767
A044,A,4,234,1,NaN,NaN,0,0.260385990142822
A044,A,4,235,1,NaN,NaN,0,0.349745035171509
A044,A,4,236,1,NaN,NaN,0,0.243169069290161
A044,A,4,237,1,NaN,NaN,0,0.418540954589844
A044,A,4,238,1,NaN,NaN,0,0.306572198867798
A044,A,4,239,NaN,0,1,NaN,NaN
A044,A,4,240,1,NaN,NaN,0,0.384170055389404
A044,A,4,241,1,NaN,NaN,0,0.294578075408936
A044,A,4,242,1,NaN,NaN,0,0.236153125762939
A044,A,4,243,0,NaN,NaN,1,NaN
A044,A,4,244,1,NaN,NaN,0,0.3262939453125
A044,A,4,245,1,NaN,NaN,0,0.419283866882324
A044,A,4,246,NaN,0,1,NaN,NaN
A044,A,4,247,1,NaN,NaN,0,0.253844022750854
A044,A,4,248,1,NaN,NaN,0,0.336193084716797
A044,A,4,249,1,NaN,NaN,0,0.298851013183594
A044,A,4,250,1,NaN,NaN,0,0.281615018844604
A044,A,4,251,1,NaN,NaN,0,0.272023916244507
A044,A,4,252,1,NaN,NaN,0,0.345442056655884
A044,A,4,253,1,NaN,NaN,0,0.399396181106567
A044,A,4,254,1,NaN,NaN,0,0.363411903381348
A044,A,4,255,1,NaN,NaN,0,0.33224892616272
A044,A,4,256,1,NaN,NaN,0,0.628860950469971
A044,A,4,257,1,NaN,NaN,0,0.778334856033325
A044,A,4,258,1,NaN,NaN,0,0.39330005645752
A044,A,4,259,1,NaN,NaN,0,0.383687019348145
A044,A,4,260,NaN,1,0,NaN,NaN
A044,A,4,261,1,NaN,NaN,0,0.293606996536255
A044,A,4,262,1,NaN,NaN,0,0.547064065933228
A044,A,4,263,1,NaN,NaN,0,0.372435092926025
A044,A,4,264,1,NaN,NaN,0,0.347758769989014
A044,A,4,265,1,NaN,NaN,0,0.543958187103271
A044,A,4,266,1,NaN,NaN,0,0.416918039321899
A044,A,4,267,1,NaN,NaN,0,0.449553966522217
A044,A,4,268,1,NaN,NaN,0,0.379751920700073
A044,A,4,269,NaN,1,0,NaN,NaN
A044,A,4,270,1,NaN,NaN,0,0.177462100982666
A044,A,4,271,1,NaN,NaN,0,0.323256969451904
A044,A,4,272,1,NaN,NaN,0,0.336408853530884
A044,A,4,273,1,NaN,NaN,0,0.357456922531128
A044,A,4,274,1,NaN,NaN,0,0.366927146911621
A044,A,4,275,NaN,1,0,NaN,NaN
A044,A,4,276,1,NaN,NaN,0,0.372676849365234
A044,A,4,277,1,NaN,NaN,0,0.500173807144165
A044,A,4,278,1,NaN,NaN,0,0.43342113494873
A044,A,4,279,1,NaN,NaN,0,0.434300899505615
A044,A,4,280,1,NaN,NaN,0,0.392722845077515
A044,A,4,281,1,NaN,NaN,0,0.461683034896851
A044,A,4,282,1,NaN,NaN,0,0.454874992370605
A044,A,4,283,1,NaN,NaN,0,0.473066091537476
A044,A,4,284,1,NaN,NaN,0,0.381578922271729
A044,A,4,285,NaN,1,0,NaN,NaN
A044,A,4,286,1,NaN,NaN,0,NaN
A044,A,4,287,1,NaN,NaN,0,0.301718950271606
A044,A,4,288,1,NaN,NaN,0,0.314194917678833
A044,A,4,289,1,NaN,NaN,0,0.371403932571411
A044,A,4,290,1,NaN,NaN,0,0.301146984100342
A044,A,4,291,1,NaN,NaN,0,0.31796407699585
A044,A,4,292,NaN,0,1,NaN,NaN
A044,A,4,293,0,NaN,NaN,1,NaN
A044,A,4,294,1,NaN,NaN,0,0.28172492980957
A044,A,4,295,1,NaN,NaN,0,0.510317087173462
A044,A,4,296,1,NaN,NaN,0,0.515390157699585
A044,A,4,297,1,NaN,NaN,0,0.348781108856201
A044,A,4,298,1,NaN,NaN,0,0.386250972747803
A044,A,4,299,1,NaN,NaN,0,0.30876898765564
A044,A,4,300,NaN,0,1,NaN,NaN
A044,A,4,301,1,NaN,NaN,0,0.222874164581299
A044,A,4,302,1,NaN,NaN,0,0.796077966690063
A044,A,4,303,1,NaN,NaN,0,0.63755989074707
A044,A,4,304,1,NaN,NaN,0,0.292498826980591
A044,A,4,305,1,NaN,NaN,0,0.306833982467651
A044,A,4,306,1,NaN,NaN,0,0.330204010009766
A044,A,4,307,1,NaN,NaN,0,0.428174018859863
A044,A,4,308,1,NaN,NaN,0,0.349337100982666
A044,A,4,309,1,NaN,NaN,0,0.382230997085571
A044,A,4,310,1,NaN,NaN,0,0.345112800598145
A044,A,4,311,NaN,0,1,NaN,NaN
A044,A,4,312,1,NaN,NaN,0,0.276664972305298
A044,A,4,313,1,NaN,NaN,0,0.281761884689331
A044,A,4,314,1,NaN,NaN,0,0.571606159210205
A044,A,4,315,1,NaN,NaN,0,0.400993824005127
A044,A,4,316,1,NaN,NaN,0,0.378499031066895
A044,A,4,317,1,NaN,NaN,0,0.338369846343994
A044,A,4,318,1,NaN,NaN,0,0.367008924484253
A044,A,4,319,1,NaN,NaN,0,0.330639123916626
A044,A,4,320,1,NaN,NaN,0,0.405786991119385
A044,A,4,321,1,NaN,NaN,0,0.470059156417847
A044,A,4,322,NaN,0,1,NaN,NaN
A044,A,4,323,1,NaN,NaN,0,0.410347938537598
A044,A,4,324,1,NaN,NaN,0,0.326667070388794
A044,A,4,325,1,NaN,NaN,0,0.353251934051514
A044,A,4,326,1,NaN,NaN,0,0.421913862228394
A044,A,4,327,1,NaN,NaN,0,0.419715881347656
A044,A,4,328,1,NaN,NaN,0,0.360419034957886
A044,A,4,329,1,NaN,NaN,0,0.371415853500366
A044,A,4,330,NaN,1,0,NaN,NaN
A044,A,4,331,1,NaN,NaN,0,0.442824125289917
A044,A,4,332,1,NaN,NaN,0,0.476492166519165
A044,A,4,333,1,NaN,NaN,0,0.37873101234436
A044,A,4,334,1,NaN,NaN,0,0.317930936813354
A044,A,4,335,NaN,0,1,NaN,NaN
A044,A,4,336,1,NaN,NaN,0,0.245162010192871
A044,A,4,337,1,NaN,NaN,0,0.329943895339966
A044,A,4,338,1,NaN,NaN,0,NaN
A044,A,4,339,1,NaN,NaN,0,0.202808141708374
A044,A,4,340,1,NaN,NaN,0,NaN
A044,A,4,341,1,NaN,NaN,0,0.324064970016479
A044,A,4,342,1,NaN,NaN,0,0.308709859848022
A044,A,4,343,1,NaN,NaN,0,0.345896005630493
A044,A,4,344,1,NaN,NaN,0,0.274770021438599
A044,A,4,345,1,NaN,NaN,0,0.32718300819397
A044,A,4,346,1,NaN,NaN,0,0.395801067352295
A044,A,4,347,1,NaN,NaN,0,0.544688940048218
A044,A,4,348,NaN,1,0,NaN,NaN
A044,A,4,349,1,NaN,NaN,0,0.272375106811523
A044,A,4,350,1,NaN,NaN,0,0.382896900177002
A044,A,4,351,1,NaN,NaN,0,0.391541957855225
A044,A,4,352,1,NaN,NaN,0,0.478228092193604
A044,A,4,353,1,NaN,NaN,0,0.330066919326782
A044,A,4,354,1,NaN,NaN,0,0.315386056900024
A044,A,4,355,1,NaN,NaN,0,0.296504974365234
A044,A,4,356,1,NaN,NaN,0,0.354491949081421
A044,A,4,357,1,NaN,NaN,0,0.301785945892334
A044,A,4,358,1,NaN,NaN,0,0.406491994857788
A044,A,4,359,NaN,0,1,NaN,NaN
A044,A,4,360,1,NaN,NaN,0,0.243767023086548
A044,A,4,361,1,NaN,NaN,0,0.260921955108643
A044,A,4,362,1,NaN,NaN,0,0.338722944259644
A044,A,4,363,1,NaN,NaN,0,0.328984975814819
A044,A,4,364,1,NaN,NaN,0,0.335239887237549
A044,A,4,365,1,NaN,NaN,0,0.170598983764648
A044,A,4,366,1,NaN,NaN,0,0.347750186920166
A044,A,4,367,1,NaN,NaN,0,0.495795011520386
A044,A,4,368,NaN,1,0,NaN,NaN
A044,A,4,369,1,NaN,NaN,0,0.37740683555603
A044,A,4,370,1,NaN,NaN,0,0.352519989013672
A044,A,4,371,1,NaN,NaN,0,0.35793399810791
A044,A,4,372,1,NaN,NaN,0,0.367537975311279
A044,A,4,373,1,NaN,NaN,0,0.336886167526245
A044,A,4,374,1,NaN,NaN,0,0.320814847946167
A044,A,4,375,1,NaN,NaN,0,0.367192029953003
A044,A,4,376,NaN,0,1,NaN,NaN
A044,A,4,377,1,NaN,NaN,0,0.294006109237671
A044,A,4,378,1,NaN,NaN,0,0.164846181869507
A044,A,4,379,1,NaN,NaN,0,0.157655000686646
A044,A,4,380,1,NaN,NaN,0,0.30348801612854
A044,A,4,381,1,NaN,NaN,0,0.314575910568237
A044,A,4,382,NaN,1,0,NaN,NaN
A044,A,4,383,1,NaN,NaN,0,0.492717981338501
A044,A,4,384,1,NaN,NaN,0,0.485225915908813
A044,A,4,385,1,NaN,NaN,0,0.378330945968628
A044,A,4,386,1,NaN,NaN,0,0.286969900131226
A044,A,4,387,1,NaN,NaN,0,NaN
A044,A,4,388,1,NaN,NaN,0,0.300254106521606
A044,A,4,389,1,NaN,NaN,0,0.316105127334595
A044,A,4,390,1,NaN,NaN,0,0.175688028335571
A044,A,4,391,1,NaN,NaN,0,0.285260915756226
A044,A,4,392,NaN,1,0,NaN,NaN
A044,A,4,393,1,NaN,NaN,0,0.153134107589722
A044,A,4,394,1,NaN,NaN,0,0.354285001754761
A044,A,4,395,1,NaN,NaN,0,0.396628856658936
A044,A,4,396,1,NaN,NaN,0,0.277307033538818
A044,A,4,397,1,NaN,NaN,0,0.378859996795654
A044,A,4,398,NaN,1,0,NaN,NaN
A044,A,4,399,1,NaN,NaN,0,0.329190969467163
A044,A,4,400,1,NaN,NaN,0,0.613407135009766
A044,A,4,401,1,NaN,NaN,0,0.476814985275269
A044,A,4,402,1,NaN,NaN,0,0.405317068099976
A044,A,4,403,1,NaN,NaN,0,0.433999061584473
A044,A,4,404,1,NaN,NaN,0,0.402923107147217
A044,A,4,405,1,NaN,NaN,0,0.400216102600098
A044,A,4,406,1,NaN,NaN,0,0.341130018234253
A044,A,4,407,1,NaN,NaN,0,0.336440801620483
A044,A,4,408,NaN,1,0,NaN,NaN
A044,A,4,409,1,NaN,NaN,0,0.412935018539429
A044,A,4,410,1,NaN,NaN,0,0.43206000328064
A044,A,4,411,1,NaN,NaN,0,0.481694936752319
A044,A,4,412,1,NaN,NaN,0,0.511224031448364
A044,A,4,413,1,NaN,NaN,0,0.464287996292114
A044,A,4,414,1,NaN,NaN,0,0.432959794998169
A044,A,4,415,1,NaN,NaN,0,0.484534025192261
A044,A,4,416,NaN,1,0,NaN,NaN
A044,A,4,417,1,NaN,NaN,0,0.334256172180176
A044,A,4,418,1,NaN,NaN,0,0.424294948577881
A044,A,4,419,1,NaN,NaN,0,0.421458005905151
A044,A,4,420,1,NaN,NaN,0,0.324095010757446
A044,A,4,421,1,NaN,NaN,0,0.427841186523438
A044,A,4,422,1,NaN,NaN,0,0.380171060562134
A044,A,4,423,1,NaN,NaN,0,0.456799983978271
A044,A,4,424,1,NaN,NaN,0,0.407458066940308
A044,A,4,425,1,NaN,NaN,0,0.366831064224243
A044,A,4,426,1,NaN,NaN,0,0.349182844161987
A044,A,4,427,NaN,0,1,NaN,NaN
A044,A,4,428,1,NaN,NaN,0,0.196951150894165
A044,A,4,429,1,NaN,NaN,0,0.367616176605225
A044,A,4,430,1,NaN,NaN,0,0.488139867782593
A044,A,4,431,1,NaN,NaN,0,0.358723163604736
A044,A,4,432,1,NaN,NaN,0,0.343892097473145
A044,A,4,433,1,NaN,NaN,0,0.365227937698364
A044,A,4,434,NaN,0,1,NaN,NaN
A044,A,4,435,1,NaN,NaN,0,0.22698712348938
A044,A,4,436,1,NaN,NaN,0,NaN
A044,A,4,437,1,NaN,NaN,0,0.227207899093628
A044,A,4,438,1,NaN,NaN,0,0.553221940994263
A044,A,4,439,1,NaN,NaN,0,0.332723140716553
A044,A,4,440,1,NaN,NaN,0,0.335919857025146
A044,A,4,441,1,NaN,NaN,0,0.389937877655029
A044,A,4,442,1,NaN,NaN,0,0.555314064025879
A044,A,4,443,1,NaN,NaN,0,0.729855060577393
A044,A,4,444,1,NaN,NaN,0,0.4459388256073
A044,A,4,445,1,NaN,NaN,0,0.286957979202271
A044,A,4,446,1,NaN,NaN,0,0.616020917892456
A044,A,4,447,1,NaN,NaN,0,0.41264796257019
A044,A,4,448,NaN,0,1,NaN,NaN
A044,A,4,449,1,NaN,NaN,0,0.439357995986938
A044,A,4,450,1,NaN,NaN,0,0.505932092666626
A044,A,4,451,1,NaN,NaN,0,1.01516389846802
A044,A,4,452,1,NaN,NaN,0,0.498218059539795
A044,A,4,453,1,NaN,NaN,0,0.321906089782715
A044,A,4,454,1,NaN,NaN,0,0.342766046524048
A044,A,4,455,NaN,1,0,NaN,NaN
A044,A,4,456,1,NaN,NaN,0,0.201978921890259
A044,A,4,457,1,NaN,NaN,0,0.592324018478394
A044,A,4,458,1,NaN,NaN,0,0.409080982208252
A044,A,4,459,1,NaN,NaN,0,0.337753057479858
A044,A,4,460,1,NaN,NaN,0,0.347209930419922
A044,A,4,461,1,NaN,NaN,0,0.295374155044556
A044,A,4,462,NaN,1,0,NaN,NaN
A044,A,4,463,1,NaN,NaN,0,0.373136043548584
A044,A,4,464,1,NaN,NaN,0,0.323566913604736
A044,A,4,465,1,NaN,NaN,0,0.381757974624634
A044,A,4,466,1,NaN,NaN,0,0.391934871673584
A044,A,4,467,1,NaN,NaN,0,0.359828948974609
A044,A,4,468,1,NaN,NaN,0,0.279671907424927
A044,A,4,469,1,NaN,NaN,0,0.373121023178101
A044,A,4,470,1,NaN,NaN,0,0.250347137451172
A044,A,4,471,1,NaN,NaN,0,0.339442014694214
A044,A,4,472,1,NaN,NaN,0,0.376976013183594
A044,A,4,473,1,NaN,NaN,0,0.395303964614868
A044,A,4,474,1,NaN,NaN,0,0.428760051727295
A044,A,4,475,1,NaN,NaN,0,0.434067010879517
A044,A,4,476,NaN,1,0,NaN,NaN
A044,A,4,477,1,NaN,NaN,0,0.267260074615479
A044,A,4,478,1,NaN,NaN,0,0.271237850189209
A044,A,4,479,NaN,0,1,NaN,NaN
A044,A,4,480,1,NaN,NaN,0,0.334898948669434
A044,A,4,481,1,NaN,NaN,0,0.239768028259277
A044,A,4,482,1,NaN,NaN,0,0.320595026016235
A044,A,4,483,1,NaN,NaN,0,NaN
A044,A,4,484,1,NaN,NaN,0,0.346086978912354
A044,A,4,485,1,NaN,NaN,0,0.575150966644287
A044,A,4,486,1,NaN,NaN,0,0.506367921829224
A044,A,4,487,1,NaN,NaN,0,0.444609880447388
A044,A,4,488,1,NaN,NaN,0,0.325735807418823
A044,A,4,489,1,NaN,NaN,0,0.477674007415771
A044,A,4,490,NaN,0,1,NaN,NaN
A044,A,4,491,1,NaN,NaN,0,0.206525087356567
A044,A,4,492,1,NaN,NaN,0,0.280632019042969
A044,A,4,493,1,NaN,NaN,0,0.71137809753418
A044,A,4,494,1,NaN,NaN,0,0.345638990402222
A044,A,4,495,1,NaN,NaN,0,0.307278871536255
A044,A,4,496,1,NaN,NaN,0,0.256909132003784
A044,A,4,497,1,NaN,NaN,0,0.37975001335144
A044,A,4,498,1,NaN,NaN,0,0.384060859680176
A044,A,4,499,1,NaN,NaN,0,0.37729287147522
A044,A,4,500,1,NaN,NaN,0,0.609772920608521
A044,A,4,501,1,NaN,NaN,0,0.383181095123291
A044,A,4,502,1,NaN,NaN,0,0.348189830780029
A044,A,4,503,NaN,0,1,NaN,NaN
A044,A,4,504,1,NaN,NaN,0,NaN
A044,A,4,505,1,NaN,NaN,0,NaN
