SubID,Group,BlockN,nTrial,GoTrials,NoGoTrials,FA,Misses,RT
A011,A,1,1,1,NaN,NaN,0,0.5799720287323
A011,A,1,2,1,NaN,NaN,0,0.324834823608398
A011,A,1,3,1,NaN,NaN,0,0.417207956314087
A011,A,1,4,1,NaN,NaN,0,0.282193183898926
A011,A,1,5,1,NaN,NaN,0,0.298574924468994
A011,A,1,6,1,NaN,NaN,0,0.407711982727051
A011,A,1,7,1,NaN,NaN,0,0.267550945281982
A011,A,1,8,NaN,1,0,NaN,NaN
A011,A,1,9,1,NaN,NaN,0,0.265489816665649
A011,A,1,10,1,NaN,NaN,0,0.228953123092651
A011,A,1,11,1,NaN,NaN,0,0.20255708694458
A011,A,1,12,NaN,0,1,NaN,NaN
A011,A,1,13,1,NaN,NaN,0,0.437044858932495
A011,A,1,14,1,NaN,NaN,0,0.273581981658936
A011,A,1,15,1,NaN,NaN,0,0.453711032867432
A011,A,1,16,1,NaN,NaN,0,0.281791925430298
A011,A,1,17,1,NaN,NaN,0,0.301481008529663
A011,A,1,18,1,NaN,NaN,0,0.298680067062378
A011,A,1,19,1,NaN,NaN,0,0.271642208099365
A011,A,1,20,NaN,1,0,NaN,NaN
A011,A,1,21,1,NaN,NaN,0,0.261996030807495
A011,A,1,22,1,NaN,NaN,0,0.244704008102417
A011,A,1,23,1,NaN,NaN,0,0.242269992828369
A011,A,1,24,1,NaN,NaN,0,0.207716941833496
A011,A,1,25,1,NaN,NaN,0,0.299751043319702
A011,A,1,26,1,NaN,NaN,0,0.257910013198853
A011,A,1,27,1,NaN,NaN,0,0.289403915405273
A011,A,1,28,1,NaN,NaN,0,0.289637088775635
A011,A,1,29,1,NaN,NaN,0,0.287678003311157
A011,A,1,30,1,NaN,NaN,0,0.291774034500122
A011,A,1,31,1,NaN,NaN,0,0.262818813323975
A011,A,1,32,NaN,1,0,NaN,NaN
A011,A,1,33,1,NaN,NaN,0,0.25404691696167
A011,A,1,34,1,NaN,NaN,0,NaN
A011,A,1,35,1,NaN,NaN,0,0.329500198364258
A011,A,1,36,1,NaN,NaN,0,0.265842914581299
A011,A,1,37,1,NaN,NaN,0,0.746052980422974
A011,A,1,38,1,NaN,NaN,0,0.310894966125488
A011,A,1,39,1,NaN,NaN,0,0.310166120529175
A011,A,1,40,NaN,1,0,NaN,NaN
A011,A,1,41,1,NaN,NaN,0,0.240334033966064
A011,A,1,42,1,NaN,NaN,0,0.246038198471069
A011,A,1,43,1,NaN,NaN,0,0.191128969192505
A011,A,1,44,1,NaN,NaN,0,0.310858011245728
A011,A,1,45,1,NaN,NaN,0,0.291951179504395
A011,A,1,46,1,NaN,NaN,0,0.213279962539673
A011,A,1,47,1,NaN,NaN,0,0.31428599357605
A011,A,1,48,NaN,0,1,NaN,NaN
A011,A,1,49,1,NaN,NaN,0,0.541375875473022
A011,A,1,50,1,NaN,NaN,0,0.178920984268188
A011,A,1,51,1,NaN,NaN,0,NaN
A011,A,1,52,1,NaN,NaN,0,NaN
A011,A,1,53,0,NaN,NaN,1,NaN
A011,A,1,54,1,NaN,NaN,0,0.311961889266968
A011,A,1,55,1,NaN,NaN,0,0.332556962966919
A011,A,1,56,1,NaN,NaN,0,0.364022016525269
A011,A,1,57,NaN,0,1,NaN,NaN
A011,A,1,58,1,NaN,NaN,0,0.365224123001099
A011,A,1,59,1,NaN,NaN,0,0.217715978622437
A011,A,1,60,1,NaN,NaN,0,NaN
A011,A,1,61,1,NaN,NaN,0,0.210684061050415
A011,A,1,62,1,NaN,NaN,0,0.283529996871948
A011,A,1,63,1,NaN,NaN,0,0.326925992965698
A011,A,1,64,1,NaN,NaN,0,0.293059825897217
A011,A,1,65,1,NaN,NaN,0,0.298907995223999
A011,A,1,66,1,NaN,NaN,0,0.288110017776489
A011,A,1,67,1,NaN,NaN,0,0.28000807762146
A011,A,1,68,NaN,1,0,NaN,NaN
A011,A,1,69,1,NaN,NaN,0,0.224406957626343
A011,A,1,70,1,NaN,NaN,0,NaN
A011,A,1,71,1,NaN,NaN,0,NaN
A011,A,1,72,1,NaN,NaN,0,0.164702892303467
A011,A,1,73,1,NaN,NaN,0,0.250974178314209
A011,A,1,74,1,NaN,NaN,0,0.274497032165527
A011,A,1,75,1,NaN,NaN,0,0.264127969741821
A011,A,1,76,NaN,0,1,NaN,NaN
A011,A,1,77,1,NaN,NaN,0,0.353451013565063
A011,A,1,78,1,NaN,NaN,0,0.611720085144043
A011,A,1,79,1,NaN,NaN,0,0.283318996429443
A011,A,1,80,1,NaN,NaN,0,0.181961059570312
A011,A,1,81,1,NaN,NaN,0,0.278600931167603
A011,A,1,82,1,NaN,NaN,0,NaN
A011,A,1,83,1,NaN,NaN,0,0.260475873947144
A011,A,1,84,1,NaN,NaN,0,0.293004989624023
A011,A,1,85,1,NaN,NaN,0,0.18968391418457
A011,A,1,86,1,NaN,NaN,0,0.255750894546509
A011,A,1,87,1,NaN,NaN,0,1.06891798973083
A011,A,1,88,0,NaN,NaN,1,NaN
A011,A,1,89,NaN,0,1,NaN,NaN
A011,A,1,90,1,NaN,NaN,0,0.304511070251465
A011,A,1,91,1,NaN,NaN,0,0.18721604347229
A011,A,1,92,0,NaN,NaN,1,NaN
A011,A,1,93,NaN,0,1,NaN,NaN
A011,A,1,94,1,NaN,NaN,0,0.337790012359619
A011,A,1,95,1,NaN,NaN,0,0.247262001037598
A011,A,1,96,1,NaN,NaN,0,1.05588698387146
A011,A,1,97,1,NaN,NaN,0,0.832372188568115
A011,A,1,98,1,NaN,NaN,0,0.740644931793213
A011,A,1,99,1,NaN,NaN,0,0.341431856155396
A011,A,1,100,1,NaN,NaN,0,0.311408042907715
A011,A,1,101,NaN,0,1,NaN,NaN
A011,A,1,102,1,NaN,NaN,0,0.328841924667358
A011,A,1,103,1,NaN,NaN,0,NaN
A011,A,1,104,1,NaN,NaN,0,0.908886909484863
A011,A,1,105,1,NaN,NaN,0,0.559156894683838
A011,A,1,106,1,NaN,NaN,0,0.275870084762573
A011,A,1,107,0,NaN,NaN,1,NaN
A011,A,1,108,1,NaN,NaN,0,0.247551918029785
A011,A,1,109,1,NaN,NaN,0,0.31800389289856
A011,A,1,110,1,NaN,NaN,0,0.247565031051636
A011,A,1,111,NaN,1,0,NaN,NaN
A011,A,1,112,1,NaN,NaN,0,NaN
A011,A,1,113,1,NaN,NaN,0,0.571413993835449
A011,A,1,114,1,NaN,NaN,0,0.293101787567139
A011,A,1,115,1,NaN,NaN,0,0.277119874954224
A011,A,1,116,1,NaN,NaN,0,NaN
A011,A,1,117,1,NaN,NaN,0,0.653795003890991
A011,A,1,118,1,NaN,NaN,0,0.36257791519165
A011,A,1,119,1,NaN,NaN,0,0.283720970153809
A011,A,1,120,1,NaN,NaN,0,0.302699089050293
A011,A,1,121,1,NaN,NaN,0,0.285043954849243
A011,A,1,122,NaN,0,1,NaN,NaN
A011,A,1,123,1,NaN,NaN,0,0.27522611618042
A011,A,1,124,1,NaN,NaN,0,0.285537004470825
A011,A,1,125,0,NaN,NaN,1,NaN
A011,A,1,126,1,NaN,NaN,0,NaN
A011,A,1,127,1,NaN,NaN,0,0.23239278793335
A011,A,1,128,1,NaN,NaN,0,0.253711938858032
A011,A,1,129,1,NaN,NaN,0,0.314312934875488
A011,A,1,130,1,NaN,NaN,0,0.296709060668945
A011,A,1,131,1,NaN,NaN,0,0.186078071594238
A011,A,1,132,NaN,0,1,NaN,NaN
A011,A,1,133,1,NaN,NaN,0,0.335708856582642
A011,A,1,134,1,NaN,NaN,0,0.984200000762939
A011,A,1,135,1,NaN,NaN,0,0.558166980743408
A011,A,1,136,1,NaN,NaN,0,0.16134786605835
A011,A,1,137,1,NaN,NaN,0,0.481194019317627
A011,A,1,138,1,NaN,NaN,0,0.249795913696289
A011,A,1,139,1,NaN,NaN,0,NaN
A011,A,1,140,1,NaN,NaN,0,1.03148198127747
A011,A,1,141,NaN,0,1,NaN,NaN
A011,A,1,142,1,NaN,NaN,0,0.392625093460083
A011,A,1,143,1,NaN,NaN,0,0.499529838562012
A011,A,1,144,1,NaN,NaN,0,NaN
A011,A,1,145,1,NaN,NaN,0,0.296519994735718
A011,A,1,146,1,NaN,NaN,0,0.297899007797241
A011,A,1,147,1,NaN,NaN,0,0.170998811721802
A011,A,1,148,1,NaN,NaN,0,0.208537817001343
A011,A,1,149,1,NaN,NaN,0,0.169745922088623
A011,A,1,150,NaN,0,1,NaN,NaN
A011,A,1,151,1,NaN,NaN,0,0.371385097503662
A011,A,1,152,1,NaN,NaN,0,0.350850820541382
A011,A,1,153,1,NaN,NaN,0,0.48838996887207
A011,A,1,154,1,NaN,NaN,0,NaN
A011,A,1,155,1,NaN,NaN,0,0.40357494354248
A011,A,1,156,1,NaN,NaN,0,0.386693954467773
A011,A,1,157,1,NaN,NaN,0,NaN
A011,A,1,158,NaN,0,1,NaN,NaN
A011,A,1,159,1,NaN,NaN,0,0.389124870300293
A011,A,1,160,1,NaN,NaN,0,0.808676958084106
A011,A,1,161,1,NaN,NaN,0,0.588243961334229
A011,A,1,162,1,NaN,NaN,0,0.251022815704346
A011,A,1,163,1,NaN,NaN,0,0.256531953811646
A011,A,1,164,1,NaN,NaN,0,0.274052858352661
A011,A,1,165,1,NaN,NaN,0,0.234699010848999
A011,A,1,166,NaN,1,0,NaN,NaN
A011,A,1,167,1,NaN,NaN,0,NaN
A011,A,1,168,1,NaN,NaN,0,0.230078935623169
A011,A,1,169,1,NaN,NaN,0,0.764548063278198
A011,A,1,170,1,NaN,NaN,0,0.364087104797363
A011,A,1,171,1,NaN,NaN,0,0.250802993774414
A011,A,1,172,1,NaN,NaN,0,0.252488136291504
A011,A,1,173,1,NaN,NaN,0,0.317852020263672
A011,A,1,174,1,NaN,NaN,0,0.258009910583496
A011,A,1,175,NaN,1,0,NaN,NaN
A011,A,1,176,1,NaN,NaN,0,0.28764796257019
A011,A,1,177,1,NaN,NaN,0,0.215263843536377
A011,A,1,178,1,NaN,NaN,0,0.257658004760742
A011,A,1,179,1,NaN,NaN,0,0.224318027496338
A011,A,1,180,1,NaN,NaN,0,0.170452117919922
A011,A,1,181,1,NaN,NaN,0,0.217551946640015
A011,A,1,182,1,NaN,NaN,0,0.23806619644165
A011,A,1,183,1,NaN,NaN,0,NaN
A011,A,1,184,1,NaN,NaN,0,0.226958990097046
A011,A,1,185,NaN,0,1,NaN,NaN
A011,A,1,186,1,NaN,NaN,0,0.216759204864502
A011,A,1,187,1,NaN,NaN,0,0.254209995269775
A011,A,1,188,1,NaN,NaN,0,1.05924105644226
A011,A,1,189,1,NaN,NaN,0,1.06140685081482
A011,A,1,190,1,NaN,NaN,0,0.904229879379272
A011,A,1,191,1,NaN,NaN,0,0.663079023361206
A011,A,1,192,1,NaN,NaN,0,0.437508106231689
A011,A,1,193,1,NaN,NaN,0,NaN
A011,A,1,194,1,NaN,NaN,0,0.827572107315063
A011,A,1,195,1,NaN,NaN,0,0.46815013885498
A011,A,1,196,NaN,0,1,NaN,NaN
A011,A,1,197,1,NaN,NaN,0,NaN
A011,A,1,198,1,NaN,NaN,0,0.53001880645752
A011,A,1,199,1,NaN,NaN,0,NaN
A011,A,1,200,1,NaN,NaN,0,0.457116842269897
A011,A,1,201,1,NaN,NaN,0,0.705832004547119
A011,A,1,202,1,NaN,NaN,0,0.332164764404297
A011,A,1,203,NaN,0,1,NaN,NaN
A011,A,1,204,1,NaN,NaN,0,0.24565315246582
A011,A,1,205,1,NaN,NaN,0,0.676489114761353
A011,A,1,206,1,NaN,NaN,0,0.299848079681396
A011,A,1,207,0,NaN,NaN,1,NaN
A011,A,1,208,1,NaN,NaN,0,0.208102941513062
A011,A,1,209,1,NaN,NaN,0,0.268933057785034
A011,A,1,210,NaN,0,1,NaN,NaN
A011,A,1,211,1,NaN,NaN,0,0.5100998878479
A011,A,1,212,1,NaN,NaN,0,0.220531940460205
A011,A,1,213,1,NaN,NaN,0,0.833357095718384
A011,A,1,214,1,NaN,NaN,0,0.476757049560547
A011,A,1,215,1,NaN,NaN,0,NaN
A011,A,1,216,1,NaN,NaN,0,0.328787088394165
A011,A,1,217,1,NaN,NaN,0,0.401581048965454
A011,A,1,218,1,NaN,NaN,0,0.242966890335083
A011,A,1,219,NaN,0,1,NaN,NaN
A011,A,1,220,1,NaN,NaN,0,NaN
A011,A,1,221,1,NaN,NaN,0,0.297222137451172
A011,A,1,222,1,NaN,NaN,0,0.229244947433472
A011,A,1,223,1,NaN,NaN,0,0.156178951263428
A011,A,1,224,1,NaN,NaN,0,0.229879856109619
A011,A,1,225,1,NaN,NaN,0,0.431466102600098
A011,A,1,226,1,NaN,NaN,0,0.202913045883179
A011,A,1,227,1,NaN,NaN,0,0.937352895736694
A011,A,1,228,1,NaN,NaN,0,0.639947891235352
A011,A,1,229,1,NaN,NaN,0,0.472858905792236
A011,A,1,230,1,NaN,NaN,0,0.289444923400879
A011,A,1,231,NaN,0,1,NaN,NaN
A011,A,1,232,1,NaN,NaN,0,NaN
A011,A,1,233,1,NaN,NaN,0,0.659589052200317
A011,A,1,234,1,NaN,NaN,0,0.562809944152832
A011,A,1,235,1,NaN,NaN,0,0.304533004760742
A011,A,1,236,1,NaN,NaN,0,0.858090162277222
A011,A,1,237,1,NaN,NaN,0,0.322985887527466
A011,A,1,238,1,NaN,NaN,0,1.22921299934387
A011,A,1,239,1,NaN,NaN,0,0.838286161422729
A011,A,1,240,NaN,0,1,NaN,NaN
A011,A,1,241,1,NaN,NaN,0,0.328293085098267
A011,A,1,242,1,NaN,NaN,0,0.222485065460205
A011,A,1,243,1,NaN,NaN,0,NaN
A011,A,1,244,1,NaN,NaN,0,0.867254972457886
A011,A,1,245,1,NaN,NaN,0,0.818547964096069
A011,A,1,246,1,NaN,NaN,0,0.713628053665161
A011,A,1,247,1,NaN,NaN,0,0.422086000442505
A011,A,1,248,1,NaN,NaN,0,0.233448028564453
A011,A,1,249,1,NaN,NaN,0,1.01003098487854
A011,A,1,250,1,NaN,NaN,0,0.642735004425049
A011,A,1,251,NaN,0,1,NaN,NaN
A011,A,1,252,1,NaN,NaN,0,1.05766296386719
A011,A,1,253,1,NaN,NaN,0,0.738537073135376
A011,A,1,254,1,NaN,NaN,0,0.291957139968872
A011,A,1,255,1,NaN,NaN,0,NaN
A011,A,1,256,1,NaN,NaN,0,0.516627073287964
A011,A,1,257,1,NaN,NaN,0,0.275537014007568
A011,A,1,258,1,NaN,NaN,0,0.695688962936401
A011,A,1,259,NaN,0,1,NaN,NaN
A011,A,1,260,1,NaN,NaN,0,0.278708934783936
A011,A,1,261,0,NaN,NaN,1,NaN
A011,A,1,262,1,NaN,NaN,0,NaN
A011,A,1,263,1,NaN,NaN,0,0.255300045013428
A011,A,1,264,NaN,0,1,NaN,NaN
A011,A,1,265,1,NaN,NaN,0,0.446502923965454
A011,A,1,266,1,NaN,NaN,0,0.214659929275513
A011,A,1,267,1,NaN,NaN,0,NaN
A011,A,1,268,1,NaN,NaN,0,0.967480897903442
A011,A,1,269,1,NaN,NaN,0,0.709021091461182
A011,A,1,270,1,NaN,NaN,0,0.240936994552612
A011,A,1,271,1,NaN,NaN,0,NaN
A011,A,1,272,NaN,0,1,NaN,NaN
A011,A,1,273,1,NaN,NaN,0,1.12527704238892
A011,A,1,274,1,NaN,NaN,0,0.977259874343872
A011,A,1,275,1,NaN,NaN,0,0.330632925033569
A011,A,1,276,1,NaN,NaN,0,0.156378030776978
A011,A,1,277,1,NaN,NaN,0,NaN
A011,A,1,278,1,NaN,NaN,0,0.887688875198364
A011,A,1,279,1,NaN,NaN,0,0.502750873565674
A011,A,1,280,1,NaN,NaN,0,0.174410104751587
A011,A,1,281,1,NaN,NaN,0,0.867034912109375
A011,A,1,282,1,NaN,NaN,0,0.472299098968506
A011,A,1,283,NaN,0,1,NaN,NaN
A011,A,1,284,1,NaN,NaN,0,NaN
A011,A,1,285,1,NaN,NaN,0,0.738837003707886
A011,A,1,286,1,NaN,NaN,0,0.275930881500244
A011,A,1,287,1,NaN,NaN,0,NaN
A011,A,1,288,1,NaN,NaN,0,0.475566864013672
A011,A,1,289,1,NaN,NaN,0,0.196907997131348
A011,A,1,290,NaN,0,1,NaN,NaN
A011,A,1,291,1,NaN,NaN,0,0.343780040740967
A011,A,1,292,1,NaN,NaN,0,0.675715923309326
A011,A,1,293,1,NaN,NaN,0,0.385025024414062
A011,A,1,294,1,NaN,NaN,0,0.649743795394897
A011,A,1,295,1,NaN,NaN,0,0.348678827285767
A011,A,1,296,1,NaN,NaN,0,0.191641807556152
A011,A,1,297,1,NaN,NaN,0,0.630364179611206
A011,A,1,298,1,NaN,NaN,0,0.407202959060669
A011,A,1,299,1,NaN,NaN,0,0.798810958862305
A011,A,1,300,NaN,1,0,NaN,NaN
A011,A,1,301,1,NaN,NaN,0,0.269797086715698
A011,A,1,302,1,NaN,NaN,0,0.494885921478271
A011,A,1,303,1,NaN,NaN,0,NaN
A011,A,1,304,1,NaN,NaN,0,0.798716068267822
A011,A,1,305,1,NaN,NaN,0,0.34722900390625
A011,A,1,306,1,NaN,NaN,0,0.708307981491089
A011,A,1,307,1,NaN,NaN,0,0.361747026443481
A011,A,1,308,1,NaN,NaN,0,0.641585826873779
A011,A,1,309,NaN,0,1,NaN,NaN
A011,A,1,310,1,NaN,NaN,0,0.389216184616089
A011,A,1,311,1,NaN,NaN,0,0.904559135437012
A011,A,1,312,1,NaN,NaN,0,0.43776798248291
A011,A,1,313,1,NaN,NaN,0,0.565928936004639
A011,A,1,314,1,NaN,NaN,0,0.339721918106079
A011,A,1,315,1,NaN,NaN,0,0.240741968154907
A011,A,1,316,1,NaN,NaN,0,0.309554815292358
A011,A,1,317,1,NaN,NaN,0,0.214766979217529
A011,A,1,318,1,NaN,NaN,0,0.690680027008057
A011,A,1,319,1,NaN,NaN,0,0.247179985046387
A011,A,1,320,1,NaN,NaN,0,0.245607137680054
A011,A,1,321,1,NaN,NaN,0,NaN
A011,A,1,322,1,NaN,NaN,0,NaN
A011,A,1,323,NaN,1,0,NaN,NaN
A011,A,1,324,1,NaN,NaN,0,0.253720998764038
A011,A,1,325,1,NaN,NaN,0,0.275834798812866
A011,A,1,326,1,NaN,NaN,0,NaN
A011,A,1,327,1,NaN,NaN,0,0.313263893127441
A011,A,1,328,NaN,0,1,NaN,NaN
A011,A,1,329,1,NaN,NaN,0,0.469749927520752
A011,A,1,330,1,NaN,NaN,0,0.707318067550659
A011,A,1,331,1,NaN,NaN,0,0.236591100692749
A011,A,1,332,1,NaN,NaN,0,NaN
A011,A,1,333,1,NaN,NaN,0,0.983942985534668
A011,A,1,334,1,NaN,NaN,0,0.924445152282715
A011,A,1,335,1,NaN,NaN,0,0.56036901473999
A011,A,1,336,1,NaN,NaN,0,0.358934164047241
A011,A,1,337,NaN,0,1,NaN,NaN
A011,A,1,338,1,NaN,NaN,0,0.633923053741455
A011,A,1,339,1,NaN,NaN,0,0.282812118530273
A011,A,1,340,1,NaN,NaN,0,0.346111059188843
A011,A,1,341,1,NaN,NaN,0,0.372532844543457
A011,A,1,342,1,NaN,NaN,0,NaN
A011,A,1,343,1,NaN,NaN,0,0.169445037841797
A011,A,1,344,1,NaN,NaN,0,0.397688150405884
A011,A,1,345,NaN,0,1,NaN,NaN
A011,A,1,346,1,NaN,NaN,0,0.152310848236084
A011,A,1,347,1,NaN,NaN,0,0.271107912063599
A011,A,1,348,1,NaN,NaN,0,0.286662101745605
A011,A,1,349,1,NaN,NaN,0,0.287310838699341
A011,A,1,350,1,NaN,NaN,0,0.416143894195557
A011,A,1,351,1,NaN,NaN,0,0.385020017623901
A011,A,1,352,1,NaN,NaN,0,0.467651128768921
A011,A,1,353,1,NaN,NaN,0,0.49614405632019
A011,A,1,354,NaN,1,0,NaN,NaN
A011,A,1,355,1,NaN,NaN,0,0.230502843856812
A011,A,1,356,1,NaN,NaN,0,NaN
A011,A,1,357,1,NaN,NaN,0,0.252865076065063
A011,A,1,358,1,NaN,NaN,0,NaN
A011,A,1,359,1,NaN,NaN,0,0.252332925796509
A011,A,1,360,1,NaN,NaN,0,NaN
A011,A,1,361,1,NaN,NaN,0,NaN
A011,A,1,362,1,NaN,NaN,0,0.330426931381226
A011,A,1,363,1,NaN,NaN,0,NaN
A011,A,1,364,1,NaN,NaN,0,0.324704885482788
A011,A,1,365,1,NaN,NaN,0,0.290175199508667
A011,A,1,366,1,NaN,NaN,0,NaN
A011,A,1,367,1,NaN,NaN,0,0.288409948348999
A011,A,1,368,NaN,0,1,NaN,NaN
A011,A,1,369,1,NaN,NaN,0,0.242169141769409
A011,A,1,370,1,NaN,NaN,0,0.339704036712646
A011,A,1,371,1,NaN,NaN,0,0.280351161956787
A011,A,1,372,NaN,0,1,NaN,NaN
A011,A,1,373,1,NaN,NaN,0,0.617889165878296
A011,A,1,374,1,NaN,NaN,0,0.426834106445312
A011,A,1,375,1,NaN,NaN,0,NaN
A011,A,1,376,1,NaN,NaN,0,0.268658876419067
A011,A,1,377,1,NaN,NaN,0,NaN
A011,A,1,378,1,NaN,NaN,0,1.01712989807129
A011,A,1,379,0,NaN,NaN,1,NaN
A011,A,1,380,1,NaN,NaN,0,0.231905937194824
A011,A,1,381,1,NaN,NaN,0,0.237799882888794
A011,A,1,382,1,NaN,NaN,0,0.248979091644287
A011,A,1,383,NaN,0,1,NaN,NaN
A011,A,1,384,1,NaN,NaN,0,0.234814882278442
A011,A,1,385,1,NaN,NaN,0,NaN
A011,A,1,386,1,NaN,NaN,0,NaN
A011,A,1,387,1,NaN,NaN,0,NaN
A011,A,1,388,0,NaN,NaN,1,NaN
A011,A,1,389,1,NaN,NaN,0,NaN
A011,A,1,390,1,NaN,NaN,0,0.227966070175171
A011,A,1,391,NaN,1,0,NaN,NaN
A011,A,1,392,1,NaN,NaN,0,NaN
A011,A,1,393,1,NaN,NaN,0,NaN
A011,A,1,394,1,NaN,NaN,0,NaN
A011,A,1,395,1,NaN,NaN,0,0.24047589302063
A011,A,1,396,1,NaN,NaN,0,0.269047975540161
A011,A,1,397,1,NaN,NaN,0,0.273999929428101
A011,A,1,398,1,NaN,NaN,0,0.298741102218628
A011,A,1,399,NaN,0,1,NaN,NaN
A011,A,1,400,1,NaN,NaN,0,0.306607007980347
A011,A,1,401,1,NaN,NaN,0,0.263646841049194
A011,A,1,402,1,NaN,NaN,0,NaN
A011,A,1,403,1,NaN,NaN,0,0.741657018661499
A011,A,1,404,1,NaN,NaN,0,0.329004049301147
A011,A,1,405,1,NaN,NaN,0,0.549637079238892
A011,A,1,406,1,NaN,NaN,0,NaN
A011,A,1,407,1,NaN,NaN,0,0.394446849822998
A011,A,1,408,1,NaN,NaN,0,NaN
A011,A,1,409,1,NaN,NaN,0,0.830353021621704
A011,A,1,410,1,NaN,NaN,0,0.520156145095825
A011,A,1,411,1,NaN,NaN,0,NaN
A011,A,1,412,1,NaN,NaN,0,0.42628812789917
A011,A,1,413,NaN,0,1,NaN,NaN
A011,A,1,414,1,NaN,NaN,0,NaN
A011,A,1,415,1,NaN,NaN,0,0.75772500038147
A011,A,1,416,NaN,0,1,NaN,NaN
A011,A,1,417,1,NaN,NaN,0,0.699721097946167
A011,A,1,418,1,NaN,NaN,0,0.254325866699219
A011,A,1,419,1,NaN,NaN,0,0.695807933807373
A011,A,1,420,1,NaN,NaN,0,NaN
A011,A,1,421,1,NaN,NaN,0,0.298037052154541
A011,A,1,422,1,NaN,NaN,0,0.603956937789917
A011,A,1,423,1,NaN,NaN,0,0.806971073150635
A011,A,1,424,1,NaN,NaN,0,0.55755877494812
A011,A,1,425,1,NaN,NaN,0,NaN
A011,A,1,426,1,NaN,NaN,0,0.813969135284424
A011,A,1,427,0,NaN,NaN,1,NaN
A011,A,1,428,1,NaN,NaN,0,NaN
A011,A,1,429,1,NaN,NaN,0,0.372614145278931
A011,A,1,430,NaN,0,1,NaN,NaN
A011,A,1,431,1,NaN,NaN,0,0.348929882049561
A011,A,1,432,1,NaN,NaN,0,0.352576017379761
A011,A,1,433,1,NaN,NaN,0,0.487546920776367
A011,A,1,434,1,NaN,NaN,0,0.439864158630371
A011,A,1,435,1,NaN,NaN,0,0.38449501991272
A011,A,1,436,1,NaN,NaN,0,0.513335943222046
A011,A,1,437,NaN,0,1,NaN,NaN
A011,A,1,438,1,NaN,NaN,0,0.180321216583252
A011,A,1,439,1,NaN,NaN,0,0.25677490234375
A011,A,1,440,1,NaN,NaN,0,0.301810026168823
A011,A,1,441,1,NaN,NaN,0,0.202904939651489
A011,A,1,442,1,NaN,NaN,0,0.412292003631592
A011,A,1,443,1,NaN,NaN,0,0.551193952560425
A011,A,1,444,1,NaN,NaN,0,0.508481025695801
A011,A,1,445,1,NaN,NaN,0,NaN
A011,A,1,446,1,NaN,NaN,0,0.207531213760376
A011,A,1,447,1,NaN,NaN,0,0.370375871658325
A011,A,1,448,1,NaN,NaN,0,0.242856979370117
A011,A,1,449,NaN,0,1,NaN,NaN
A011,A,1,450,1,NaN,NaN,0,0.285908937454224
A011,A,1,451,1,NaN,NaN,0,0.488431215286255
A011,A,1,452,1,NaN,NaN,0,0.539574861526489
A011,A,1,453,1,NaN,NaN,0,0.536417007446289
A011,A,1,454,1,NaN,NaN,0,0.392525911331177
A011,A,1,455,NaN,0,1,NaN,NaN
A011,A,1,456,1,NaN,NaN,0,NaN
A011,A,1,457,1,NaN,NaN,0,0.545069932937622
A011,A,1,458,1,NaN,NaN,0,0.402298212051392
A011,A,1,459,1,NaN,NaN,0,0.443022966384888
A011,A,1,460,1,NaN,NaN,0,0.468390941619873
A011,A,1,461,1,NaN,NaN,0,0.387310981750488
A011,A,1,462,1,NaN,NaN,0,0.383270025253296
A011,A,1,463,NaN,0,1,NaN,NaN
A011,A,1,464,1,NaN,NaN,0,0.284358024597168
A011,A,1,465,1,NaN,NaN,0,0.321336984634399
A011,A,1,466,1,NaN,NaN,0,0.214015960693359
A011,A,1,467,1,NaN,NaN,0,0.360281944274902
A011,A,1,468,1,NaN,NaN,0,0.172918081283569
A011,A,1,469,1,NaN,NaN,0,0.230643033981323
A011,A,1,470,1,NaN,NaN,0,NaN
A011,A,1,471,1,NaN,NaN,0,NaN
A011,A,1,472,1,NaN,NaN,0,NaN
A011,A,1,473,1,NaN,NaN,0,NaN
A011,A,1,474,NaN,1,0,NaN,NaN
A011,A,1,475,1,NaN,NaN,0,0.408968925476074
A011,A,1,476,1,NaN,NaN,0,0.288721799850464
A011,A,1,477,0,NaN,NaN,1,NaN
A011,A,1,478,1,NaN,NaN,0,0.196477890014648
A011,A,1,479,1,NaN,NaN,0,0.222095966339111
A011,A,1,480,0,NaN,NaN,1,NaN
A011,A,1,481,1,NaN,NaN,0,0.224622011184692
A011,A,1,482,1,NaN,NaN,0,0.218976020812988
A011,A,1,483,NaN,0,1,NaN,NaN
A011,A,1,484,1,NaN,NaN,0,0.480762004852295
A011,A,1,485,1,NaN,NaN,0,0.28655481338501
A011,A,1,486,0,NaN,NaN,1,NaN
A011,A,1,487,1,NaN,NaN,0,0.289222955703735
A011,A,1,488,1,NaN,NaN,0,NaN
A011,A,1,489,1,NaN,NaN,0,1.0657799243927
A011,A,1,490,0,NaN,NaN,1,NaN
A011,A,1,491,1,NaN,NaN,0,NaN
A011,A,1,492,1,NaN,NaN,0,0.234907865524292
A011,A,1,493,NaN,0,1,NaN,NaN
A011,A,1,494,1,NaN,NaN,0,0.443517923355103
A011,A,1,495,1,NaN,NaN,0,NaN
A011,A,1,496,1,NaN,NaN,0,0.778617858886719
A011,A,1,497,1,NaN,NaN,0,0.620328903198242
A011,A,1,498,1,NaN,NaN,0,0.298309803009033
A011,A,1,499,1,NaN,NaN,0,0.666785001754761
A011,A,1,500,1,NaN,NaN,0,0.294888019561768
A011,A,1,501,1,NaN,NaN,0,0.652368068695068
A011,A,1,502,NaN,0,1,NaN,NaN
A011,A,1,503,1,NaN,NaN,0,0.680542945861816
A011,A,1,504,1,NaN,NaN,0,0.240002870559692
A011,A,1,505,1,NaN,NaN,0,0.32367205619812
A011,A,1,506,1,NaN,NaN,0,0.251564979553223
A011,A,1,507,1,NaN,NaN,0,0.416990041732788
A011,A,1,508,1,NaN,NaN,0,0.342933893203735
A011,A,1,509,1,NaN,NaN,0,0.33105993270874
A011,A,1,510,1,NaN,NaN,0,0.325752973556519
A011,A,1,511,NaN,0,1,NaN,NaN
A011,A,1,512,1,NaN,NaN,0,NaN
A011,A,1,513,1,NaN,NaN,0,0.3575119972229
A011,A,1,514,1,NaN,NaN,0,1.16115593910217
A011,A,1,515,NaN,0,1,NaN,NaN
A011,A,1,516,1,NaN,NaN,0,0.490316867828369
A011,A,1,517,1,NaN,NaN,0,NaN
A011,A,1,518,1,NaN,NaN,0,0.259114980697632
A011,A,1,519,1,NaN,NaN,0,0.314455032348633
A011,A,2,1,1,NaN,NaN,0,0.727299928665161
A011,A,2,2,1,NaN,NaN,0,0.294003009796143
A011,A,2,3,1,NaN,NaN,0,0.226311922073364
A011,A,2,4,0,NaN,NaN,1,NaN
A011,A,2,5,NaN,0,1,NaN,NaN
A011,A,2,6,1,NaN,NaN,0,0.232172012329102
A011,A,2,7,1,NaN,NaN,0,0.260803937911987
A011,A,2,8,1,NaN,NaN,0,0.153079032897949
A011,A,2,9,1,NaN,NaN,0,NaN
A011,A,2,10,1,NaN,NaN,0,NaN
A011,A,2,11,1,NaN,NaN,0,0.194750070571899
A011,A,2,12,1,NaN,NaN,0,NaN
A011,A,2,13,1,NaN,NaN,0,0.178385019302368
A011,A,2,14,1,NaN,NaN,0,0.926728010177612
A011,A,2,15,NaN,0,1,NaN,NaN
A011,A,2,16,1,NaN,NaN,0,0.373202085494995
A011,A,2,17,1,NaN,NaN,0,NaN
A011,A,2,18,1,NaN,NaN,0,0.657027959823608
A011,A,2,19,1,NaN,NaN,0,0.255435943603516
A011,A,2,20,1,NaN,NaN,0,0.628252983093262
A011,A,2,21,1,NaN,NaN,0,0.246723175048828
A011,A,2,22,1,NaN,NaN,0,0.579710006713867
A011,A,2,23,1,NaN,NaN,0,0.265004873275757
A011,A,2,24,1,NaN,NaN,0,0.654088973999023
A011,A,2,25,NaN,0,1,NaN,NaN
A011,A,2,26,1,NaN,NaN,0,NaN
A011,A,2,27,1,NaN,NaN,0,0.843726873397827
A011,A,2,28,1,NaN,NaN,0,0.484680891036987
A011,A,2,29,1,NaN,NaN,0,0.556521892547607
A011,A,2,30,1,NaN,NaN,0,0.625880002975464
A011,A,2,31,NaN,0,1,NaN,NaN
A011,A,2,32,1,NaN,NaN,0,NaN
A011,A,2,33,1,NaN,NaN,0,0.48855996131897
A011,A,2,34,1,NaN,NaN,0,0.288000822067261
A011,A,2,35,1,NaN,NaN,0,0.233600854873657
A011,A,2,36,1,NaN,NaN,0,0.39833402633667
A011,A,2,37,1,NaN,NaN,0,0.567043781280518
A011,A,2,38,1,NaN,NaN,0,NaN
A011,A,2,39,1,NaN,NaN,0,NaN
A011,A,2,40,1,NaN,NaN,0,NaN
A011,A,2,41,NaN,0,1,NaN,NaN
A011,A,2,42,1,NaN,NaN,0,NaN
A011,A,2,43,1,NaN,NaN,0,0.399105072021484
A011,A,2,44,1,NaN,NaN,0,0.456415891647339
A011,A,2,45,1,NaN,NaN,0,0.761458873748779
A011,A,2,46,1,NaN,NaN,0,0.446007966995239
A011,A,2,47,1,NaN,NaN,0,0.227611064910889
A011,A,2,48,1,NaN,NaN,0,0.180791854858398
A011,A,2,49,1,NaN,NaN,0,0.34223484992981
A011,A,2,50,1,NaN,NaN,0,NaN
A011,A,2,51,NaN,0,1,NaN,NaN
A011,A,2,52,1,NaN,NaN,0,0.447293996810913
A011,A,2,53,1,NaN,NaN,0,0.247213125228882
A011,A,2,54,1,NaN,NaN,0,0.183366060256958
A011,A,2,55,1,NaN,NaN,0,NaN
A011,A,2,56,1,NaN,NaN,0,0.680468082427979
A011,A,2,57,1,NaN,NaN,0,0.214932203292847
A011,A,2,58,1,NaN,NaN,0,0.537358999252319
A011,A,2,59,1,NaN,NaN,0,0.362473964691162
A011,A,2,60,1,NaN,NaN,0,0.2641921043396
A011,A,2,61,NaN,0,1,NaN,NaN
A011,A,2,62,0,NaN,NaN,1,NaN
A011,A,2,63,1,NaN,NaN,0,0.16353702545166
A011,A,2,64,1,NaN,NaN,0,0.214179992675781
A011,A,2,65,1,NaN,NaN,0,NaN
A011,A,2,66,1,NaN,NaN,0,NaN
A011,A,2,67,1,NaN,NaN,0,NaN
A011,A,2,68,1,NaN,NaN,0,0.728493928909302
A011,A,2,69,NaN,0,1,NaN,NaN
A011,A,2,70,1,NaN,NaN,0,0.19197678565979
A011,A,2,71,1,NaN,NaN,0,0.466503143310547
A011,A,2,72,1,NaN,NaN,0,NaN
A011,A,2,73,1,NaN,NaN,0,0.533195018768311
A011,A,2,74,1,NaN,NaN,0,NaN
A011,A,2,75,NaN,0,1,NaN,NaN
A011,A,2,76,1,NaN,NaN,0,0.247442960739136
A011,A,2,77,1,NaN,NaN,0,0.329668998718262
A011,A,2,78,0,NaN,NaN,1,NaN
A011,A,2,79,1,NaN,NaN,0,NaN
A011,A,2,80,1,NaN,NaN,0,0.319826126098633
A011,A,2,81,1,NaN,NaN,0,0.331073045730591
A011,A,2,82,1,NaN,NaN,0,0.519771099090576
A011,A,2,83,1,NaN,NaN,0,0.172911882400513
A011,A,2,84,1,NaN,NaN,0,NaN
A011,A,2,85,1,NaN,NaN,0,NaN
A011,A,2,86,NaN,0,1,NaN,NaN
A011,A,2,87,1,NaN,NaN,0,0.335918188095093
A011,A,2,88,1,NaN,NaN,0,NaN
A011,A,2,89,1,NaN,NaN,0,NaN
A011,A,2,90,1,NaN,NaN,0,NaN
A011,A,2,91,1,NaN,NaN,0,0.161818027496338
A011,A,2,92,1,NaN,NaN,0,0.195158958435059
A011,A,2,93,1,NaN,NaN,0,0.261347055435181
A011,A,2,94,1,NaN,NaN,0,0.36040210723877
A011,A,2,95,1,NaN,NaN,0,0.35907506942749
A011,A,2,96,1,NaN,NaN,0,0.304992914199829
A011,A,2,97,1,NaN,NaN,0,0.287574052810669
A011,A,2,98,NaN,0,1,NaN,NaN
A011,A,2,99,0,NaN,NaN,1,NaN
A011,A,2,100,1,NaN,NaN,0,0.389610052108765
A011,A,2,101,1,NaN,NaN,0,NaN
A011,A,2,102,0,NaN,NaN,1,NaN
A011,A,2,103,1,NaN,NaN,0,NaN
A011,A,2,104,1,NaN,NaN,0,NaN
A011,A,2,105,NaN,0,1,NaN,NaN
A011,A,2,106,1,NaN,NaN,0,0.289665937423706
A011,A,2,107,1,NaN,NaN,0,0.150109052658081
A011,A,2,108,1,NaN,NaN,0,0.822937965393066
A011,A,2,109,1,NaN,NaN,0,0.314713954925537
A011,A,2,110,1,NaN,NaN,0,0.460105895996094
A011,A,2,111,1,NaN,NaN,0,1.07310605049133
A011,A,2,112,1,NaN,NaN,0,0.471843004226685
A011,A,2,113,1,NaN,NaN,0,NaN
A011,A,2,114,NaN,0,1,NaN,NaN
A011,A,2,115,0,NaN,NaN,1,NaN
A011,A,2,116,0,NaN,NaN,1,NaN
A011,A,2,117,1,NaN,NaN,0,0.707236051559448
A011,A,2,118,1,NaN,NaN,0,0.48808217048645
A011,A,2,119,1,NaN,NaN,0,0.404538869857788
A011,A,2,120,1,NaN,NaN,0,0.280135869979858
A011,A,2,121,1,NaN,NaN,0,0.463114976882935
A011,A,2,122,NaN,0,1,NaN,NaN
A011,A,2,123,1,NaN,NaN,0,0.421504974365234
A011,A,2,124,1,NaN,NaN,0,NaN
A011,A,2,125,1,NaN,NaN,0,NaN
A011,A,2,126,1,NaN,NaN,0,0.367033004760742
A011,A,2,127,1,NaN,NaN,0,0.166505098342896
A011,A,2,128,1,NaN,NaN,0,0.531787872314453
A011,A,2,129,NaN,0,1,NaN,NaN
A011,A,2,130,1,NaN,NaN,0,0.321776866912842
A011,A,2,131,0,NaN,NaN,1,NaN
A011,A,2,132,1,NaN,NaN,0,0.278156995773315
A011,A,2,133,1,NaN,NaN,0,NaN
A011,A,2,134,1,NaN,NaN,0,NaN
A011,A,2,135,1,NaN,NaN,0,0.30072808265686
A011,A,2,136,1,NaN,NaN,0,0.347866058349609
A011,A,2,137,NaN,1,0,NaN,NaN
A011,A,2,138,1,NaN,NaN,0,NaN
A011,A,2,139,1,NaN,NaN,0,0.311524868011475
A011,A,2,140,1,NaN,NaN,0,NaN
A011,A,2,141,1,NaN,NaN,0,0.190915822982788
A011,A,2,142,1,NaN,NaN,0,NaN
A011,A,2,143,1,NaN,NaN,0,0.430428028106689
A011,A,2,144,1,NaN,NaN,0,0.415194034576416
A011,A,2,145,1,NaN,NaN,0,0.168567895889282
A011,A,2,146,1,NaN,NaN,0,NaN
A011,A,2,147,1,NaN,NaN,0,0.24535083770752
A011,A,2,148,1,NaN,NaN,0,0.829668045043945
A011,A,2,149,1,NaN,NaN,0,0.695286989212036
A011,A,2,150,1,NaN,NaN,0,0.687301158905029
A011,A,2,151,1,NaN,NaN,0,0.485272169113159
A011,A,2,152,NaN,0,1,NaN,NaN
A011,A,2,153,0,NaN,NaN,1,NaN
A011,A,2,154,0,NaN,NaN,1,NaN
A011,A,2,155,0,NaN,NaN,1,NaN
A011,A,2,156,1,NaN,NaN,0,NaN
A011,A,2,157,1,NaN,NaN,0,NaN
A011,A,2,158,NaN,0,1,NaN,NaN
A011,A,2,159,1,NaN,NaN,0,0.520697832107544
A011,A,2,160,1,NaN,NaN,0,NaN
A011,A,2,161,1,NaN,NaN,0,NaN
A011,A,2,162,0,NaN,NaN,1,NaN
A011,A,2,163,0,NaN,NaN,1,NaN
A011,A,2,164,1,NaN,NaN,0,1.01991295814514
A011,A,2,165,1,NaN,NaN,0,0.369863986968994
A011,A,2,166,1,NaN,NaN,0,0.160613059997559
A011,A,2,167,NaN,0,1,NaN,NaN
A011,A,2,168,1,NaN,NaN,0,1.03171801567078
A011,A,2,169,1,NaN,NaN,0,1.07310605049133
A011,A,2,170,1,NaN,NaN,0,0.571520090103149
A011,A,2,171,0,NaN,NaN,1,NaN
A011,A,2,172,1,NaN,NaN,0,0.405822038650513
A011,A,2,173,1,NaN,NaN,0,0.595566987991333
A011,A,2,174,1,NaN,NaN,0,0.296728849411011
A011,A,2,175,1,NaN,NaN,0,0.363165855407715
A011,A,2,176,NaN,1,0,NaN,NaN
A011,A,2,177,0,NaN,NaN,1,NaN
A011,A,2,178,1,NaN,NaN,0,0.363190889358521
A011,A,2,179,0,NaN,NaN,1,NaN
A011,A,2,180,1,NaN,NaN,0,0.95733904838562
A011,A,2,181,0,NaN,NaN,1,NaN
A011,A,2,182,1,NaN,NaN,0,0.451387166976929
A011,A,2,183,1,NaN,NaN,0,0.260840892791748
A011,A,2,184,1,NaN,NaN,0,0.236531019210815
A011,A,2,185,1,NaN,NaN,0,0.281149864196777
A011,A,2,186,NaN,0,1,NaN,NaN
A011,A,2,187,1,NaN,NaN,0,0.809417009353638
A011,A,2,188,1,NaN,NaN,0,0.770226955413818
A011,A,2,189,0,NaN,NaN,1,NaN
A011,A,2,190,1,NaN,NaN,0,0.289791107177734
A011,A,2,191,1,NaN,NaN,0,0.528390884399414
A011,A,2,192,1,NaN,NaN,0,0.35288405418396
A011,A,2,193,NaN,0,1,NaN,NaN
A011,A,2,194,1,NaN,NaN,0,0.898385047912598
A011,A,2,195,1,NaN,NaN,0,0.392261028289795
A011,A,2,196,1,NaN,NaN,0,0.335517883300781
A011,A,2,197,1,NaN,NaN,0,0.448947906494141
A011,A,2,198,1,NaN,NaN,0,0.357842206954956
A011,A,2,199,1,NaN,NaN,0,0.562633991241455
A011,A,2,200,1,NaN,NaN,0,NaN
A011,A,2,201,1,NaN,NaN,0,NaN
A011,A,2,202,1,NaN,NaN,0,0.17891001701355
A011,A,2,203,NaN,0,1,NaN,NaN
A011,A,2,204,1,NaN,NaN,0,0.379108905792236
A011,A,2,205,1,NaN,NaN,0,0.609434127807617
A011,A,2,206,1,NaN,NaN,0,0.220211029052734
A011,A,2,207,1,NaN,NaN,0,0.176692008972168
A011,A,2,208,1,NaN,NaN,0,0.195749044418335
A011,A,2,209,1,NaN,NaN,0,NaN
A011,A,2,210,1,NaN,NaN,0,NaN
A011,A,2,211,1,NaN,NaN,0,NaN
A011,A,2,212,1,NaN,NaN,0,1.0024209022522
A011,A,2,213,1,NaN,NaN,0,0.823057889938354
A011,A,2,214,NaN,0,1,NaN,NaN
A011,A,2,215,1,NaN,NaN,0,NaN
A011,A,2,216,1,NaN,NaN,0,NaN
A011,A,2,217,1,NaN,NaN,0,0.518199920654297
A011,A,2,218,NaN,0,1,NaN,NaN
A011,A,2,219,1,NaN,NaN,0,0.39391303062439
A011,A,2,220,1,NaN,NaN,0,NaN
A011,A,2,221,1,NaN,NaN,0,0.383369922637939
A011,A,2,222,1,NaN,NaN,0,NaN
A011,A,2,223,1,NaN,NaN,0,0.805327892303467
A011,A,2,224,1,NaN,NaN,0,0.567770004272461
A011,A,2,225,1,NaN,NaN,0,NaN
A011,A,2,226,1,NaN,NaN,0,0.813772916793823
A011,A,2,227,1,NaN,NaN,0,NaN
A011,A,2,228,1,NaN,NaN,0,NaN
A011,A,2,229,1,NaN,NaN,0,0.484357118606567
A011,A,2,230,NaN,0,1,NaN,NaN
A011,A,2,231,1,NaN,NaN,0,0.164584875106812
A011,A,2,232,1,NaN,NaN,0,0.289623975753784
A011,A,2,233,1,NaN,NaN,0,0.162228107452393
A011,A,2,234,1,NaN,NaN,0,NaN
A011,A,2,235,1,NaN,NaN,0,0.372857093811035
A011,A,2,236,1,NaN,NaN,0,NaN
A011,A,2,237,1,NaN,NaN,0,0.36880898475647
A011,A,2,238,1,NaN,NaN,0,NaN
A011,A,2,239,1,NaN,NaN,0,0.256011962890625
A011,A,2,240,1,NaN,NaN,0,0.377252817153931
A011,A,2,241,1,NaN,NaN,0,0.189842939376831
A011,A,2,242,NaN,0,1,NaN,NaN
A011,A,2,243,1,NaN,NaN,0,0.270946979522705
A011,A,2,244,1,NaN,NaN,0,NaN
A011,A,2,245,1,NaN,NaN,0,NaN
A011,A,2,246,1,NaN,NaN,0,0.270985841751099
A011,A,2,247,1,NaN,NaN,0,0.402212142944336
A011,A,2,248,1,NaN,NaN,0,NaN
A011,A,2,249,1,NaN,NaN,0,0.332708835601807
A011,A,2,250,1,NaN,NaN,0,0.165946006774902
A011,A,2,251,NaN,0,1,NaN,NaN
A011,A,2,252,1,NaN,NaN,0,0.767565011978149
A011,A,2,253,1,NaN,NaN,0,0.461055994033813
A011,A,2,254,NaN,1,0,NaN,NaN
A011,A,2,255,1,NaN,NaN,0,NaN
A011,A,2,256,1,NaN,NaN,0,0.368508815765381
A011,A,2,257,1,NaN,NaN,0,0.570230960845947
A011,A,2,258,1,NaN,NaN,0,0.268354177474976
A011,A,2,259,1,NaN,NaN,0,0.190870046615601
A011,A,2,260,1,NaN,NaN,0,0.22760009765625
A011,A,2,261,1,NaN,NaN,0,NaN
A011,A,2,262,1,NaN,NaN,0,0.384428977966309
A011,A,2,263,1,NaN,NaN,0,NaN
A011,A,2,264,1,NaN,NaN,0,0.160934925079346
A011,A,2,265,1,NaN,NaN,0,0.262830018997192
A011,A,2,266,1,NaN,NaN,0,NaN
A011,A,2,267,1,NaN,NaN,0,NaN
A011,A,2,268,NaN,0,1,NaN,NaN
A011,A,2,269,1,NaN,NaN,0,0.322344064712524
A011,A,2,270,1,NaN,NaN,0,0.277855157852173
A011,A,2,271,1,NaN,NaN,0,0.298663854598999
A011,A,2,272,1,NaN,NaN,0,0.327462911605835
A011,A,2,273,1,NaN,NaN,0,0.517566919326782
A011,A,2,274,1,NaN,NaN,0,NaN
A011,A,2,275,1,NaN,NaN,0,0.387353181838989
A011,A,2,276,NaN,0,1,NaN,NaN
A011,A,2,277,1,NaN,NaN,0,0.241808176040649
A011,A,2,278,1,NaN,NaN,0,NaN
A011,A,2,279,1,NaN,NaN,0,0.568846940994263
A011,A,2,280,1,NaN,NaN,0,0.336735963821411
A011,A,2,281,1,NaN,NaN,0,0.21414589881897
A011,A,2,282,1,NaN,NaN,0,NaN
A011,A,2,283,NaN,0,1,NaN,NaN
A011,A,2,284,1,NaN,NaN,0,0.693341970443726
A011,A,2,285,1,NaN,NaN,0,0.515528917312622
A011,A,2,286,1,NaN,NaN,0,0.267299890518188
A011,A,2,287,1,NaN,NaN,0,0.784162998199463
A011,A,2,288,1,NaN,NaN,0,0.817116975784302
A011,A,2,289,0,NaN,NaN,1,NaN
A011,A,2,290,1,NaN,NaN,0,NaN
A011,A,2,291,1,NaN,NaN,0,0.360557079315186
A011,A,2,292,1,NaN,NaN,0,0.404661893844604
A011,A,2,293,1,NaN,NaN,0,0.57836389541626
A011,A,2,294,1,NaN,NaN,0,0.478092908859253
A011,A,2,295,NaN,0,1,NaN,NaN
A011,A,2,296,1,NaN,NaN,0,0.537047147750854
A011,A,2,297,1,NaN,NaN,0,0.298056840896606
A011,A,2,298,1,NaN,NaN,0,NaN
A011,A,2,299,1,NaN,NaN,0,NaN
A011,A,2,300,1,NaN,NaN,0,0.448356151580811
A011,A,2,301,1,NaN,NaN,0,0.281603097915649
A011,A,2,302,1,NaN,NaN,0,0.266465902328491
A011,A,2,303,NaN,0,1,NaN,NaN
A011,A,2,304,0,NaN,NaN,1,NaN
A011,A,2,305,1,NaN,NaN,0,0.221419095993042
A011,A,2,306,1,NaN,NaN,0,0.290706157684326
A011,A,2,307,1,NaN,NaN,0,0.424760103225708
A011,A,2,308,1,NaN,NaN,0,0.381346940994263
A011,A,2,309,1,NaN,NaN,0,0.180869102478027
A011,A,2,310,0,NaN,NaN,1,NaN
A011,A,2,311,1,NaN,NaN,0,NaN
A011,A,2,312,NaN,0,1,NaN,NaN
A011,A,2,313,1,NaN,NaN,0,NaN
A011,A,2,314,1,NaN,NaN,0,0.992775917053223
A011,A,2,315,1,NaN,NaN,0,1.02325201034546
A011,A,2,316,1,NaN,NaN,0,0.941642045974731
A011,A,2,317,1,NaN,NaN,0,0.714173078536987
A011,A,2,318,1,NaN,NaN,0,0.507859945297241
A011,A,2,319,1,NaN,NaN,0,0.292696952819824
A011,A,2,320,1,NaN,NaN,0,NaN
A011,A,2,321,1,NaN,NaN,0,0.808957099914551
A011,A,2,322,1,NaN,NaN,0,0.834161043167114
A011,A,2,323,NaN,1,0,NaN,NaN
A011,A,2,324,1,NaN,NaN,0,NaN
A011,A,2,325,1,NaN,NaN,0,0.210492849349976
A011,A,2,326,1,NaN,NaN,0,0.91846489906311
A011,A,2,327,1,NaN,NaN,0,0.833284139633179
A011,A,2,328,1,NaN,NaN,0,0.874715089797974
A011,A,2,329,1,NaN,NaN,0,0.68634295463562
A011,A,2,330,1,NaN,NaN,0,0.547086000442505
A011,A,2,331,1,NaN,NaN,0,0.416178226470947
A011,A,2,332,NaN,0,1,NaN,NaN
A011,A,2,333,1,NaN,NaN,0,NaN
A011,A,2,334,1,NaN,NaN,0,0.918017148971558
A011,A,2,335,1,NaN,NaN,0,0.823911905288696
A011,A,2,336,1,NaN,NaN,0,0.600353002548218
A011,A,2,337,NaN,0,1,NaN,NaN
A011,A,2,338,1,NaN,NaN,0,0.279937982559204
A011,A,2,339,1,NaN,NaN,0,0.963835000991821
A011,A,2,340,0,NaN,NaN,1,NaN
A011,A,2,341,1,NaN,NaN,0,0.327619075775146
A011,A,2,342,1,NaN,NaN,0,0.505360126495361
A011,A,2,343,1,NaN,NaN,0,0.344138860702515
A011,A,2,344,NaN,0,1,NaN,NaN
A011,A,2,345,1,NaN,NaN,0,0.318570852279663
A011,A,2,346,1,NaN,NaN,0,0.5240318775177
A011,A,2,347,1,NaN,NaN,0,0.540260791778564
A011,A,2,348,1,NaN,NaN,0,0.278450965881348
A011,A,2,349,1,NaN,NaN,0,0.340336084365845
A011,A,2,350,1,NaN,NaN,0,0.274263143539429
A011,A,2,351,1,NaN,NaN,0,NaN
A011,A,2,352,1,NaN,NaN,0,NaN
A011,A,2,353,1,NaN,NaN,0,NaN
A011,A,2,354,1,NaN,NaN,0,0.566632032394409
A011,A,2,355,1,NaN,NaN,0,0.382856130599976
A011,A,2,356,NaN,0,1,NaN,NaN
A011,A,2,357,1,NaN,NaN,0,0.299587965011597
A011,A,2,358,1,NaN,NaN,0,0.557547807693481
A011,A,2,359,1,NaN,NaN,0,0.416683197021484
A011,A,2,360,1,NaN,NaN,0,0.177426815032959
A011,A,2,361,0,NaN,NaN,1,NaN
A011,A,2,362,1,NaN,NaN,0,0.370749950408936
A011,A,2,363,1,NaN,NaN,0,0.370121002197266
A011,A,2,364,1,NaN,NaN,0,0.288479089736938
A011,A,2,365,1,NaN,NaN,0,0.197329998016357
A011,A,2,366,NaN,0,1,NaN,NaN
A011,A,2,367,1,NaN,NaN,0,NaN
A011,A,2,368,1,NaN,NaN,0,0.269483089447021
A011,A,2,369,1,NaN,NaN,0,0.290530204772949
A011,A,2,370,1,NaN,NaN,0,0.156620025634766
A011,A,2,371,1,NaN,NaN,0,0.245357990264893
A011,A,2,372,1,NaN,NaN,0,NaN
A011,A,2,373,1,NaN,NaN,0,NaN
A011,A,2,374,1,NaN,NaN,0,0.300254106521606
A011,A,2,375,0,NaN,NaN,1,NaN
A011,A,2,376,1,NaN,NaN,0,0.243227958679199
A011,A,2,377,NaN,0,1,NaN,NaN
A011,A,2,378,1,NaN,NaN,0,0.286102056503296
A011,A,2,379,1,NaN,NaN,0,NaN
A011,A,2,380,1,NaN,NaN,0,NaN
A011,A,2,381,1,NaN,NaN,0,NaN
A011,A,2,382,NaN,0,1,NaN,NaN
A011,A,2,383,1,NaN,NaN,0,0.438930988311768
A011,A,2,384,1,NaN,NaN,0,0.327944993972778
A011,A,2,385,1,NaN,NaN,0,NaN
A011,A,2,386,1,NaN,NaN,0,0.502695083618164
A011,A,2,387,1,NaN,NaN,0,0.303646087646484
A011,A,2,388,1,NaN,NaN,0,0.183679103851318
A011,A,2,389,1,NaN,NaN,0,0.355657815933228
A011,A,2,390,NaN,0,1,NaN,NaN
A011,A,2,391,1,NaN,NaN,0,0.427531003952026
A011,A,2,392,1,NaN,NaN,0,0.647978067398071
A011,A,2,393,1,NaN,NaN,0,0.19044303894043
A011,A,2,394,1,NaN,NaN,0,0.409363985061646
A011,A,2,395,1,NaN,NaN,0,0.401883125305176
A011,A,2,396,1,NaN,NaN,0,0.743449926376343
A011,A,2,397,1,NaN,NaN,0,1.04170322418213
A011,A,2,398,0,NaN,NaN,1,NaN
A011,A,2,399,1,NaN,NaN,0,NaN
A011,A,2,400,1,NaN,NaN,0,1.04053902626038
A011,A,2,401,1,NaN,NaN,0,0.673949003219604
A011,A,2,402,1,NaN,NaN,0,0.542248964309692
A011,A,2,403,1,NaN,NaN,0,0.506711006164551
A011,A,2,404,NaN,0,1,NaN,NaN
A011,A,2,405,1,NaN,NaN,0,NaN
A011,A,2,406,1,NaN,NaN,0,0.239145040512085
A011,A,2,407,1,NaN,NaN,0,NaN
A011,A,2,408,1,NaN,NaN,0,0.397325038909912
A011,A,2,409,1,NaN,NaN,0,0.541649103164673
A011,A,2,410,NaN,0,1,NaN,NaN
A011,A,2,411,1,NaN,NaN,0,NaN
A011,A,2,412,1,NaN,NaN,0,NaN
A011,A,2,413,1,NaN,NaN,0,NaN
A011,A,2,414,1,NaN,NaN,0,0.189919948577881
A011,A,2,415,1,NaN,NaN,0,0.856637954711914
A011,A,2,416,1,NaN,NaN,0,0.841475009918213
A011,A,2,417,1,NaN,NaN,0,0.709463834762573
A011,A,2,418,0,NaN,NaN,1,NaN
A011,A,2,419,1,NaN,NaN,0,NaN
A011,A,2,420,NaN,0,1,NaN,NaN
A011,A,2,421,1,NaN,NaN,0,0.684507131576538
A011,A,2,422,1,NaN,NaN,0,0.729378938674927
A011,A,2,423,1,NaN,NaN,0,0.682910919189453
A011,A,2,424,0,NaN,NaN,1,NaN
A011,A,2,425,1,NaN,NaN,0,0.342196941375732
A011,A,2,426,1,NaN,NaN,0,0.300521850585938
A011,A,2,427,1,NaN,NaN,0,NaN
A011,A,2,428,1,NaN,NaN,0,NaN
A011,A,2,429,NaN,0,1,NaN,NaN
A011,A,2,430,1,NaN,NaN,0,0.162776947021484
A011,A,2,431,1,NaN,NaN,0,0.235791921615601
A011,A,2,432,1,NaN,NaN,0,0.961313962936401
A011,A,2,433,1,NaN,NaN,0,0.837543964385986
A011,A,2,434,1,NaN,NaN,0,0.150225162506104
A011,A,2,435,NaN,0,1,NaN,NaN
A011,A,2,436,1,NaN,NaN,0,0.214298009872437
A011,A,2,437,0,NaN,NaN,1,NaN
A011,A,2,438,1,NaN,NaN,0,0.576060056686401
A011,A,2,439,1,NaN,NaN,0,0.464436054229736
A011,A,2,440,1,NaN,NaN,0,0.289581060409546
A011,A,2,441,1,NaN,NaN,0,0.228677034378052
A011,A,2,442,1,NaN,NaN,0,0.273245811462402
A011,A,2,443,1,NaN,NaN,0,0.395142078399658
A011,A,2,444,1,NaN,NaN,0,NaN
A011,A,2,445,1,NaN,NaN,0,NaN
A011,A,2,446,NaN,0,1,NaN,NaN
A011,A,2,447,1,NaN,NaN,0,0.181689023971558
A011,A,2,448,1,NaN,NaN,0,0.223381996154785
A011,A,2,449,1,NaN,NaN,0,0.530962944030762
A011,A,2,450,1,NaN,NaN,0,0.349583864212036
A011,A,2,451,1,NaN,NaN,0,0.563915967941284
A011,A,2,452,1,NaN,NaN,0,0.550737142562866
A011,A,2,453,1,NaN,NaN,0,0.343127965927124
A011,A,2,454,1,NaN,NaN,0,0.915264129638672
A011,A,2,455,1,NaN,NaN,0,0.643943786621094
A011,A,2,456,0,NaN,NaN,1,NaN
A011,A,2,457,NaN,0,1,NaN,NaN
A011,A,2,458,1,NaN,NaN,0,0.491512060165405
A011,A,2,459,1,NaN,NaN,0,0.55495810508728
A011,A,2,460,1,NaN,NaN,0,0.350037097930908
A011,A,2,461,1,NaN,NaN,0,0.543204784393311
A011,A,2,462,0,NaN,NaN,1,NaN
A011,A,2,463,NaN,0,1,NaN,NaN
A011,A,2,464,1,NaN,NaN,0,0.193120956420898
A011,A,2,465,1,NaN,NaN,0,0.254208087921143
A011,A,2,466,1,NaN,NaN,0,0.250710964202881
A011,A,2,467,1,NaN,NaN,0,0.279791116714478
A011,A,2,468,1,NaN,NaN,0,0.276319026947021
A011,A,2,469,1,NaN,NaN,0,0.584358930587769
A011,A,2,470,1,NaN,NaN,0,NaN
A011,A,2,471,1,NaN,NaN,0,0.588427066802979
A011,A,2,472,NaN,0,1,NaN,NaN
A011,A,2,473,1,NaN,NaN,0,0.289330959320068
A011,A,2,474,1,NaN,NaN,0,0.686223983764648
A011,A,2,475,1,NaN,NaN,0,0.858757019042969
A011,A,2,476,1,NaN,NaN,0,0.941344976425171
A011,A,2,477,0,NaN,NaN,1,NaN
A011,A,2,478,1,NaN,NaN,0,NaN
A011,A,2,479,1,NaN,NaN,0,0.204068899154663
A011,A,2,480,NaN,0,1,NaN,NaN
A011,A,2,481,1,NaN,NaN,0,0.334551811218262
A011,A,2,482,1,NaN,NaN,0,0.659620046615601
A011,A,2,483,1,NaN,NaN,0,NaN
A011,A,2,484,1,NaN,NaN,0,NaN
A011,A,2,485,1,NaN,NaN,0,NaN
A011,A,2,486,1,NaN,NaN,0,NaN
A011,A,2,487,1,NaN,NaN,0,0.624996900558472
A011,A,2,488,1,NaN,NaN,0,0.772755861282349
A011,A,2,489,NaN,0,1,NaN,NaN
A011,A,2,490,1,NaN,NaN,0,1.01989412307739
A011,A,2,491,1,NaN,NaN,0,0.332634925842285
A011,A,2,492,1,NaN,NaN,0,NaN
A011,A,2,493,1,NaN,NaN,0,0.27252984046936
A011,A,2,494,1,NaN,NaN,0,0.285176038742065
A011,A,2,495,1,NaN,NaN,0,0.425410032272339
A011,A,2,496,1,NaN,NaN,0,0.417002201080322
A011,A,2,497,1,NaN,NaN,0,0.511207103729248
A011,A,2,498,1,NaN,NaN,0,0.435805082321167
A011,A,2,499,1,NaN,NaN,0,0.431545972824097
A011,A,2,500,1,NaN,NaN,0,0.462219953536987
A011,A,2,501,1,NaN,NaN,0,0.574729919433594
A011,A,2,502,NaN,1,0,NaN,NaN
A011,A,2,503,1,NaN,NaN,0,0.291952133178711
A011,A,2,504,1,NaN,NaN,0,0.735668897628784
A011,A,2,505,0,NaN,NaN,1,NaN
A011,A,2,506,1,NaN,NaN,0,NaN
A011,A,2,507,NaN,0,1,NaN,NaN
A011,A,2,508,1,NaN,NaN,0,0.66779899597168
A011,A,2,509,1,NaN,NaN,0,0.168498039245605
A011,A,2,510,1,NaN,NaN,0,0.302264928817749
A011,A,2,511,1,NaN,NaN,0,NaN
A011,A,2,512,1,NaN,NaN,0,0.422641038894653
A011,A,2,513,1,NaN,NaN,0,0.387657880783081
A011,A,2,514,1,NaN,NaN,0,0.705453157424927
A011,A,2,515,1,NaN,NaN,0,0.26606011390686
A011,A,2,516,1,NaN,NaN,0,0.166025876998901
A011,A,2,517,1,NaN,NaN,0,0.586455821990967
A011,A,2,518,1,NaN,NaN,0,NaN
A011,A,2,519,1,NaN,NaN,0,0.293705940246582
A011,A,2,520,NaN,0,1,NaN,NaN
A011,A,2,521,1,NaN,NaN,0,0.815610885620117
A011,A,2,522,1,NaN,NaN,0,0.162600994110107
A011,A,2,523,1,NaN,NaN,0,NaN
A011,A,2,524,NaN,0,1,NaN,NaN
A011,A,2,525,1,NaN,NaN,0,0.578490972518921
A011,A,2,526,1,NaN,NaN,0,NaN
A011,A,2,527,1,NaN,NaN,0,NaN
A011,A,2,528,1,NaN,NaN,0,NaN
A011,A,2,529,1,NaN,NaN,0,0.40692400932312
A011,A,2,530,1,NaN,NaN,0,0.41207480430603
A011,A,2,531,0,NaN,NaN,1,NaN
A011,A,2,532,1,NaN,NaN,0,0.318726062774658
A011,A,2,533,0,NaN,NaN,1,NaN
A011,A,2,534,1,NaN,NaN,0,0.491282224655151
A011,A,2,535,1,NaN,NaN,0,0.164523839950562
A011,A,2,536,NaN,0,1,NaN,NaN
A011,A,2,537,1,NaN,NaN,0,0.318639993667603
A011,A,2,538,1,NaN,NaN,0,NaN
A011,A,2,539,1,NaN,NaN,0,0.400814056396484
A011,A,2,540,1,NaN,NaN,0,NaN
A011,A,2,541,1,NaN,NaN,0,0.185523986816406
A011,A,2,542,1,NaN,NaN,0,0.227466106414795
A011,A,2,543,1,NaN,NaN,0,0.483378171920776
A011,A,2,544,1,NaN,NaN,0,0.215188980102539
A011,A,2,545,NaN,0,1,NaN,NaN
A011,A,2,546,1,NaN,NaN,0,NaN
A011,A,2,547,1,NaN,NaN,0,0.36900520324707
A011,A,2,548,1,NaN,NaN,0,0.162169933319092
A011,A,2,549,1,NaN,NaN,0,0.366706132888794
A011,A,2,550,1,NaN,NaN,0,0.335510969161987
A011,A,3,1,1,NaN,NaN,0,0.367056846618652
A011,A,3,2,1,NaN,NaN,0,0.286274909973145
A011,A,3,3,1,NaN,NaN,0,0.395759105682373
A011,A,3,4,1,NaN,NaN,0,0.252377033233643
A011,A,3,5,NaN,1,0,NaN,NaN
A011,A,3,6,1,NaN,NaN,0,0.455941915512085
A011,A,3,7,1,NaN,NaN,0,0.344058036804199
A011,A,3,8,1,NaN,NaN,0,0.362655878067017
A011,A,3,9,1,NaN,NaN,0,0.296661853790283
A011,A,3,10,1,NaN,NaN,0,0.231913089752197
A011,A,3,11,1,NaN,NaN,0,0.305594921112061
A011,A,3,12,1,NaN,NaN,0,0.994517087936401
A011,A,3,13,1,NaN,NaN,0,0.792653799057007
A011,A,3,14,NaN,0,1,NaN,NaN
A011,A,3,15,1,NaN,NaN,0,0.300351142883301
A011,A,3,16,1,NaN,NaN,0,0.450873136520386
A011,A,3,17,1,NaN,NaN,0,0.314802169799805
A011,A,3,18,1,NaN,NaN,0,0.230769157409668
A011,A,3,19,1,NaN,NaN,0,0.316504955291748
A011,A,3,20,1,NaN,NaN,0,0.482378005981445
A011,A,3,21,1,NaN,NaN,0,0.363317966461182
A011,A,3,22,NaN,0,1,NaN,NaN
A011,A,3,23,1,NaN,NaN,0,0.488860130310059
A011,A,3,24,1,NaN,NaN,0,0.157773017883301
A011,A,3,25,1,NaN,NaN,0,0.490691184997559
A011,A,3,26,1,NaN,NaN,0,0.169878005981445
A011,A,3,27,1,NaN,NaN,0,0.522968053817749
A011,A,3,28,1,NaN,NaN,0,0.775551795959473
A011,A,3,29,NaN,0,1,NaN,NaN
A011,A,3,30,1,NaN,NaN,0,0.489593029022217
A011,A,3,31,1,NaN,NaN,0,NaN
A011,A,3,32,1,NaN,NaN,0,0.431613922119141
A011,A,3,33,1,NaN,NaN,0,NaN
A011,A,3,34,1,NaN,NaN,0,0.286993026733398
A011,A,3,35,1,NaN,NaN,0,0.224586009979248
A011,A,3,36,1,NaN,NaN,0,NaN
A011,A,3,37,1,NaN,NaN,0,NaN
A011,A,3,38,NaN,0,1,NaN,NaN
A011,A,3,39,1,NaN,NaN,0,NaN
A011,A,3,40,1,NaN,NaN,0,0.524708032608032
A011,A,3,41,1,NaN,NaN,0,0.528472185134888
A011,A,3,42,1,NaN,NaN,0,0.39458703994751
A011,A,3,43,1,NaN,NaN,0,NaN
A011,A,3,44,0,NaN,NaN,1,NaN
A011,A,3,45,1,NaN,NaN,0,0.307975053787231
A011,A,3,46,1,NaN,NaN,0,NaN
A011,A,3,47,NaN,0,1,NaN,NaN
A011,A,3,48,1,NaN,NaN,0,0.38072395324707
A011,A,3,49,1,NaN,NaN,0,0.623611927032471
A011,A,3,50,1,NaN,NaN,0,0.462314128875732
A011,A,3,51,1,NaN,NaN,0,0.846752882003784
A011,A,3,52,1,NaN,NaN,0,0.276786088943481
A011,A,3,53,1,NaN,NaN,0,NaN
A011,A,3,54,1,NaN,NaN,0,0.264189004898071
A011,A,3,55,1,NaN,NaN,0,0.221736907958984
A011,A,3,56,0,NaN,NaN,1,NaN
A011,A,3,57,0,NaN,NaN,1,NaN
A011,A,3,58,0,NaN,NaN,1,NaN
A011,A,3,59,1,NaN,NaN,0,NaN
A011,A,3,60,NaN,0,1,NaN,NaN
A011,A,3,61,0,NaN,NaN,1,NaN
A011,A,3,62,1,NaN,NaN,0,0.326635122299194
A011,A,3,63,1,NaN,NaN,0,NaN
A011,A,3,64,1,NaN,NaN,0,0.406307935714722
A011,A,3,65,1,NaN,NaN,0,0.514354944229126
A011,A,3,66,1,NaN,NaN,0,0.563314914703369
A011,A,3,67,1,NaN,NaN,0,0.384101152420044
A011,A,3,68,1,NaN,NaN,0,0.254674196243286
A011,A,3,69,1,NaN,NaN,0,0.659977912902832
A011,A,3,70,NaN,0,1,NaN,NaN
A011,A,3,71,1,NaN,NaN,0,0.942785024642944
A011,A,3,72,1,NaN,NaN,0,0.735849857330322
A011,A,3,73,1,NaN,NaN,0,0.202002048492432
A011,A,3,74,1,NaN,NaN,0,0.182153940200806
A011,A,3,75,NaN,0,1,NaN,NaN
A011,A,3,76,1,NaN,NaN,0,0.465679883956909
A011,A,3,77,1,NaN,NaN,0,0.542751789093018
A011,A,3,78,1,NaN,NaN,0,NaN
A011,A,3,79,1,NaN,NaN,0,0.424413919448853
A011,A,3,80,0,NaN,NaN,1,NaN
A011,A,3,81,1,NaN,NaN,0,0.878529787063599
A011,A,3,82,1,NaN,NaN,0,0.248813152313232
A011,A,3,83,1,NaN,NaN,0,0.305145978927612
A011,A,3,84,1,NaN,NaN,0,NaN
A011,A,3,85,1,NaN,NaN,0,0.470325946807861
A011,A,3,86,1,NaN,NaN,0,0.281613111495972
A011,A,3,87,1,NaN,NaN,0,NaN
A011,A,3,88,NaN,0,1,NaN,NaN
A011,A,3,89,1,NaN,NaN,0,0.310336828231812
A011,A,3,90,1,NaN,NaN,0,0.592514991760254
A011,A,3,91,1,NaN,NaN,0,0.607028961181641
A011,A,3,92,0,NaN,NaN,1,NaN
A011,A,3,93,NaN,0,1,NaN,NaN
A011,A,3,94,1,NaN,NaN,0,NaN
A011,A,3,95,1,NaN,NaN,0,0.446381092071533
A011,A,3,96,1,NaN,NaN,0,0.216614007949829
A011,A,3,97,1,NaN,NaN,0,0.281441926956177
A011,A,3,98,1,NaN,NaN,0,0.18834400177002
A011,A,3,99,1,NaN,NaN,0,0.217610120773315
A011,A,3,100,1,NaN,NaN,0,0.308547973632812
A011,A,3,101,NaN,0,1,NaN,NaN
A011,A,3,102,1,NaN,NaN,0,0.273344039916992
A011,A,3,103,1,NaN,NaN,0,0.301084995269775
A011,A,3,104,1,NaN,NaN,0,0.243330955505371
A011,A,3,105,1,NaN,NaN,0,NaN
A011,A,3,106,1,NaN,NaN,0,0.232266902923584
A011,A,3,107,1,NaN,NaN,0,0.490912914276123
A011,A,3,108,1,NaN,NaN,0,0.447726964950562
A011,A,3,109,1,NaN,NaN,0,0.220674991607666
A011,A,3,110,NaN,0,1,NaN,NaN
A011,A,3,111,1,NaN,NaN,0,0.192702054977417
A011,A,3,112,1,NaN,NaN,0,0.291261196136475
A011,A,3,113,1,NaN,NaN,0,NaN
A011,A,3,114,1,NaN,NaN,0,0.212500095367432
A011,A,3,115,1,NaN,NaN,0,NaN
A011,A,3,116,1,NaN,NaN,0,NaN
A011,A,3,117,0,NaN,NaN,1,NaN
A011,A,3,118,1,NaN,NaN,0,NaN
A011,A,3,119,1,NaN,NaN,0,0.996778011322021
A011,A,3,120,NaN,0,1,NaN,NaN
A011,A,3,121,1,NaN,NaN,0,0.97395396232605
A011,A,3,122,1,NaN,NaN,0,0.948861837387085
A011,A,3,123,1,NaN,NaN,0,0.851634979248047
A011,A,3,124,1,NaN,NaN,0,0.773905992507935
A011,A,3,125,1,NaN,NaN,0,0.764789819717407
A011,A,3,126,1,NaN,NaN,0,0.425947189331055
A011,A,3,127,1,NaN,NaN,0,0.308522939682007
A011,A,3,128,NaN,0,1,NaN,NaN
A011,A,3,129,1,NaN,NaN,0,1.08076405525208
A011,A,3,130,1,NaN,NaN,0,0.869029998779297
A011,A,3,131,1,NaN,NaN,0,0.692011117935181
A011,A,3,132,1,NaN,NaN,0,0.439511060714722
A011,A,3,133,1,NaN,NaN,0,0.27736496925354
A011,A,3,134,1,NaN,NaN,0,NaN
A011,A,3,135,1,NaN,NaN,0,0.696500062942505
A011,A,3,136,1,NaN,NaN,0,0.493591070175171
A011,A,3,137,NaN,0,1,NaN,NaN
A011,A,3,138,1,NaN,NaN,0,0.302489042282104
A011,A,3,139,1,NaN,NaN,0,0.490189790725708
A011,A,3,140,1,NaN,NaN,0,NaN
A011,A,3,141,1,NaN,NaN,0,0.216040134429932
A011,A,3,142,1,NaN,NaN,0,0.356513023376465
A011,A,3,143,1,NaN,NaN,0,0.237269878387451
A011,A,3,144,1,NaN,NaN,0,1.00004100799561
A011,A,3,145,1,NaN,NaN,0,0.426210880279541
A011,A,3,146,1,NaN,NaN,0,0.477473020553589
A011,A,3,147,1,NaN,NaN,0,0.487611055374146
A011,A,3,148,1,NaN,NaN,0,0.538248062133789
A011,A,3,149,1,NaN,NaN,0,0.464972972869873
A011,A,3,150,NaN,0,1,NaN,NaN
A011,A,3,151,1,NaN,NaN,0,NaN
A011,A,3,152,1,NaN,NaN,0,0.362210035324097
A011,A,3,153,1,NaN,NaN,0,0.500741958618164
A011,A,3,154,1,NaN,NaN,0,0.66768217086792
A011,A,3,155,1,NaN,NaN,0,NaN
A011,A,3,156,1,NaN,NaN,0,0.21216082572937
A011,A,3,157,1,NaN,NaN,0,NaN
A011,A,3,158,1,NaN,NaN,0,0.39638614654541
A011,A,3,159,1,NaN,NaN,0,0.490739107131958
A011,A,3,160,1,NaN,NaN,0,0.67034387588501
A011,A,3,161,NaN,0,1,NaN,NaN
A011,A,3,162,1,NaN,NaN,0,NaN
A011,A,3,163,1,NaN,NaN,0,0.193988084793091
A011,A,3,164,1,NaN,NaN,0,0.223776817321777
A011,A,3,165,1,NaN,NaN,0,0.40924596786499
A011,A,3,166,1,NaN,NaN,0,0.512995958328247
A011,A,3,167,1,NaN,NaN,0,0.357097864151001
A011,A,3,168,1,NaN,NaN,0,0.194236993789673
A011,A,3,169,1,NaN,NaN,0,0.442167997360229
A011,A,3,170,NaN,0,1,NaN,NaN
A011,A,3,171,1,NaN,NaN,0,0.240334987640381
A011,A,3,172,1,NaN,NaN,0,0.415568113327026
A011,A,3,173,1,NaN,NaN,0,0.379657030105591
A011,A,3,174,1,NaN,NaN,0,NaN
A011,A,3,175,1,NaN,NaN,0,0.464688062667847
A011,A,3,176,1,NaN,NaN,0,0.31310510635376
A011,A,3,177,1,NaN,NaN,0,0.226011991500854
A011,A,3,178,NaN,0,1,NaN,NaN
A011,A,3,179,1,NaN,NaN,0,NaN
A011,A,3,180,1,NaN,NaN,0,NaN
A011,A,3,181,1,NaN,NaN,0,NaN
A011,A,3,182,1,NaN,NaN,0,NaN
A011,A,3,183,1,NaN,NaN,0,0.448951005935669
A011,A,3,184,1,NaN,NaN,0,0.336856126785278
A011,A,3,185,1,NaN,NaN,0,0.37270188331604
A011,A,3,186,NaN,0,1,NaN,NaN
A011,A,3,187,1,NaN,NaN,0,0.389554023742676
A011,A,3,188,1,NaN,NaN,0,0.282464027404785
A011,A,3,189,1,NaN,NaN,0,NaN
A011,A,3,190,1,NaN,NaN,0,0.271440982818604
A011,A,3,191,1,NaN,NaN,0,NaN
A011,A,3,192,1,NaN,NaN,0,0.186982154846191
A011,A,3,193,1,NaN,NaN,0,NaN
A011,A,3,194,1,NaN,NaN,0,0.160767078399658
A011,A,3,195,1,NaN,NaN,0,0.157670974731445
A011,A,3,196,1,NaN,NaN,0,0.33686089515686
A011,A,3,197,NaN,0,1,NaN,NaN
A011,A,3,198,1,NaN,NaN,0,NaN
A011,A,3,199,1,NaN,NaN,0,0.446061849594116
A011,A,3,200,1,NaN,NaN,0,0.491857051849365
A011,A,3,201,1,NaN,NaN,0,NaN
A011,A,3,202,1,NaN,NaN,0,0.329761028289795
A011,A,3,203,1,NaN,NaN,0,0.331460952758789
A011,A,3,204,NaN,0,1,NaN,NaN
A011,A,3,205,1,NaN,NaN,0,NaN
A011,A,3,206,1,NaN,NaN,0,0.234678983688354
A011,A,3,207,1,NaN,NaN,0,0.223695039749146
A011,A,3,208,1,NaN,NaN,0,0.463296890258789
A011,A,3,209,1,NaN,NaN,0,0.408978939056396
A011,A,3,210,1,NaN,NaN,0,NaN
A011,A,3,211,1,NaN,NaN,0,0.363334894180298
A011,A,3,212,1,NaN,NaN,0,0.230098009109497
A011,A,3,213,NaN,0,1,NaN,NaN
A011,A,3,214,1,NaN,NaN,0,0.527513980865479
A011,A,3,215,1,NaN,NaN,0,0.299340009689331
A011,A,3,216,1,NaN,NaN,0,0.309252977371216
A011,A,3,217,1,NaN,NaN,0,0.270678997039795
A011,A,3,218,1,NaN,NaN,0,0.440246820449829
A011,A,3,219,1,NaN,NaN,0,0.325529098510742
A011,A,3,220,1,NaN,NaN,0,0.242433071136475
A011,A,3,221,1,NaN,NaN,0,0.171762943267822
A011,A,3,222,1,NaN,NaN,0,0.380100965499878
A011,A,3,223,NaN,1,0,NaN,NaN
A011,A,3,224,1,NaN,NaN,0,0.362819910049438
A011,A,3,225,1,NaN,NaN,0,NaN
A011,A,3,226,1,NaN,NaN,0,NaN
A011,A,3,227,1,NaN,NaN,0,NaN
A011,A,3,228,1,NaN,NaN,0,NaN
A011,A,3,229,NaN,0,1,NaN,NaN
A011,A,3,230,1,NaN,NaN,0,NaN
A011,A,3,231,1,NaN,NaN,0,0.189114093780518
A011,A,3,232,1,NaN,NaN,0,0.266109943389893
A011,A,3,233,1,NaN,NaN,0,NaN
A011,A,3,234,1,NaN,NaN,0,0.273248910903931
A011,A,3,235,1,NaN,NaN,0,0.230321884155273
A011,A,3,236,1,NaN,NaN,0,0.223165988922119
A011,A,3,237,1,NaN,NaN,0,0.208372116088867
A011,A,3,238,NaN,0,1,NaN,NaN
A011,A,3,239,1,NaN,NaN,0,0.857571125030518
A011,A,3,240,1,NaN,NaN,0,NaN
A011,A,3,241,1,NaN,NaN,0,NaN
A011,A,3,242,1,NaN,NaN,0,NaN
A011,A,3,243,1,NaN,NaN,0,NaN
A011,A,3,244,1,NaN,NaN,0,0.151264905929565
A011,A,3,245,NaN,0,1,NaN,NaN
A011,A,3,246,1,NaN,NaN,0,0.519442081451416
A011,A,3,247,1,NaN,NaN,0,0.164284944534302
A011,A,3,248,1,NaN,NaN,0,NaN
A011,A,3,249,1,NaN,NaN,0,0.270177125930786
A011,A,3,250,1,NaN,NaN,0,NaN
A011,A,3,251,1,NaN,NaN,0,0.46894097328186
A011,A,3,252,1,NaN,NaN,0,NaN
A011,A,3,253,1,NaN,NaN,0,NaN
A011,A,3,254,1,NaN,NaN,0,0.342967987060547
A011,A,3,255,1,NaN,NaN,0,0.678709030151367
A011,A,3,256,1,NaN,NaN,0,0.316256999969482
A011,A,3,257,1,NaN,NaN,0,0.167797088623047
A011,A,3,258,NaN,0,1,NaN,NaN
A011,A,3,259,1,NaN,NaN,0,0.356127977371216
A011,A,3,260,1,NaN,NaN,0,0.291648864746094
A011,A,3,261,1,NaN,NaN,0,0.326075077056885
A011,A,3,262,1,NaN,NaN,0,0.481347799301147
A011,A,3,263,NaN,0,1,NaN,NaN
A011,A,3,264,1,NaN,NaN,0,0.284991025924683
A011,A,3,265,1,NaN,NaN,0,0.286643981933594
A011,A,3,266,1,NaN,NaN,0,NaN
A011,A,3,267,1,NaN,NaN,0,NaN
A011,A,3,268,1,NaN,NaN,0,NaN
A011,A,3,269,1,NaN,NaN,0,NaN
A011,A,3,270,1,NaN,NaN,0,0.823755025863647
A011,A,3,271,1,NaN,NaN,0,NaN
A011,A,3,272,1,NaN,NaN,0,0.173291921615601
A011,A,3,273,1,NaN,NaN,0,0.159347057342529
A011,A,3,274,NaN,0,1,NaN,NaN
A011,A,3,275,1,NaN,NaN,0,0.250412940979004
A011,A,3,276,1,NaN,NaN,0,NaN
A011,A,3,277,1,NaN,NaN,0,NaN
A011,A,3,278,1,NaN,NaN,0,NaN
A011,A,3,279,1,NaN,NaN,0,0.171408891677856
A011,A,3,280,1,NaN,NaN,0,0.26202392578125
A011,A,3,281,NaN,0,1,NaN,NaN
A011,A,3,282,1,NaN,NaN,0,0.307415008544922
A011,A,3,283,1,NaN,NaN,0,0.261341094970703
A011,A,3,284,1,NaN,NaN,0,0.277163982391357
A011,A,3,285,1,NaN,NaN,0,NaN
A011,A,3,286,1,NaN,NaN,0,0.26767110824585
A011,A,3,287,1,NaN,NaN,0,0.184383869171143
A011,A,3,288,1,NaN,NaN,0,NaN
A011,A,3,289,1,NaN,NaN,0,0.556504011154175
A011,A,3,290,1,NaN,NaN,0,0.365095138549805
A011,A,3,291,1,NaN,NaN,0,0.210299015045166
A011,A,3,292,NaN,0,1,NaN,NaN
A011,A,3,293,1,NaN,NaN,0,0.345839023590088
A011,A,3,294,1,NaN,NaN,0,NaN
A011,A,3,295,1,NaN,NaN,0,NaN
A011,A,3,296,1,NaN,NaN,0,NaN
A011,A,3,297,1,NaN,NaN,0,NaN
A011,A,3,298,1,NaN,NaN,0,NaN
A011,A,3,299,1,NaN,NaN,0,NaN
A011,A,3,300,1,NaN,NaN,0,0.231852054595947
A011,A,3,301,NaN,0,1,NaN,NaN
A011,A,3,302,1,NaN,NaN,0,NaN
A011,A,3,303,1,NaN,NaN,0,0.17917013168335
A011,A,3,304,1,NaN,NaN,0,0.167572975158691
A011,A,3,305,1,NaN,NaN,0,0.234939098358154
A011,A,3,306,1,NaN,NaN,0,0.34788179397583
A011,A,3,307,1,NaN,NaN,0,NaN
A011,A,3,308,1,NaN,NaN,0,0.398042917251587
A011,A,3,309,1,NaN,NaN,0,0.395400047302246
A011,A,3,310,1,NaN,NaN,0,NaN
A011,A,3,311,1,NaN,NaN,0,0.234261989593506
A011,A,3,312,NaN,0,1,NaN,NaN
A011,A,3,313,1,NaN,NaN,0,0.356937885284424
A011,A,3,314,1,NaN,NaN,0,0.166240930557251
A011,A,3,315,1,NaN,NaN,0,0.299048900604248
A011,A,3,316,1,NaN,NaN,0,1.08929920196533
A011,A,3,317,1,NaN,NaN,0,0.160985946655273
A011,A,3,318,1,NaN,NaN,0,NaN
A011,A,3,319,1,NaN,NaN,0,NaN
A011,A,3,320,1,NaN,NaN,0,0.305572032928467
A011,A,3,321,1,NaN,NaN,0,0.314266920089722
A011,A,3,322,1,NaN,NaN,0,0.212527990341187
A011,A,3,323,NaN,0,1,NaN,NaN
A011,A,3,324,1,NaN,NaN,0,0.15245509147644
A011,A,3,325,1,NaN,NaN,0,NaN
A011,A,3,326,1,NaN,NaN,0,NaN
A011,A,3,327,1,NaN,NaN,0,0.328835964202881
A011,A,3,328,1,NaN,NaN,0,0.274225950241089
A011,A,3,329,1,NaN,NaN,0,0.173135042190552
A011,A,3,330,NaN,0,1,NaN,NaN
A011,A,3,331,1,NaN,NaN,0,NaN
A011,A,3,332,1,NaN,NaN,0,0.380220890045166
A011,A,3,333,1,NaN,NaN,0,0.325376033782959
A011,A,3,334,1,NaN,NaN,0,0.261258125305176
A011,A,3,335,1,NaN,NaN,0,0.586275100708008
A011,A,3,336,1,NaN,NaN,0,NaN
A011,A,3,337,1,NaN,NaN,0,0.370841979980469
A011,A,3,338,1,NaN,NaN,0,NaN
A011,A,3,339,NaN,0,1,NaN,NaN
A011,A,3,340,1,NaN,NaN,0,0.636795043945312
A011,A,3,341,1,NaN,NaN,0,0.36781907081604
A011,A,3,342,1,NaN,NaN,0,0.380347967147827
A011,A,3,343,1,NaN,NaN,0,0.340686082839966
A011,A,3,344,1,NaN,NaN,0,NaN
A011,A,3,345,1,NaN,NaN,0,NaN
A011,A,3,346,1,NaN,NaN,0,0.261347055435181
A011,A,3,347,NaN,0,1,NaN,NaN
A011,A,3,348,1,NaN,NaN,0,0.367421865463257
A011,A,3,349,1,NaN,NaN,0,0.186949014663696
A011,A,3,350,1,NaN,NaN,0,0.157084941864014
A011,A,3,351,1,NaN,NaN,0,NaN
A011,A,3,352,1,NaN,NaN,0,NaN
A011,A,3,353,1,NaN,NaN,0,NaN
A011,A,3,354,0,NaN,NaN,1,NaN
A011,A,3,355,NaN,0,1,NaN,NaN
A011,A,3,356,1,NaN,NaN,0,0.531573057174683
A011,A,3,357,1,NaN,NaN,0,0.31804084777832
A011,A,3,358,1,NaN,NaN,0,0.307029008865356
A011,A,3,359,1,NaN,NaN,0,0.279567956924438
A011,A,3,360,1,NaN,NaN,0,0.256437063217163
A011,A,3,361,1,NaN,NaN,0,NaN
A011,A,3,362,1,NaN,NaN,0,0.249068975448608
A011,A,3,363,NaN,0,1,NaN,NaN
A011,A,3,364,1,NaN,NaN,0,0.291472911834717
A011,A,3,365,1,NaN,NaN,0,0.364792108535767
A011,A,3,366,1,NaN,NaN,0,0.165610074996948
A011,A,3,367,0,NaN,NaN,1,NaN
A011,A,3,368,1,NaN,NaN,0,0.305498123168945
A011,A,3,369,1,NaN,NaN,0,0.989985942840576
A011,A,3,370,1,NaN,NaN,0,0.848512887954712
A011,A,3,371,1,NaN,NaN,0,0.440278053283691
A011,A,3,372,1,NaN,NaN,0,0.551224946975708
A011,A,3,373,1,NaN,NaN,0,0.328658819198608
A011,A,3,374,1,NaN,NaN,0,0.206902027130127
A011,A,3,375,1,NaN,NaN,0,NaN
A011,A,3,376,1,NaN,NaN,0,NaN
A011,A,3,377,NaN,1,0,NaN,NaN
A011,A,3,378,1,NaN,NaN,0,0.372802019119263
A011,A,3,379,1,NaN,NaN,0,0.176751852035522
A011,A,3,380,NaN,0,1,NaN,NaN
A011,A,3,381,1,NaN,NaN,0,0.710754156112671
A011,A,3,382,1,NaN,NaN,0,0.431536912918091
A011,A,3,383,1,NaN,NaN,0,NaN
A011,A,3,384,1,NaN,NaN,0,0.798815011978149
A011,A,3,385,1,NaN,NaN,0,NaN
A011,A,3,386,1,NaN,NaN,0,0.557911157608032
A011,A,3,387,1,NaN,NaN,0,0.476314067840576
A011,A,3,388,1,NaN,NaN,0,NaN
A011,A,3,389,1,NaN,NaN,0,NaN
A011,A,3,390,1,NaN,NaN,0,0.472647905349731
A011,A,3,391,1,NaN,NaN,0,0.355032920837402
A011,A,3,392,1,NaN,NaN,0,0.25449800491333
A011,A,3,393,1,NaN,NaN,0,0.243401050567627
A011,A,3,394,1,NaN,NaN,0,0.388367891311646
A011,A,3,395,NaN,0,1,NaN,NaN
A011,A,3,396,1,NaN,NaN,0,0.563908100128174
A011,A,3,397,1,NaN,NaN,0,0.305515050888062
A011,A,3,398,1,NaN,NaN,0,NaN
A011,A,3,399,1,NaN,NaN,0,0.387587070465088
A011,A,3,400,1,NaN,NaN,0,0.321990013122559
A011,A,3,401,1,NaN,NaN,0,0.281361103057861
A011,A,3,402,1,NaN,NaN,0,0.290157079696655
A011,A,3,403,NaN,0,1,NaN,NaN
A011,A,3,404,1,NaN,NaN,0,0.389496088027954
A011,A,3,405,1,NaN,NaN,0,0.267507076263428
A011,A,3,406,1,NaN,NaN,0,0.260338068008423
A011,A,3,407,0,NaN,NaN,1,NaN
A011,A,3,408,1,NaN,NaN,0,NaN
A011,A,3,409,NaN,0,1,NaN,NaN
A011,A,3,410,1,NaN,NaN,0,0.284607172012329
A011,A,3,411,1,NaN,NaN,0,0.285019874572754
A011,A,3,412,1,NaN,NaN,0,0.346184015274048
A011,A,3,413,1,NaN,NaN,0,0.321581125259399
A011,A,3,414,1,NaN,NaN,0,0.291585922241211
A011,A,3,415,1,NaN,NaN,0,NaN
A011,A,3,416,0,NaN,NaN,1,NaN
A011,A,3,417,NaN,0,1,NaN,NaN
A011,A,3,418,1,NaN,NaN,0,0.976997137069702
A011,A,3,419,1,NaN,NaN,0,0.581459999084473
A011,A,3,420,1,NaN,NaN,0,0.914368867874146
A011,A,3,421,1,NaN,NaN,0,0.926948070526123
A011,A,3,422,0,NaN,NaN,1,NaN
A011,A,3,423,1,NaN,NaN,0,0.288531064987183
A011,A,3,424,1,NaN,NaN,0,0.310626983642578
A011,A,3,425,1,NaN,NaN,0,0.285856962203979
A011,A,3,426,1,NaN,NaN,0,0.632459163665771
A011,A,3,427,1,NaN,NaN,0,0.334285020828247
A011,A,3,428,NaN,0,1,NaN,NaN
A011,A,3,429,1,NaN,NaN,0,0.859836101531982
A011,A,3,430,1,NaN,NaN,0,0.677130937576294
A011,A,3,431,1,NaN,NaN,0,0.733380079269409
A011,A,3,432,1,NaN,NaN,0,0.498003005981445
A011,A,3,433,1,NaN,NaN,0,0.800700902938843
A011,A,3,434,1,NaN,NaN,0,0.354423046112061
A011,A,3,435,1,NaN,NaN,0,0.177661895751953
A011,A,3,436,NaN,0,1,NaN,NaN
A011,A,3,437,1,NaN,NaN,0,0.968445062637329
A011,A,3,438,0,NaN,NaN,1,NaN
A011,A,3,439,1,NaN,NaN,0,0.649131059646606
A011,A,3,440,1,NaN,NaN,0,0.390730857849121
A011,A,3,441,1,NaN,NaN,0,0.184876918792725
A011,A,3,442,1,NaN,NaN,0,0.17583703994751
A011,A,3,443,1,NaN,NaN,0,0.25499701499939
A011,A,3,444,1,NaN,NaN,0,0.395127058029175
A011,A,3,445,0,NaN,NaN,1,NaN
A011,A,3,446,NaN,0,1,NaN,NaN
A011,A,3,447,1,NaN,NaN,0,0.480922937393188
A011,A,3,448,1,NaN,NaN,0,0.397991180419922
A011,A,3,449,1,NaN,NaN,0,0.320156097412109
A011,A,3,450,1,NaN,NaN,0,0.500375986099243
A011,A,3,451,1,NaN,NaN,0,0.491271018981934
A011,A,3,452,1,NaN,NaN,0,0.348357915878296
A011,A,3,453,1,NaN,NaN,0,0.506832122802734
A011,A,3,454,1,NaN,NaN,0,0.642891883850098
A011,A,3,455,1,NaN,NaN,0,0.639046907424927
A011,A,3,456,NaN,0,1,NaN,NaN
A011,A,3,457,1,NaN,NaN,0,0.313743114471436
A011,A,3,458,1,NaN,NaN,0,0.240045070648193
A011,A,3,459,0,NaN,NaN,1,NaN
A011,A,3,460,1,NaN,NaN,0,0.318732023239136
A011,A,3,461,1,NaN,NaN,0,0.720876932144165
A011,A,3,462,1,NaN,NaN,0,0.673279047012329
A011,A,3,463,1,NaN,NaN,0,0.666072845458984
A011,A,3,464,1,NaN,NaN,0,0.654603958129883
A011,A,3,465,1,NaN,NaN,0,0.755358934402466
A011,A,3,466,0,NaN,NaN,1,NaN
A011,A,3,467,NaN,0,1,NaN,NaN
A011,A,3,468,1,NaN,NaN,0,0.360132932662964
A011,A,3,469,1,NaN,NaN,0,0.374071836471558
A011,A,3,470,NaN,0,1,NaN,NaN
A011,A,3,471,1,NaN,NaN,0,0.205335855484009
A011,A,3,472,1,NaN,NaN,0,0.305678844451904
A011,A,3,473,1,NaN,NaN,0,0.42414402961731
A011,A,3,474,1,NaN,NaN,0,NaN
A011,A,3,475,0,NaN,NaN,1,NaN
A011,A,3,476,1,NaN,NaN,0,0.326235771179199
A011,A,3,477,1,NaN,NaN,0,0.400868892669678
A011,A,3,478,1,NaN,NaN,0,0.341372966766357
A011,A,3,479,1,NaN,NaN,0,0.246229887008667
A011,A,3,480,NaN,1,0,NaN,NaN
A011,A,3,481,1,NaN,NaN,0,0.305182218551636
A011,A,3,482,1,NaN,NaN,0,0.374768018722534
A011,A,3,483,1,NaN,NaN,0,0.288398027420044
A011,A,3,484,1,NaN,NaN,0,NaN
A011,A,3,485,1,NaN,NaN,0,NaN
A011,A,3,486,1,NaN,NaN,0,NaN
A011,A,3,487,1,NaN,NaN,0,0.368330955505371
A011,A,3,488,1,NaN,NaN,0,0.967028856277466
A011,A,3,489,1,NaN,NaN,0,1.03734588623047
A011,A,3,490,1,NaN,NaN,0,0.751127958297729
A011,A,3,491,1,NaN,NaN,0,0.368149042129517
A011,A,3,492,1,NaN,NaN,0,0.325590133666992
A011,A,3,493,NaN,0,1,NaN,NaN
A011,A,3,494,1,NaN,NaN,0,0.332984924316406
A011,A,3,495,1,NaN,NaN,0,NaN
A011,A,3,496,1,NaN,NaN,0,0.544163942337036
A011,A,3,497,1,NaN,NaN,0,0.612881898880005
A011,A,3,498,1,NaN,NaN,0,0.226613998413086
A011,A,3,499,1,NaN,NaN,0,0.287209987640381
A011,A,3,500,1,NaN,NaN,0,0.483453035354614
A011,A,3,501,NaN,0,1,NaN,NaN
A011,A,3,502,1,NaN,NaN,0,0.46656608581543
A011,A,3,503,1,NaN,NaN,0,0.488847970962524
A011,A,3,504,1,NaN,NaN,0,0.457988023757935
A011,A,3,505,0,NaN,NaN,1,NaN
A011,A,3,506,1,NaN,NaN,0,1.02863693237305
A011,A,3,507,NaN,0,1,NaN,NaN
A011,A,3,508,1,NaN,NaN,0,NaN
A011,A,3,509,1,NaN,NaN,0,0.471141815185547
A011,A,3,510,1,NaN,NaN,0,0.292276859283447
A011,A,3,511,1,NaN,NaN,0,NaN
A011,A,3,512,1,NaN,NaN,0,NaN
A011,A,3,513,1,NaN,NaN,0,0.478574991226196
A011,A,3,514,1,NaN,NaN,0,0.283160924911499
A011,A,4,1,1,NaN,NaN,0,0.582241058349609
A011,A,4,2,NaN,0,1,NaN,NaN
A011,A,4,3,1,NaN,NaN,0,0.286132097244263
A011,A,4,4,1,NaN,NaN,0,NaN
A011,A,4,5,1,NaN,NaN,0,0.911345958709717
A011,A,4,6,1,NaN,NaN,0,0.81994891166687
A011,A,4,7,1,NaN,NaN,0,NaN
A011,A,4,8,1,NaN,NaN,0,0.171945095062256
A011,A,4,9,1,NaN,NaN,0,0.381810903549194
A011,A,4,10,1,NaN,NaN,0,0.178241968154907
A011,A,4,11,1,NaN,NaN,0,0.413496017456055
A011,A,4,12,1,NaN,NaN,0,0.298586845397949
A011,A,4,13,1,NaN,NaN,0,0.270107984542847
A011,A,4,14,1,NaN,NaN,0,0.259095907211304
A011,A,4,15,NaN,0,1,NaN,NaN
A011,A,4,16,1,NaN,NaN,0,0.160523176193237
A011,A,4,17,1,NaN,NaN,0,0.230900049209595
A011,A,4,18,1,NaN,NaN,0,NaN
A011,A,4,19,1,NaN,NaN,0,0.280049085617065
A011,A,4,20,NaN,0,1,NaN,NaN
A011,A,4,21,1,NaN,NaN,0,0.314043045043945
A011,A,4,22,1,NaN,NaN,0,NaN
A011,A,4,23,1,NaN,NaN,0,0.466842889785767
A011,A,4,24,1,NaN,NaN,0,0.292052984237671
A011,A,4,25,1,NaN,NaN,0,NaN
A011,A,4,26,1,NaN,NaN,0,0.257653951644897
A011,A,4,27,1,NaN,NaN,0,NaN
A011,A,4,28,1,NaN,NaN,0,NaN
A011,A,4,29,1,NaN,NaN,0,0.283685922622681
A011,A,4,30,1,NaN,NaN,0,NaN
A011,A,4,31,1,NaN,NaN,0,0.39799690246582
A011,A,4,32,NaN,0,1,NaN,NaN
A011,A,4,33,1,NaN,NaN,0,NaN
A011,A,4,34,1,NaN,NaN,0,NaN
A011,A,4,35,1,NaN,NaN,0,0.864256858825684
A011,A,4,36,1,NaN,NaN,0,NaN
A011,A,4,37,1,NaN,NaN,0,0.268638134002686
A011,A,4,38,1,NaN,NaN,0,0.248584985733032
A011,A,4,39,1,NaN,NaN,0,0.275189876556396
A011,A,4,40,1,NaN,NaN,0,0.744921922683716
A011,A,4,41,1,NaN,NaN,0,0.218435764312744
A011,A,4,42,1,NaN,NaN,0,0.292088031768799
A011,A,4,43,NaN,0,1,NaN,NaN
A011,A,4,44,1,NaN,NaN,0,0.478229999542236
A011,A,4,45,1,NaN,NaN,0,0.497466802597046
A011,A,4,46,1,NaN,NaN,0,0.222371101379395
A011,A,4,47,NaN,0,1,NaN,NaN
A011,A,4,48,1,NaN,NaN,0,0.454013109207153
A011,A,4,49,1,NaN,NaN,0,NaN
A011,A,4,50,1,NaN,NaN,0,0.569025039672852
A011,A,4,51,0,NaN,NaN,1,NaN
A011,A,4,52,1,NaN,NaN,0,0.205126047134399
A011,A,4,53,0,NaN,NaN,1,NaN
A011,A,4,54,1,NaN,NaN,0,0.156775951385498
A011,A,4,55,1,NaN,NaN,0,0.288347005844116
A011,A,4,56,1,NaN,NaN,0,0.529236793518066
A011,A,4,57,1,NaN,NaN,0,0.48661208152771
A011,A,4,58,1,NaN,NaN,0,0.497806787490845
A011,A,4,59,1,NaN,NaN,0,0.702491998672485
A011,A,4,60,NaN,0,1,NaN,NaN
A011,A,4,61,1,NaN,NaN,0,0.707804918289185
A011,A,4,62,1,NaN,NaN,0,0.757843017578125
A011,A,4,63,1,NaN,NaN,0,0.765182018280029
A011,A,4,64,1,NaN,NaN,0,0.801516771316528
A011,A,4,65,1,NaN,NaN,0,1.09477496147156
A011,A,4,66,NaN,1,0,NaN,NaN
A011,A,4,67,1,NaN,NaN,0,0.16777491569519
A011,A,4,68,1,NaN,NaN,0,0.344780206680298
A011,A,4,69,1,NaN,NaN,0,0.610103845596313
A011,A,4,70,1,NaN,NaN,0,0.792608022689819
A011,A,4,71,1,NaN,NaN,0,0.76963210105896
A011,A,4,72,1,NaN,NaN,0,0.848755836486816
A011,A,4,73,1,NaN,NaN,0,0.833973169326782
A011,A,4,74,NaN,0,1,NaN,NaN
A011,A,4,75,1,NaN,NaN,0,1.04683399200439
A011,A,4,76,1,NaN,NaN,0,0.943432807922363
A011,A,4,77,1,NaN,NaN,0,0.542919874191284
A011,A,4,78,1,NaN,NaN,0,0.596997976303101
A011,A,4,79,1,NaN,NaN,0,0.622282981872559
A011,A,4,80,1,NaN,NaN,0,0.743381977081299
A011,A,4,81,1,NaN,NaN,0,0.686909914016724
A011,A,4,82,1,NaN,NaN,0,0.679702043533325
A011,A,4,83,NaN,0,1,NaN,NaN
A011,A,4,84,1,NaN,NaN,0,0.508177042007446
A011,A,4,85,1,NaN,NaN,0,0.411831855773926
A011,A,4,86,1,NaN,NaN,0,0.25127100944519
A011,A,4,87,1,NaN,NaN,0,NaN
A011,A,4,88,1,NaN,NaN,0,0.245412826538086
A011,A,4,89,1,NaN,NaN,0,0.166821002960205
A011,A,4,90,1,NaN,NaN,0,0.25205397605896
A011,A,4,91,1,NaN,NaN,0,0.346040964126587
A011,A,4,92,1,NaN,NaN,0,0.277263879776001
A011,A,4,93,1,NaN,NaN,0,0.388291120529175
A011,A,4,94,1,NaN,NaN,0,0.503030061721802
A011,A,4,95,1,NaN,NaN,0,0.657423973083496
A011,A,4,96,1,NaN,NaN,0,0.602334022521973
A011,A,4,97,1,NaN,NaN,0,0.7066810131073
A011,A,4,98,NaN,0,1,NaN,NaN
A011,A,4,99,1,NaN,NaN,0,0.36714506149292
A011,A,4,100,1,NaN,NaN,0,NaN
A011,A,4,101,1,NaN,NaN,0,0.845444917678833
A011,A,4,102,1,NaN,NaN,0,0.433202028274536
A011,A,4,103,1,NaN,NaN,0,0.476693153381348
A011,A,4,104,1,NaN,NaN,0,0.410037040710449
A011,A,4,105,1,NaN,NaN,0,0.299034118652344
A011,A,4,106,NaN,0,1,NaN,NaN
A011,A,4,107,1,NaN,NaN,0,0.16926383972168
A011,A,4,108,1,NaN,NaN,0,0.810081958770752
A011,A,4,109,1,NaN,NaN,0,0.5837721824646
A011,A,4,110,1,NaN,NaN,0,0.362642049789429
A011,A,4,111,1,NaN,NaN,0,0.967725992202759
A011,A,4,112,1,NaN,NaN,0,0.68417501449585
A011,A,4,113,1,NaN,NaN,0,0.153992891311646
A011,A,4,114,1,NaN,NaN,0,0.535845994949341
A011,A,4,115,0,NaN,NaN,1,NaN
A011,A,4,116,NaN,0,1,NaN,NaN
A011,A,4,117,1,NaN,NaN,0,0.574943065643311
A011,A,4,118,1,NaN,NaN,0,NaN
A011,A,4,119,1,NaN,NaN,0,0.305001974105835
A011,A,4,120,1,NaN,NaN,0,0.186686992645264
A011,A,4,121,1,NaN,NaN,0,NaN
A011,A,4,122,1,NaN,NaN,0,NaN
A011,A,4,123,1,NaN,NaN,0,1.03186202049255
A011,A,4,124,NaN,0,1,NaN,NaN
A011,A,4,125,1,NaN,NaN,0,0.865106105804443
A011,A,4,126,1,NaN,NaN,0,0.920024871826172
A011,A,4,127,1,NaN,NaN,0,0.789085149765015
A011,A,4,128,1,NaN,NaN,0,0.815270900726318
A011,A,4,129,1,NaN,NaN,0,0.70827579498291
A011,A,4,130,1,NaN,NaN,0,0.76936411857605
A011,A,4,131,NaN,0,1,NaN,NaN
A011,A,4,132,0,NaN,NaN,1,NaN
A011,A,4,133,1,NaN,NaN,0,0.418793201446533
A011,A,4,134,1,NaN,NaN,0,0.490987062454224
A011,A,4,135,0,NaN,NaN,1,NaN
A011,A,4,136,1,NaN,NaN,0,0.288985967636108
A011,A,4,137,NaN,0,1,NaN,NaN
A011,A,4,138,1,NaN,NaN,0,0.368693113327026
A011,A,4,139,1,NaN,NaN,0,0.514580965042114
A011,A,4,140,1,NaN,NaN,0,0.620253086090088
A011,A,4,141,1,NaN,NaN,0,0.649832963943481
A011,A,4,142,1,NaN,NaN,0,0.759343147277832
A011,A,4,143,1,NaN,NaN,0,0.682591915130615
A011,A,4,144,1,NaN,NaN,0,0.843335151672363
A011,A,4,145,1,NaN,NaN,0,0.652651071548462
A011,A,4,146,1,NaN,NaN,0,0.553631067276001
A011,A,4,147,1,NaN,NaN,0,0.783015012741089
A011,A,4,148,1,NaN,NaN,0,0.463459968566895
A011,A,4,149,0,NaN,NaN,1,NaN
A011,A,4,150,1,NaN,NaN,0,NaN
A011,A,4,151,NaN,0,1,NaN,NaN
A011,A,4,152,1,NaN,NaN,0,0.430459022521973
A011,A,4,153,0,NaN,NaN,1,NaN
A011,A,4,154,1,NaN,NaN,0,0.696692943572998
A011,A,4,155,1,NaN,NaN,0,0.596843957901001
A011,A,4,156,1,NaN,NaN,0,0.467133045196533
A011,A,4,157,1,NaN,NaN,0,0.417472839355469
A011,A,4,158,1,NaN,NaN,0,0.39650297164917
A011,A,4,159,1,NaN,NaN,0,0.457617998123169
A011,A,4,160,NaN,1,0,NaN,NaN
A011,A,4,161,1,NaN,NaN,0,0.611871957778931
A011,A,4,162,1,NaN,NaN,0,0.507529020309448
A011,A,4,163,1,NaN,NaN,0,0.420535087585449
A011,A,4,164,1,NaN,NaN,0,0.357943058013916
A011,A,4,165,1,NaN,NaN,0,0.411756038665771
A011,A,4,166,1,NaN,NaN,0,0.684796810150146
A011,A,4,167,1,NaN,NaN,0,0.585454940795898
A011,A,4,168,NaN,1,0,NaN,NaN
A011,A,4,169,1,NaN,NaN,0,0.35592794418335
A011,A,4,170,1,NaN,NaN,0,0.401685953140259
A011,A,4,171,1,NaN,NaN,0,0.367937803268433
A011,A,4,172,1,NaN,NaN,0,0.17454195022583
A011,A,4,173,0,NaN,NaN,1,NaN
A011,A,4,174,1,NaN,NaN,0,0.216829061508179
A011,A,4,175,1,NaN,NaN,0,0.209341049194336
A011,A,4,176,NaN,0,1,NaN,NaN
A011,A,4,177,1,NaN,NaN,0,0.484906911849976
A011,A,4,178,1,NaN,NaN,0,0.806164026260376
A011,A,4,179,1,NaN,NaN,0,0.519798994064331
A011,A,4,180,1,NaN,NaN,0,0.295591115951538
A011,A,4,181,1,NaN,NaN,0,0.287676095962524
A011,A,4,182,1,NaN,NaN,0,0.326635837554932
A011,A,4,183,NaN,0,1,NaN,NaN
A011,A,4,184,1,NaN,NaN,0,0.448875904083252
A011,A,4,185,1,NaN,NaN,0,1.02949500083923
A011,A,4,186,1,NaN,NaN,0,0.66580605506897
A011,A,4,187,1,NaN,NaN,0,0.372759819030762
A011,A,4,188,1,NaN,NaN,0,0.193580865859985
A011,A,4,189,1,NaN,NaN,0,NaN
A011,A,4,190,0,NaN,NaN,1,NaN
A011,A,4,191,1,NaN,NaN,0,0.219584941864014
A011,A,4,192,1,NaN,NaN,0,NaN
A011,A,4,193,1,NaN,NaN,0,NaN
A011,A,4,194,0,NaN,NaN,1,NaN
A011,A,4,195,NaN,0,1,NaN,NaN
A011,A,4,196,1,NaN,NaN,0,0.85286283493042
A011,A,4,197,1,NaN,NaN,0,0.54213285446167
A011,A,4,198,1,NaN,NaN,0,0.305840969085693
A011,A,4,199,1,NaN,NaN,0,0.228976011276245
A011,A,4,200,1,NaN,NaN,0,NaN
A011,A,4,201,1,NaN,NaN,0,0.240523099899292
A011,A,4,202,1,NaN,NaN,0,0.340682983398438
A011,A,4,203,1,NaN,NaN,0,0.216368913650513
A011,A,4,204,1,NaN,NaN,0,0.852761030197144
A011,A,4,205,NaN,0,1,NaN,NaN
A011,A,4,206,1,NaN,NaN,0,0.403508901596069
A011,A,4,207,1,NaN,NaN,0,0.186889886856079
A011,A,4,208,1,NaN,NaN,0,NaN
A011,A,4,209,1,NaN,NaN,0,NaN
A011,A,4,210,1,NaN,NaN,0,0.9464430809021
A011,A,4,211,1,NaN,NaN,0,0.779278993606567
A011,A,4,212,NaN,0,1,NaN,NaN
A011,A,4,213,1,NaN,NaN,0,0.855269908905029
A011,A,4,214,1,NaN,NaN,0,NaN
A011,A,4,215,1,NaN,NaN,0,0.66963005065918
A011,A,4,216,1,NaN,NaN,0,0.782370090484619
A011,A,4,217,1,NaN,NaN,0,0.508061170578003
A011,A,4,218,1,NaN,NaN,0,NaN
A011,A,4,219,1,NaN,NaN,0,NaN
A011,A,4,220,1,NaN,NaN,0,NaN
A011,A,4,221,1,NaN,NaN,0,NaN
A011,A,4,222,1,NaN,NaN,0,0.353693962097168
A011,A,4,223,1,NaN,NaN,0,0.288277149200439
A011,A,4,224,NaN,0,1,NaN,NaN
A011,A,4,225,1,NaN,NaN,0,NaN
A011,A,4,226,1,NaN,NaN,0,0.388896226882935
A011,A,4,227,1,NaN,NaN,0,0.377272129058838
A011,A,4,228,1,NaN,NaN,0,NaN
A011,A,4,229,1,NaN,NaN,0,0.397418975830078
A011,A,4,230,1,NaN,NaN,0,0.346556901931763
A011,A,4,231,1,NaN,NaN,0,NaN
A011,A,4,232,NaN,0,1,NaN,NaN
A011,A,4,233,1,NaN,NaN,0,0.509973049163818
A011,A,4,234,1,NaN,NaN,0,0.286102056503296
A011,A,4,235,1,NaN,NaN,0,0.179579973220825
A011,A,4,236,1,NaN,NaN,0,0.416656017303467
A011,A,4,237,NaN,0,1,NaN,NaN
A011,A,4,238,1,NaN,NaN,0,0.458298921585083
A011,A,4,239,1,NaN,NaN,0,0.265216112136841
A011,A,4,240,1,NaN,NaN,0,0.289643049240112
A011,A,4,241,1,NaN,NaN,0,0.231122970581055
A011,A,4,242,1,NaN,NaN,0,0.175085067749023
A011,A,4,243,1,NaN,NaN,0,NaN
A011,A,4,244,1,NaN,NaN,0,NaN
A011,A,4,245,NaN,0,1,NaN,NaN
A011,A,4,246,1,NaN,NaN,0,NaN
A011,A,4,247,1,NaN,NaN,0,0.32680082321167
A011,A,4,248,1,NaN,NaN,0,NaN
A011,A,4,249,1,NaN,NaN,0,0.354912042617798
A011,A,4,250,1,NaN,NaN,0,NaN
A011,A,4,251,1,NaN,NaN,0,0.188653945922852
A011,A,4,252,1,NaN,NaN,0,0.197305917739868
A011,A,4,253,1,NaN,NaN,0,NaN
A011,A,4,254,1,NaN,NaN,0,NaN
A011,A,4,255,1,NaN,NaN,0,0.211208820343018
A011,A,4,256,1,NaN,NaN,0,0.46547794342041
A011,A,4,257,NaN,0,1,NaN,NaN
A011,A,4,258,1,NaN,NaN,0,0.269233226776123
A011,A,4,259,1,NaN,NaN,0,NaN
A011,A,4,260,0,NaN,NaN,1,NaN
A011,A,4,261,1,NaN,NaN,0,0.269652843475342
A011,A,4,262,1,NaN,NaN,0,0.342252969741821
A011,A,4,263,1,NaN,NaN,0,0.277884006500244
A011,A,4,264,1,NaN,NaN,0,0.298987865447998
A011,A,4,265,1,NaN,NaN,0,0.347002983093262
A011,A,4,266,1,NaN,NaN,0,0.186053991317749
A011,A,4,267,NaN,0,1,NaN,NaN
A011,A,4,268,1,NaN,NaN,0,NaN
A011,A,4,269,1,NaN,NaN,0,0.57580304145813
A011,A,4,270,1,NaN,NaN,0,NaN
A011,A,4,271,1,NaN,NaN,0,0.316028118133545
A011,A,4,272,1,NaN,NaN,0,0.380831003189087
A011,A,4,273,1,NaN,NaN,0,0.321297168731689
A011,A,4,274,NaN,0,1,NaN,NaN
A011,A,4,275,1,NaN,NaN,0,0.730118989944458
A011,A,4,276,1,NaN,NaN,0,0.550044059753418
A011,A,4,277,1,NaN,NaN,0,0.505003929138184
A011,A,4,278,1,NaN,NaN,0,NaN
A011,A,4,279,1,NaN,NaN,0,0.466284990310669
A011,A,4,280,1,NaN,NaN,0,NaN
A011,A,4,281,NaN,0,1,NaN,NaN
A011,A,4,282,1,NaN,NaN,0,NaN
A011,A,4,283,1,NaN,NaN,0,NaN
A011,A,4,284,1,NaN,NaN,0,0.366528987884521
A011,A,4,285,1,NaN,NaN,0,0.474961042404175
A011,A,4,286,1,NaN,NaN,0,0.76813006401062
A011,A,4,287,1,NaN,NaN,0,0.505565881729126
A011,A,4,288,1,NaN,NaN,0,NaN
A011,A,4,289,1,NaN,NaN,0,0.39405083656311
A011,A,4,290,1,NaN,NaN,0,0.518176078796387
A011,A,4,291,1,NaN,NaN,0,0.598269939422607
A011,A,4,292,1,NaN,NaN,0,NaN
A011,A,4,293,1,NaN,NaN,0,0.353563070297241
A011,A,4,294,1,NaN,NaN,0,0.362646818161011
A011,A,4,295,NaN,0,1,NaN,NaN
A011,A,4,296,1,NaN,NaN,0,NaN
A011,A,4,297,1,NaN,NaN,0,NaN
A011,A,4,298,1,NaN,NaN,0,NaN
A011,A,4,299,1,NaN,NaN,0,0.22899317741394
A011,A,4,300,1,NaN,NaN,0,0.168866872787476
A011,A,4,301,1,NaN,NaN,0,0.361632108688354
A011,A,4,302,1,NaN,NaN,0,0.342735052108765
A011,A,4,303,1,NaN,NaN,0,0.422082901000977
A011,A,4,304,1,NaN,NaN,0,0.4892258644104
A011,A,4,305,NaN,1,0,NaN,NaN
A011,A,4,306,1,NaN,NaN,0,0.246579885482788
A011,A,4,307,1,NaN,NaN,0,0.213109970092773
A011,A,4,308,1,NaN,NaN,0,0.441195011138916
A011,A,4,309,1,NaN,NaN,0,NaN
A011,A,4,310,1,NaN,NaN,0,0.403796195983887
A011,A,4,311,1,NaN,NaN,0,0.225608825683594
A011,A,4,312,NaN,0,1,NaN,NaN
A011,A,4,313,1,NaN,NaN,0,0.397661924362183
A011,A,4,314,1,NaN,NaN,0,0.908443927764893
A011,A,4,315,1,NaN,NaN,0,0.577749013900757
A011,A,4,316,0,NaN,NaN,1,NaN
A011,A,4,317,1,NaN,NaN,0,0.172327995300293
A011,A,4,318,1,NaN,NaN,0,0.269776105880737
A011,A,4,319,1,NaN,NaN,0,0.258243083953857
A011,A,4,320,1,NaN,NaN,0,0.179350852966309
A011,A,4,321,1,NaN,NaN,0,NaN
A011,A,4,322,1,NaN,NaN,0,0.470512866973877
A011,A,4,323,NaN,0,1,NaN,NaN
A011,A,4,324,1,NaN,NaN,0,NaN
A011,A,4,325,1,NaN,NaN,0,NaN
A011,A,4,326,1,NaN,NaN,0,0.406692981719971
A011,A,4,327,NaN,0,1,NaN,NaN
A011,A,4,328,1,NaN,NaN,0,0.180727958679199
A011,A,4,329,1,NaN,NaN,0,0.449112892150879
A011,A,4,330,1,NaN,NaN,0,NaN
A011,A,4,331,1,NaN,NaN,0,0.270999908447266
A011,A,4,332,1,NaN,NaN,0,0.22905707359314
A011,A,4,333,1,NaN,NaN,0,0.348634958267212
A011,A,4,334,1,NaN,NaN,0,0.172517061233521
A011,A,4,335,1,NaN,NaN,0,0.192631959915161
A011,A,4,336,NaN,0,1,NaN,NaN
A011,A,4,337,1,NaN,NaN,0,0.437145948410034
A011,A,4,338,1,NaN,NaN,0,0.823110818862915
A011,A,4,339,1,NaN,NaN,0,NaN
A011,A,4,340,0,NaN,NaN,1,NaN
A011,A,4,341,1,NaN,NaN,0,0.720293998718262
A011,A,4,342,1,NaN,NaN,0,NaN
A011,A,4,343,1,NaN,NaN,0,NaN
A011,A,4,344,1,NaN,NaN,0,NaN
A011,A,4,345,1,NaN,NaN,0,0.588479042053223
A011,A,4,346,1,NaN,NaN,0,0.454710006713867
A011,A,4,347,NaN,0,1,NaN,NaN
A011,A,4,348,1,NaN,NaN,0,0.389278173446655
A011,A,4,349,1,NaN,NaN,0,NaN
A011,A,4,350,1,NaN,NaN,0,0.308785915374756
A011,A,4,351,1,NaN,NaN,0,0.800359010696411
A011,A,4,352,1,NaN,NaN,0,0.494081974029541
A011,A,4,353,1,NaN,NaN,0,0.395479917526245
A011,A,4,354,1,NaN,NaN,0,0.312523126602173
A011,A,4,355,1,NaN,NaN,0,NaN
A011,A,4,356,1,NaN,NaN,0,NaN
A011,A,4,357,1,NaN,NaN,0,0.223264932632446
A011,A,4,358,1,NaN,NaN,0,NaN
A011,A,4,359,NaN,0,1,NaN,NaN
A011,A,4,360,1,NaN,NaN,0,0.698174953460693
A011,A,4,361,1,NaN,NaN,0,0.414657115936279
A011,A,4,362,1,NaN,NaN,0,0.310425996780396
A011,A,4,363,1,NaN,NaN,0,0.162193059921265
A011,A,4,364,1,NaN,NaN,0,0.220350027084351
A011,A,4,365,0,NaN,NaN,1,NaN
A011,A,4,366,1,NaN,NaN,0,NaN
A011,A,4,367,1,NaN,NaN,0,1.04456806182861
A011,A,4,368,NaN,0,1,NaN,NaN
A011,A,4,369,1,NaN,NaN,0,0.809015035629272
A011,A,4,370,1,NaN,NaN,0,0.433634996414185
A011,A,4,371,NaN,0,1,NaN,NaN
A011,A,4,372,1,NaN,NaN,0,0.549298048019409
A011,A,4,373,1,NaN,NaN,0,0.401669025421143
A011,A,4,374,1,NaN,NaN,0,NaN
A011,A,4,375,1,NaN,NaN,0,0.358025789260864
A011,A,4,376,1,NaN,NaN,0,0.80297589302063
A011,A,4,377,1,NaN,NaN,0,0.255738019943237
A011,A,4,378,1,NaN,NaN,0,0.727916955947876
A011,A,4,379,1,NaN,NaN,0,0.300720930099487
A011,A,4,380,1,NaN,NaN,0,0.484519958496094
A011,A,4,381,1,NaN,NaN,0,0.580372095108032
A011,A,4,382,1,NaN,NaN,0,NaN
A011,A,4,383,1,NaN,NaN,0,NaN
A011,A,4,384,1,NaN,NaN,0,NaN
A011,A,4,385,NaN,0,1,NaN,NaN
A011,A,4,386,1,NaN,NaN,0,0.909064054489136
A011,A,4,387,1,NaN,NaN,0,NaN
A011,A,4,388,1,NaN,NaN,0,NaN
A011,A,4,389,1,NaN,NaN,0,0.481441020965576
A011,A,4,390,1,NaN,NaN,0,0.382723093032837
A011,A,4,391,1,NaN,NaN,0,0.240936040878296
A011,A,4,392,1,NaN,NaN,0,0.198818922042847
A011,A,4,393,1,NaN,NaN,0,NaN
A011,A,4,394,NaN,1,0,NaN,NaN
A011,A,4,395,1,NaN,NaN,0,0.264883995056152
A011,A,4,396,1,NaN,NaN,0,0.238625049591064
A011,A,4,397,1,NaN,NaN,0,NaN
A011,A,4,398,1,NaN,NaN,0,1.14265394210815
A011,A,4,399,NaN,1,0,NaN,NaN
A011,A,4,400,1,NaN,NaN,0,1.03922891616821
A011,A,4,401,1,NaN,NaN,0,0.956459045410156
A011,A,4,402,0,NaN,NaN,1,NaN
A011,A,4,403,1,NaN,NaN,0,0.420281887054443
A011,A,4,404,1,NaN,NaN,0,0.200918912887573
A011,A,4,405,1,NaN,NaN,0,0.238790988922119
A011,A,4,406,1,NaN,NaN,0,NaN
A011,A,4,407,1,NaN,NaN,0,0.511807918548584
A011,A,4,408,1,NaN,NaN,0,0.199428796768188
A011,A,4,409,1,NaN,NaN,0,0.609061002731323
A011,A,4,410,1,NaN,NaN,0,NaN
A011,A,4,411,NaN,0,1,NaN,NaN
A011,A,4,412,1,NaN,NaN,0,0.702779054641724
A011,A,4,413,1,NaN,NaN,0,0.237790107727051
A011,A,4,414,1,NaN,NaN,0,0.358186006546021
A011,A,4,415,1,NaN,NaN,0,0.621201038360596
A011,A,4,416,1,NaN,NaN,0,NaN
A011,A,4,417,1,NaN,NaN,0,0.37211799621582
A011,A,4,418,1,NaN,NaN,0,NaN
A011,A,4,419,1,NaN,NaN,0,0.324295043945312
A011,A,4,420,NaN,1,0,NaN,NaN
A011,A,4,421,1,NaN,NaN,0,0.429908990859985
A011,A,4,422,0,NaN,NaN,1,NaN
A011,A,4,423,1,NaN,NaN,0,NaN
A011,A,4,424,1,NaN,NaN,0,NaN
A011,A,4,425,1,NaN,NaN,0,NaN
A011,A,4,426,1,NaN,NaN,0,NaN
A011,A,4,427,1,NaN,NaN,0,0.273736000061035
A011,A,4,428,1,NaN,NaN,0,0.478589057922363
A011,A,4,429,1,NaN,NaN,0,0.633306980133057
A011,A,4,430,NaN,0,1,NaN,NaN
A011,A,4,431,1,NaN,NaN,0,0.306357145309448
A011,A,4,432,1,NaN,NaN,0,0.208470106124878
A011,A,4,433,1,NaN,NaN,0,NaN
A011,A,4,434,1,NaN,NaN,0,0.469704866409302
A011,A,4,435,1,NaN,NaN,0,0.779186010360718
A011,A,4,436,NaN,0,1,NaN,NaN
A011,A,4,437,1,NaN,NaN,0,NaN
A011,A,4,438,1,NaN,NaN,0,0.303208827972412
A011,A,4,439,1,NaN,NaN,0,0.61989688873291
A011,A,4,440,1,NaN,NaN,0,0.306563854217529
A011,A,4,441,1,NaN,NaN,0,0.500033140182495
A011,A,4,442,1,NaN,NaN,0,0.193359136581421
A011,A,4,443,1,NaN,NaN,0,0.519938945770264
A011,A,4,444,1,NaN,NaN,0,0.700297117233276
A011,A,4,445,1,NaN,NaN,0,0.241157054901123
A011,A,4,446,1,NaN,NaN,0,0.389412879943848
A011,A,4,447,1,NaN,NaN,0,0.56083607673645
A011,A,4,448,NaN,0,1,NaN,NaN
A011,A,4,449,1,NaN,NaN,0,0.257460117340088
A011,A,4,450,1,NaN,NaN,0,0.282387018203735
A011,A,4,451,1,NaN,NaN,0,0.421214818954468
A011,A,4,452,1,NaN,NaN,0,0.706403017044067
A011,A,4,453,1,NaN,NaN,0,NaN
A011,A,4,454,1,NaN,NaN,0,0.401075124740601
A011,A,4,455,NaN,0,1,NaN,NaN
A011,A,4,456,1,NaN,NaN,0,1.04166889190674
A011,A,4,457,0,NaN,NaN,1,NaN
A011,A,4,458,1,NaN,NaN,0,NaN
A011,A,4,459,1,NaN,NaN,0,NaN
A011,A,4,460,1,NaN,NaN,0,0.251012086868286
A011,A,4,461,1,NaN,NaN,0,0.215484142303467
A011,A,4,462,1,NaN,NaN,0,0.435451984405518
A011,A,4,463,1,NaN,NaN,0,0.357042074203491
A011,A,4,464,1,NaN,NaN,0,NaN
A011,A,4,465,NaN,0,1,NaN,NaN
A011,A,4,466,1,NaN,NaN,0,NaN
A011,A,4,467,1,NaN,NaN,0,NaN
A011,A,4,468,1,NaN,NaN,0,0.166142225265503
A011,A,4,469,1,NaN,NaN,0,0.221516847610474
A011,A,4,470,NaN,0,1,NaN,NaN
A011,A,4,471,1,NaN,NaN,0,0.375336170196533
A011,A,4,472,1,NaN,NaN,0,0.393068075180054
A011,A,4,473,1,NaN,NaN,0,NaN
A011,A,4,474,1,NaN,NaN,0,0.163893938064575
A011,A,4,475,1,NaN,NaN,0,0.364652872085571
A011,A,4,476,1,NaN,NaN,0,NaN
A011,A,4,477,1,NaN,NaN,0,NaN
A011,A,4,478,1,NaN,NaN,0,0.382463932037354
A011,A,4,479,1,NaN,NaN,0,0.391303062438965
A011,A,4,480,1,NaN,NaN,0,0.156358957290649
A011,A,4,481,1,NaN,NaN,0,0.378398180007935
A011,A,4,482,1,NaN,NaN,0,0.40371298789978
A011,A,4,483,1,NaN,NaN,0,NaN
A011,A,4,484,NaN,0,1,NaN,NaN
A011,A,4,485,1,NaN,NaN,0,0.398919105529785
A011,A,4,486,1,NaN,NaN,0,NaN
A011,A,4,487,1,NaN,NaN,0,0.266297101974487
A011,A,4,488,1,NaN,NaN,0,0.326709032058716
A011,A,4,489,NaN,0,1,NaN,NaN
A011,A,4,490,1,NaN,NaN,0,NaN
A011,A,4,491,1,NaN,NaN,0,0.245121955871582
A011,A,4,492,1,NaN,NaN,0,0.166866064071655
A011,A,4,493,1,NaN,NaN,0,0.234938144683838
A011,A,4,494,1,NaN,NaN,0,0.263437032699585
A011,A,4,495,1,NaN,NaN,0,NaN
A011,A,4,496,1,NaN,NaN,0,NaN
A011,A,4,497,1,NaN,NaN,0,0.324010133743286
A011,A,4,498,1,NaN,NaN,0,NaN
A011,A,4,499,NaN,0,1,NaN,NaN
A011,A,4,500,1,NaN,NaN,0,0.332329034805298
A011,A,4,501,1,NaN,NaN,0,0.301197052001953
A011,A,4,502,1,NaN,NaN,0,NaN
A011,A,4,503,1,NaN,NaN,0,NaN
A011,A,4,504,1,NaN,NaN,0,0.206935882568359
A011,A,4,505,1,NaN,NaN,0,0.192674160003662
A011,A,4,506,1,NaN,NaN,0,0.17790699005127
A011,A,4,507,1,NaN,NaN,0,NaN
A011,A,4,508,1,NaN,NaN,0,NaN
A011,A,4,509,1,NaN,NaN,0,0.156331062316895
