SubID,Group,BlockN,nTrial,GoTrials,NoGoTrials,FA,Misses,RT
C001,C,1,NaN,NaN,NaN,0,0,0.374864816665649
C001,C,NaN,0,1,NaN,NaN,0,NaN
C001,C,1,NaN,NaN,NaN,0,0,0.494784116744995
C001,C,1,NaN,NaN,NaN,0,0,0.377309799194336
C001,C,1,NaN,NaN,NaN,0,0,0.341917991638184
C001,C,1,NaN,NaN,NaN,0,0,0.355438947677612
C001,C,1,NaN,NaN,NaN,0,0,0.393586158752441
C001,C,1,NaN,NaN,NaN,0,0,0.336899995803833
C001,C,1,NaN,NaN,NaN,0,0,0.303523063659668
C001,C,1,NaN,NaN,NaN,0,0,0.296324014663696
C001,C,1,NaN,NaN,NaN,0,0,0.316768169403076
C001,C,1,NaN,NaN,NaN,0,0,0.320161104202271
C001,C,1,NaN,NaN,NaN,0,0,0.361631155014038
C001,C,1,NaN,NaN,NaN,0,0,0.306000947952271
C001,C,NaN,1,0,NaN,NaN,0,NaN
C001,C,1,NaN,NaN,NaN,0,0,0.319957971572876
C001,C,1,NaN,NaN,NaN,0,0,0.471084833145142
C001,C,1,NaN,NaN,NaN,0,0,0.361879110336304
C001,C,1,NaN,NaN,NaN,0,0,0.407077074050903
C001,C,1,NaN,NaN,NaN,0,0,0.331896066665649
C001,C,1,NaN,NaN,NaN,0,0,0.344415903091431
C001,C,1,NaN,NaN,NaN,0,0,0.361209869384766
C001,C,1,NaN,NaN,NaN,0,0,0.405303955078125
C001,C,1,NaN,NaN,NaN,0,0,0.376924991607666
C001,C,1,NaN,NaN,NaN,0,0,0.399781942367554
C001,C,NaN,1,0,NaN,NaN,0,NaN
C001,C,1,NaN,NaN,NaN,0,0,0.303898096084595
C001,C,1,NaN,NaN,NaN,0,0,0.273414850234985
C001,C,1,NaN,NaN,NaN,0,0,0.39044713973999
C001,C,1,NaN,NaN,NaN,0,0,0.400271892547607
C001,C,1,NaN,NaN,NaN,0,0,0.383949995040894
C001,C,NaN,1,0,NaN,NaN,0,NaN
C001,C,1,NaN,NaN,NaN,0,0,0.32747220993042
C001,C,1,NaN,NaN,NaN,0,0,0.30692195892334
C001,C,1,NaN,NaN,NaN,0,0,0.391940116882324
C001,C,1,NaN,NaN,NaN,0,0,0.401154041290283
C001,C,1,NaN,NaN,NaN,0,0,0.434006929397583
C001,C,NaN,1,0,NaN,NaN,0,NaN
C001,C,1,NaN,NaN,NaN,0,0,0.322236061096191
C001,C,1,NaN,NaN,NaN,0,0,0.294382095336914
C001,C,1,NaN,NaN,NaN,0,0,0.370407104492188
C001,C,1,NaN,NaN,NaN,0,0,0.388065099716187
C001,C,1,NaN,NaN,NaN,0,0,0.522680997848511
C001,C,1,NaN,NaN,NaN,0,0,0.376713037490845
C001,C,1,NaN,NaN,NaN,0,0,0.385408163070679
C001,C,1,NaN,NaN,NaN,0,0,0.563910007476807
C001,C,1,NaN,NaN,NaN,0,0,0.528848886489868
C001,C,NaN,1,0,NaN,NaN,0,NaN
C001,C,1,NaN,NaN,NaN,0,0,0.349267959594727
C001,C,1,NaN,NaN,NaN,0,0,0.383726835250854
C001,C,1,NaN,NaN,NaN,0,0,0.488298892974854
C001,C,1,NaN,NaN,NaN,0,0,0.426447868347168
C001,C,1,NaN,NaN,NaN,0,0,0.336992979049683
C001,C,1,NaN,NaN,NaN,0,0,0.294044017791748
C001,C,1,NaN,NaN,NaN,0,0,0.416331052780151
C001,C,1,NaN,NaN,NaN,0,0,0.352993965148926
C001,C,1,NaN,NaN,NaN,0,0,0.33159613609314
C001,C,NaN,1,0,NaN,NaN,0,NaN
C001,C,1,NaN,NaN,NaN,0,0,0.325098991394043
C001,C,1,NaN,NaN,NaN,0,0,0.355656147003174
C001,C,1,NaN,NaN,NaN,0,0,0.32401704788208
C001,C,1,NaN,NaN,NaN,0,0,0.347777843475342
C001,C,1,NaN,NaN,NaN,0,0,0.381057024002075
C001,C,1,NaN,NaN,NaN,0,0,0.319926977157593
C001,C,1,NaN,NaN,NaN,0,0,0.380353927612305
C001,C,1,NaN,NaN,NaN,0,0,0.36699390411377
C001,C,1,NaN,NaN,NaN,0,0,0.342886924743652
C001,C,NaN,1,0,NaN,NaN,0,NaN
C001,C,1,NaN,NaN,NaN,0,0,0.35225510597229
C001,C,1,NaN,NaN,NaN,0,0,0.344870090484619
C001,C,1,NaN,NaN,NaN,0,0,0.326794862747192
C001,C,1,NaN,NaN,NaN,0,0,0.324225902557373
C001,C,1,NaN,NaN,NaN,0,0,0.347259998321533
C001,C,1,NaN,NaN,NaN,0,0,0.302013158798218
C001,C,NaN,1,0,NaN,NaN,0,NaN
C001,C,1,NaN,NaN,NaN,0,0,0.33063817024231
C001,C,1,NaN,NaN,NaN,0,0,0.335789918899536
C001,C,1,NaN,NaN,NaN,0,0,0.356736898422241
C001,C,1,NaN,NaN,NaN,0,0,0.32174015045166
C001,C,1,NaN,NaN,NaN,0,0,0.332887887954712
C001,C,1,NaN,NaN,NaN,0,0,0.318280935287476
C001,C,1,NaN,NaN,NaN,0,0,0.313331127166748
C001,C,1,NaN,NaN,NaN,0,0,0.404570817947388
C001,C,NaN,1,0,NaN,NaN,0,NaN
C001,C,1,NaN,NaN,NaN,0,0,0.342730045318604
C001,C,1,NaN,NaN,NaN,0,0,0.30815315246582
C001,C,1,NaN,NaN,NaN,0,0,0.280853033065796
C001,C,1,NaN,NaN,NaN,0,0,0.308851957321167
C001,C,1,NaN,NaN,NaN,0,0,0.357516050338745
C001,C,1,NaN,NaN,NaN,0,0,0.312199831008911
C001,C,1,NaN,NaN,NaN,0,0,0.292783975601196
C001,C,1,NaN,NaN,NaN,0,0,0.417988061904907
C001,C,1,NaN,NaN,NaN,0,0,0.401798009872437
C001,C,1,NaN,NaN,NaN,0,0,0.459007978439331
C001,C,1,NaN,NaN,NaN,0,0,0.399238109588623
C001,C,NaN,1,0,NaN,NaN,0,NaN
C001,C,1,NaN,NaN,NaN,0,0,0.303828001022339
C001,C,1,NaN,NaN,NaN,0,0,0.283027172088623
C001,C,1,NaN,NaN,NaN,0,0,0.278496980667114
C001,C,1,NaN,NaN,NaN,0,0,0.284204959869385
C001,C,1,NaN,NaN,NaN,0,0,0.336615085601807
C001,C,1,NaN,NaN,NaN,0,0,0.35111403465271
C001,C,1,NaN,NaN,NaN,0,0,0.360380172729492
C001,C,1,NaN,NaN,NaN,0,0,0.32389497756958
C001,C,1,NaN,NaN,NaN,0,0,0.312486886978149
C001,C,NaN,1,0,NaN,NaN,0,NaN
C001,C,1,NaN,NaN,NaN,0,0,0.283102989196777
C001,C,1,NaN,NaN,NaN,0,0,0.290457963943481
C001,C,1,NaN,NaN,NaN,0,0,0.268314123153687
C001,C,1,NaN,NaN,NaN,0,0,0.282773017883301
C001,C,1,NaN,NaN,NaN,0,0,0.29421591758728
C001,C,1,NaN,NaN,NaN,0,0,0.290658950805664
C001,C,1,NaN,NaN,NaN,0,0,0.395632028579712
C001,C,1,NaN,NaN,NaN,0,0,0.339736938476562
C001,C,1,NaN,NaN,NaN,0,0,0.341230869293213
C001,C,NaN,1,0,NaN,NaN,0,NaN
C001,C,1,NaN,NaN,NaN,0,0,0.276531934738159
C001,C,1,NaN,NaN,NaN,0,0,0.274111986160278
C001,C,1,NaN,NaN,NaN,0,0,0.302599906921387
C001,C,1,NaN,NaN,NaN,0,0,0.302396059036255
C001,C,1,NaN,NaN,NaN,0,0,0.287047863006592
C001,C,1,NaN,NaN,NaN,0,0,0.30085301399231
C001,C,NaN,1,0,NaN,NaN,0,NaN
C001,C,1,NaN,NaN,NaN,0,0,0.287050008773804
C001,C,1,NaN,NaN,NaN,0,0,0.284000873565674
C001,C,1,NaN,NaN,NaN,0,0,0.296058893203735
C001,C,1,NaN,NaN,NaN,0,0,0.287843942642212
C001,C,1,NaN,NaN,NaN,0,0,0.305598020553589
C001,C,NaN,1,0,NaN,NaN,0,NaN
C001,C,1,NaN,NaN,NaN,0,0,0.237751960754395
C001,C,1,NaN,NaN,NaN,0,0,0.265218019485474
C001,C,1,NaN,NaN,NaN,0,0,0.296115159988403
C001,C,1,NaN,NaN,NaN,0,0,0.322670936584473
C001,C,1,NaN,NaN,NaN,0,0,0.328490972518921
C001,C,1,NaN,NaN,NaN,0,0,0.335253000259399
C001,C,1,NaN,NaN,NaN,0,0,0.312887907028198
C001,C,1,NaN,NaN,NaN,0,0,0.325914859771729
C001,C,1,NaN,NaN,NaN,0,0,0.337074995040894
C001,C,1,NaN,NaN,NaN,0,0,0.525771141052246
C001,C,1,NaN,NaN,NaN,0,0,0.364970922470093
C001,C,1,NaN,NaN,NaN,0,0,0.376039028167725
C001,C,NaN,1,0,NaN,NaN,0,NaN
C001,C,1,NaN,NaN,NaN,0,0,0.280864953994751
C001,C,1,NaN,NaN,NaN,0,0,0.330292940139771
C001,C,1,NaN,NaN,NaN,0,0,0.294981956481934
C001,C,1,NaN,NaN,NaN,0,0,0.332483053207397
C001,C,1,NaN,NaN,NaN,0,0,0.509537220001221
C001,C,NaN,1,0,NaN,NaN,0,NaN
C001,C,1,NaN,NaN,NaN,0,0,0.330441951751709
C001,C,1,NaN,NaN,NaN,0,0,0.343425989151001
C001,C,1,NaN,NaN,NaN,0,0,0.32036304473877
C001,C,1,NaN,NaN,NaN,0,0,0.388809204101562
C001,C,1,NaN,NaN,NaN,0,0,0.327728033065796
C001,C,1,NaN,NaN,NaN,0,0,0.35295295715332
C001,C,1,NaN,NaN,NaN,0,0,0.420970916748047
C001,C,1,NaN,NaN,NaN,0,0,0.338847875595093
C001,C,1,NaN,NaN,NaN,0,0,0.307772874832153
C001,C,1,NaN,NaN,NaN,0,0,0.343442916870117
C001,C,NaN,1,0,NaN,NaN,0,NaN
C001,C,1,NaN,NaN,NaN,0,0,0.312237024307251
C001,C,1,NaN,NaN,NaN,0,0,0.279047966003418
C001,C,1,NaN,NaN,NaN,0,0,0.316466093063354
C001,C,1,NaN,NaN,NaN,0,0,0.295190095901489
C001,C,1,NaN,NaN,NaN,0,0,0.296762228012085
C001,C,1,NaN,NaN,NaN,0,0,0.242984056472778
C001,C,NaN,0,1,NaN,NaN,0,NaN
C001,C,1,NaN,NaN,NaN,0,0,0.312597990036011
C001,C,1,NaN,NaN,NaN,0,0,0.271253108978271
C001,C,1,NaN,NaN,NaN,0,0,0.25039005279541
C001,C,1,NaN,NaN,NaN,0,0,0.26628303527832
C001,C,1,NaN,NaN,NaN,0,0,0.330970048904419
C001,C,1,NaN,NaN,NaN,0,0,0.298424005508423
C001,C,1,NaN,NaN,NaN,0,0,0.307870864868164
C001,C,1,NaN,NaN,NaN,0,0,0.305765867233276
C001,C,1,NaN,NaN,NaN,0,0,0.385217905044556
C001,C,1,NaN,NaN,NaN,0,0,0.35921311378479
C001,C,1,NaN,NaN,NaN,0,0,0.320066928863525
C001,C,NaN,1,0,NaN,NaN,0,NaN
C001,C,1,NaN,NaN,NaN,0,0,0.246802091598511
C001,C,1,NaN,NaN,NaN,0,0,0.258132219314575
C001,C,1,NaN,NaN,NaN,0,0,0.258879899978638
C001,C,NaN,1,0,NaN,NaN,0,NaN
C001,C,1,NaN,NaN,NaN,0,0,0.282577037811279
C001,C,1,NaN,NaN,NaN,0,0,0.298218965530396
C001,C,1,NaN,NaN,NaN,0,0,0.31958794593811
C001,C,1,NaN,NaN,NaN,0,0,0.3156418800354
C001,C,1,NaN,NaN,NaN,0,0,0.317813873291016
C001,C,1,NaN,NaN,NaN,0,0,0.299475908279419
C001,C,1,NaN,NaN,NaN,0,0,0.332410097122192
C001,C,1,NaN,NaN,NaN,0,0,0.464713096618652
C001,C,1,NaN,NaN,NaN,0,0,0.363651037216187
C001,C,1,NaN,NaN,NaN,0,0,0.32265305519104
C001,C,1,NaN,NaN,NaN,0,0,0.347768068313599
C001,C,1,NaN,NaN,NaN,0,0,0.301944017410278
C001,C,NaN,1,0,NaN,NaN,0,NaN
C001,C,1,NaN,NaN,NaN,0,0,0.325780868530273
C001,C,1,NaN,NaN,NaN,0,0,0.34259295463562
C001,C,1,NaN,NaN,NaN,0,0,0.323783159255981
C001,C,1,NaN,NaN,NaN,0,0,0.330744981765747
C001,C,1,NaN,NaN,NaN,0,0,0.30301308631897
C001,C,1,NaN,NaN,NaN,0,0,0.32506799697876
C001,C,1,NaN,NaN,NaN,0,0,0.305979013442993
C001,C,1,NaN,NaN,NaN,0,0,0.314159870147705
C001,C,1,NaN,NaN,NaN,0,0,0.463588953018188
C001,C,NaN,1,0,NaN,NaN,0,NaN
C001,C,1,NaN,NaN,NaN,0,0,0.278507947921753
C001,C,1,NaN,NaN,NaN,0,0,0.2760009765625
C001,C,1,NaN,NaN,NaN,0,0,0.301360845565796
C001,C,1,NaN,NaN,NaN,0,0,0.293797969818115
C001,C,1,NaN,NaN,NaN,0,0,0.344398975372314
C001,C,1,NaN,NaN,NaN,0,0,0.335330009460449
C001,C,NaN,1,0,NaN,NaN,0,NaN
C001,C,1,NaN,NaN,NaN,0,0,0.294178009033203
C001,C,1,NaN,NaN,NaN,0,0,0.367701053619385
C001,C,1,NaN,NaN,NaN,0,0,0.267796993255615
C001,C,1,NaN,NaN,NaN,0,0,0.26673698425293
C001,C,1,NaN,NaN,NaN,0,0,0.275135040283203
C001,C,1,NaN,NaN,NaN,0,0,0.288028001785278
C001,C,1,NaN,NaN,NaN,0,0,0.316987037658691
C001,C,1,NaN,NaN,NaN,0,0,0.319971084594727
C001,C,1,NaN,NaN,NaN,0,0,0.320412874221802
C001,C,NaN,1,0,NaN,NaN,0,NaN
C001,C,1,NaN,NaN,NaN,0,0,0.250907897949219
C001,C,1,NaN,NaN,NaN,0,0,0.275856018066406
C001,C,1,NaN,NaN,NaN,0,0,0.281049013137817
C001,C,1,NaN,NaN,NaN,0,0,0.301528930664062
C001,C,1,NaN,NaN,NaN,0,0,0.309345960617065
C001,C,1,NaN,NaN,NaN,0,0,0.283289909362793
C001,C,1,NaN,NaN,NaN,0,0,0.283219814300537
C001,C,1,NaN,NaN,NaN,0,0,0.370711088180542
C001,C,1,NaN,NaN,NaN,0,0,0.299284934997559
C001,C,NaN,0,1,NaN,NaN,0,NaN
C001,C,1,NaN,NaN,NaN,0,0,0.340605974197388
C001,C,1,NaN,NaN,NaN,0,0,0.24959921836853
C001,C,1,NaN,NaN,NaN,0,0,0.322918891906738
C001,C,1,NaN,NaN,NaN,0,0,0.278412818908691
C001,C,1,NaN,NaN,NaN,0,0,0.482980012893677
C001,C,NaN,1,0,NaN,NaN,0,NaN
C001,C,1,NaN,NaN,NaN,0,0,0.321516990661621
C001,C,1,NaN,NaN,NaN,0,0,0.550023078918457
C001,C,1,NaN,NaN,NaN,0,0,0.348757028579712
C001,C,1,NaN,NaN,NaN,0,0,0.313859939575195
C001,C,1,NaN,NaN,NaN,0,0,0.337831974029541
C001,C,1,NaN,NaN,NaN,0,0,0.427250146865845
C001,C,1,NaN,NaN,NaN,0,0,0.32827091217041
C001,C,NaN,1,0,NaN,NaN,0,NaN
C001,C,1,NaN,NaN,NaN,0,0,0.270936965942383
C001,C,1,NaN,NaN,NaN,0,0,0.324106931686401
C001,C,1,NaN,NaN,NaN,0,0,0.315701007843018
C001,C,1,NaN,NaN,NaN,0,0,0.315767049789429
C001,C,1,NaN,NaN,NaN,0,0,0.285284996032715
C001,C,1,NaN,NaN,NaN,0,0,0.290930032730103
C001,C,1,NaN,NaN,NaN,0,0,0.322738885879517
C001,C,1,NaN,NaN,NaN,0,0,0.336390018463135
C001,C,1,NaN,NaN,NaN,0,0,0.347553968429565
C001,C,1,NaN,NaN,NaN,0,0,0.368528842926025
C001,C,1,NaN,NaN,NaN,0,0,0.404927015304565
C001,C,NaN,1,0,NaN,NaN,0,NaN
C001,C,1,NaN,NaN,NaN,0,0,0.307778835296631
C001,C,1,NaN,NaN,NaN,0,0,0.304319143295288
C001,C,1,NaN,NaN,NaN,0,0,0.330457925796509
C001,C,1,NaN,NaN,NaN,0,0,0.303944826126099
C001,C,1,NaN,NaN,NaN,0,0,0.29153299331665
C001,C,1,NaN,NaN,NaN,0,0,0.348946094512939
C001,C,NaN,1,0,NaN,NaN,0,NaN
C001,C,1,NaN,NaN,NaN,0,0,0.316342115402222
C001,C,1,NaN,NaN,NaN,0,0,0.317166805267334
C001,C,1,NaN,NaN,NaN,0,0,0.297275066375732
C001,C,1,NaN,NaN,NaN,0,0,0.34252405166626
C001,C,1,NaN,NaN,NaN,0,0,0.326665878295898
C001,C,1,NaN,NaN,NaN,0,0,0.331150054931641
C001,C,1,NaN,NaN,NaN,0,0,0.400777101516724
C001,C,1,NaN,NaN,NaN,0,0,0.432192087173462
C001,C,1,NaN,NaN,NaN,0,0,0.359740972518921
C001,C,1,NaN,NaN,NaN,0,0,0.349442005157471
C001,C,1,NaN,NaN,NaN,0,0,0.342253923416138
C001,C,NaN,1,0,NaN,NaN,0,NaN
C001,C,1,NaN,NaN,NaN,0,0,0.278388977050781
C001,C,1,NaN,NaN,NaN,0,0,0.243392944335938
C001,C,1,NaN,NaN,NaN,0,0,0.322540998458862
C001,C,1,NaN,NaN,NaN,0,0,0.305088043212891
C001,C,1,NaN,NaN,NaN,0,0,0.342374086380005
C001,C,1,NaN,NaN,NaN,0,0,0.294219017028809
C001,C,1,NaN,NaN,NaN,0,0,0.428499937057495
C001,C,1,NaN,NaN,NaN,0,0,0.314087867736816
C001,C,1,NaN,NaN,NaN,0,0,0.295541048049927
C001,C,NaN,1,0,NaN,NaN,0,NaN
C001,C,1,NaN,NaN,NaN,0,0,0.291894197463989
C001,C,1,NaN,NaN,NaN,0,0,0.248364925384521
C001,C,NaN,1,0,NaN,NaN,0,NaN
C001,C,1,NaN,NaN,NaN,0,0,0.28374195098877
C001,C,1,NaN,NaN,NaN,0,0,0.27505087852478
C001,C,1,NaN,NaN,NaN,0,0,0.32227611541748
C001,C,1,NaN,NaN,NaN,0,0,0.368362903594971
C001,C,1,NaN,NaN,NaN,0,0,0.291974067687988
C001,C,1,NaN,NaN,NaN,0,0,0.264940023422241
C001,C,1,NaN,NaN,NaN,0,0,0.311908006668091
C001,C,1,NaN,NaN,NaN,0,0,0.300554037094116
C001,C,1,NaN,NaN,NaN,0,0,0.337544918060303
C001,C,1,NaN,NaN,NaN,0,0,0.314582824707031
C001,C,1,NaN,NaN,NaN,0,0,0.32342004776001
C001,C,1,NaN,NaN,NaN,0,0,0.292409896850586
C001,C,1,NaN,NaN,NaN,0,0,0.313101053237915
C001,C,1,NaN,NaN,NaN,0,0,0.339479923248291
C001,C,NaN,1,0,NaN,NaN,0,NaN
C001,C,1,NaN,NaN,NaN,0,0,0.262765884399414
C001,C,1,NaN,NaN,NaN,0,0,0.360337018966675
C001,C,1,NaN,NaN,NaN,0,0,0.337798118591309
C001,C,1,NaN,NaN,NaN,0,0,0.341922044754028
C001,C,NaN,1,0,NaN,NaN,0,NaN
C001,C,1,NaN,NaN,NaN,0,0,0.260089874267578
C001,C,1,NaN,NaN,NaN,0,0,0.237624883651733
C001,C,1,NaN,NaN,NaN,0,0,0.290580034255981
C001,C,1,NaN,NaN,NaN,0,0,0.325302124023438
C001,C,1,NaN,NaN,NaN,0,0,0.367990970611572
C001,C,1,NaN,NaN,NaN,0,0,0.374994039535522
C001,C,1,NaN,NaN,NaN,0,0,0.37528395652771
C001,C,NaN,1,0,NaN,NaN,0,NaN
C001,C,1,NaN,NaN,NaN,0,0,0.302037000656128
C001,C,1,NaN,NaN,NaN,0,0,0.275390148162842
C001,C,1,NaN,NaN,NaN,0,0,0.276370048522949
C001,C,1,NaN,NaN,NaN,0,0,0.289160966873169
C001,C,1,NaN,NaN,NaN,0,0,0.316987991333008
C001,C,1,NaN,NaN,NaN,0,0,0.301607131958008
C001,C,1,NaN,NaN,NaN,0,0,0.338461875915527
C001,C,1,NaN,NaN,NaN,0,0,0.35514497756958
C001,C,1,NaN,NaN,NaN,0,0,0.334233045578003
C001,C,1,NaN,NaN,NaN,0,0,0.380635976791382
C001,C,1,NaN,NaN,NaN,0,0,0.30199408531189
C001,C,1,NaN,NaN,NaN,0,0,0.281677007675171
C001,C,1,NaN,NaN,NaN,0,0,0.30979585647583
C001,C,NaN,1,0,NaN,NaN,0,NaN
C001,C,1,NaN,NaN,NaN,0,0,0.252622842788696
C001,C,1,NaN,NaN,NaN,0,0,0.297724962234497
C001,C,1,NaN,NaN,NaN,0,0,0.296294927597046
C001,C,1,NaN,NaN,NaN,0,0,0.272847175598145
C001,C,1,NaN,NaN,NaN,0,0,0.320092916488647
C001,C,NaN,1,0,NaN,NaN,0,NaN
C001,C,1,NaN,NaN,NaN,0,0,0.247112035751343
C001,C,1,NaN,NaN,NaN,0,0,0.253226041793823
C001,C,1,NaN,NaN,NaN,0,0,0.294503927230835
C001,C,1,NaN,NaN,NaN,0,0,0.31167197227478
C001,C,1,NaN,NaN,NaN,0,0,0.288993835449219
C001,C,1,NaN,NaN,NaN,0,0,0.290353059768677
C001,C,NaN,1,0,NaN,NaN,0,NaN
C001,C,1,NaN,NaN,NaN,0,0,0.244678974151611
C001,C,1,NaN,NaN,NaN,0,0,0.273940086364746
C001,C,1,NaN,NaN,NaN,0,0,0.270907163619995
C001,C,1,NaN,NaN,NaN,0,0,0.326390027999878
C001,C,1,NaN,NaN,NaN,0,0,0.322803974151611
C001,C,1,NaN,NaN,NaN,0,0,0.290127992630005
C001,C,1,NaN,NaN,NaN,0,0,0.292455911636353
C001,C,1,NaN,NaN,NaN,0,0,0.285331010818481
C001,C,1,NaN,NaN,NaN,0,0,0.272803068161011
C001,C,1,NaN,NaN,NaN,0,0,0.279656887054443
C001,C,1,NaN,NaN,NaN,0,0,0.300929069519043
C001,C,1,NaN,NaN,NaN,0,0,0.343858003616333
C001,C,1,NaN,NaN,NaN,0,0,0.297415018081665
C001,C,NaN,1,0,NaN,NaN,0,NaN
C001,C,1,NaN,NaN,NaN,0,0,0.27213191986084
C001,C,1,NaN,NaN,NaN,0,0,0.252485036849976
C001,C,1,NaN,NaN,NaN,0,0,0.237893104553223
C001,C,1,NaN,NaN,NaN,0,0,0.243776082992554
C001,C,1,NaN,NaN,NaN,0,0,0.27207088470459
C001,C,1,NaN,NaN,NaN,0,0,0.319253921508789
C001,C,NaN,1,0,NaN,NaN,0,NaN
C001,C,1,NaN,NaN,NaN,0,0,0.257814884185791
C001,C,1,NaN,NaN,NaN,0,0,0.282477855682373
C001,C,1,NaN,NaN,NaN,0,0,0.30060887336731
C001,C,1,NaN,NaN,NaN,0,0,0.202273845672607
C001,C,1,NaN,NaN,NaN,0,0,0.320965051651001
C001,C,1,NaN,NaN,NaN,0,0,0.579550981521606
C001,C,1,NaN,NaN,NaN,0,0,0.399887084960938
C001,C,1,NaN,NaN,NaN,0,0,0.313127994537354
C001,C,1,NaN,NaN,NaN,0,0,0.358428955078125
C001,C,1,NaN,NaN,NaN,0,0,0.331053972244263
C001,C,NaN,1,0,NaN,NaN,0,NaN
C001,C,1,NaN,NaN,NaN,0,0,0.25650691986084
C001,C,1,NaN,NaN,NaN,0,0,0.253868103027344
C001,C,1,NaN,NaN,NaN,0,0,0.222126007080078
C001,C,1,NaN,NaN,NaN,0,0,0.280045032501221
C001,C,1,NaN,NaN,NaN,0,0,0.248586177825928
C001,C,1,NaN,NaN,NaN,0,0,0.278445959091187
C001,C,NaN,1,0,NaN,NaN,0,NaN
C001,C,1,NaN,NaN,NaN,0,0,0.240407943725586
C001,C,1,NaN,NaN,NaN,0,0,0.278826951980591
C001,C,1,NaN,NaN,NaN,0,0,0.299875974655151
C001,C,1,NaN,NaN,NaN,0,0,0.305386066436768
C001,C,1,NaN,NaN,NaN,0,0,0.357913017272949
C001,C,1,NaN,NaN,NaN,0,0,0.299957990646362
C001,C,1,NaN,NaN,NaN,0,0,0.310903072357178
C001,C,1,NaN,NaN,NaN,0,0,0.343835115432739
C001,C,NaN,1,0,NaN,NaN,0,NaN
C001,C,1,NaN,NaN,NaN,0,0,0.325830221176147
C001,C,1,NaN,NaN,NaN,0,0,0.314953088760376
C001,C,1,NaN,NaN,NaN,0,0,0.307690143585205
C001,C,1,NaN,NaN,NaN,0,0,0.328233957290649
C001,C,1,NaN,NaN,NaN,0,0,0.304549932479858
C001,C,1,NaN,NaN,NaN,0,0,0.277074098587036
C001,C,1,NaN,NaN,NaN,0,0,0.299054145812988
C001,C,1,NaN,NaN,NaN,0,0,0.285748958587646
C001,C,1,NaN,NaN,NaN,0,0,0.378895998001099
C001,C,NaN,1,0,NaN,NaN,0,NaN
C001,C,1,NaN,NaN,NaN,0,0,0.236382007598877
C001,C,1,NaN,NaN,NaN,0,0,0.293171167373657
C001,C,1,NaN,NaN,NaN,0,0,0.287799119949341
C001,C,1,NaN,NaN,NaN,0,0,0.310119867324829
C001,C,NaN,1,0,NaN,NaN,0,NaN
C001,C,1,NaN,NaN,NaN,0,0,0.238980054855347
C001,C,1,NaN,NaN,NaN,0,0,0.219727993011475
C001,C,1,NaN,NaN,NaN,0,0,0.263098001480103
C001,C,1,NaN,NaN,NaN,0,0,0.305737018585205
C001,C,1,NaN,NaN,NaN,0,0,0.303232192993164
C001,C,1,NaN,NaN,NaN,0,0,0.27525520324707
C001,C,1,NaN,NaN,NaN,0,0,0.292057037353516
C001,C,1,NaN,NaN,NaN,0,0,0.293954849243164
C001,C,1,NaN,NaN,NaN,0,0,0.295022964477539
C001,C,1,NaN,NaN,NaN,0,0,0.279827117919922
C001,C,1,NaN,NaN,NaN,0,0,0.336785793304443
C001,C,1,NaN,NaN,NaN,0,0,0.260915040969849
C001,C,1,NaN,NaN,NaN,0,0,0.28800892829895
C001,C,NaN,1,0,NaN,NaN,0,NaN
C001,C,1,NaN,NaN,NaN,0,0,0.248451948165894
C001,C,1,NaN,NaN,NaN,0,0,0.258404016494751
C001,C,1,NaN,NaN,NaN,0,0,0.276880025863647
C001,C,1,NaN,NaN,NaN,0,0,0.249819040298462
C001,C,1,NaN,NaN,NaN,0,0,0.315752029418945
C001,C,1,NaN,NaN,NaN,0,0,0.313623905181885
C001,C,1,NaN,NaN,NaN,0,0,0.338434934616089
C001,C,NaN,1,0,NaN,NaN,0,NaN
C001,C,1,NaN,NaN,NaN,0,0,0.269774913787842
C001,C,1,NaN,NaN,NaN,0,0,0.232155799865723
C001,C,1,NaN,NaN,NaN,0,0,0.329560995101929
C001,C,NaN,0,1,NaN,NaN,0,NaN
C001,C,1,NaN,NaN,NaN,0,0,0.25086498260498
C001,C,1,NaN,NaN,NaN,0,0,0.307722806930542
C001,C,1,NaN,NaN,NaN,0,0,0.233587980270386
C001,C,1,NaN,NaN,NaN,0,0,0.278517961502075
C001,C,1,NaN,NaN,NaN,0,0,0.308104991912842
C001,C,1,NaN,NaN,NaN,0,0,0.345654964447021
C001,C,1,NaN,NaN,NaN,0,0,0.354243993759155
C001,C,1,NaN,NaN,NaN,0,0,0.273982048034668
C001,C,1,NaN,NaN,NaN,0,0,0.376948833465576
C001,C,1,NaN,NaN,NaN,0,0,0.399476051330566
C001,C,1,NaN,NaN,NaN,0,0,0.316503047943115
C001,C,1,NaN,NaN,NaN,0,0,0.289228916168213
C001,C,1,NaN,NaN,NaN,0,0,0.290528059005737
C001,C,NaN,1,0,NaN,NaN,0,NaN
C001,C,1,NaN,NaN,NaN,0,0,0.209255933761597
C001,C,1,NaN,NaN,NaN,0,0,0.269860029220581
C001,C,1,NaN,NaN,NaN,0,0,0.277137041091919
C001,C,1,NaN,NaN,NaN,0,0,0.259402990341187
C001,C,1,NaN,NaN,NaN,0,0,0.293513059616089
C001,C,1,NaN,NaN,NaN,0,0,0.30213189125061
C001,C,1,NaN,NaN,NaN,0,0,0.279350996017456
C001,C,1,NaN,NaN,NaN,0,0,0.308417081832886
C001,C,1,NaN,NaN,NaN,0,0,0.305137157440186
C001,C,NaN,1,0,NaN,NaN,0,NaN
C001,C,1,NaN,NaN,NaN,0,0,0.269511222839355
C001,C,1,NaN,NaN,NaN,0,0,0.27587890625
C001,C,1,NaN,NaN,NaN,0,0,0.263967037200928
C001,C,1,NaN,NaN,NaN,0,0,0.352727174758911
C001,C,1,NaN,NaN,NaN,0,0,0.280623197555542
C001,C,1,NaN,NaN,NaN,0,0,0.288250923156738
C001,C,1,NaN,NaN,NaN,0,0,0.299997091293335
C001,C,NaN,1,0,NaN,NaN,0,NaN
C001,C,1,NaN,NaN,NaN,0,0,0.298315048217773
C001,C,1,NaN,NaN,NaN,0,0,0.243139028549194
C001,C,1,NaN,NaN,NaN,0,0,0.260430097579956
C001,C,1,NaN,NaN,NaN,0,0,0.253679037094116
C001,C,1,NaN,NaN,NaN,0,0,0.259133100509644
C001,C,1,NaN,NaN,NaN,0,0,0.352864980697632
C001,C,1,NaN,NaN,NaN,0,0,0.292802095413208
C001,C,1,NaN,NaN,NaN,0,0,0.263442039489746
C001,C,1,NaN,NaN,NaN,0,0,0.30440092086792
C001,C,NaN,1,0,NaN,NaN,0,NaN
C001,C,1,NaN,NaN,NaN,0,0,0.236272096633911
C001,C,1,NaN,NaN,NaN,0,0,0.23186993598938
C001,C,1,NaN,NaN,NaN,0,0,0.262279033660889
C001,C,1,NaN,NaN,NaN,0,0,0.284256935119629
C001,C,1,NaN,NaN,NaN,0,0,0.385443210601807
C001,C,1,NaN,NaN,NaN,0,0,0.287988901138306
C001,C,NaN,0,1,NaN,NaN,0,NaN
C001,C,1,NaN,NaN,NaN,0,0,0.333245038986206
C001,C,1,NaN,NaN,NaN,0,0,0.279310941696167
C001,C,1,NaN,NaN,NaN,0,0,0.299936056137085
C001,C,1,NaN,NaN,NaN,0,0,0.325979948043823
C001,C,NaN,1,0,NaN,NaN,0,NaN
C001,C,1,NaN,NaN,NaN,0,0,0.316307067871094
C001,C,1,NaN,NaN,NaN,0,0,0.26672101020813
C001,C,1,NaN,NaN,NaN,0,0,0.268162965774536
C001,C,1,NaN,NaN,NaN,0,0,0.25751805305481
C001,C,1,NaN,NaN,NaN,0,0,0.323810815811157
C001,C,1,NaN,NaN,NaN,0,0,0.311385154724121
C001,C,1,NaN,NaN,NaN,0,0,0.301072835922241
C001,C,1,NaN,NaN,NaN,0,0,0.33050799369812
C001,C,1,NaN,NaN,NaN,0,0,0.296993017196655
C001,C,1,NaN,NaN,NaN,0,0,0.287777185440063
C001,C,1,NaN,NaN,NaN,0,0,0.30745005607605
C001,C,1,NaN,NaN,NaN,0,0,0.286535024642944
C001,C,NaN,1,0,NaN,NaN,0,NaN
C001,C,1,NaN,NaN,NaN,0,0,0.259113073348999
C001,C,1,NaN,NaN,NaN,0,0,0.270169019699097
C001,C,1,NaN,NaN,NaN,0,0,0.311434984207153
C001,C,1,NaN,NaN,NaN,0,0,0.324052095413208
C001,C,1,NaN,NaN,NaN,0,0,0.307147026062012
C001,C,1,NaN,NaN,NaN,0,0,0.275016069412231
C001,C,NaN,1,0,NaN,NaN,0,NaN
C001,C,1,NaN,NaN,NaN,0,0,0.314494848251343
C001,C,1,NaN,NaN,NaN,0,0,0.289211988449097
C001,C,1,NaN,NaN,NaN,0,0,0.304656028747559
C001,C,1,NaN,NaN,NaN,0,0,0.31135106086731
C001,C,1,NaN,NaN,NaN,0,0,0.35700798034668
C001,C,1,NaN,NaN,NaN,0,0,0.32246208190918
C001,C,1,NaN,NaN,NaN,0,0,0.319931983947754
C001,C,1,NaN,NaN,NaN,0,0,0.313492059707642
C001,C,1,NaN,NaN,NaN,0,0,0.315407037734985
C001,C,1,NaN,NaN,NaN,0,0,0.314059019088745
C001,C,NaN,1,0,NaN,NaN,0,NaN
C001,C,1,NaN,NaN,NaN,0,0,0.29102897644043
C001,C,1,NaN,NaN,NaN,0,0,0.259793043136597
C001,C,1,NaN,NaN,NaN,0,0,0.234637022018433
C001,C,1,NaN,NaN,NaN,0,0,0.303676128387451
C001,C,1,NaN,NaN,NaN,0,0,0.301862955093384
C001,C,1,NaN,NaN,NaN,0,0,0.276637077331543
C001,C,1,NaN,NaN,NaN,0,0,0.345061779022217
C001,C,1,NaN,NaN,NaN,0,0,0.296050071716309
C001,C,NaN,0,1,NaN,NaN,0,NaN
C001,C,1,NaN,NaN,NaN,0,0,0.562110900878906
C001,C,1,NaN,NaN,NaN,0,0,0.268720865249634
C001,C,1,NaN,NaN,NaN,0,0,0.280509948730469
C001,C,1,NaN,NaN,NaN,0,0,0.262251853942871
C001,C,NaN,0,1,NaN,NaN,0,NaN
C001,C,1,NaN,NaN,NaN,0,0,0.297778844833374
C001,C,1,NaN,NaN,NaN,0,0,0.239191055297852
C001,C,1,NaN,NaN,NaN,0,0,0.275038003921509
C001,C,1,NaN,NaN,NaN,0,0,0.297980070114136
C001,C,1,NaN,NaN,NaN,0,0,0.290010929107666
C001,C,1,NaN,NaN,NaN,0,0,0.296430110931396
C001,C,1,NaN,NaN,NaN,0,0,0.309512853622437
C001,C,1,NaN,NaN,NaN,0,0,0.314205884933472
C001,C,1,NaN,NaN,NaN,0,0,0.316626071929932
C001,C,1,NaN,NaN,NaN,0,0,0.324054956436157
C001,C,NaN,1,0,NaN,NaN,0,NaN
C001,C,1,NaN,NaN,NaN,0,0,0.329883098602295
C001,C,1,NaN,NaN,NaN,0,0,0.302274942398071
C001,C,1,NaN,NaN,NaN,0,0,0.291146993637085
C001,C,1,NaN,NaN,NaN,0,0,0.30941104888916
C001,C,1,NaN,NaN,NaN,0,0,0.285943984985352
C001,C,NaN,1,0,NaN,NaN,0,NaN
C001,C,1,NaN,NaN,NaN,0,0,0.26826286315918
C001,C,1,NaN,NaN,NaN,0,0,0.265440940856934
C001,C,1,NaN,NaN,NaN,0,0,0.290219068527222
C001,C,1,NaN,NaN,NaN,0,0,0.294152021408081
C001,C,1,NaN,NaN,NaN,0,0,0.294050931930542
C001,C,1,NaN,NaN,NaN,0,0,0.307732105255127
C001,C,1,NaN,NaN,NaN,0,0,0.328797101974487
C001,C,1,NaN,NaN,NaN,0,0,0.320523977279663
C001,C,1,NaN,NaN,NaN,0,0,0.328252077102661
C001,C,NaN,1,0,NaN,NaN,0,NaN
C001,C,1,NaN,NaN,NaN,0,0,0.2466721534729
C001,C,1,NaN,NaN,NaN,0,0,0.284243822097778
C001,C,1,NaN,NaN,NaN,0,0,0.300220966339111
C001,C,1,NaN,NaN,NaN,0,0,0.299758911132812
C001,C,1,NaN,NaN,NaN,0,0,0.285120010375977
C001,C,1,NaN,NaN,NaN,0,0,0.269599914550781
C001,C,1,NaN,NaN,NaN,0,0,0.338514804840088
C001,C,1,NaN,NaN,NaN,0,0,0.336524963378906
C001,C,1,NaN,NaN,NaN,0,0,0.281917095184326
C001,C,NaN,1,0,NaN,NaN,0,NaN
C001,C,1,NaN,NaN,NaN,0,0,0.256630182266235
C001,C,1,NaN,NaN,NaN,0,0,0.258816003799438
C001,C,1,NaN,NaN,NaN,0,0,0.280275106430054
C001,C,1,NaN,NaN,NaN,0,0,0.298195838928223
C001,C,1,NaN,NaN,NaN,0,0,0.287503957748413
C001,C,1,NaN,NaN,NaN,0,0,0.31572699546814
C001,C,1,NaN,NaN,NaN,0,0,0.313132047653198
C001,C,NaN,1,0,NaN,NaN,0,NaN
C001,C,1,NaN,NaN,NaN,0,0,0.253513097763062
C001,C,1,NaN,NaN,NaN,0,0,0.282438039779663
C001,C,1,NaN,NaN,NaN,0,0,0.283179998397827
C001,C,1,NaN,NaN,NaN,0,0,0.306148052215576
C001,C,1,NaN,NaN,NaN,0,0,0.302718162536621
C001,C,NaN,1,0,NaN,NaN,0,NaN
C001,C,1,NaN,NaN,NaN,0,0,0.271882057189941
C001,C,1,NaN,NaN,NaN,0,0,0.26872992515564
C001,C,1,NaN,NaN,NaN,0,0,0.321534872055054
C001,C,1,NaN,NaN,NaN,0,0,0.310138940811157
C001,C,1,NaN,NaN,NaN,0,0,0.332067966461182
C001,C,1,NaN,NaN,NaN,0,0,0.295019865036011
C001,C,1,NaN,NaN,NaN,0,0,0.343392848968506
C001,C,1,NaN,NaN,NaN,0,0,0.305583953857422
C001,C,1,NaN,NaN,NaN,0,0,0.469563961029053
C001,C,1,NaN,NaN,NaN,0,0,0.347182989120483
C001,C,1,NaN,NaN,NaN,0,0,0.352128028869629
C001,C,1,NaN,NaN,NaN,0,0,0.288487911224365
C001,C,NaN,1,0,NaN,NaN,0,NaN
C001,C,1,NaN,NaN,NaN,0,0,0.277778148651123
C001,C,1,NaN,NaN,NaN,0,0,0.267208099365234
C001,C,1,NaN,NaN,NaN,0,0,0.307817935943604
C001,C,1,NaN,NaN,NaN,0,0,0.306349992752075
C001,C,1,NaN,NaN,NaN,0,0,0.307636976242065
C001,C,1,NaN,NaN,NaN,0,0,0.299113988876343
C001,C,1,NaN,NaN,NaN,0,0,0.351323127746582
C001,C,NaN,1,0,NaN,NaN,0,NaN
C001,C,1,NaN,NaN,NaN,0,0,0.26929783821106
C001,C,1,NaN,NaN,NaN,0,0,0.273766040802002
C001,C,1,NaN,NaN,NaN,0,0,0.316015958786011
C001,C,1,NaN,NaN,NaN,0,0,0.311439990997314
C001,C,1,NaN,NaN,NaN,0,0,0.300396919250488
C001,C,NaN,1,0,NaN,NaN,0,NaN
C001,C,1,NaN,NaN,NaN,0,0,0.315542936325073
C001,C,1,NaN,NaN,NaN,0,0,0.276948928833008
C001,C,1,NaN,NaN,NaN,0,0,0.295647859573364
C001,C,1,NaN,NaN,NaN,0,0,0.315996885299683
C001,C,1,NaN,NaN,NaN,0,0,0.317535161972046
C001,C,1,NaN,NaN,NaN,0,0,0.402945995330811
C001,C,1,NaN,NaN,NaN,0,0,0.38288402557373
C001,C,NaN,1,0,NaN,NaN,0,NaN
C001,C,1,NaN,NaN,NaN,0,0,0.535212993621826
C001,C,1,NaN,NaN,NaN,0,0,0.584030866622925
C001,C,1,NaN,NaN,NaN,0,0,0.46754002571106
C001,C,1,NaN,NaN,NaN,0,0,0.335324048995972
C001,C,1,NaN,NaN,NaN,0,0,0.357419013977051
C001,C,1,NaN,NaN,NaN,0,0,0.312479019165039
C001,C,1,NaN,NaN,NaN,0,0,0.317231893539429
C001,C,NaN,1,0,NaN,NaN,0,NaN
C001,C,1,NaN,NaN,NaN,0,0,0.286212921142578
C001,C,1,NaN,NaN,NaN,0,0,0.279274940490723
C001,C,1,NaN,NaN,NaN,0,0,0.487495183944702
C001,C,1,NaN,NaN,NaN,0,0,0.28387188911438
C001,C,1,NaN,NaN,NaN,0,0,0.296024084091187
C001,C,1,NaN,NaN,NaN,0,0,0.289705991744995
C001,C,1,NaN,NaN,NaN,0,0,0.305097818374634
C001,C,1,NaN,NaN,NaN,0,0,0.280028820037842
C001,C,1,NaN,NaN,NaN,0,0,0.321638107299805
C001,C,1,NaN,NaN,NaN,0,0,0.274376153945923
C001,C,1,NaN,NaN,NaN,0,0,0.307727098464966
C001,C,NaN,1,0,NaN,NaN,0,NaN
C001,C,1,NaN,NaN,NaN,0,0,0.234097957611084
C001,C,1,NaN,NaN,NaN,0,0,0.254156112670898
C001,C,1,NaN,NaN,NaN,0,0,0.254899978637695
C001,C,1,NaN,NaN,NaN,0,0,0.290100812911987
C001,C,1,NaN,NaN,NaN,0,0,0.276562213897705
C001,C,1,NaN,NaN,NaN,0,0,0.30285120010376
C001,C,1,NaN,NaN,NaN,0,0,0.340744018554688
C001,C,1,NaN,NaN,NaN,0,0,0.313984870910645
C001,C,NaN,1,0,NaN,NaN,0,NaN
C001,C,1,NaN,NaN,NaN,0,0,0.268411874771118
C001,C,1,NaN,NaN,NaN,0,0,0.25091814994812
C001,C,1,NaN,NaN,NaN,0,0,0.279524087905884
C001,C,1,NaN,NaN,NaN,0,0,0.292865991592407
C001,C,1,NaN,NaN,NaN,0,0,0.270787000656128
C001,C,1,NaN,NaN,NaN,0,0,0.259326219558716
C001,C,1,NaN,NaN,NaN,0,0,0.324523210525513
C001,C,1,NaN,NaN,NaN,0,0,0.309890985488892
C001,C,1,NaN,NaN,NaN,0,0,0.310794830322266
C001,C,1,NaN,NaN,NaN,0,0,0.291323900222778
C001,C,NaN,1,0,NaN,NaN,0,NaN
C001,C,1,NaN,NaN,NaN,0,0,0.27492094039917
C001,C,1,NaN,NaN,NaN,0,0,0.258183002471924
C001,C,1,NaN,NaN,NaN,0,0,0.23528003692627
C001,C,1,NaN,NaN,NaN,0,0,0.251394033432007
C001,C,NaN,0,1,NaN,NaN,0,NaN
C001,C,1,NaN,NaN,NaN,0,0,0.309056997299194
C001,C,1,NaN,NaN,NaN,0,0,0.290557146072388
C001,C,1,NaN,NaN,NaN,0,0,0.285072088241577
C001,C,1,NaN,NaN,NaN,0,0,0.293004989624023
C001,C,1,NaN,NaN,NaN,0,0,0.29767107963562
C001,C,1,NaN,NaN,NaN,0,0,0.32271409034729
C001,C,1,NaN,NaN,NaN,0,0,0.296026945114136
C001,C,1,NaN,NaN,NaN,0,0,0.29909610748291
C001,C,1,NaN,NaN,NaN,0,0,0.32390022277832
C001,C,NaN,1,0,NaN,NaN,0,NaN
C001,C,1,NaN,NaN,NaN,0,0,0.247144937515259
C001,C,1,NaN,NaN,NaN,0,0,0.277204990386963
C001,C,1,NaN,NaN,NaN,0,0,0.334618091583252
C001,C,1,NaN,NaN,NaN,0,0,0.288604974746704
C001,C,1,NaN,NaN,NaN,0,0,0.240881204605103
C001,C,1,NaN,NaN,NaN,0,0,0.270807027816772
C001,C,NaN,1,0,NaN,NaN,0,NaN
C001,C,1,NaN,NaN,NaN,0,0,0.243608951568604
C001,C,1,NaN,NaN,NaN,0,0,0.240397214889526
C001,C,1,NaN,NaN,NaN,0,0,0.251721858978271
C001,C,1,NaN,NaN,NaN,0,0,0.325777053833008
C001,C,1,NaN,NaN,NaN,0,0,0.486649990081787
C001,C,1,NaN,NaN,NaN,0,0,0.291399955749512
C001,C,1,NaN,NaN,NaN,0,0,0.503987073898315
C001,C,1,NaN,NaN,NaN,0,0,0.341276884078979
C001,C,NaN,1,0,NaN,NaN,0,NaN
C001,C,1,NaN,NaN,NaN,0,0,0.257231950759888
C001,C,1,NaN,NaN,NaN,0,0,0.293763875961304
C001,C,1,NaN,NaN,NaN,0,0,0.26466703414917
C001,C,1,NaN,NaN,NaN,0,0,0.28156590461731
C001,C,1,NaN,NaN,NaN,0,0,0.281950950622559
C001,C,1,NaN,NaN,NaN,0,0,0.270862102508545
C001,C,1,NaN,NaN,NaN,0,0,0.284454822540283
C001,C,1,NaN,NaN,NaN,0,0,0.295671939849854
C001,C,1,NaN,NaN,NaN,0,0,0.313285827636719
C001,C,NaN,0,1,NaN,NaN,0,NaN
C001,C,1,NaN,NaN,NaN,0,0,0.23115611076355
C001,C,1,NaN,NaN,NaN,0,0,0.229307889938354
C001,C,1,NaN,NaN,NaN,0,0,0.271015882492065
C001,C,1,NaN,NaN,NaN,0,0,0.240485906600952
C001,C,1,NaN,NaN,NaN,0,0,0.326362133026123
C001,C,1,NaN,NaN,NaN,0,0,0.317368030548096
C001,C,1,NaN,NaN,NaN,0,0,0.314820051193237
C001,C,1,NaN,NaN,NaN,0,0,0.309445142745972
C001,C,NaN,0,1,NaN,NaN,0,NaN
C001,C,1,NaN,NaN,NaN,0,0,0.268028974533081
C001,C,1,NaN,NaN,NaN,0,0,0.264322996139526
C001,C,1,NaN,NaN,NaN,0,0,0.258081912994385
C001,C,1,NaN,NaN,NaN,0,0,0.263084888458252
C001,C,1,NaN,NaN,NaN,0,0,0.280197143554688
C001,C,1,NaN,NaN,NaN,0,0,0.26311993598938
C001,C,1,NaN,NaN,NaN,0,0,0.338385105133057
C001,C,1,NaN,NaN,NaN,0,0,0.346995115280151
C001,C,1,NaN,NaN,NaN,0,0,0.319189071655273
C001,C,NaN,1,0,NaN,NaN,0,NaN
C001,C,1,NaN,NaN,NaN,0,0,0.251583814620972
C001,C,1,NaN,NaN,NaN,0,0,0.232240915298462
C001,C,1,NaN,NaN,NaN,0,0,0.281923055648804
C001,C,1,NaN,NaN,NaN,0,0,0.282304048538208
C001,C,1,NaN,NaN,NaN,0,0,0.257471799850464
C001,C,1,NaN,NaN,NaN,0,0,0.394852876663208
C001,C,1,NaN,NaN,NaN,0,0,0.328305959701538
C001,C,NaN,1,0,NaN,NaN,0,NaN
C001,C,1,NaN,NaN,NaN,0,0,0.265724897384644
C001,C,1,NaN,NaN,NaN,0,0,0.327150106430054
C001,C,1,NaN,NaN,NaN,0,0,0.309141874313354
C001,C,1,NaN,NaN,NaN,0,0,0.301674127578735
C001,C,1,NaN,NaN,NaN,0,0,0.305742025375366
C001,C,1,NaN,NaN,NaN,0,0,0.327255964279175
C001,C,1,NaN,NaN,NaN,0,0,0.328407049179077
C001,C,NaN,1,0,NaN,NaN,0,NaN
C001,C,1,NaN,NaN,NaN,0,0,0.235109090805054
C001,C,1,NaN,NaN,NaN,0,0,0.270908117294312
C001,C,1,NaN,NaN,NaN,0,0,0.296305894851685
C001,C,1,NaN,NaN,NaN,0,0,0.256876945495605
C001,C,1,NaN,NaN,NaN,0,0,0.311981916427612
C001,C,1,NaN,NaN,NaN,0,0,0.272387027740479
C001,C,1,NaN,NaN,NaN,0,0,0.268522024154663
C001,C,1,NaN,NaN,NaN,0,0,0.299615144729614
C001,C,NaN,0,1,NaN,NaN,0,NaN
C001,C,1,NaN,NaN,NaN,0,0,0.251919984817505
C001,C,1,NaN,NaN,NaN,0,0,0.301270961761475
C001,C,1,NaN,NaN,NaN,0,0,0.246680021286011
C001,C,1,NaN,NaN,NaN,0,0,0.307893991470337
C001,C,1,NaN,NaN,NaN,0,0,0.289289951324463
C001,C,1,NaN,NaN,NaN,0,0,0.295245170593262
C001,C,1,NaN,NaN,NaN,0,0,0.264502048492432
C001,C,1,NaN,NaN,NaN,0,0,0.294504880905151
C001,C,1,NaN,NaN,NaN,0,0,0.310735940933228
C001,C,1,NaN,NaN,NaN,0,0,0.304322957992554
C001,C,1,NaN,NaN,NaN,0,0,0.322179079055786
C001,C,NaN,1,0,NaN,NaN,0,NaN
C001,C,1,NaN,NaN,NaN,0,0,0.253643989562988
C001,C,1,NaN,NaN,NaN,0,0,0.251788854598999
C001,C,1,NaN,NaN,NaN,0,0,0.316642999649048
C001,C,1,NaN,NaN,NaN,0,0,0.290748119354248
C001,C,1,NaN,NaN,NaN,0,0,0.33966588973999
C001,C,NaN,1,0,NaN,NaN,0,NaN
C001,C,1,NaN,NaN,NaN,0,0,0.232069969177246
C001,C,1,NaN,NaN,NaN,0,0,0.268762111663818
C001,C,1,NaN,NaN,NaN,0,0,0.27546501159668
C001,C,1,NaN,NaN,NaN,0,0,0.314013957977295
C001,C,1,NaN,NaN,NaN,0,0,0.311109066009521
C001,C,1,NaN,NaN,NaN,0,0,0.334523916244507
C001,C,1,NaN,NaN,NaN,0,0,0.339759826660156
C001,C,1,NaN,NaN,NaN,0,0,0.3280189037323
C001,C,1,NaN,NaN,NaN,0,0,0.310207843780518
C001,C,1,NaN,NaN,NaN,0,0,0.419571876525879
C001,C,1,NaN,NaN,NaN,0,0,0.345383882522583
C001,C,1,NaN,NaN,NaN,0,0,0.328449010848999
C001,C,1,NaN,NaN,NaN,0,0,0.312118053436279
C001,C,NaN,1,0,NaN,NaN,0,NaN
C001,C,1,NaN,NaN,NaN,0,0,0.258780002593994
C001,C,1,NaN,NaN,NaN,0,0,0.243235111236572
C001,C,1,NaN,NaN,NaN,0,0,0.310009002685547
C001,C,1,NaN,NaN,NaN,0,0,0.288907766342163
C001,C,1,NaN,NaN,NaN,0,0,0.296907901763916
C001,C,NaN,0,1,NaN,NaN,0,NaN
C001,C,1,NaN,NaN,NaN,0,0,0.254050970077515
C001,C,1,NaN,NaN,NaN,0,0,0.322221994400024
C001,C,1,NaN,NaN,NaN,0,0,0.282227993011475
C001,C,1,NaN,NaN,NaN,0,0,0.361912965774536
C001,C,1,NaN,NaN,NaN,0,0,0.311078071594238
C001,C,1,NaN,NaN,NaN,0,0,0.278356075286865
C001,C,1,NaN,NaN,NaN,0,0,0.251154899597168
C001,C,1,NaN,NaN,NaN,0,0,0.304798126220703
C001,C,1,NaN,NaN,NaN,0,0,0.303852081298828
C001,C,1,NaN,NaN,NaN,0,0,0.304558038711548
C001,C,1,NaN,NaN,NaN,0,0,0.304481029510498
C001,C,1,NaN,NaN,NaN,0,0,0.291956901550293
C001,C,NaN,1,0,NaN,NaN,0,NaN
C001,C,1,NaN,NaN,NaN,0,0,0.242396116256714
C001,C,1,NaN,NaN,NaN,0,0,0.322359085083008
C001,C,1,NaN,NaN,NaN,0,0,0.36470890045166
C001,C,1,NaN,NaN,NaN,0,0,0.586212873458862
C001,C,1,NaN,NaN,NaN,0,0,0.270270109176636
C001,C,1,NaN,NaN,NaN,0,0,0.327140092849731
C001,C,1,NaN,NaN,NaN,0,0,0.32589316368103
C001,C,1,NaN,NaN,NaN,0,0,0.318609952926636
C001,C,NaN,1,0,NaN,NaN,0,NaN
C001,C,1,NaN,NaN,NaN,0,0,0.291643857955933
C001,C,1,NaN,NaN,NaN,0,0,0.260366201400757
C001,C,1,NaN,NaN,NaN,0,0,0.260854959487915
C001,C,1,NaN,NaN,NaN,0,0,0.252824068069458
C001,C,1,NaN,NaN,NaN,0,0,0.270165205001831
C001,C,1,NaN,NaN,NaN,0,0,0.336907863616943
C001,C,NaN,1,0,NaN,NaN,0,NaN
C001,C,1,NaN,NaN,NaN,0,0,0.234261989593506
C001,C,1,NaN,NaN,NaN,0,0,0.210059881210327
C001,C,1,NaN,NaN,NaN,0,0,0.239055871963501
C001,C,1,NaN,NaN,NaN,0,0,0.239437103271484
C001,C,1,NaN,NaN,NaN,0,0,0.35380482673645
C001,C,1,NaN,NaN,NaN,0,0,0.308876037597656
C001,C,NaN,1,0,NaN,NaN,0,NaN
C001,C,1,NaN,NaN,NaN,0,0,0.219038009643555
C001,C,1,NaN,NaN,NaN,0,0,0.26499605178833
C001,C,1,NaN,NaN,NaN,0,0,0.222012042999268
C001,C,1,NaN,NaN,NaN,0,0,0.254831075668335
C001,C,1,NaN,NaN,NaN,0,0,0.264220952987671
C001,C,1,NaN,NaN,NaN,0,0,0.269121885299683
C001,C,1,NaN,NaN,NaN,0,0,0.51399302482605
C001,C,NaN,1,0,NaN,NaN,0,NaN
C001,C,1,NaN,NaN,NaN,0,0,0.18871808052063
C001,C,1,NaN,NaN,NaN,0,0,0.288336992263794
C001,C,1,NaN,NaN,NaN,0,0,0.298471927642822
C001,C,1,NaN,NaN,NaN,0,0,0.251342058181763
C001,C,1,NaN,NaN,NaN,0,0,0.302114963531494
C001,C,1,NaN,NaN,NaN,0,0,0.272634029388428
C001,C,1,NaN,NaN,NaN,0,0,0.266873836517334
C001,C,1,NaN,NaN,NaN,0,0,0.30098295211792
C001,C,1,NaN,NaN,NaN,0,0,0.317805051803589
C001,C,1,NaN,NaN,NaN,0,0,0.279621124267578
C001,C,1,NaN,NaN,NaN,0,0,0.309316158294678
C001,C,NaN,1,0,NaN,NaN,0,NaN
C001,C,1,NaN,NaN,NaN,0,0,0.367039203643799
C001,C,1,NaN,NaN,NaN,0,0,0.331881046295166
C001,C,1,NaN,NaN,NaN,0,0,0.278150081634521
C001,C,1,NaN,NaN,NaN,0,0,0.282119035720825
C001,C,1,NaN,NaN,NaN,0,0,0.276479005813599
C001,C,1,NaN,NaN,NaN,0,0,0.304641962051392
C001,C,NaN,0,1,NaN,NaN,0,NaN
C001,C,1,NaN,NaN,NaN,0,0,0.25862717628479
C001,C,1,NaN,NaN,NaN,0,0,0.236376047134399
C001,C,1,NaN,NaN,NaN,0,0,0.181962966918945
C001,C,1,NaN,NaN,NaN,0,0,0.252558946609497
C001,C,1,NaN,NaN,NaN,0,0,0.275060892105103
C001,C,1,NaN,NaN,NaN,0,0,0.225888013839722
C001,C,1,NaN,NaN,NaN,0,0,0.286134004592896
C001,C,1,NaN,NaN,NaN,0,0,0.253210067749023
C001,C,1,NaN,NaN,NaN,0,0,0.315859079360962
C001,C,NaN,1,0,NaN,NaN,0,NaN
C001,C,1,NaN,NaN,NaN,0,0,0.223734855651855
C001,C,1,NaN,NaN,NaN,0,0,0.212610960006714
C001,C,1,NaN,NaN,NaN,0,0,0.295083999633789
C001,C,1,NaN,NaN,NaN,0,0,0.256576061248779
C001,C,1,NaN,NaN,NaN,0,0,0.233422040939331
C001,C,1,NaN,NaN,NaN,0,0,0.314792156219482
C001,C,NaN,0,1,NaN,NaN,0,NaN
C001,C,0,NaN,NaN,NaN,1,0,NaN
C001,C,1,NaN,NaN,NaN,0,0,0.228569984436035
C001,C,1,NaN,NaN,NaN,0,0,0.241625070571899
C001,C,1,NaN,NaN,NaN,0,0,0.227300882339478
C001,C,1,NaN,NaN,NaN,0,0,0.285851955413818
C001,C,1,NaN,NaN,NaN,0,0,0.298973798751831
C001,C,1,NaN,NaN,NaN,0,0,0.332649946212769
C001,C,1,NaN,NaN,NaN,0,0,0.294443845748901
C001,C,1,NaN,NaN,NaN,0,0,0.264878988265991
C001,C,NaN,1,0,NaN,NaN,0,NaN
C001,C,1,NaN,NaN,NaN,0,0,0.327666044235229
C001,C,1,NaN,NaN,NaN,0,0,0.286510944366455
C001,C,1,NaN,NaN,NaN,0,0,0.268954038619995
C001,C,1,NaN,NaN,NaN,0,0,0.275213956832886
C001,C,1,NaN,NaN,NaN,0,0,0.228872060775757
C001,C,1,NaN,NaN,NaN,0,0,0.237020015716553
C001,C,NaN,1,0,NaN,NaN,0,NaN
C001,C,1,NaN,NaN,NaN,0,0,0.233294010162354
C001,C,1,NaN,NaN,NaN,0,0,0.242679119110107
C001,C,1,NaN,NaN,NaN,0,0,0.250071048736572
C001,C,1,NaN,NaN,NaN,0,0,0.32741117477417
C001,C,1,NaN,NaN,NaN,0,0,0.251188039779663
C001,C,1,NaN,NaN,NaN,0,0,0.228573083877563
C001,C,1,NaN,NaN,NaN,0,0,0.269567966461182
C001,C,1,NaN,NaN,NaN,0,0,0.268251895904541
C001,C,1,NaN,NaN,NaN,0,0,0.301548004150391
C001,C,1,NaN,NaN,NaN,0,0,0.300831079483032
C001,C,NaN,1,0,NaN,NaN,0,NaN
C001,C,1,NaN,NaN,NaN,0,0,0.291782140731812
C001,C,1,NaN,NaN,NaN,0,0,0.271292924880981
C001,C,1,NaN,NaN,NaN,0,0,0.274350881576538
C001,C,1,NaN,NaN,NaN,0,0,0.312408924102783
C001,C,1,NaN,NaN,NaN,0,0,0.272236108779907
C001,C,1,NaN,NaN,NaN,0,0,0.288581132888794
C001,C,1,NaN,NaN,NaN,0,0,0.311454057693481
C001,C,NaN,1,0,NaN,NaN,0,NaN
C001,C,1,NaN,NaN,NaN,0,0,0.649159908294678
C001,C,1,NaN,NaN,NaN,0,0,0.27189302444458
C001,C,1,NaN,NaN,NaN,0,0,0.458662986755371
C001,C,1,NaN,NaN,NaN,0,0,0.270302057266235
C001,C,1,NaN,NaN,NaN,0,0,0.297028064727783
C001,C,1,NaN,NaN,NaN,0,0,0.280505895614624
C001,C,1,NaN,NaN,NaN,0,0,0.296777963638306
C001,C,1,NaN,NaN,NaN,0,0,0.290115118026733
C001,C,1,NaN,NaN,NaN,0,0,0.238631963729858
C001,C,1,NaN,NaN,NaN,0,0,0.2621009349823
C001,C,NaN,0,1,NaN,NaN,0,NaN
C001,C,1,NaN,NaN,NaN,0,0,0.281569004058838
C001,C,1,NaN,NaN,NaN,0,0,NaN
C001,C,1,NaN,NaN,NaN,0,0,0.290163993835449
C001,C,1,NaN,NaN,NaN,0,0,0.319669008255005
C001,C,1,NaN,NaN,NaN,0,0,0.316689968109131
C001,C,1,NaN,NaN,NaN,0,0,0.324474811553955
C001,C,1,NaN,NaN,NaN,0,0,0.264501094818115
C001,C,NaN,1,0,NaN,NaN,0,NaN
C001,C,1,NaN,NaN,NaN,0,0,0.239315986633301
C001,C,1,NaN,NaN,NaN,0,0,0.264461040496826
C001,C,1,NaN,NaN,NaN,0,0,0.249112844467163
C001,C,1,NaN,NaN,NaN,0,0,0.276365995407104
C001,C,1,NaN,NaN,NaN,0,0,0.300122022628784
C001,C,1,NaN,NaN,NaN,0,0,0.282390117645264
C001,C,1,NaN,NaN,NaN,0,0,0.335385084152222
C001,C,1,NaN,NaN,NaN,0,0,0.294286966323853
C001,C,1,NaN,NaN,NaN,0,0,0.342288017272949
C001,C,1,NaN,NaN,NaN,0,0,0.367962121963501
C001,C,1,NaN,NaN,NaN,0,0,0.465934038162231
C001,C,1,NaN,NaN,NaN,0,0,0.520804882049561
C001,C,NaN,0,1,NaN,NaN,0,NaN
C001,C,1,NaN,NaN,NaN,0,0,0.293079853057861
C001,C,1,NaN,NaN,NaN,0,0,0.278301954269409
C001,C,1,NaN,NaN,NaN,0,0,0.315822839736938
C001,C,NaN,0,1,NaN,NaN,0,NaN
C001,C,1,NaN,NaN,NaN,0,0,0.270164012908936
C001,C,1,NaN,NaN,NaN,0,0,0.246097087860107
C001,C,1,NaN,NaN,NaN,0,0,0.255988121032715
C001,C,1,NaN,NaN,NaN,0,0,0.234105110168457
C001,C,1,NaN,NaN,NaN,0,0,0.289509057998657
C001,C,1,NaN,NaN,NaN,0,0,0.266122102737427
C001,C,1,NaN,NaN,NaN,0,0,0.287621021270752
C001,C,1,NaN,NaN,NaN,0,0,0.288154125213623
C001,C,1,NaN,NaN,NaN,0,0,0.337532997131348
C001,C,1,NaN,NaN,NaN,0,0,0.353832960128784
C001,C,NaN,1,0,NaN,NaN,0,NaN
C001,C,1,NaN,NaN,NaN,0,0,0.305627107620239
C001,C,1,NaN,NaN,NaN,0,0,0.260623931884766
C001,C,1,NaN,NaN,NaN,0,0,0.249207973480225
C001,C,1,NaN,NaN,NaN,0,0,0.272398948669434
C001,C,1,NaN,NaN,NaN,0,0,0.233628034591675
C001,C,1,NaN,NaN,NaN,0,0,0.296226024627686
C001,C,1,NaN,NaN,NaN,0,0,0.318847179412842
C001,C,NaN,1,0,NaN,NaN,0,NaN
C001,C,1,NaN,NaN,NaN,0,0,NaN
C001,C,1,NaN,NaN,NaN,0,0,0.237664937973022
C001,C,1,NaN,NaN,NaN,0,0,0.232445955276489
C001,C,1,NaN,NaN,NaN,0,0,0.269407033920288
C001,C,1,NaN,NaN,NaN,0,0,0.28426194190979
C001,C,1,NaN,NaN,NaN,0,0,0.261043071746826
C001,C,1,NaN,NaN,NaN,0,0,0.321977853775024
C001,C,1,NaN,NaN,NaN,0,0,0.378776788711548
C001,C,1,NaN,NaN,NaN,0,0,0.300018072128296
C001,C,1,NaN,NaN,NaN,0,0,0.301636219024658
C001,C,1,NaN,NaN,NaN,0,0,0.37127685546875
C001,C,1,NaN,NaN,NaN,0,0,0.333905935287476
C001,C,NaN,1,0,NaN,NaN,0,NaN
C001,C,1,NaN,NaN,NaN,0,0,0.262172937393188
C001,C,1,NaN,NaN,NaN,0,0,0.230713844299316
C001,C,1,NaN,NaN,NaN,0,0,0.309871196746826
C001,C,1,NaN,NaN,NaN,0,0,0.306807041168213
C001,C,1,NaN,NaN,NaN,0,0,0.319957971572876
C001,C,1,NaN,NaN,NaN,0,0,0.270190954208374
C001,C,NaN,0,1,NaN,NaN,0,NaN
C001,C,1,NaN,NaN,NaN,0,0,0.236953973770142
C001,C,1,NaN,NaN,NaN,0,0,0.211268186569214
C001,C,1,NaN,NaN,NaN,0,0,0.225090026855469
C001,C,1,NaN,NaN,NaN,0,0,0.213506937026978
C001,C,1,NaN,NaN,NaN,0,0,0.24075984954834
C001,C,1,NaN,NaN,NaN,0,0,0.31007719039917
C001,C,1,NaN,NaN,NaN,0,0,0.318053007125854
C001,C,1,NaN,NaN,NaN,0,0,0.267364978790283
C001,C,NaN,1,0,NaN,NaN,0,NaN
C001,C,1,NaN,NaN,NaN,0,0,0.257663011550903
C001,C,1,NaN,NaN,NaN,0,0,0.282546043395996
C001,C,1,NaN,NaN,NaN,0,0,0.267915010452271
C001,C,1,NaN,NaN,NaN,0,0,0.302712917327881
C001,C,1,NaN,NaN,NaN,0,0,0.283184051513672
C001,C,1,NaN,NaN,NaN,0,0,0.305143117904663
C001,C,1,NaN,NaN,NaN,0,0,0.406700134277344
C001,C,1,NaN,NaN,NaN,0,0,0.323428153991699
C001,C,1,NaN,NaN,NaN,0,0,0.331748962402344
C001,C,1,NaN,NaN,NaN,0,0,0.324277877807617
C001,C,NaN,1,0,NaN,NaN,0,NaN
C001,C,1,NaN,NaN,NaN,0,0,0.283812046051025
C001,C,1,NaN,NaN,NaN,0,0,0.241330862045288
C001,C,1,NaN,NaN,NaN,0,0,0.250747919082642
C001,C,NaN,1,0,NaN,NaN,0,NaN
C001,C,1,NaN,NaN,NaN,0,0,0.228142023086548
C001,C,1,NaN,NaN,NaN,0,0,0.228243112564087
C001,C,1,NaN,NaN,NaN,0,0,0.258183002471924
C001,C,1,NaN,NaN,NaN,0,0,0.301801919937134
C001,C,1,NaN,NaN,NaN,0,0,0.384017944335938
C001,C,1,NaN,NaN,NaN,0,0,0.332803010940552
C001,C,1,NaN,NaN,NaN,0,0,0.340585947036743
C001,C,1,NaN,NaN,NaN,0,0,0.321770191192627
C001,C,1,NaN,NaN,NaN,0,0,0.367556095123291
C001,C,1,NaN,NaN,NaN,0,0,0.34029221534729
C001,C,NaN,0,1,NaN,NaN,0,NaN
C001,C,1,NaN,NaN,NaN,0,0,0.258226871490479
C001,C,1,NaN,NaN,NaN,0,0,0.338125944137573
C001,C,1,NaN,NaN,NaN,0,0,0.270999908447266
C001,C,1,NaN,NaN,NaN,0,0,0.306241035461426
C001,C,1,NaN,NaN,NaN,0,0,0.315787076950073
C001,C,1,NaN,NaN,NaN,0,0,0.363086938858032
C001,C,1,NaN,NaN,NaN,0,0,0.385442018508911
C001,C,1,NaN,NaN,NaN,0,0,0.296000003814697
C001,C,1,NaN,NaN,NaN,0,0,0.334924936294556
C001,C,1,NaN,NaN,NaN,0,0,0.364638090133667
C001,C,NaN,1,0,NaN,NaN,0,NaN
C001,C,1,NaN,NaN,NaN,0,0,0.259772062301636
C001,C,1,NaN,NaN,NaN,0,0,0.242454051971436
C001,C,1,NaN,NaN,NaN,0,0,0.26250696182251
C001,C,1,NaN,NaN,NaN,0,0,0.28531813621521
C001,C,1,NaN,NaN,NaN,0,0,0.258774042129517
C001,C,NaN,0,1,NaN,NaN,0,NaN
C001,C,1,NaN,NaN,NaN,0,0,NaN
C001,C,1,NaN,NaN,NaN,0,0,NaN
C001,C,1,NaN,NaN,NaN,0,0,0.279809951782227
C001,C,1,NaN,NaN,NaN,0,0,0.270766019821167
C001,C,1,NaN,NaN,NaN,0,0,0.28665018081665
C001,C,1,NaN,NaN,NaN,0,0,0.303905963897705
C001,C,1,NaN,NaN,NaN,0,0,0.296787023544312
C001,C,1,NaN,NaN,NaN,0,0,0.299788951873779
C001,C,1,NaN,NaN,NaN,0,0,0.304740190505981
C001,C,1,NaN,NaN,NaN,0,0,0.323145866394043
C001,C,NaN,1,0,NaN,NaN,0,NaN
C001,C,1,NaN,NaN,NaN,0,0,0.298043966293335
C001,C,1,NaN,NaN,NaN,0,0,0.245981931686401
C001,C,1,NaN,NaN,NaN,0,0,0.279107809066772
C001,C,1,NaN,NaN,NaN,0,0,0.316272020339966
C001,C,1,NaN,NaN,NaN,0,0,0.272915124893188
C001,C,NaN,1,0,NaN,NaN,0,NaN
C001,C,1,NaN,NaN,NaN,0,0,0.258924007415771
C001,C,1,NaN,NaN,NaN,0,0,NaN
C001,C,1,NaN,NaN,NaN,0,0,0.30385684967041
C001,C,1,NaN,NaN,NaN,0,0,0.396275043487549
C001,C,1,NaN,NaN,NaN,0,0,0.321000099182129
C001,C,1,NaN,NaN,NaN,0,0,0.333528995513916
C001,C,1,NaN,NaN,NaN,0,0,0.293748140335083
C001,C,1,NaN,NaN,NaN,0,0,0.346493005752563
C001,C,1,NaN,NaN,NaN,0,0,0.300467014312744
C001,C,1,NaN,NaN,NaN,0,0,0.317147016525269
C001,C,NaN,1,0,NaN,NaN,0,NaN
C001,C,1,NaN,NaN,NaN,0,0,0.247807025909424
C001,C,1,NaN,NaN,NaN,0,0,0.238618135452271
C001,C,1,NaN,NaN,NaN,0,0,0.237187147140503
C001,C,1,NaN,NaN,NaN,0,0,0.261497020721436
C001,C,1,NaN,NaN,NaN,0,0,0.287497043609619
C001,C,1,NaN,NaN,NaN,0,0,0.289320945739746
C001,C,1,NaN,NaN,NaN,0,0,0.32223105430603
C001,C,1,NaN,NaN,NaN,0,0,0.305233001708984
C001,C,NaN,1,0,NaN,NaN,0,NaN
C001,C,1,NaN,NaN,NaN,0,0,0.247339010238647
C001,C,1,NaN,NaN,NaN,0,0,0.243596792221069
C001,C,1,NaN,NaN,NaN,0,0,0.254231214523315
C001,C,1,NaN,NaN,NaN,0,0,0.292623043060303
C001,C,1,NaN,NaN,NaN,0,0,0.325372934341431
C001,C,NaN,1,0,NaN,NaN,0,NaN
C001,C,1,NaN,NaN,NaN,0,0,0.270779848098755
C001,C,1,NaN,NaN,NaN,0,0,0.250070095062256
C001,C,1,NaN,NaN,NaN,0,0,0.292654991149902
C001,C,1,NaN,NaN,NaN,0,0,0.273892164230347
C001,C,1,NaN,NaN,NaN,0,0,0.244263172149658
C001,C,1,NaN,NaN,NaN,0,0,0.275557041168213
C001,C,1,NaN,NaN,NaN,0,0,0.312825202941895
C001,C,1,NaN,NaN,NaN,0,0,0.29800009727478
C001,C,1,NaN,NaN,NaN,0,0,0.334702014923096
C001,C,1,NaN,NaN,NaN,0,0,0.319534063339233
C001,C,1,NaN,NaN,NaN,0,0,0.304553031921387
C001,C,1,NaN,NaN,NaN,0,0,0.353196144104004
C001,C,1,NaN,NaN,NaN,0,0,0.269542932510376
C001,C,1,NaN,NaN,NaN,0,0,0.254247188568115
C001,C,NaN,0,1,NaN,NaN,0,NaN
C001,C,1,NaN,NaN,NaN,0,0,0.254095792770386
C001,C,1,NaN,NaN,NaN,0,0,0.222372055053711
C001,C,1,NaN,NaN,NaN,0,0,0.237632989883423
C001,C,1,NaN,NaN,NaN,0,0,0.230998039245605
C001,C,1,NaN,NaN,NaN,0,0,0.227266073226929
C001,C,1,NaN,NaN,NaN,0,0,0.252593040466309
C001,C,NaN,1,0,NaN,NaN,0,NaN
C001,C,1,NaN,NaN,NaN,0,0,0.396281003952026
C001,C,1,NaN,NaN,NaN,0,0,0.246395826339722
C001,C,1,NaN,NaN,NaN,0,0,0.267566919326782
C001,C,1,NaN,NaN,NaN,0,0,0.245191097259521
C001,C,1,NaN,NaN,NaN,0,0,0.273871183395386
C001,C,1,NaN,NaN,NaN,0,0,0.287158966064453
C001,C,1,NaN,NaN,NaN,0,0,0.310256958007812
C001,C,1,NaN,NaN,NaN,0,0,0.318140983581543
C001,C,1,NaN,NaN,NaN,0,0,0.26064920425415
C001,C,NaN,0,1,NaN,NaN,0,NaN
C001,C,1,NaN,NaN,NaN,0,0,0.298712015151978
C001,C,1,NaN,NaN,NaN,0,0,NaN
C001,C,1,NaN,NaN,NaN,0,0,0.275195121765137
C001,C,1,NaN,NaN,NaN,0,0,0.406054019927979
C001,C,NaN,1,0,NaN,NaN,0,NaN
C001,C,1,NaN,NaN,NaN,0,0,0.297469139099121
C001,C,1,NaN,NaN,NaN,0,0,0.298634052276611
C001,C,1,NaN,NaN,NaN,0,0,0.284226894378662
C001,C,1,NaN,NaN,NaN,0,0,0.392602920532227
C001,C,1,NaN,NaN,NaN,0,0,0.319521903991699
C001,C,1,NaN,NaN,NaN,0,0,0.372123003005981
C001,C,1,NaN,NaN,NaN,0,0,0.305379152297974
C001,C,1,NaN,NaN,NaN,0,0,0.249614953994751
C001,C,1,NaN,NaN,NaN,0,0,0.284294843673706
C001,C,NaN,1,0,NaN,NaN,0,NaN
C001,C,1,NaN,NaN,NaN,0,0,0.228037118911743
C001,C,1,NaN,NaN,NaN,0,0,0.261725187301636
C001,C,1,NaN,NaN,NaN,0,0,0.242165088653564
C001,C,1,NaN,NaN,NaN,0,0,0.24639892578125
C001,C,1,NaN,NaN,NaN,0,0,0.300619840621948
C001,C,1,NaN,NaN,NaN,0,0,0.311933040618896
C001,C,1,NaN,NaN,NaN,0,0,0.296216011047363
C001,C,1,NaN,NaN,NaN,0,0,0.354465007781982
C001,C,1,NaN,NaN,NaN,0,0,0.333029985427856
C001,C,1,NaN,NaN,NaN,0,0,0.341563940048218
C001,C,1,NaN,NaN,NaN,0,0,0.31560206413269
C001,C,NaN,1,0,NaN,NaN,0,NaN
C001,C,1,NaN,NaN,NaN,0,0,0.225242137908936
C001,C,1,NaN,NaN,NaN,0,0,0.287843942642212
C001,C,1,NaN,NaN,NaN,0,0,0.27541184425354
C001,C,1,NaN,NaN,NaN,0,0,0.299831867218018
C001,C,1,NaN,NaN,NaN,0,0,0.315587043762207
C001,C,NaN,1,0,NaN,NaN,0,NaN
C001,C,1,NaN,NaN,NaN,0,0,0.291512966156006
C001,C,1,NaN,NaN,NaN,0,0,0.276242017745972
C001,C,1,NaN,NaN,NaN,0,0,0.28098201751709
C001,C,1,NaN,NaN,NaN,0,0,0.303593873977661
C001,C,1,NaN,NaN,NaN,0,0,0.321808099746704
C001,C,1,NaN,NaN,NaN,0,0,0.370622873306274
C001,C,1,NaN,NaN,NaN,0,0,0.320245027542114
C001,C,1,NaN,NaN,NaN,0,0,0.333189010620117
C001,C,1,NaN,NaN,NaN,0,0,0.378419876098633
C001,C,1,NaN,NaN,NaN,0,0,0.403714895248413
C001,C,NaN,1,0,NaN,NaN,0,NaN
C001,C,1,NaN,NaN,NaN,0,0,0.224951982498169
C001,C,1,NaN,NaN,NaN,0,0,0.218236207962036
C001,C,1,NaN,NaN,NaN,0,0,0.282911777496338
C001,C,1,NaN,NaN,NaN,0,0,0.29236102104187
C001,C,1,NaN,NaN,NaN,0,0,0.318259000778198
C001,C,1,NaN,NaN,NaN,0,0,0.31154203414917
C001,C,1,NaN,NaN,NaN,0,0,0.560126066207886
C001,C,1,NaN,NaN,NaN,0,0,0.271501064300537
C001,C,1,NaN,NaN,NaN,0,0,0.228550910949707
C001,C,1,NaN,NaN,NaN,0,0,0.289043188095093
C001,C,1,NaN,NaN,NaN,0,0,0.24653697013855
C001,C,NaN,0,1,NaN,NaN,0,NaN
C001,C,1,NaN,NaN,NaN,0,0,0.21333909034729
C001,C,1,NaN,NaN,NaN,0,0,0.178243160247803
C001,C,1,NaN,NaN,NaN,0,0,0.191399097442627
C001,C,1,NaN,NaN,NaN,0,0,0.234758853912354
C001,C,1,NaN,NaN,NaN,0,0,0.261105060577393
C001,C,1,NaN,NaN,NaN,0,0,0.254255056381226
C001,C,1,NaN,NaN,NaN,0,0,0.267417907714844
C001,C,1,NaN,NaN,NaN,0,0,0.294945001602173
C001,C,NaN,1,0,NaN,NaN,0,NaN
C001,C,1,NaN,NaN,NaN,0,0,0.18657112121582
C001,C,1,NaN,NaN,NaN,0,0,0.238717079162598
C001,C,1,NaN,NaN,NaN,0,0,0.24362587928772
C001,C,1,NaN,NaN,NaN,0,0,0.268862009048462
C001,C,1,NaN,NaN,NaN,0,0,0.275851964950562
C001,C,NaN,0,1,NaN,NaN,0,NaN
C001,C,1,NaN,NaN,NaN,0,0,0.421743154525757
C001,C,1,NaN,NaN,NaN,0,0,0.255839109420776
C001,C,1,NaN,NaN,NaN,0,0,0.272574901580811
C001,C,1,NaN,NaN,NaN,0,0,0.250962018966675
C001,C,1,NaN,NaN,NaN,0,0,0.237168073654175
C001,C,1,NaN,NaN,NaN,0,0,0.225448846817017
C001,C,1,NaN,NaN,NaN,0,0,0.270265102386475
C001,C,NaN,1,0,NaN,NaN,0,NaN
C001,C,1,NaN,NaN,NaN,0,0,0.215725898742676
C001,C,1,NaN,NaN,NaN,0,0,0.211357116699219
C001,C,1,NaN,NaN,NaN,0,0,0.15306282043457
C001,C,1,NaN,NaN,NaN,0,0,0.204467058181763
C001,C,1,NaN,NaN,NaN,0,0,0.250235080718994
C001,C,1,NaN,NaN,NaN,0,0,0.262634992599487
C001,C,1,NaN,NaN,NaN,0,0,0.242627143859863
C001,C,1,NaN,NaN,NaN,0,0,0.264986991882324
C001,C,NaN,0,1,NaN,NaN,0,NaN
C001,C,1,NaN,NaN,NaN,0,0,0.305803060531616
C001,C,1,NaN,NaN,NaN,0,0,0.234468936920166
C001,C,1,NaN,NaN,NaN,0,0,0.256128787994385
C001,C,1,NaN,NaN,NaN,0,0,0.233311891555786
C001,C,1,NaN,NaN,NaN,0,0,0.265417098999023
C001,C,1,NaN,NaN,NaN,0,0,0.286314964294434
C001,C,1,NaN,NaN,NaN,0,0,0.310410976409912
C001,C,1,NaN,NaN,NaN,0,0,0.324544906616211
C001,C,1,NaN,NaN,NaN,0,0,0.32991886138916
C001,C,1,NaN,NaN,NaN,0,0,0.316098213195801
C001,C,1,NaN,NaN,NaN,0,0,0.324830055236816
C001,C,1,NaN,NaN,NaN,0,0,0.473387956619263
C001,C,NaN,0,1,NaN,NaN,0,NaN
C001,C,1,NaN,NaN,NaN,0,0,0.254981994628906
C001,C,1,NaN,NaN,NaN,0,0,0.249083042144775
C001,C,1,NaN,NaN,NaN,0,0,0.267127990722656
C001,C,1,NaN,NaN,NaN,0,0,0.283782958984375
C001,C,1,NaN,NaN,NaN,0,0,0.298232078552246
C001,C,1,NaN,NaN,NaN,0,0,0.289618968963623
C001,C,1,NaN,NaN,NaN,0,0,0.276843070983887
C001,C,NaN,1,0,NaN,NaN,0,NaN
C001,C,1,NaN,NaN,NaN,0,0,0.22862696647644
C001,C,1,NaN,NaN,NaN,0,0,0.214446783065796
C001,C,1,NaN,NaN,NaN,0,0,0.247319936752319
C001,C,1,NaN,NaN,NaN,0,0,0.279969930648804
C001,C,NaN,0,1,NaN,NaN,0,NaN
C001,C,1,NaN,NaN,NaN,0,0,0.260252952575684
C001,C,1,NaN,NaN,NaN,0,0,0.225946187973022
C001,C,1,NaN,NaN,NaN,0,0,0.226882934570312
C001,C,1,NaN,NaN,NaN,0,0,0.273158073425293
C001,C,1,NaN,NaN,NaN,0,0,0.288558006286621
C001,C,1,NaN,NaN,NaN,0,0,0.265887022018433
C001,C,1,NaN,NaN,NaN,0,0,0.286971092224121
C001,C,1,NaN,NaN,NaN,0,0,0.292301177978516
C001,C,1,NaN,NaN,NaN,0,0,0.321986198425293
C001,C,1,NaN,NaN,NaN,0,0,0.306997060775757
C001,C,1,NaN,NaN,NaN,0,0,0.348100900650024
C001,C,1,NaN,NaN,NaN,0,0,0.386353015899658
C001,C,1,NaN,NaN,NaN,0,0,0.525014162063599
C001,C,NaN,1,0,NaN,NaN,0,NaN
C001,C,1,NaN,NaN,NaN,0,0,0.264716863632202
C001,C,1,NaN,NaN,NaN,0,0,0.241370916366577
C001,C,NaN,0,1,NaN,NaN,0,NaN
C001,C,1,NaN,NaN,NaN,0,0,0.282652854919434
C001,C,1,NaN,NaN,NaN,0,0,0.224524974822998
C001,C,1,NaN,NaN,NaN,0,0,0.210452079772949
C001,C,1,NaN,NaN,NaN,0,0,0.265594005584717
C001,C,1,NaN,NaN,NaN,0,0,0.286345958709717
C001,C,1,NaN,NaN,NaN,0,0,0.364752054214478
C001,C,1,NaN,NaN,NaN,0,0,0.296186923980713
C001,C,1,NaN,NaN,NaN,0,0,0.277132034301758
C001,C,NaN,1,0,NaN,NaN,0,NaN
C001,C,1,NaN,NaN,NaN,0,0,0.239903926849365
C001,C,1,NaN,NaN,NaN,0,0,0.28066611289978
C001,C,1,NaN,NaN,NaN,0,0,0.275759935379028
C001,C,1,NaN,NaN,NaN,0,0,0.257607936859131
C001,C,1,NaN,NaN,NaN,0,0,0.291418075561523
C001,C,1,NaN,NaN,NaN,0,0,0.340848922729492
C001,C,1,NaN,NaN,NaN,0,0,0.26212215423584
C001,C,1,NaN,NaN,NaN,0,0,0.272623062133789
C001,C,1,NaN,NaN,NaN,0,0,0.27711009979248
C001,C,1,NaN,NaN,NaN,0,0,0.290169954299927
C001,C,1,NaN,NaN,NaN,0,0,0.313458204269409
C001,C,NaN,1,0,NaN,NaN,0,NaN
C001,C,1,NaN,NaN,NaN,0,0,0.237504959106445
C001,C,1,NaN,NaN,NaN,0,0,0.223553895950317
C001,C,1,NaN,NaN,NaN,0,0,0.241061925888062
C001,C,1,NaN,NaN,NaN,0,0,0.280819892883301
C001,C,1,NaN,NaN,NaN,0,0,0.244992017745972
C001,C,1,NaN,NaN,NaN,0,0,0.273477077484131
C001,C,1,NaN,NaN,NaN,0,0,0.277161836624146
C001,C,1,NaN,NaN,NaN,0,0,0.282629013061523
C001,C,1,NaN,NaN,NaN,0,0,0.26307487487793
C001,C,NaN,1,0,NaN,NaN,0,NaN
C001,C,1,NaN,NaN,NaN,0,0,0.241791963577271
C001,C,1,NaN,NaN,NaN,0,0,0.252437114715576
C001,C,1,NaN,NaN,NaN,0,0,0.231564998626709
C001,C,1,NaN,NaN,NaN,0,0,0.249161958694458
C001,C,1,NaN,NaN,NaN,0,0,0.330070972442627
C001,C,NaN,1,0,NaN,NaN,0,NaN
C001,C,1,NaN,NaN,NaN,0,0,0.240322828292847
C001,C,1,NaN,NaN,NaN,0,0,0.233510971069336
C001,C,1,NaN,NaN,NaN,0,0,0.245535135269165
C001,C,1,NaN,NaN,NaN,0,0,0.256823062896729
C001,C,1,NaN,NaN,NaN,0,0,0.241111993789673
C001,C,1,NaN,NaN,NaN,0,0,0.293658018112183
C001,C,1,NaN,NaN,NaN,0,0,0.290345907211304
C001,C,1,NaN,NaN,NaN,0,0,0.338130950927734
C001,C,1,NaN,NaN,NaN,0,0,0.37188982963562
C001,C,1,NaN,NaN,NaN,0,0,0.305038928985596
C001,C,1,NaN,NaN,NaN,0,0,0.327852010726929
C001,C,NaN,1,0,NaN,NaN,0,NaN
C001,C,1,NaN,NaN,NaN,0,0,0.254666090011597
C001,C,1,NaN,NaN,NaN,0,0,0.24707293510437
C001,C,1,NaN,NaN,NaN,0,0,0.451550960540771
C001,C,1,NaN,NaN,NaN,0,0,0.256264925003052
C001,C,1,NaN,NaN,NaN,0,0,0.2688148021698
C001,C,1,NaN,NaN,NaN,0,0,0.271431922912598
C001,C,1,NaN,NaN,NaN,0,0,0.280694007873535
C001,C,1,NaN,NaN,NaN,0,0,0.28841495513916
C001,C,1,NaN,NaN,NaN,0,0,0.309718132019043
C001,C,1,NaN,NaN,NaN,0,0,0.316133975982666
C001,C,NaN,1,0,NaN,NaN,0,NaN
C001,C,1,NaN,NaN,NaN,0,0,0.256184101104736
C001,C,1,NaN,NaN,NaN,0,0,0.253044128417969
C001,C,NaN,0,1,NaN,NaN,0,NaN
C001,C,1,NaN,NaN,NaN,0,0,0.398677110671997
C001,C,1,NaN,NaN,NaN,0,0,0.213973045349121
C001,C,1,NaN,NaN,NaN,0,0,0.221325874328613
C001,C,1,NaN,NaN,NaN,0,0,0.270571947097778
C001,C,1,NaN,NaN,NaN,0,0,0.248229026794434
C001,C,1,NaN,NaN,NaN,0,0,0.280716896057129
C001,C,1,NaN,NaN,NaN,0,0,0.293812036514282
C001,C,1,NaN,NaN,NaN,0,0,0.277614116668701
C001,C,NaN,1,0,NaN,NaN,0,NaN
C001,C,1,NaN,NaN,NaN,0,0,0.225976943969727
C001,C,1,NaN,NaN,NaN,0,0,0.330855131149292
C001,C,1,NaN,NaN,NaN,0,0,0.287842035293579
C001,C,1,NaN,NaN,NaN,0,0,0.27675986289978
C001,C,1,NaN,NaN,NaN,0,0,0.275649785995483
C001,C,1,NaN,NaN,NaN,0,0,0.299047946929932
C001,C,1,NaN,NaN,NaN,0,0,0.306638956069946
C001,C,1,NaN,NaN,NaN,0,0,0.277602910995483
C001,C,1,NaN,NaN,NaN,0,0,0.292705059051514
C001,C,1,NaN,NaN,NaN,0,0,0.268343925476074
C001,C,1,NaN,NaN,NaN,0,0,0.292356014251709
C001,C,NaN,1,0,NaN,NaN,0,NaN
C001,C,1,NaN,NaN,NaN,0,0,0.301873922348022
C001,C,1,NaN,NaN,NaN,0,0,0.280584096908569
C001,C,1,NaN,NaN,NaN,0,0,0.251132965087891
C001,C,1,NaN,NaN,NaN,0,0,0.275062084197998
C001,C,1,NaN,NaN,NaN,0,0,0.254711866378784
C001,C,1,NaN,NaN,NaN,0,0,0.304662942886353
C001,C,NaN,0,1,NaN,NaN,0,NaN
C001,C,1,NaN,NaN,NaN,0,0,0.235090017318726
C001,C,1,NaN,NaN,NaN,0,0,0.231565952301025
C001,C,1,NaN,NaN,NaN,0,0,0.260788917541504
C001,C,1,NaN,NaN,NaN,0,0,0.293314218521118
C001,C,1,NaN,NaN,NaN,0,0,0.267287969589233
C001,C,1,NaN,NaN,NaN,0,0,0.266250848770142
C001,C,1,NaN,NaN,NaN,0,0,0.308650970458984
C001,C,1,NaN,NaN,NaN,0,0,0.343189001083374
C001,C,NaN,0,1,NaN,NaN,0,NaN
C001,C,1,NaN,NaN,NaN,0,0,NaN
C001,C,1,NaN,NaN,NaN,0,0,0.297467947006226
C001,C,1,NaN,NaN,NaN,0,0,0.221612930297852
C001,C,1,NaN,NaN,NaN,0,0,0.256140947341919
C001,C,1,NaN,NaN,NaN,0,0,0.221261978149414
C001,C,1,NaN,NaN,NaN,0,0,0.237684965133667
C001,C,1,NaN,NaN,NaN,0,0,0.259485960006714
C001,C,1,NaN,NaN,NaN,0,0,0.306436061859131
C001,C,1,NaN,NaN,NaN,0,0,0.340780973434448
C001,C,1,NaN,NaN,NaN,0,0,0.361571073532104
C001,C,1,NaN,NaN,NaN,0,0,0.307340860366821
C001,C,1,NaN,NaN,NaN,0,0,0.354691982269287
C001,C,1,NaN,NaN,NaN,0,0,0.324448108673096
C001,C,NaN,1,0,NaN,NaN,0,NaN
C001,C,1,NaN,NaN,NaN,0,0,0.258322954177856
C001,C,1,NaN,NaN,NaN,0,0,0.269505023956299
C001,C,1,NaN,NaN,NaN,0,0,0.271580934524536
C001,C,1,NaN,NaN,NaN,0,0,0.307572841644287
C001,C,1,NaN,NaN,NaN,0,0,0.429749011993408
C001,C,1,NaN,NaN,NaN,0,0,0.301392078399658
C001,C,1,NaN,NaN,NaN,0,0,0.277186870574951
C001,C,NaN,1,0,NaN,NaN,0,NaN
C001,C,1,NaN,NaN,NaN,0,0,0.283301115036011
C001,C,1,NaN,NaN,NaN,0,0,0.272789001464844
C001,C,1,NaN,NaN,NaN,0,0,0.259069919586182
C001,C,1,NaN,NaN,NaN,0,0,0.304467916488647
C001,C,1,NaN,NaN,NaN,0,0,0.320802927017212
C001,C,1,NaN,NaN,NaN,0,0,0.427486896514893
C001,C,1,NaN,NaN,NaN,0,0,0.328185081481934
C001,C,1,NaN,NaN,NaN,0,0,0.377289056777954
C001,C,NaN,1,0,NaN,NaN,0,NaN
C001,C,1,NaN,NaN,NaN,0,0,0.154947996139526
C001,C,1,NaN,NaN,NaN,0,0,0.293128967285156
C001,C,1,NaN,NaN,NaN,0,0,0.233947038650513
C001,C,1,NaN,NaN,NaN,0,0,0.234511852264404
C001,C,1,NaN,NaN,NaN,0,0,0.255596160888672
C001,C,1,NaN,NaN,NaN,0,0,0.300292015075684
C001,C,1,NaN,NaN,NaN,0,0,0.30952000617981
C001,C,1,NaN,NaN,NaN,0,0,0.329814910888672
C001,C,1,NaN,NaN,NaN,0,0,0.348672151565552
C001,C,NaN,0,1,NaN,NaN,0,NaN
C001,C,1,NaN,NaN,NaN,0,0,0.267835140228271
C001,C,1,NaN,NaN,NaN,0,0,0.269009113311768
C001,C,1,NaN,NaN,NaN,0,0,0.265861034393311
C001,C,NaN,1,0,NaN,NaN,0,NaN
C001,C,1,NaN,NaN,NaN,0,0,0.258425951004028
C001,C,1,NaN,NaN,NaN,0,0,0.25142502784729
C001,C,1,NaN,NaN,NaN,0,0,0.260267019271851
C001,C,1,NaN,NaN,NaN,0,0,0.261981964111328
C001,C,1,NaN,NaN,NaN,0,0,0.296412944793701
C001,C,1,NaN,NaN,NaN,0,0,0.277843952178955
C001,C,1,NaN,NaN,NaN,0,0,0.273833036422729
C001,C,1,NaN,NaN,NaN,0,0,0.317596912384033
C001,C,1,NaN,NaN,NaN,0,0,0.307285070419312
C001,C,1,NaN,NaN,NaN,0,0,0.298259019851685
C001,C,1,NaN,NaN,NaN,0,0,0.320246934890747
C001,C,NaN,1,0,NaN,NaN,0,NaN
C001,C,1,NaN,NaN,NaN,0,0,0.470070838928223
C001,C,1,NaN,NaN,NaN,0,0,0.327271223068237
C001,C,1,NaN,NaN,NaN,0,0,0.315179109573364
C001,C,1,NaN,NaN,NaN,0,0,0.500370979309082
C001,C,1,NaN,NaN,NaN,0,0,0.307837963104248
C001,C,NaN,1,0,NaN,NaN,0,NaN
C001,C,1,NaN,NaN,NaN,0,0,0.300442218780518
C001,C,1,NaN,NaN,NaN,0,0,0.313216924667358
C001,C,1,NaN,NaN,NaN,0,0,0.406537055969238
C001,C,1,NaN,NaN,NaN,0,0,0.413235187530518
C001,C,1,NaN,NaN,NaN,0,0,0.289035081863403
C001,C,1,NaN,NaN,NaN,0,0,0.321135997772217
C001,C,1,NaN,NaN,NaN,0,0,0.30634593963623
C001,C,1,NaN,NaN,NaN,0,0,0.306100130081177
C001,C,1,NaN,NaN,NaN,0,0,0.301851034164429
C001,C,1,NaN,NaN,NaN,0,0,0.317625045776367
C001,C,1,NaN,NaN,NaN,0,0,0.34338903427124
C001,C,NaN,1,0,NaN,NaN,0,NaN
C001,C,1,NaN,NaN,NaN,0,0,0.225948810577393
C001,C,1,NaN,NaN,NaN,0,0,0.282481908798218
C001,C,1,NaN,NaN,NaN,0,0,0.285443067550659
C001,C,1,NaN,NaN,NaN,0,0,0.305243015289307
C001,C,NaN,1,0,NaN,NaN,0,NaN
C001,C,1,NaN,NaN,NaN,0,0,0.278204202651978
C001,C,1,NaN,NaN,NaN,0,0,0.267097949981689
C001,C,1,NaN,NaN,NaN,0,0,0.277662992477417
C001,C,1,NaN,NaN,NaN,0,0,0.298017978668213
C001,C,1,NaN,NaN,NaN,0,0,0.310863971710205
C001,C,1,NaN,NaN,NaN,0,0,0.304435014724731
C001,C,1,NaN,NaN,NaN,0,0,0.30699610710144
C001,C,1,NaN,NaN,NaN,0,0,0.304320096969604
C001,C,1,NaN,NaN,NaN,0,0,0.299066066741943
C001,C,1,NaN,NaN,NaN,0,0,0.312237977981567
C001,C,1,NaN,NaN,NaN,0,0,0.313698053359985
C001,C,1,NaN,NaN,NaN,0,0,0.356502056121826
C001,C,1,NaN,NaN,NaN,0,0,0.32636284828186
C001,C,1,NaN,NaN,NaN,0,0,0.315510988235474
C001,C,NaN,0,1,NaN,NaN,0,NaN
C001,C,1,NaN,NaN,NaN,0,0,0.347562074661255
C001,C,1,NaN,NaN,NaN,0,0,0.281605958938599
C001,C,1,NaN,NaN,NaN,0,0,0.342665910720825
C001,C,1,NaN,NaN,NaN,0,0,0.324130058288574
C001,C,NaN,0,1,NaN,NaN,0,NaN
C001,C,1,NaN,NaN,NaN,0,0,0.3701331615448
C001,C,1,NaN,NaN,NaN,0,0,0.304816007614136
C001,C,1,NaN,NaN,NaN,0,0,0.309908866882324
C001,C,1,NaN,NaN,NaN,0,0,0.292914867401123
C001,C,1,NaN,NaN,NaN,0,0,0.282231092453003
C001,C,1,NaN,NaN,NaN,0,0,0.307188034057617
C001,C,NaN,0,1,NaN,NaN,0,NaN
C001,C,1,NaN,NaN,NaN,0,0,0.253504037857056
C001,C,1,NaN,NaN,NaN,0,0,0.277040958404541
C001,C,1,NaN,NaN,NaN,0,0,0.274190902709961
C001,C,1,NaN,NaN,NaN,0,0,0.282493114471436
C001,C,1,NaN,NaN,NaN,0,0,0.279536962509155
C001,C,1,NaN,NaN,NaN,0,0,0.275309085845947
C001,C,1,NaN,NaN,NaN,0,0,0.295938968658447
C001,C,1,NaN,NaN,NaN,0,0,0.22029185295105
C001,C,1,NaN,NaN,NaN,0,0,0.242691993713379
C001,C,1,NaN,NaN,NaN,0,0,0.258928060531616
C001,C,1,NaN,NaN,NaN,0,0,0.337717056274414
C001,C,1,NaN,NaN,NaN,0,0,0.374605178833008
C001,C,NaN,1,0,NaN,NaN,0,NaN
C001,C,1,NaN,NaN,NaN,0,0,0.251449108123779
C001,C,1,NaN,NaN,NaN,0,0,0.274413108825684
C001,C,1,NaN,NaN,NaN,0,0,0.297292947769165
C001,C,1,NaN,NaN,NaN,0,0,0.318892002105713
C001,C,1,NaN,NaN,NaN,0,0,0.31519079208374
C001,C,1,NaN,NaN,NaN,0,0,0.270039081573486
C001,C,NaN,1,0,NaN,NaN,0,NaN
C001,C,1,NaN,NaN,NaN,0,0,0.243944883346558
C001,C,1,NaN,NaN,NaN,0,0,0.259249925613403
C001,C,1,NaN,NaN,NaN,0,0,0.279400110244751
C001,C,1,NaN,NaN,NaN,0,0,0.303199768066406
C001,C,1,NaN,NaN,NaN,0,0,0.298882007598877
C001,C,1,NaN,NaN,NaN,0,0,0.330657005310059
C001,C,1,NaN,NaN,NaN,0,0,0.282768964767456
C001,C,1,NaN,NaN,NaN,0,0,0.287458896636963
C001,C,1,NaN,NaN,NaN,0,0,0.30562686920166
C001,C,NaN,1,0,NaN,NaN,0,NaN
C001,C,1,NaN,NaN,NaN,0,0,0.254247188568115
C001,C,1,NaN,NaN,NaN,0,0,0.262928009033203
C001,C,1,NaN,NaN,NaN,0,0,0.256756067276001
C001,C,1,NaN,NaN,NaN,0,0,0.249087810516357
C001,C,1,NaN,NaN,NaN,0,0,0.279544830322266
C001,C,NaN,0,1,NaN,NaN,0,NaN
C001,C,1,NaN,NaN,NaN,0,0,0.226589918136597
C001,C,1,NaN,NaN,NaN,0,0,0.246994972229004
C001,C,1,NaN,NaN,NaN,0,0,0.218070983886719
C001,C,1,NaN,NaN,NaN,0,0,0.263151168823242
C001,C,1,NaN,NaN,NaN,0,0,0.251152038574219
C001,C,1,NaN,NaN,NaN,0,0,0.264266967773438
C001,C,1,NaN,NaN,NaN,0,0,0.418989181518555
C001,C,1,NaN,NaN,NaN,0,0,0.289501905441284
C001,C,1,NaN,NaN,NaN,0,0,0.280284881591797
C001,C,1,NaN,NaN,NaN,0,0,0.279279947280884
C001,C,1,NaN,NaN,NaN,0,0,0.271402835845947
C001,C,1,NaN,NaN,NaN,0,0,0.31702709197998
C001,C,1,NaN,NaN,NaN,0,0,0.361910104751587
C001,C,1,NaN,NaN,NaN,0,0,0.347423076629639
C001,C,NaN,1,0,NaN,NaN,0,NaN
C001,C,1,NaN,NaN,NaN,0,0,0.234458923339844
C001,C,1,NaN,NaN,NaN,0,0,0.28627610206604
C001,C,1,NaN,NaN,NaN,0,0,0.34850001335144
C001,C,NaN,1,0,NaN,NaN,0,NaN
C001,C,1,NaN,NaN,NaN,0,0,0.260367155075073
C001,C,1,NaN,NaN,NaN,0,0,0.263263940811157
C001,C,1,NaN,NaN,NaN,0,0,0.254451036453247
C001,C,1,NaN,NaN,NaN,0,0,0.291068077087402
C001,C,1,NaN,NaN,NaN,0,0,0.290344953536987
C001,C,1,NaN,NaN,NaN,0,0,0.287247896194458
C001,C,1,NaN,NaN,NaN,0,0,0.314095973968506
C001,C,NaN,1,0,NaN,NaN,0,NaN
C001,C,1,NaN,NaN,NaN,0,0,0.240355014801025
C001,C,1,NaN,NaN,NaN,0,0,0.268963098526001
C001,C,1,NaN,NaN,NaN,0,0,0.31711483001709
C001,C,1,NaN,NaN,NaN,0,0,0.262198925018311
C001,C,1,NaN,NaN,NaN,0,0,0.295593023300171
C001,C,1,NaN,NaN,NaN,0,0,0.293739080429077
C001,C,1,NaN,NaN,NaN,0,0,0.283243179321289
C001,C,1,NaN,NaN,NaN,0,0,0.282173871994019
C001,C,1,NaN,NaN,NaN,0,0,0.377222061157227
C001,C,1,NaN,NaN,NaN,0,0,0.296994924545288
C001,C,1,NaN,NaN,NaN,0,0,0.322351217269897
C001,C,1,NaN,NaN,NaN,0,0,0.324828147888184
C001,C,1,NaN,NaN,NaN,0,0,0.321345090866089
C001,C,1,NaN,NaN,NaN,0,0,0.308130025863647
C001,C,NaN,1,0,NaN,NaN,0,NaN
C001,C,1,NaN,NaN,NaN,0,0,0.252919912338257
C001,C,1,NaN,NaN,NaN,0,0,0.238830089569092
C001,C,1,NaN,NaN,NaN,0,0,0.231250047683716
C001,C,1,NaN,NaN,NaN,0,0,0.278501033782959
C001,C,1,NaN,NaN,NaN,0,0,0.310970067977905
C001,C,1,NaN,NaN,NaN,0,0,0.238464117050171
C001,C,NaN,1,0,NaN,NaN,0,NaN
C001,C,1,NaN,NaN,NaN,0,0,0.346682786941528
C001,C,1,NaN,NaN,NaN,0,0,0.320298194885254
C001,C,1,NaN,NaN,NaN,0,0,0.312143802642822
C001,C,1,NaN,NaN,NaN,0,0,0.32856011390686
C001,C,1,NaN,NaN,NaN,0,0,0.285869121551514
C001,C,NaN,1,0,NaN,NaN,0,NaN
C001,C,1,NaN,NaN,NaN,0,0,0.266767978668213
C001,C,1,NaN,NaN,NaN,0,0,0.275603055953979
C001,C,1,NaN,NaN,NaN,0,0,0.275559902191162
C001,C,1,NaN,NaN,NaN,0,0,0.270358085632324
C001,C,1,NaN,NaN,NaN,0,0,0.290084838867188
C001,C,1,NaN,NaN,NaN,0,0,0.388889789581299
C001,C,1,NaN,NaN,NaN,0,0,0.296608924865723
C001,C,1,NaN,NaN,NaN,0,0,0.285639047622681
C001,C,1,NaN,NaN,NaN,0,0,0.267536163330078
C001,C,NaN,1,0,NaN,NaN,0,NaN
C001,C,1,NaN,NaN,NaN,0,0,0.22114109992981
C001,C,1,NaN,NaN,NaN,0,0,0.241250991821289
C001,C,1,NaN,NaN,NaN,0,0,0.271585941314697
C001,C,1,NaN,NaN,NaN,0,0,0.279549121856689
C001,C,1,NaN,NaN,NaN,0,0,0.308727979660034
C001,C,1,NaN,NaN,NaN,0,0,0.28224515914917
C001,C,1,NaN,NaN,NaN,0,0,0.301626920700073
C001,C,1,NaN,NaN,NaN,0,0,0.287776947021484
C001,C,1,NaN,NaN,NaN,0,0,0.325037002563477
C001,C,1,NaN,NaN,NaN,0,0,0.327614068984985
C001,C,1,NaN,NaN,NaN,0,0,0.304899930953979
C001,C,1,NaN,NaN,NaN,0,0,0.301954984664917
C001,C,NaN,1,0,NaN,NaN,0,NaN
C001,C,1,NaN,NaN,NaN,0,0,0.208051919937134
C001,C,1,NaN,NaN,NaN,0,0,0.268109798431396
C001,C,1,NaN,NaN,NaN,0,0,0.247915029525757
C001,C,1,NaN,NaN,NaN,0,0,0.314313888549805
C001,C,1,NaN,NaN,NaN,0,0,0.26009202003479
C001,C,1,NaN,NaN,NaN,0,0,0.304791927337646
C001,C,NaN,1,0,NaN,NaN,0,NaN
C001,C,1,NaN,NaN,NaN,0,0,0.244230031967163
C001,C,1,NaN,NaN,NaN,0,0,0.241477966308594
C001,C,1,NaN,NaN,NaN,0,0,0.288177013397217
C001,C,1,NaN,NaN,NaN,0,0,0.235445976257324
C001,C,1,NaN,NaN,NaN,0,0,0.272541046142578
C001,C,1,NaN,NaN,NaN,0,0,0.329751014709473
C001,C,1,NaN,NaN,NaN,0,0,0.502470970153809
C001,C,1,NaN,NaN,NaN,0,0,0.336570978164673
C001,C,1,NaN,NaN,NaN,0,0,0.341264963150024
C001,C,NaN,1,0,NaN,NaN,0,NaN
C001,C,1,NaN,NaN,NaN,0,0,0.311203956604004
C001,C,1,NaN,NaN,NaN,0,0,0.230711936950684
C001,C,1,NaN,NaN,NaN,0,0,0.268086194992065
C001,C,1,NaN,NaN,NaN,0,0,0.275053977966309
C001,C,NaN,0,1,NaN,NaN,0,NaN
C001,C,1,NaN,NaN,NaN,0,0,0.274790048599243
C001,C,1,NaN,NaN,NaN,0,0,0.243895053863525
C001,C,1,NaN,NaN,NaN,0,0,0.28088903427124
C001,C,1,NaN,NaN,NaN,0,0,0.270417928695679
C001,C,1,NaN,NaN,NaN,0,0,0.27721095085144
C001,C,1,NaN,NaN,NaN,0,0,0.329842090606689
C001,C,1,NaN,NaN,NaN,0,0,0.312402963638306
C001,C,1,NaN,NaN,NaN,0,0,0.333723068237305
C001,C,NaN,1,0,NaN,NaN,0,NaN
C001,C,1,NaN,NaN,NaN,0,0,0.253895998001099
C001,C,1,NaN,NaN,NaN,0,0,0.264695882797241
C001,C,1,NaN,NaN,NaN,0,0,0.262323141098022
C001,C,1,NaN,NaN,NaN,0,0,0.272644996643066
C001,C,1,NaN,NaN,NaN,0,0,0.259809970855713
C001,C,1,NaN,NaN,NaN,0,0,0.259756088256836
C001,C,1,NaN,NaN,NaN,0,0,0.339175939559937
C001,C,1,NaN,NaN,NaN,0,0,0.277956962585449
C001,C,1,NaN,NaN,NaN,0,0,0.286708116531372
C001,C,1,NaN,NaN,NaN,0,0,0.320338010787964
C001,C,NaN,1,0,NaN,NaN,0,NaN
C001,C,1,NaN,NaN,NaN,0,0,0.240117073059082
C001,C,1,NaN,NaN,NaN,0,0,0.229053974151611
C001,C,1,NaN,NaN,NaN,0,0,0.269131898880005
C001,C,1,NaN,NaN,NaN,0,0,0.30617880821228
C001,C,1,NaN,NaN,NaN,0,0,0.29928994178772
C001,C,1,NaN,NaN,NaN,0,0,0.340587139129639
C001,C,1,NaN,NaN,NaN,0,0,0.269876003265381
C001,C,1,NaN,NaN,NaN,0,0,0.359670877456665
C001,C,1,NaN,NaN,NaN,0,0,0.335339069366455
C001,C,1,NaN,NaN,NaN,0,0,0.312251091003418
C001,C,1,NaN,NaN,NaN,0,0,0.281541109085083
C001,C,NaN,1,0,NaN,NaN,0,NaN
C001,C,1,NaN,NaN,NaN,0,0,0.251573085784912
C001,C,1,NaN,NaN,NaN,0,0,0.334015130996704
C001,C,1,NaN,NaN,NaN,0,0,0.297414064407349
C001,C,1,NaN,NaN,NaN,0,0,0.282691955566406
C001,C,1,NaN,NaN,NaN,0,0,0.245918989181519
C001,C,1,NaN,NaN,NaN,0,0,0.283769845962524
C001,C,1,NaN,NaN,NaN,0,0,0.25175404548645
C001,C,NaN,0,1,NaN,NaN,0,NaN
C001,C,1,NaN,NaN,NaN,0,0,0.5049729347229
C001,C,1,NaN,NaN,NaN,0,0,0.330368995666504
C001,C,1,NaN,NaN,NaN,0,0,0.336499929428101
C001,C,1,NaN,NaN,NaN,0,0,0.280174970626831
C001,C,1,NaN,NaN,NaN,0,0,0.303977966308594
C001,C,NaN,1,0,NaN,NaN,0,NaN
C001,C,1,NaN,NaN,NaN,0,0,0.286717176437378
C001,C,1,NaN,NaN,NaN,0,0,0.26530385017395
C001,C,1,NaN,NaN,NaN,0,0,0.325706005096436
C001,C,1,NaN,NaN,NaN,0,0,0.308887004852295
C001,C,1,NaN,NaN,NaN,0,0,0.541960000991821
C001,C,1,NaN,NaN,NaN,0,0,0.392587900161743
C001,C,1,NaN,NaN,NaN,0,0,0.302157163619995
C001,C,1,NaN,NaN,NaN,0,0,0.310901880264282
C001,C,1,NaN,NaN,NaN,0,0,0.267337083816528
C001,C,1,NaN,NaN,NaN,0,0,0.288116931915283
C001,C,1,NaN,NaN,NaN,0,0,0.346139907836914
C001,C,NaN,1,0,NaN,NaN,0,NaN
C001,C,1,NaN,NaN,NaN,0,0,0.314723968505859
C001,C,1,NaN,NaN,NaN,0,0,0.247827053070068
C001,C,1,NaN,NaN,NaN,0,0,0.267590045928955
C001,C,1,NaN,NaN,NaN,0,0,0.321838855743408
C001,C,1,NaN,NaN,NaN,0,0,0.270653963088989
C001,C,1,NaN,NaN,NaN,0,0,0.321375846862793
C001,C,1,NaN,NaN,NaN,0,0,0.310456991195679
C001,C,NaN,1,0,NaN,NaN,0,NaN
C001,C,1,NaN,NaN,NaN,0,0,0.189560890197754
C001,C,1,NaN,NaN,NaN,0,0,0.247586965560913
C001,C,1,NaN,NaN,NaN,0,0,0.259257078170776
C001,C,1,NaN,NaN,NaN,0,0,0.223351955413818
C001,C,1,NaN,NaN,NaN,0,0,0.306041955947876
C001,C,1,NaN,NaN,NaN,0,0,0.264435052871704
C001,C,NaN,1,0,NaN,NaN,0,NaN
C001,C,1,NaN,NaN,NaN,0,0,0.255400896072388
C001,C,1,NaN,NaN,NaN,0,0,0.271966934204102
C001,C,1,NaN,NaN,NaN,0,0,0.26129412651062
C001,C,1,NaN,NaN,NaN,0,0,0.260300159454346
C001,C,1,NaN,NaN,NaN,0,0,0.301700115203857
C001,C,1,NaN,NaN,NaN,0,0,0.241760015487671
C001,C,1,NaN,NaN,NaN,0,0,0.294725894927979
C001,C,1,NaN,NaN,NaN,0,0,0.301167011260986
C001,C,1,NaN,NaN,NaN,0,0,0.278093099594116
C001,C,1,NaN,NaN,NaN,0,0,0.305896043777466
C001,C,NaN,1,0,NaN,NaN,0,NaN
C001,C,1,NaN,NaN,NaN,0,0,0.3106369972229
C001,C,1,NaN,NaN,NaN,0,0,0.24557900428772
C001,C,1,NaN,NaN,NaN,0,0,0.220943927764893
C001,C,1,NaN,NaN,NaN,0,0,0.297347068786621
C001,C,NaN,0,1,NaN,NaN,0,NaN
C001,C,1,NaN,NaN,NaN,0,0,0.285068988800049
C001,C,1,NaN,NaN,NaN,0,0,0.20922589302063
C001,C,1,NaN,NaN,NaN,0,0,0.268224000930786
C001,C,1,NaN,NaN,NaN,0,0,0.277040958404541
C001,C,1,NaN,NaN,NaN,0,0,0.502985000610352
C001,C,1,NaN,NaN,NaN,0,0,0.319981098175049
C001,C,1,NaN,NaN,NaN,0,0,0.255919933319092
C001,C,1,NaN,NaN,NaN,0,0,0.298462867736816
C001,C,1,NaN,NaN,NaN,0,0,0.351087808609009
C001,C,1,NaN,NaN,NaN,0,0,0.320283174514771
C001,C,NaN,1,0,NaN,NaN,0,NaN
C001,C,1,NaN,NaN,NaN,0,0,0.248476982116699
C001,C,1,NaN,NaN,NaN,0,0,0.265461206436157
C001,C,1,NaN,NaN,NaN,0,0,0.238261938095093
C001,C,1,NaN,NaN,NaN,0,0,0.301598072052002
C001,C,1,NaN,NaN,NaN,0,0,0.263333082199097
C001,C,1,NaN,NaN,NaN,0,0,0.243361949920654
C001,C,1,NaN,NaN,NaN,0,0,0.360574960708618
C001,C,1,NaN,NaN,NaN,0,0,0.357031106948853
C001,C,1,NaN,NaN,NaN,0,0,0.291100978851318
C001,C,1,NaN,NaN,NaN,0,0,0.295366048812866
C001,C,1,NaN,NaN,NaN,0,0,0.294418811798096
C001,C,NaN,1,0,NaN,NaN,0,NaN
C001,C,1,NaN,NaN,NaN,0,0,0.29790186882019
C001,C,1,NaN,NaN,NaN,0,0,0.344236135482788
C001,C,1,NaN,NaN,NaN,0,0,0.231099128723145
C001,C,1,NaN,NaN,NaN,0,0,0.292568922042847
C001,C,1,NaN,NaN,NaN,0,0,0.252511024475098
C001,C,NaN,0,1,NaN,NaN,0,NaN
C001,C,1,NaN,NaN,NaN,0,0,0.241708993911743
C001,C,1,NaN,NaN,NaN,0,0,0.211496829986572
C001,C,1,NaN,NaN,NaN,0,0,0.254142999649048
C001,C,1,NaN,NaN,NaN,0,0,0.283718109130859
C001,C,1,NaN,NaN,NaN,0,0,0.266042947769165
C001,C,1,NaN,NaN,NaN,0,0,0.439095973968506
C001,C,1,NaN,NaN,NaN,0,0,0.269006967544556
C001,C,1,NaN,NaN,NaN,0,0,0.323834896087646
C001,C,1,NaN,NaN,NaN,0,0,0.311657905578613
C001,C,1,NaN,NaN,NaN,0,0,0.285485982894897
C001,C,1,NaN,NaN,NaN,0,0,0.274485111236572
C001,C,NaN,1,0,NaN,NaN,0,NaN
C001,C,1,NaN,NaN,NaN,0,0,0.246429204940796
C001,C,1,NaN,NaN,NaN,0,0,0.238526105880737
C001,C,1,NaN,NaN,NaN,0,0,0.264599084854126
C001,C,1,NaN,NaN,NaN,0,0,0.255413055419922
C001,C,1,NaN,NaN,NaN,0,0,0.284117937088013
C001,C,NaN,1,0,NaN,NaN,0,NaN
C001,C,1,NaN,NaN,NaN,0,0,0.238185882568359
C001,C,1,NaN,NaN,NaN,0,0,0.247238874435425
C001,C,1,NaN,NaN,NaN,0,0,0.278432846069336
C001,C,1,NaN,NaN,NaN,0,0,0.239954948425293
C001,C,1,NaN,NaN,NaN,0,0,0.253136873245239
C001,C,1,NaN,NaN,NaN,0,0,0.309424877166748
C001,C,1,NaN,NaN,NaN,0,0,0.302483797073364
C001,C,1,NaN,NaN,NaN,0,0,0.249482870101929
C001,C,1,NaN,NaN,NaN,0,0,0.295804023742676
C001,C,1,NaN,NaN,NaN,0,0,0.290519952774048
C001,C,NaN,0,1,NaN,NaN,0,NaN
C001,C,1,NaN,NaN,NaN,0,0,0.300189971923828
C001,C,1,NaN,NaN,NaN,0,0,0.259126901626587
C001,C,1,NaN,NaN,NaN,0,0,0.257598876953125
C001,C,1,NaN,NaN,NaN,0,0,0.257483005523682
C001,C,1,NaN,NaN,NaN,0,0,0.268468856811523
C001,C,NaN,0,1,NaN,NaN,0,NaN
C001,C,1,NaN,NaN,NaN,0,0,0.214125871658325
C001,C,1,NaN,NaN,NaN,0,0,0.240319013595581
C001,C,1,NaN,NaN,NaN,0,0,0.233049869537354
C001,C,1,NaN,NaN,NaN,0,0,0.283342123031616
C001,C,1,NaN,NaN,NaN,0,0,0.284069776535034
C001,C,1,NaN,NaN,NaN,0,0,0.284279108047485
C001,C,1,NaN,NaN,NaN,0,0,0.296288967132568
C001,C,1,NaN,NaN,NaN,0,0,0.296848058700562
C001,C,1,NaN,NaN,NaN,0,0,0.299371957778931
C001,C,1,NaN,NaN,NaN,0,0,0.300442218780518
C001,C,NaN,1,0,NaN,NaN,0,NaN
C001,C,1,NaN,NaN,NaN,0,0,0.266225814819336
C001,C,1,NaN,NaN,NaN,0,0,0.285305023193359
C001,C,1,NaN,NaN,NaN,0,0,0.289453983306885
C001,C,1,NaN,NaN,NaN,0,0,0.285782098770142
C001,C,1,NaN,NaN,NaN,0,0,0.295063018798828
C001,C,1,NaN,NaN,NaN,0,0,0.297173976898193
C001,C,NaN,1,0,NaN,NaN,0,NaN
C001,C,1,NaN,NaN,NaN,0,0,0.224736928939819
C001,C,1,NaN,NaN,NaN,0,0,0.262149095535278
C001,C,1,NaN,NaN,NaN,0,0,0.287373065948486
C001,C,1,NaN,NaN,NaN,0,0,0.234995126724243
C001,C,1,NaN,NaN,NaN,0,0,0.323695182800293
C001,C,1,NaN,NaN,NaN,0,0,0.229819059371948
C001,C,1,NaN,NaN,NaN,0,0,0.303505897521973
C001,C,1,NaN,NaN,NaN,0,0,0.292039155960083
C001,C,1,NaN,NaN,NaN,0,0,0.291046142578125
C001,C,1,NaN,NaN,NaN,0,0,0.311177015304565
C001,C,1,NaN,NaN,NaN,0,0,0.31470799446106
C001,C,1,NaN,NaN,NaN,0,0,0.313153028488159
C001,C,NaN,1,0,NaN,NaN,0,NaN
C001,C,1,NaN,NaN,NaN,0,0,0.327908039093018
C001,C,1,NaN,NaN,NaN,0,0,0.222963094711304
C001,C,1,NaN,NaN,NaN,0,0,0.27532696723938
C001,C,NaN,0,1,NaN,NaN,0,NaN
C001,C,1,NaN,NaN,NaN,0,0,0.285869121551514
C001,C,1,NaN,NaN,NaN,0,0,0.270756006240845
C001,C,1,NaN,NaN,NaN,0,0,0.245211124420166
C001,C,1,NaN,NaN,NaN,0,0,0.289624929428101
C001,C,1,NaN,NaN,NaN,0,0,0.350275993347168
C001,C,1,NaN,NaN,NaN,0,0,0.321363925933838
C001,C,1,NaN,NaN,NaN,0,0,0.302048921585083
C001,C,1,NaN,NaN,NaN,0,0,0.362459897994995
C001,C,1,NaN,NaN,NaN,0,0,0.267107963562012
C001,C,1,NaN,NaN,NaN,0,0,0.270790100097656
C001,C,NaN,0,1,NaN,NaN,0,NaN
C001,C,1,NaN,NaN,NaN,0,0,0.285815000534058
C001,C,1,NaN,NaN,NaN,0,0,0.238270044326782
C001,C,1,NaN,NaN,NaN,0,0,0.261162996292114
C001,C,1,NaN,NaN,NaN,0,0,0.277060031890869
C001,C,1,NaN,NaN,NaN,0,0,0.260937929153442
C001,C,1,NaN,NaN,NaN,0,0,0.229445934295654
C001,C,1,NaN,NaN,NaN,0,0,0.305966138839722
C001,C,1,NaN,NaN,NaN,0,0,0.335337162017822
C001,C,1,NaN,NaN,NaN,0,0,0.257472991943359
C001,C,1,NaN,NaN,NaN,0,0,0.290140867233276
C001,C,1,NaN,NaN,NaN,0,0,0.303161859512329
C001,C,NaN,0,1,NaN,NaN,0,NaN
C001,C,1,NaN,NaN,NaN,0,0,0.343445062637329
C001,C,1,NaN,NaN,NaN,0,0,0.220443964004517
C001,C,1,NaN,NaN,NaN,0,0,0.364840984344482
C001,C,1,NaN,NaN,NaN,0,0,0.266250848770142
C001,C,1,NaN,NaN,NaN,0,0,0.228436946868896
C001,C,1,NaN,NaN,NaN,0,0,0.26121187210083
C001,C,1,NaN,NaN,NaN,0,0,0.312353849411011
C001,C,1,NaN,NaN,NaN,0,0,0.318943977355957
C001,C,1,NaN,NaN,NaN,0,0,0.286335945129395
C001,C,NaN,0,1,NaN,NaN,0,NaN
C001,C,1,NaN,NaN,NaN,0,0,0.242433071136475
C001,C,1,NaN,NaN,NaN,0,0,0.20356822013855
C001,C,1,NaN,NaN,NaN,0,0,0.290457963943481
C001,C,1,NaN,NaN,NaN,0,0,0.292994976043701
C001,C,1,NaN,NaN,NaN,0,0,0.332786083221436
C001,C,1,NaN,NaN,NaN,0,0,0.365742206573486
C001,C,1,NaN,NaN,NaN,0,0,0.390084028244019
C001,C,1,NaN,NaN,NaN,0,0,0.292786836624146
C001,C,NaN,1,0,NaN,NaN,0,NaN
C001,C,1,NaN,NaN,NaN,0,0,0.291596174240112
C001,C,1,NaN,NaN,NaN,0,0,0.28108286857605
C001,C,NaN,1,0,NaN,NaN,0,NaN
C001,C,1,NaN,NaN,NaN,0,0,0.27611517906189
C001,C,1,NaN,NaN,NaN,0,0,0.223773002624512
C001,C,1,NaN,NaN,NaN,0,0,0.228338003158569
C001,C,1,NaN,NaN,NaN,0,0,0.357039928436279
C001,C,1,NaN,NaN,NaN,0,0,0.295287847518921
C001,C,1,NaN,NaN,NaN,0,0,0.354419946670532
C001,C,1,NaN,NaN,NaN,0,0,0.266745805740356
C001,C,1,NaN,NaN,NaN,0,0,0.294332027435303
C001,C,1,NaN,NaN,NaN,0,0,0.303329944610596
C001,C,1,NaN,NaN,NaN,0,0,0.292952060699463
C001,C,1,NaN,NaN,NaN,0,0,0.257906913757324
C001,C,1,NaN,NaN,NaN,0,0,0.26279091835022
C001,C,1,NaN,NaN,NaN,0,0,0.295112133026123
C001,C,1,NaN,NaN,NaN,0,0,0.432642221450806
C001,C,NaN,1,0,NaN,NaN,0,NaN
C001,C,1,NaN,NaN,NaN,0,0,0.240646839141846
C001,C,1,NaN,NaN,NaN,0,0,0.420408964157104
C001,C,1,NaN,NaN,NaN,0,0,0.293496131896973
C001,C,1,NaN,NaN,NaN,0,0,0.306644916534424
C001,C,1,NaN,NaN,NaN,0,0,0.31968092918396
C001,C,1,NaN,NaN,NaN,0,0,0.37459397315979
C001,C,NaN,1,0,NaN,NaN,0,NaN
C001,C,1,NaN,NaN,NaN,0,0,0.241014003753662
C001,C,1,NaN,NaN,NaN,0,0,0.287341117858887
C001,C,1,NaN,NaN,NaN,0,0,0.276837110519409
C001,C,1,NaN,NaN,NaN,0,0,0.290431022644043
C001,C,1,NaN,NaN,NaN,0,0,0.269596099853516
C001,C,1,NaN,NaN,NaN,0,0,0.273646116256714
C001,C,1,NaN,NaN,NaN,0,0,0.312237024307251
C001,C,NaN,1,0,NaN,NaN,0,NaN
C001,C,1,NaN,NaN,NaN,0,0,0.252929925918579
C001,C,1,NaN,NaN,NaN,0,0,0.250171899795532
C001,C,1,NaN,NaN,NaN,0,0,0.260360956192017
C001,C,1,NaN,NaN,NaN,0,0,0.300081014633179
C001,C,1,NaN,NaN,NaN,0,0,0.26422119140625
C001,C,1,NaN,NaN,NaN,0,0,0.295629978179932
C001,C,1,NaN,NaN,NaN,0,0,0.240448951721191
C001,C,1,NaN,NaN,NaN,0,0,0.321828842163086
C001,C,1,NaN,NaN,NaN,0,0,0.294732093811035
C001,C,NaN,1,0,NaN,NaN,0,NaN
C001,C,1,NaN,NaN,NaN,0,0,0.283520936965942
C001,C,1,NaN,NaN,NaN,0,0,0.334290981292725
C001,C,1,NaN,NaN,NaN,0,0,0.271972894668579
C001,C,1,NaN,NaN,NaN,0,0,0.266980886459351
C001,C,1,NaN,NaN,NaN,0,0,0.289018869400024
C001,C,1,NaN,NaN,NaN,0,0,0.270618200302124
C001,C,1,NaN,NaN,NaN,0,0,0.327275991439819
C001,C,1,NaN,NaN,NaN,0,0,0.296736001968384
C001,C,NaN,1,0,NaN,NaN,0,NaN
C001,C,1,NaN,NaN,NaN,0,0,0.223989963531494
C001,C,1,NaN,NaN,NaN,0,0,0.262650966644287
C001,C,1,NaN,NaN,NaN,0,0,0.276314973831177
C001,C,1,NaN,NaN,NaN,0,0,0.269323110580444
C001,C,1,NaN,NaN,NaN,0,0,0.285799980163574
C001,C,1,NaN,NaN,NaN,0,0,0.289967060089111
C001,C,1,NaN,NaN,NaN,0,0,0.329846858978271
C001,C,NaN,1,0,NaN,NaN,0,NaN
C001,C,1,NaN,NaN,NaN,0,0,0.296689987182617
C001,C,1,NaN,NaN,NaN,0,0,0.245160102844238
C001,C,1,NaN,NaN,NaN,0,0,0.302603960037231
C001,C,1,NaN,NaN,NaN,0,0,0.286434888839722
C001,C,1,NaN,NaN,NaN,0,0,0.311768054962158
C001,C,1,NaN,NaN,NaN,0,0,0.278543949127197
C001,C,1,NaN,NaN,NaN,0,0,0.281615972518921
C001,C,1,NaN,NaN,NaN,0,0,0.297446012496948
C001,C,1,NaN,NaN,NaN,0,0,0.331201791763306
C001,C,1,NaN,NaN,NaN,0,0,0.281639814376831
C001,C,NaN,1,0,NaN,NaN,0,NaN
C001,C,1,NaN,NaN,NaN,0,0,0.273099899291992
C001,C,1,NaN,NaN,NaN,0,0,0.257566928863525
C001,C,1,NaN,NaN,NaN,0,0,0.279533863067627
C001,C,1,NaN,NaN,NaN,0,0,0.294082164764404
C001,C,1,NaN,NaN,NaN,0,0,0.254497051239014
C001,C,1,NaN,NaN,NaN,0,0,0.283439874649048
C001,C,1,NaN,NaN,NaN,0,0,0.280711889266968
C001,C,1,NaN,NaN,NaN,0,0,0.314106941223145
C001,C,NaN,0,1,NaN,NaN,0,NaN
C001,C,1,NaN,NaN,NaN,0,0,0.278109073638916
C001,C,1,NaN,NaN,NaN,0,0,0.283764123916626
C001,C,1,NaN,NaN,NaN,0,0,0.248122930526733
C001,C,1,NaN,NaN,NaN,0,0,0.249033212661743
C001,C,1,NaN,NaN,NaN,0,0,0.300786018371582
C001,C,1,NaN,NaN,NaN,0,0,0.330165147781372
C001,C,1,NaN,NaN,NaN,0,0,0.248085975646973
C001,C,NaN,0,1,NaN,NaN,0,NaN
C001,C,1,NaN,NaN,NaN,0,0,0.252346992492676
C001,C,1,NaN,NaN,NaN,0,0,0.305066108703613
C001,C,1,NaN,NaN,NaN,0,0,0.286957025527954
C001,C,1,NaN,NaN,NaN,0,0,0.288255929946899
C001,C,1,NaN,NaN,NaN,0,0,0.275441884994507
C001,C,1,NaN,NaN,NaN,0,0,0.297455072402954
C001,C,1,NaN,NaN,NaN,0,0,0.287014007568359
C001,C,1,NaN,NaN,NaN,0,0,0.376487970352173
C001,C,1,NaN,NaN,NaN,0,0,0.30669903755188
C001,C,NaN,1,0,NaN,NaN,0,NaN
C001,C,1,NaN,NaN,NaN,0,0,NaN
C001,C,1,NaN,NaN,NaN,0,0,0.246610164642334
C001,C,1,NaN,NaN,NaN,0,0,0.295925140380859
C001,C,NaN,1,0,NaN,NaN,0,NaN
C001,C,1,NaN,NaN,NaN,0,0,NaN
C001,C,1,NaN,NaN,NaN,0,0,0.278785943984985
C001,C,1,NaN,NaN,NaN,0,0,0.30424690246582
C001,C,1,NaN,NaN,NaN,0,0,0.25932788848877
C001,C,1,NaN,NaN,NaN,0,0,0.303521156311035
C001,C,1,NaN,NaN,NaN,0,0,0.328316926956177
C001,C,1,NaN,NaN,NaN,0,0,0.32062292098999
C001,C,1,NaN,NaN,NaN,0,0,0.334580183029175
C001,C,1,NaN,NaN,NaN,0,0,0.281630992889404
C001,C,1,NaN,NaN,NaN,0,0,0.317531108856201
C001,C,NaN,0,1,NaN,NaN,0,NaN
C001,C,1,NaN,NaN,NaN,0,0,0.390880823135376
C001,C,1,NaN,NaN,NaN,0,0,0.260907888412476
C001,C,1,NaN,NaN,NaN,0,0,0.292233943939209
C001,C,1,NaN,NaN,NaN,0,0,0.373780965805054
C001,C,1,NaN,NaN,NaN,0,0,0.310533046722412
C001,C,1,NaN,NaN,NaN,0,0,0.316334009170532
C001,C,1,NaN,NaN,NaN,0,0,0.277462959289551
C001,C,NaN,0,1,NaN,NaN,0,NaN
C001,C,1,NaN,NaN,NaN,0,0,0.267810106277466
C001,C,1,NaN,NaN,NaN,0,0,0.229331016540527
C001,C,1,NaN,NaN,NaN,0,0,0.258775949478149
C001,C,1,NaN,NaN,NaN,0,0,0.292106866836548
C001,C,1,NaN,NaN,NaN,0,0,0.284311056137085
C001,C,1,NaN,NaN,NaN,0,0,0.288028001785278
C001,C,1,NaN,NaN,NaN,0,0,0.360327959060669
C001,C,NaN,1,0,NaN,NaN,0,NaN
C001,C,1,NaN,NaN,NaN,0,0,0.250403165817261
C001,C,1,NaN,NaN,NaN,0,0,0.288480043411255
C001,C,1,NaN,NaN,NaN,0,0,0.291039228439331
C001,C,1,NaN,NaN,NaN,0,0,0.330778121948242
C001,C,1,NaN,NaN,NaN,0,0,0.319009065628052
C001,C,1,NaN,NaN,NaN,0,0,0.319754123687744
C001,C,1,NaN,NaN,NaN,0,0,0.339855909347534
C001,C,1,NaN,NaN,NaN,0,0,0.345929861068726
C001,C,1,NaN,NaN,NaN,0,0,0.29431414604187
C001,C,NaN,1,0,NaN,NaN,0,NaN
C001,C,1,NaN,NaN,NaN,0,0,0.296468019485474
C001,C,1,NaN,NaN,NaN,0,0,0.327810049057007
C001,C,1,NaN,NaN,NaN,0,0,0.320740222930908
C001,C,1,NaN,NaN,NaN,0,0,0.272923946380615
C001,C,1,NaN,NaN,NaN,0,0,0.306635856628418
C001,C,1,NaN,NaN,NaN,0,0,0.327933073043823
C001,C,1,NaN,NaN,NaN,0,0,0.252858877182007
C001,C,1,NaN,NaN,NaN,0,0,0.312524080276489
C001,C,1,NaN,NaN,NaN,0,0,0.289435863494873
C001,C,1,NaN,NaN,NaN,0,0,0.300652980804443
C001,C,1,NaN,NaN,NaN,0,0,0.326115131378174
C001,C,NaN,1,0,NaN,NaN,0,NaN
C001,C,1,NaN,NaN,NaN,0,0,0.493340969085693
C001,C,1,NaN,NaN,NaN,0,0,0.239524841308594
C001,C,1,NaN,NaN,NaN,0,0,0.254910945892334
C001,C,1,NaN,NaN,NaN,0,0,0.240222930908203
C001,C,1,NaN,NaN,NaN,0,0,0.274880170822144
C001,C,NaN,1,0,NaN,NaN,0,NaN
C001,C,1,NaN,NaN,NaN,0,0,0.266604900360107
C001,C,1,NaN,NaN,NaN,0,0,0.285017013549805
C001,C,1,NaN,NaN,NaN,0,0,0.42263388633728
C001,C,1,NaN,NaN,NaN,0,0,0.462244033813477
C001,C,1,NaN,NaN,NaN,0,0,0.292325973510742
C001,C,1,NaN,NaN,NaN,0,0,0.264616966247559
C001,C,1,NaN,NaN,NaN,0,0,0.274243116378784
C001,C,1,NaN,NaN,NaN,0,0,0.317378997802734
C001,C,1,NaN,NaN,NaN,0,0,0.313376188278198
C001,C,1,NaN,NaN,NaN,0,0,0.388519048690796
C001,C,NaN,1,0,NaN,NaN,0,NaN
C001,C,1,NaN,NaN,NaN,0,0,0.245004177093506
C001,C,1,NaN,NaN,NaN,0,0,0.282189846038818
C001,C,1,NaN,NaN,NaN,0,0,0.322363138198853
C001,C,1,NaN,NaN,NaN,0,0,0.285635948181152
C001,C,1,NaN,NaN,NaN,0,0,0.307135105133057
C001,C,1,NaN,NaN,NaN,0,0,0.304212093353271
C001,C,NaN,0,1,NaN,NaN,0,NaN
C001,C,1,NaN,NaN,NaN,0,0,0.287084102630615
C001,C,1,NaN,NaN,NaN,0,0,0.255411863327026
C001,C,1,NaN,NaN,NaN,0,0,0.253779172897339
C001,C,1,NaN,NaN,NaN,0,0,0.304412841796875
C001,C,1,NaN,NaN,NaN,0,0,0.281342029571533
C001,C,1,NaN,NaN,NaN,0,0,0.327706098556519
C001,C,1,NaN,NaN,NaN,0,0,0.298415899276733
C001,C,NaN,1,0,NaN,NaN,0,NaN
C001,C,1,NaN,NaN,NaN,0,0,0.253396987915039
C001,C,1,NaN,NaN,NaN,0,0,0.250728130340576
C001,C,1,NaN,NaN,NaN,0,0,0.289911985397339
C001,C,1,NaN,NaN,NaN,0,0,0.277495861053467
C001,C,1,NaN,NaN,NaN,0,0,0.317888975143433
C001,C,1,NaN,NaN,NaN,0,0,0.312725067138672
C001,C,1,NaN,NaN,NaN,0,0,0.299134969711304
C001,C,1,NaN,NaN,NaN,0,0,0.303251028060913
C001,C,1,NaN,NaN,NaN,0,0,0.309368133544922
C001,C,NaN,1,0,NaN,NaN,0,NaN
C001,C,1,NaN,NaN,NaN,0,0,0.240760087966919
C001,C,1,NaN,NaN,NaN,0,0,0.235520124435425
C001,C,1,NaN,NaN,NaN,0,0,0.229382038116455
C001,C,1,NaN,NaN,NaN,0,0,0.262093067169189
C001,C,1,NaN,NaN,NaN,0,0,0.29619288444519
C001,C,1,NaN,NaN,NaN,0,0,0.429321050643921
C001,C,1,NaN,NaN,NaN,0,0,0.281893968582153
C001,C,1,NaN,NaN,NaN,0,0,0.311383962631226
C001,C,1,NaN,NaN,NaN,0,0,0.27171802520752
C001,C,1,NaN,NaN,NaN,0,0,0.254770994186401
C001,C,1,NaN,NaN,NaN,0,0,0.294993162155151
C001,C,NaN,0,1,NaN,NaN,0,NaN
C001,C,1,NaN,NaN,NaN,0,0,0.265537023544312
C001,C,1,NaN,NaN,NaN,0,0,0.252984046936035
C001,C,1,NaN,NaN,NaN,0,0,0.153985977172852
C001,C,1,NaN,NaN,NaN,0,0,0.27680778503418
C001,C,1,NaN,NaN,NaN,0,0,0.302099943161011
C001,C,1,NaN,NaN,NaN,0,0,0.245476961135864
C001,C,1,NaN,NaN,NaN,0,0,0.284800052642822
C001,C,1,NaN,NaN,NaN,0,0,0.280417919158936
C001,C,1,NaN,NaN,NaN,0,0,0.273141860961914
C001,C,NaN,1,0,NaN,NaN,0,NaN
C001,C,1,NaN,NaN,NaN,0,0,0.381285190582275
C001,C,1,NaN,NaN,NaN,0,0,0.275606870651245
C001,C,1,NaN,NaN,NaN,0,0,0.265696048736572
C001,C,1,NaN,NaN,NaN,0,0,0.302078008651733
C001,C,1,NaN,NaN,NaN,0,0,0.274748086929321
C001,C,1,NaN,NaN,NaN,0,0,0.279108047485352
C001,C,1,NaN,NaN,NaN,0,0,0.308724880218506
C001,C,1,NaN,NaN,NaN,0,0,0.300172090530396
C001,C,NaN,1,0,NaN,NaN,0,NaN
C001,C,1,NaN,NaN,NaN,0,0,0.258204936981201
C001,C,1,NaN,NaN,NaN,0,0,0.25045108795166
C001,C,1,NaN,NaN,NaN,0,0,0.238768100738525
C001,C,NaN,0,1,NaN,NaN,0,NaN
C001,C,1,NaN,NaN,NaN,0,0,0.246355056762695
C001,C,1,NaN,NaN,NaN,0,0,0.242810964584351
C001,C,1,NaN,NaN,NaN,0,0,0.228636980056763
C001,C,1,NaN,NaN,NaN,0,0,0.26471996307373
C001,C,1,NaN,NaN,NaN,0,0,0.317230939865112
C001,C,1,NaN,NaN,NaN,0,0,0.256394147872925
C001,C,1,NaN,NaN,NaN,0,0,0.293951034545898
C001,C,1,NaN,NaN,NaN,0,0,0.299852132797241
C001,C,1,NaN,NaN,NaN,0,0,0.328432083129883
C001,C,NaN,1,0,NaN,NaN,0,NaN
C001,C,1,NaN,NaN,NaN,0,0,0.274058818817139
C001,C,1,NaN,NaN,NaN,0,0,0.216821908950806
C001,C,1,NaN,NaN,NaN,0,0,0.293437004089355
C001,C,1,NaN,NaN,NaN,0,0,0.291344881057739
C001,C,1,NaN,NaN,NaN,0,0,0.272950887680054
C001,C,1,NaN,NaN,NaN,0,0,0.218690872192383
C001,C,1,NaN,NaN,NaN,0,0,0.253259181976318
C001,C,1,NaN,NaN,NaN,0,0,0.228729009628296
C001,C,1,NaN,NaN,NaN,0,0,0.329538106918335
C001,C,1,NaN,NaN,NaN,0,0,0.27445912361145
C001,C,1,NaN,NaN,NaN,0,0,0.336900949478149
C001,C,NaN,0,1,NaN,NaN,0,NaN
C001,C,1,NaN,NaN,NaN,0,0,0.329123020172119
C001,C,1,NaN,NaN,NaN,0,0,0.267349004745483
C001,C,1,NaN,NaN,NaN,0,0,0.226092100143433
C001,C,1,NaN,NaN,NaN,0,0,0.233443975448608
C001,C,1,NaN,NaN,NaN,0,0,0.258795976638794
C001,C,1,NaN,NaN,NaN,0,0,0.23895788192749
C001,C,1,NaN,NaN,NaN,0,0,0.231735944747925
C001,C,1,NaN,NaN,NaN,0,0,0.222733974456787
C001,C,1,NaN,NaN,NaN,0,0,0.275727987289429
C001,C,NaN,0,1,NaN,NaN,0,NaN
C001,C,1,NaN,NaN,NaN,0,0,0.271055936813354
C001,C,1,NaN,NaN,NaN,0,0,0.240576982498169
C001,C,1,NaN,NaN,NaN,0,0,0.74341607093811
C001,C,1,NaN,NaN,NaN,0,0,0.258457183837891
C001,C,1,NaN,NaN,NaN,0,0,0.266420125961304
