SubID,Group,BlockN,nTrial,GoTrials,NoGoTrials,FA,Misses,RT
A053,A,1,1,1,NaN,NaN,0,0.408134937286377
A053,A,1,2,1,NaN,NaN,0,0.332898139953613
A053,A,1,3,1,NaN,NaN,0,0.324315071105957
A053,A,1,4,NaN,0,1,NaN,NaN
A053,A,1,5,1,NaN,NaN,0,0.329770088195801
A053,A,1,6,1,NaN,NaN,0,0.320053100585938
A053,A,1,7,1,NaN,NaN,0,0.276170015335083
A053,A,1,8,1,NaN,NaN,0,0.382117986679077
A053,A,1,9,1,NaN,NaN,0,0.32746696472168
A053,A,1,10,1,NaN,NaN,0,0.332049131393433
A053,A,1,11,1,NaN,NaN,0,0.374867916107178
A053,A,1,12,1,NaN,NaN,0,0.356488227844238
A053,A,1,13,NaN,1,0,NaN,NaN
A053,A,1,14,1,NaN,NaN,0,0.286103963851929
A053,A,1,15,1,NaN,NaN,0,0.338495016098022
A053,A,1,16,1,NaN,NaN,0,0.398415088653564
A053,A,1,17,1,NaN,NaN,0,0.396486043930054
A053,A,1,18,1,NaN,NaN,0,0.349724054336548
A053,A,1,19,1,NaN,NaN,0,0.418991088867188
A053,A,1,20,1,NaN,NaN,0,0.344176054000854
A053,A,1,21,1,NaN,NaN,0,0.308971881866455
A053,A,1,22,1,NaN,NaN,0,0.341087102890015
A053,A,1,23,NaN,1,0,NaN,NaN
A053,A,1,24,1,NaN,NaN,0,0.294284105300903
A053,A,1,25,1,NaN,NaN,0,0.334241151809692
A053,A,1,26,1,NaN,NaN,0,0.368453025817871
A053,A,1,27,1,NaN,NaN,0,0.358016014099121
A053,A,1,28,1,NaN,NaN,0,0.34410285949707
A053,A,1,29,1,NaN,NaN,0,0.387797117233276
A053,A,1,30,1,NaN,NaN,0,0.407039880752563
A053,A,1,31,1,NaN,NaN,0,0.351768016815186
A053,A,1,32,1,NaN,NaN,0,0.524260997772217
A053,A,1,33,1,NaN,NaN,0,0.273736953735352
A053,A,1,34,1,NaN,NaN,0,0.322758913040161
A053,A,1,35,NaN,0,1,NaN,NaN
A053,A,1,36,1,NaN,NaN,0,0.299166917800903
A053,A,1,37,1,NaN,NaN,0,0.281882047653198
A053,A,1,38,1,NaN,NaN,0,0.283110857009888
A053,A,1,39,1,NaN,NaN,0,0.334014892578125
A053,A,1,40,NaN,0,1,NaN,NaN
A053,A,1,41,1,NaN,NaN,0,0.291233062744141
A053,A,1,42,1,NaN,NaN,0,0.273173093795776
A053,A,1,43,1,NaN,NaN,0,0.251957893371582
A053,A,1,44,1,NaN,NaN,0,0.307427883148193
A053,A,1,45,1,NaN,NaN,0,0.493247032165527
A053,A,1,46,1,NaN,NaN,0,0.327085018157959
A053,A,1,47,NaN,1,0,NaN,NaN
A053,A,1,48,1,NaN,NaN,0,1.0517909526825
A053,A,1,49,1,NaN,NaN,0,0.332190990447998
A053,A,1,50,1,NaN,NaN,0,0.316472053527832
A053,A,1,51,1,NaN,NaN,0,0.335223913192749
A053,A,1,52,1,NaN,NaN,0,0.319638013839722
A053,A,1,53,1,NaN,NaN,0,0.380710124969482
A053,A,1,54,1,NaN,NaN,0,0.405255079269409
A053,A,1,55,1,NaN,NaN,0,0.408543109893799
A053,A,1,56,1,NaN,NaN,0,0.32068395614624
A053,A,1,57,1,NaN,NaN,0,0.434125900268555
A053,A,1,58,1,NaN,NaN,0,0.28992486000061
A053,A,1,59,1,NaN,NaN,0,0.406738042831421
A053,A,1,60,1,NaN,NaN,0,0.330971002578735
A053,A,1,61,1,NaN,NaN,0,0.356332063674927
A053,A,1,62,NaN,1,0,NaN,NaN
A053,A,1,63,1,NaN,NaN,0,0.291647911071777
A053,A,1,64,1,NaN,NaN,0,0.288251876831055
A053,A,1,65,1,NaN,NaN,0,0.25019097328186
A053,A,1,66,NaN,0,1,NaN,NaN
A053,A,1,67,1,NaN,NaN,0,0.260504961013794
A053,A,1,68,1,NaN,NaN,0,0.307102918624878
A053,A,1,69,1,NaN,NaN,0,0.292649984359741
A053,A,1,70,1,NaN,NaN,0,0.281609058380127
A053,A,1,71,1,NaN,NaN,0,0.31141996383667
A053,A,1,72,1,NaN,NaN,0,0.326812028884888
A053,A,1,73,1,NaN,NaN,0,0.332372903823853
A053,A,1,74,1,NaN,NaN,0,0.33796501159668
A053,A,1,75,1,NaN,NaN,0,0.317569971084595
A053,A,1,76,NaN,0,1,NaN,NaN
A053,A,1,77,1,NaN,NaN,0,0.290773868560791
A053,A,1,78,1,NaN,NaN,0,0.272011041641235
A053,A,1,79,1,NaN,NaN,0,0.281609058380127
A053,A,1,80,1,NaN,NaN,0,0.287184953689575
A053,A,1,81,1,NaN,NaN,0,0.336442947387695
A053,A,1,82,1,NaN,NaN,0,0.279739856719971
A053,A,1,83,1,NaN,NaN,0,0.270686149597168
A053,A,1,84,1,NaN,NaN,0,0.282881021499634
A053,A,1,85,NaN,0,1,NaN,NaN
A053,A,1,86,1,NaN,NaN,0,0.303371906280518
A053,A,1,87,1,NaN,NaN,0,0.425506830215454
A053,A,1,88,1,NaN,NaN,0,0.322999000549316
A053,A,1,89,1,NaN,NaN,0,0.319860935211182
A053,A,1,90,1,NaN,NaN,0,0.301005125045776
A053,A,1,91,1,NaN,NaN,0,0.311514139175415
A053,A,1,92,NaN,1,0,NaN,NaN
A053,A,1,93,1,NaN,NaN,0,0.294800996780396
A053,A,1,94,1,NaN,NaN,0,0.332298040390015
A053,A,1,95,1,NaN,NaN,0,0.307248115539551
A053,A,1,96,1,NaN,NaN,0,0.341747999191284
A053,A,1,97,1,NaN,NaN,0,0.31584906578064
A053,A,1,98,1,NaN,NaN,0,0.331207036972046
A053,A,1,99,1,NaN,NaN,0,0.32036018371582
A053,A,1,100,1,NaN,NaN,0,0.314934015274048
A053,A,1,101,1,NaN,NaN,0,0.338336944580078
A053,A,1,102,1,NaN,NaN,0,0.395208835601807
A053,A,1,103,1,NaN,NaN,0,0.352169036865234
A053,A,1,104,1,NaN,NaN,0,0.438098907470703
A053,A,1,105,1,NaN,NaN,0,0.29889988899231
A053,A,1,106,1,NaN,NaN,0,0.302792072296143
A053,A,1,107,NaN,1,0,NaN,NaN
A053,A,1,108,1,NaN,NaN,0,0.308626174926758
A053,A,1,109,1,NaN,NaN,0,0.302971124649048
A053,A,1,110,1,NaN,NaN,0,0.306707143783569
A053,A,1,111,1,NaN,NaN,0,0.31331992149353
A053,A,1,112,1,NaN,NaN,0,0.287755966186523
A053,A,1,113,1,NaN,NaN,0,0.222809076309204
A053,A,1,114,NaN,1,0,NaN,NaN
A053,A,1,115,1,NaN,NaN,0,0.300727128982544
A053,A,1,116,1,NaN,NaN,0,0.311429023742676
A053,A,1,117,1,NaN,NaN,0,0.282457113265991
A053,A,1,118,1,NaN,NaN,0,0.291380882263184
A053,A,1,119,NaN,0,1,NaN,NaN
A053,A,1,120,1,NaN,NaN,0,0.303854942321777
A053,A,1,121,1,NaN,NaN,0,0.267912864685059
A053,A,1,122,1,NaN,NaN,0,0.395369052886963
A053,A,1,123,1,NaN,NaN,0,0.376541137695312
A053,A,1,124,1,NaN,NaN,0,0.304354190826416
A053,A,1,125,1,NaN,NaN,0,0.321100950241089
A053,A,1,126,1,NaN,NaN,0,0.405668020248413
A053,A,1,127,1,NaN,NaN,0,0.320267915725708
A053,A,1,128,1,NaN,NaN,0,0.609342098236084
A053,A,1,129,NaN,1,0,NaN,NaN
A053,A,1,130,1,NaN,NaN,0,0.355013847351074
A053,A,1,131,1,NaN,NaN,0,0.356676816940308
A053,A,1,132,1,NaN,NaN,0,0.340807199478149
A053,A,1,133,1,NaN,NaN,0,0.341181993484497
A053,A,1,134,1,NaN,NaN,0,0.426248073577881
A053,A,1,135,1,NaN,NaN,0,0.295774936676025
A053,A,1,136,1,NaN,NaN,0,0.271768093109131
A053,A,1,137,1,NaN,NaN,0,0.287050008773804
A053,A,1,138,1,NaN,NaN,0,0.338551998138428
A053,A,1,139,1,NaN,NaN,0,0.376672029495239
A053,A,1,140,1,NaN,NaN,0,0.373847007751465
A053,A,1,141,1,NaN,NaN,0,0.305798053741455
A053,A,1,142,1,NaN,NaN,0,0.442094087600708
A053,A,1,143,NaN,0,1,NaN,NaN
A053,A,1,144,1,NaN,NaN,0,0.322705984115601
A053,A,1,145,1,NaN,NaN,0,0.362714052200317
A053,A,1,146,1,NaN,NaN,0,0.337058067321777
A053,A,1,147,1,NaN,NaN,0,0.319098949432373
A053,A,1,148,1,NaN,NaN,0,0.373089075088501
A053,A,1,149,NaN,1,0,NaN,NaN
A053,A,1,150,1,NaN,NaN,0,0.350651025772095
A053,A,1,151,1,NaN,NaN,0,0.332642078399658
A053,A,1,152,1,NaN,NaN,0,0.281696796417236
A053,A,1,153,1,NaN,NaN,0,0.354737997055054
A053,A,1,154,1,NaN,NaN,0,0.288925170898438
A053,A,1,155,1,NaN,NaN,0,0.264429092407227
A053,A,1,156,1,NaN,NaN,0,0.271624088287354
A053,A,1,157,1,NaN,NaN,0,0.360158205032349
A053,A,1,158,1,NaN,NaN,0,0.356261014938354
A053,A,1,159,1,NaN,NaN,0,0.365333080291748
A053,A,1,160,1,NaN,NaN,0,0.330004930496216
A053,A,1,161,NaN,1,0,NaN,NaN
A053,A,1,162,1,NaN,NaN,0,0.277888059616089
A053,A,1,163,1,NaN,NaN,0,0.262387037277222
A053,A,1,164,NaN,0,1,NaN,NaN
A053,A,1,165,1,NaN,NaN,0,0.31606912612915
A053,A,1,166,1,NaN,NaN,0,0.305519104003906
A053,A,1,167,1,NaN,NaN,0,0.286773920059204
A053,A,1,168,1,NaN,NaN,0,0.298619031906128
A053,A,1,169,1,NaN,NaN,0,0.258006811141968
A053,A,1,170,1,NaN,NaN,0,0.276734113693237
A053,A,1,171,1,NaN,NaN,0,0.241671800613403
A053,A,1,172,1,NaN,NaN,0,0.275288820266724
A053,A,1,173,NaN,0,1,NaN,NaN
A053,A,1,174,1,NaN,NaN,0,0.348123073577881
A053,A,1,175,1,NaN,NaN,0,0.303652048110962
A053,A,1,176,1,NaN,NaN,0,0.307276964187622
A053,A,1,177,1,NaN,NaN,0,0.332422018051147
A053,A,1,178,1,NaN,NaN,0,0.311518907546997
A053,A,1,179,1,NaN,NaN,0,NaN
A053,A,1,180,1,NaN,NaN,0,0.313981056213379
A053,A,1,181,1,NaN,NaN,0,0.335089921951294
A053,A,1,182,1,NaN,NaN,0,0.33537483215332
A053,A,1,183,1,NaN,NaN,0,0.317102909088135
A053,A,1,184,1,NaN,NaN,0,0.303685903549194
A053,A,1,185,1,NaN,NaN,0,0.289703845977783
A053,A,1,186,NaN,1,0,NaN,NaN
A053,A,1,187,1,NaN,NaN,0,0.331352949142456
A053,A,1,188,1,NaN,NaN,0,0.283061981201172
A053,A,1,189,1,NaN,NaN,0,0.312969923019409
A053,A,1,190,1,NaN,NaN,0,0.284893989562988
A053,A,1,191,1,NaN,NaN,0,0.311145067214966
A053,A,1,192,1,NaN,NaN,0,0.297293901443481
A053,A,1,193,1,NaN,NaN,0,0.283179998397827
A053,A,1,194,NaN,0,1,NaN,NaN
A053,A,1,195,1,NaN,NaN,0,0.265365123748779
A053,A,1,196,1,NaN,NaN,0,0.252177953720093
A053,A,1,197,1,NaN,NaN,0,0.300915956497192
A053,A,1,198,1,NaN,NaN,0,0.302158117294312
A053,A,1,199,1,NaN,NaN,0,0.307159185409546
A053,A,1,200,1,NaN,NaN,0,0.337149143218994
A053,A,1,201,1,NaN,NaN,0,0.306292057037354
A053,A,1,202,1,NaN,NaN,0,0.476967811584473
A053,A,1,203,1,NaN,NaN,0,0.30988597869873
A053,A,1,204,NaN,1,0,NaN,NaN
A053,A,1,205,1,NaN,NaN,0,0.347085952758789
A053,A,1,206,1,NaN,NaN,0,0.30826997756958
A053,A,1,207,1,NaN,NaN,0,0.289486885070801
A053,A,1,208,1,NaN,NaN,0,0.273710012435913
A053,A,1,209,1,NaN,NaN,0,0.282060146331787
A053,A,1,210,1,NaN,NaN,0,0.315212965011597
A053,A,1,211,1,NaN,NaN,0,0.288174867630005
A053,A,1,212,1,NaN,NaN,0,0.433519840240479
A053,A,1,213,1,NaN,NaN,0,0.278118848800659
A053,A,1,214,NaN,0,1,NaN,NaN
A053,A,1,215,1,NaN,NaN,0,0.283437013626099
A053,A,1,216,1,NaN,NaN,0,0.295035839080811
A053,A,1,217,1,NaN,NaN,0,0.236042976379395
A053,A,1,218,NaN,0,1,NaN,NaN
A053,A,1,219,1,NaN,NaN,0,0.313493013381958
A053,A,1,220,1,NaN,NaN,0,0.282750129699707
A053,A,1,221,1,NaN,NaN,0,0.276145935058594
A053,A,1,222,1,NaN,NaN,0,0.30060601234436
A053,A,1,223,1,NaN,NaN,0,0.317988157272339
A053,A,1,224,1,NaN,NaN,0,0.306181907653809
A053,A,1,225,1,NaN,NaN,0,0.305043935775757
A053,A,1,226,1,NaN,NaN,0,0.345906019210815
A053,A,1,227,1,NaN,NaN,0,0.314121007919312
A053,A,1,228,1,NaN,NaN,0,0.34644603729248
A053,A,1,229,1,NaN,NaN,0,0.331084966659546
A053,A,1,230,1,NaN,NaN,0,0.346967935562134
A053,A,1,231,1,NaN,NaN,0,0.42690896987915
A053,A,1,232,1,NaN,NaN,0,0.355511903762817
A053,A,1,233,NaN,1,0,NaN,NaN
A053,A,1,234,1,NaN,NaN,0,0.30510687828064
A053,A,1,235,1,NaN,NaN,0,0.832924127578735
A053,A,1,236,1,NaN,NaN,0,0.318533897399902
A053,A,1,237,1,NaN,NaN,0,0.34358286857605
A053,A,1,238,1,NaN,NaN,0,0.331737995147705
A053,A,1,239,NaN,1,0,NaN,NaN
A053,A,1,240,1,NaN,NaN,0,0.25603199005127
A053,A,1,241,1,NaN,NaN,0,0.26120400428772
A053,A,1,242,1,NaN,NaN,0,0.283950090408325
A053,A,1,243,1,NaN,NaN,0,0.291038990020752
A053,A,1,244,1,NaN,NaN,0,0.256561994552612
A053,A,1,245,1,NaN,NaN,0,0.292710065841675
A053,A,1,246,1,NaN,NaN,0,0.43204402923584
A053,A,1,247,1,NaN,NaN,0,0.269731044769287
A053,A,1,248,1,NaN,NaN,0,0.224304914474487
A053,A,1,249,1,NaN,NaN,0,0.402854919433594
A053,A,1,250,NaN,1,0,NaN,NaN
A053,A,1,251,1,NaN,NaN,0,0.314123153686523
A053,A,1,252,1,NaN,NaN,0,0.286604881286621
A053,A,1,253,1,NaN,NaN,0,0.238560914993286
A053,A,1,254,1,NaN,NaN,0,0.291844129562378
A053,A,1,255,1,NaN,NaN,0,0.24750018119812
A053,A,1,256,1,NaN,NaN,0,0.295402765274048
A053,A,1,257,1,NaN,NaN,0,0.246202945709229
A053,A,1,258,1,NaN,NaN,0,0.307969093322754
A053,A,1,259,NaN,0,1,NaN,NaN
A053,A,1,260,1,NaN,NaN,0,0.294230937957764
A053,A,1,261,1,NaN,NaN,0,0.23969292640686
A053,A,1,262,1,NaN,NaN,0,0.336937189102173
A053,A,1,263,1,NaN,NaN,0,0.320672035217285
A053,A,1,264,1,NaN,NaN,0,0.302748918533325
A053,A,1,265,1,NaN,NaN,0,0.256346940994263
A053,A,1,266,NaN,0,1,NaN,NaN
A053,A,1,267,1,NaN,NaN,0,0.274585962295532
A053,A,1,268,1,NaN,NaN,0,NaN
A053,A,1,269,1,NaN,NaN,0,0.27568507194519
A053,A,1,270,1,NaN,NaN,0,0.246084928512573
A053,A,1,271,1,NaN,NaN,0,0.254865169525146
A053,A,1,272,1,NaN,NaN,0,0.261439085006714
A053,A,1,273,1,NaN,NaN,0,0.382538080215454
A053,A,1,274,1,NaN,NaN,0,0.352530956268311
A053,A,1,275,1,NaN,NaN,0,0.284476041793823
A053,A,1,276,1,NaN,NaN,0,0.319257020950317
A053,A,1,277,1,NaN,NaN,0,0.632686853408813
A053,A,1,278,NaN,0,1,NaN,NaN
A053,A,1,279,1,NaN,NaN,0,NaN
A053,A,1,280,1,NaN,NaN,0,0.299341917037964
A053,A,1,281,1,NaN,NaN,0,0.359932899475098
A053,A,1,282,1,NaN,NaN,0,0.299072027206421
A053,A,1,283,1,NaN,NaN,0,0.278274774551392
A053,A,1,284,1,NaN,NaN,0,0.234323024749756
A053,A,1,285,1,NaN,NaN,0,0.281555891036987
A053,A,1,286,NaN,0,1,NaN,NaN
A053,A,1,287,1,NaN,NaN,0,0.289073944091797
A053,A,1,288,1,NaN,NaN,0,0.262847900390625
A053,A,1,289,1,NaN,NaN,0,0.267818927764893
A053,A,1,290,1,NaN,NaN,0,0.224488019943237
A053,A,1,291,1,NaN,NaN,0,0.232065916061401
A053,A,1,292,NaN,0,1,NaN,NaN
A053,A,1,293,1,NaN,NaN,0,0.181868076324463
A053,A,1,294,1,NaN,NaN,0,0.299042940139771
A053,A,1,295,1,NaN,NaN,0,0.704623937606812
A053,A,1,296,1,NaN,NaN,0,0.397557020187378
A053,A,1,297,1,NaN,NaN,0,0.391168117523193
A053,A,1,298,1,NaN,NaN,0,0.308343887329102
A053,A,1,299,NaN,0,1,NaN,NaN
A053,A,1,300,1,NaN,NaN,0,0.285500049591064
A053,A,1,301,1,NaN,NaN,0,0.250685930252075
A053,A,1,302,1,NaN,NaN,0,0.284646987915039
A053,A,1,303,1,NaN,NaN,0,0.256935834884644
A053,A,1,304,1,NaN,NaN,0,0.256279945373535
A053,A,1,305,1,NaN,NaN,0,0.284340143203735
A053,A,1,306,1,NaN,NaN,0,0.270941972732544
A053,A,1,307,1,NaN,NaN,0,0.327293157577515
A053,A,1,308,1,NaN,NaN,0,0.414169073104858
A053,A,1,309,1,NaN,NaN,0,0.330316066741943
A053,A,1,310,1,NaN,NaN,0,0.341885089874268
A053,A,1,311,1,NaN,NaN,0,0.346591949462891
A053,A,1,312,1,NaN,NaN,0,0.317606925964355
A053,A,1,313,NaN,1,0,NaN,NaN
A053,A,1,314,1,NaN,NaN,0,0.282837867736816
A053,A,1,315,1,NaN,NaN,0,0.254061937332153
A053,A,1,316,1,NaN,NaN,0,0.273809909820557
A053,A,1,317,NaN,0,1,NaN,NaN
A053,A,1,318,1,NaN,NaN,0,0.297999858856201
A053,A,1,319,1,NaN,NaN,0,0.183367967605591
A053,A,1,320,1,NaN,NaN,0,0.268373012542725
A053,A,1,321,1,NaN,NaN,0,0.274227857589722
A053,A,1,322,1,NaN,NaN,0,0.323639869689941
A053,A,1,323,1,NaN,NaN,0,0.28376293182373
A053,A,1,324,1,NaN,NaN,0,0.292634963989258
A053,A,1,325,1,NaN,NaN,0,0.294597148895264
A053,A,1,326,1,NaN,NaN,0,0.360267877578735
A053,A,1,327,1,NaN,NaN,0,0.364841938018799
A053,A,1,328,1,NaN,NaN,0,0.380006074905396
A053,A,1,329,NaN,1,0,NaN,NaN
A053,A,1,330,1,NaN,NaN,0,0.285927057266235
A053,A,1,331,1,NaN,NaN,0,0.313464879989624
A053,A,1,332,1,NaN,NaN,0,0.33434796333313
A053,A,1,333,1,NaN,NaN,0,0.34983491897583
A053,A,1,334,1,NaN,NaN,0,0.382845878601074
A053,A,1,335,NaN,0,1,NaN,NaN
A053,A,1,336,1,NaN,NaN,0,0.267312049865723
A053,A,1,337,1,NaN,NaN,0,0.270203113555908
A053,A,1,338,1,NaN,NaN,0,0.373631954193115
A053,A,1,339,1,NaN,NaN,0,0.312394857406616
A053,A,1,340,1,NaN,NaN,0,0.342108964920044
A053,A,1,341,1,NaN,NaN,0,0.329838037490845
A053,A,1,342,1,NaN,NaN,0,0.303783893585205
A053,A,1,343,1,NaN,NaN,0,0.252305030822754
A053,A,1,344,1,NaN,NaN,0,0.266014099121094
A053,A,1,345,1,NaN,NaN,0,0.297278165817261
A053,A,1,346,1,NaN,NaN,0,0.280578851699829
A053,A,1,347,NaN,0,1,NaN,NaN
A053,A,1,348,1,NaN,NaN,0,0.321822881698608
A053,A,1,349,1,NaN,NaN,0,0.28211784362793
A053,A,1,350,1,NaN,NaN,0,0.231076002120972
A053,A,1,351,1,NaN,NaN,0,NaN
A053,A,1,352,1,NaN,NaN,0,0.26474404335022
A053,A,1,353,NaN,0,1,NaN,NaN
A053,A,1,354,1,NaN,NaN,0,0.388863086700439
A053,A,1,355,1,NaN,NaN,0,0.347093105316162
A053,A,1,356,1,NaN,NaN,0,0.299920082092285
A053,A,1,357,1,NaN,NaN,0,0.342456102371216
A053,A,1,358,1,NaN,NaN,0,0.34333610534668
A053,A,1,359,1,NaN,NaN,0,0.397621870040894
A053,A,1,360,1,NaN,NaN,0,0.365528106689453
A053,A,1,361,1,NaN,NaN,0,0.343358993530273
A053,A,1,362,1,NaN,NaN,0,0.317788124084473
A053,A,1,363,1,NaN,NaN,0,0.311028003692627
A053,A,1,364,1,NaN,NaN,0,0.340053081512451
A053,A,1,365,NaN,1,0,NaN,NaN
A053,A,1,366,1,NaN,NaN,0,0.606893062591553
A053,A,1,367,1,NaN,NaN,0,0.27354907989502
A053,A,1,368,1,NaN,NaN,0,0.29228401184082
A053,A,1,369,1,NaN,NaN,0,0.41168999671936
A053,A,1,370,1,NaN,NaN,0,0.41277289390564
A053,A,1,371,1,NaN,NaN,0,0.417880058288574
A053,A,1,372,1,NaN,NaN,0,0.317512035369873
A053,A,1,373,1,NaN,NaN,0,0.288792133331299
A053,A,1,374,1,NaN,NaN,0,0.377480983734131
A053,A,1,375,1,NaN,NaN,0,0.350059986114502
A053,A,1,376,NaN,1,0,NaN,NaN
A053,A,1,377,1,NaN,NaN,0,0.304068088531494
A053,A,1,378,1,NaN,NaN,0,0.430461883544922
A053,A,1,379,1,NaN,NaN,0,0.266252040863037
A053,A,1,380,1,NaN,NaN,0,0.346912145614624
A053,A,1,381,1,NaN,NaN,0,0.323621988296509
A053,A,1,382,1,NaN,NaN,0,0.326802968978882
A053,A,1,383,1,NaN,NaN,0,0.285624027252197
A053,A,1,384,1,NaN,NaN,0,0.313928127288818
A053,A,1,385,1,NaN,NaN,0,0.386893033981323
A053,A,1,386,NaN,1,0,NaN,NaN
A053,A,1,387,1,NaN,NaN,0,0.402237892150879
A053,A,1,388,1,NaN,NaN,0,0.360733985900879
A053,A,1,389,1,NaN,NaN,0,0.31414008140564
A053,A,1,390,1,NaN,NaN,0,0.347264051437378
A053,A,1,391,NaN,0,1,NaN,NaN
A053,A,1,392,1,NaN,NaN,0,0.301047801971436
A053,A,1,393,1,NaN,NaN,0,0.31698203086853
A053,A,1,394,1,NaN,NaN,0,0.257529973983765
A053,A,1,395,1,NaN,NaN,0,0.272194147109985
A053,A,1,396,1,NaN,NaN,0,0.297416925430298
A053,A,1,397,1,NaN,NaN,0,0.386275053024292
A053,A,1,398,1,NaN,NaN,0,0.316567182540894
A053,A,1,399,1,NaN,NaN,0,0.341177940368652
A053,A,1,400,NaN,0,1,NaN,NaN
A053,A,1,401,1,NaN,NaN,0,0.300484895706177
A053,A,1,402,1,NaN,NaN,0,0.253767013549805
A053,A,1,403,1,NaN,NaN,0,0.248872041702271
A053,A,1,404,0,NaN,NaN,1,NaN
A053,A,1,405,1,NaN,NaN,0,0.315913200378418
A053,A,1,406,1,NaN,NaN,0,0.342828035354614
A053,A,1,407,1,NaN,NaN,0,0.301567077636719
A053,A,1,408,1,NaN,NaN,0,0.326447010040283
A053,A,1,409,1,NaN,NaN,0,0.284533023834229
A053,A,1,410,NaN,1,0,NaN,NaN
A053,A,1,411,1,NaN,NaN,0,0.294222116470337
A053,A,1,412,1,NaN,NaN,0,0.322842121124268
A053,A,1,413,1,NaN,NaN,0,0.307256937026978
A053,A,1,414,1,NaN,NaN,0,0.360235929489136
A053,A,1,415,1,NaN,NaN,0,0.30452299118042
A053,A,1,416,1,NaN,NaN,0,0.267565965652466
A053,A,1,417,1,NaN,NaN,0,0.292983055114746
A053,A,1,418,1,NaN,NaN,0,0.285795211791992
A053,A,1,419,1,NaN,NaN,0,0.309638977050781
A053,A,1,420,NaN,0,1,NaN,NaN
A053,A,1,421,1,NaN,NaN,0,0.347805976867676
A053,A,1,422,1,NaN,NaN,0,0.306921005249023
A053,A,1,423,1,NaN,NaN,0,NaN
A053,A,1,424,1,NaN,NaN,0,0.33328104019165
A053,A,1,425,1,NaN,NaN,0,0.438169956207275
A053,A,1,426,NaN,1,0,NaN,NaN
A053,A,1,427,1,NaN,NaN,0,0.378130912780762
A053,A,1,428,1,NaN,NaN,0,0.322919845581055
A053,A,1,429,1,NaN,NaN,0,0.372204065322876
A053,A,1,430,1,NaN,NaN,0,0.359580039978027
A053,A,1,431,1,NaN,NaN,0,0.666939973831177
A053,A,1,432,1,NaN,NaN,0,0.379832983016968
A053,A,1,433,1,NaN,NaN,0,0.43290901184082
A053,A,1,434,1,NaN,NaN,0,0.336090087890625
A053,A,1,435,1,NaN,NaN,0,0.244429111480713
A053,A,1,436,1,NaN,NaN,0,0.548961877822876
A053,A,1,437,1,NaN,NaN,0,0.350100040435791
A053,A,1,438,1,NaN,NaN,0,0.313922882080078
A053,A,1,439,1,NaN,NaN,0,0.321108102798462
A053,A,1,440,NaN,0,1,NaN,NaN
A053,A,1,441,1,NaN,NaN,0,0.343535184860229
A053,A,1,442,1,NaN,NaN,0,0.346888065338135
A053,A,1,443,1,NaN,NaN,0,NaN
A053,A,1,444,1,NaN,NaN,0,0.331792831420898
A053,A,1,445,1,NaN,NaN,0,0.2985680103302
A053,A,1,446,1,NaN,NaN,0,0.271214962005615
A053,A,1,447,1,NaN,NaN,0,0.28527307510376
A053,A,1,448,1,NaN,NaN,0,0.257199048995972
A053,A,1,449,NaN,0,1,NaN,NaN
A053,A,1,450,1,NaN,NaN,0,0.284773111343384
A053,A,1,451,1,NaN,NaN,0,0.274282932281494
A053,A,1,452,1,NaN,NaN,0,0.318413972854614
A053,A,1,453,1,NaN,NaN,0,0.342180013656616
A053,A,1,454,1,NaN,NaN,0,0.251015901565552
A053,A,1,455,1,NaN,NaN,0,0.561733961105347
A053,A,1,456,1,NaN,NaN,0,0.358206987380981
A053,A,1,457,NaN,1,0,NaN,NaN
A053,A,1,458,1,NaN,NaN,0,0.323984146118164
A053,A,1,459,1,NaN,NaN,0,0.293306112289429
A053,A,1,460,1,NaN,NaN,0,0.354773998260498
A053,A,1,461,NaN,1,0,NaN,NaN
A053,A,1,462,1,NaN,NaN,0,0.37090015411377
A053,A,1,463,1,NaN,NaN,0,0.375208139419556
A053,A,1,464,1,NaN,NaN,0,0.376833915710449
A053,A,1,465,1,NaN,NaN,0,0.369611024856567
A053,A,1,466,1,NaN,NaN,0,0.306766986846924
A053,A,1,467,1,NaN,NaN,0,0.329169034957886
A053,A,1,468,1,NaN,NaN,0,0.355445146560669
A053,A,1,469,1,NaN,NaN,0,0.369066953659058
A053,A,1,470,1,NaN,NaN,0,0.410125017166138
A053,A,1,471,1,NaN,NaN,0,0.333949089050293
A053,A,1,472,1,NaN,NaN,0,0.28245997428894
A053,A,1,473,1,NaN,NaN,0,0.31276798248291
A053,A,1,474,1,NaN,NaN,0,0.30150318145752
A053,A,1,475,NaN,1,0,NaN,NaN
A053,A,1,476,1,NaN,NaN,0,0.299298048019409
A053,A,1,477,1,NaN,NaN,0,0.184037923812866
A053,A,1,478,1,NaN,NaN,0,0.374454975128174
A053,A,1,479,1,NaN,NaN,0,0.349823951721191
A053,A,1,480,1,NaN,NaN,0,0.17247200012207
A053,A,1,481,1,NaN,NaN,0,0.256128072738647
A053,A,1,482,1,NaN,NaN,0,0.349691867828369
A053,A,1,483,1,NaN,NaN,0,0.28649115562439
A053,A,1,484,1,NaN,NaN,0,0.237432956695557
A053,A,1,485,NaN,0,1,NaN,NaN
A053,A,1,486,1,NaN,NaN,0,0.295021057128906
A053,A,1,487,1,NaN,NaN,0,0.317934989929199
A053,A,1,488,1,NaN,NaN,0,0.338878154754639
A053,A,1,489,1,NaN,NaN,0,0.222954034805298
A053,A,1,490,1,NaN,NaN,0,0.272608995437622
A053,A,1,491,1,NaN,NaN,0,0.663004875183105
A053,A,1,492,1,NaN,NaN,0,0.354635000228882
A053,A,1,493,1,NaN,NaN,0,0.338905096054077
A053,A,1,494,NaN,0,1,NaN,NaN
A053,A,1,495,1,NaN,NaN,0,0.677846908569336
A053,A,1,496,1,NaN,NaN,0,0.310159921646118
A053,A,1,497,1,NaN,NaN,0,0.324230909347534
A053,A,1,498,1,NaN,NaN,0,0.287389039993286
A053,A,1,499,1,NaN,NaN,0,0.21757698059082
A053,A,1,500,NaN,0,1,NaN,NaN
A053,A,1,501,1,NaN,NaN,0,0.254293918609619
A053,A,1,502,1,NaN,NaN,0,NaN
A053,A,1,503,1,NaN,NaN,0,NaN
A053,A,1,504,1,NaN,NaN,0,0.702680110931396
A053,A,1,505,1,NaN,NaN,0,0.336597919464111
A053,A,1,506,1,NaN,NaN,0,0.269861936569214
A053,A,1,507,NaN,0,1,NaN,NaN
A053,A,1,508,1,NaN,NaN,0,0.288790941238403
A053,A,1,509,1,NaN,NaN,0,0.254055023193359
A053,A,1,510,1,NaN,NaN,0,0.270756006240845
A053,A,1,511,1,NaN,NaN,0,0.306644916534424
A053,A,1,512,1,NaN,NaN,0,0.340407133102417
A053,A,1,513,1,NaN,NaN,0,0.291428089141846
A053,A,1,514,1,NaN,NaN,0,0.26628589630127
A053,A,1,515,1,NaN,NaN,0,0.33296799659729
A053,A,1,516,1,NaN,NaN,0,0.493562936782837
A053,A,1,517,1,NaN,NaN,0,0.286597967147827
A053,A,1,518,NaN,0,1,NaN,NaN
A053,A,1,519,1,NaN,NaN,0,0.293577909469604
A053,A,1,520,1,NaN,NaN,0,0.254909992218018
A053,A,1,521,1,NaN,NaN,0,0.287909984588623
A053,A,1,522,1,NaN,NaN,0,0.280042886734009
A053,A,1,523,1,NaN,NaN,0,0.393590927124023
A053,A,1,524,NaN,1,0,NaN,NaN
A053,A,1,525,1,NaN,NaN,0,0.284116983413696
A053,A,1,526,1,NaN,NaN,0,0.267865896224976
A053,A,1,527,1,NaN,NaN,0,0.298052072525024
A053,A,1,528,1,NaN,NaN,0,0.202546119689941
A053,A,1,529,1,NaN,NaN,0,0.261080980300903
A053,A,1,530,1,NaN,NaN,0,0.301982879638672
A053,A,1,531,1,NaN,NaN,0,0.314714193344116
A053,A,1,532,1,NaN,NaN,0,0.388339042663574
A053,A,1,533,1,NaN,NaN,0,0.316225051879883
A053,A,1,534,1,NaN,NaN,0,0.333298921585083
A053,A,1,535,1,NaN,NaN,0,0.334357976913452
A053,A,1,536,NaN,0,1,NaN,NaN
A053,A,1,537,1,NaN,NaN,0,0.280701875686646
A053,A,1,538,1,NaN,NaN,0,0.198858022689819
A053,A,1,539,1,NaN,NaN,0,0.285108089447021
A053,A,1,540,1,NaN,NaN,0,0.286295890808105
A053,A,2,1,1,NaN,NaN,0,0.45952296257019
A053,A,2,2,1,NaN,NaN,0,0.2984778881073
A053,A,2,3,1,NaN,NaN,0,0.23809814453125
A053,A,2,4,1,NaN,NaN,0,0.289830923080444
A053,A,2,5,NaN,1,0,NaN,NaN
A053,A,2,6,1,NaN,NaN,0,0.290137052536011
A053,A,2,7,1,NaN,NaN,0,0.267738103866577
A053,A,2,8,1,NaN,NaN,0,0.260620832443237
A053,A,2,9,1,NaN,NaN,0,0.252429008483887
A053,A,2,10,1,NaN,NaN,0,0.205193996429443
A053,A,2,11,1,NaN,NaN,0,0.279879093170166
A053,A,2,12,1,NaN,NaN,0,0.266710042953491
A053,A,2,13,1,NaN,NaN,0,0.2762770652771
A053,A,2,14,NaN,0,1,NaN,NaN
A053,A,2,15,1,NaN,NaN,0,0.290058851242065
A053,A,2,16,1,NaN,NaN,0,0.195486068725586
A053,A,2,17,1,NaN,NaN,0,0.335393905639648
A053,A,2,18,1,NaN,NaN,0,0.311918973922729
A053,A,2,19,1,NaN,NaN,0,0.335692167282104
A053,A,2,20,1,NaN,NaN,0,0.371649980545044
A053,A,2,21,1,NaN,NaN,0,0.375833988189697
A053,A,2,22,NaN,1,0,NaN,NaN
A053,A,2,23,1,NaN,NaN,0,0.243780136108398
A053,A,2,24,1,NaN,NaN,0,0.26813793182373
A053,A,2,25,1,NaN,NaN,0,0.253764152526855
A053,A,2,26,1,NaN,NaN,0,0.346289157867432
A053,A,2,27,1,NaN,NaN,0,0.306175947189331
A053,A,2,28,1,NaN,NaN,0,0.440291166305542
A053,A,2,29,1,NaN,NaN,0,0.368917942047119
A053,A,2,30,1,NaN,NaN,0,0.336260080337524
A053,A,2,31,NaN,0,1,NaN,NaN
A053,A,2,32,1,NaN,NaN,0,0.285725116729736
A053,A,2,33,1,NaN,NaN,0,0.281489133834839
A053,A,2,34,1,NaN,NaN,0,0.309876918792725
A053,A,2,35,1,NaN,NaN,0,0.291826963424683
A053,A,2,36,1,NaN,NaN,0,0.289283990859985
A053,A,2,37,1,NaN,NaN,0,0.371873140335083
A053,A,2,38,1,NaN,NaN,0,0.276423931121826
A053,A,2,39,NaN,1,0,NaN,NaN
A053,A,2,40,1,NaN,NaN,0,0.256118059158325
A053,A,2,41,1,NaN,NaN,0,0.341423034667969
A053,A,2,42,1,NaN,NaN,0,0.29466986656189
A053,A,2,43,1,NaN,NaN,0,0.256331920623779
A053,A,2,44,1,NaN,NaN,0,0.178750991821289
A053,A,2,45,1,NaN,NaN,0,0.327687978744507
A053,A,2,46,1,NaN,NaN,0,0.290232181549072
A053,A,2,47,1,NaN,NaN,0,0.366878986358643
A053,A,2,48,1,NaN,NaN,0,0.32716703414917
A053,A,2,49,1,NaN,NaN,0,NaN
A053,A,2,50,NaN,0,1,NaN,NaN
A053,A,2,51,1,NaN,NaN,0,0.674246072769165
A053,A,2,52,1,NaN,NaN,0,0.359321117401123
A053,A,2,53,1,NaN,NaN,0,0.337826013565063
A053,A,2,54,1,NaN,NaN,0,0.257977962493896
A053,A,2,55,1,NaN,NaN,0,0.241601943969727
A053,A,2,56,1,NaN,NaN,0,0.298192977905273
A053,A,2,57,1,NaN,NaN,0,0.289611101150513
A053,A,2,58,1,NaN,NaN,0,0.282817125320435
A053,A,2,59,1,NaN,NaN,0,0.208950996398926
A053,A,2,60,1,NaN,NaN,0,NaN
A053,A,2,61,1,NaN,NaN,0,0.316967010498047
A053,A,2,62,NaN,1,0,NaN,NaN
A053,A,2,63,1,NaN,NaN,0,0.266714096069336
A053,A,2,64,1,NaN,NaN,0,0.285048007965088
A053,A,2,65,1,NaN,NaN,0,0.316684007644653
A053,A,2,66,NaN,1,0,NaN,NaN
A053,A,2,67,1,NaN,NaN,0,0.278007984161377
A053,A,2,68,1,NaN,NaN,0,0.307602882385254
A053,A,2,69,1,NaN,NaN,0,0.28515100479126
A053,A,2,70,1,NaN,NaN,0,0.331224918365479
A053,A,2,71,1,NaN,NaN,0,0.376094102859497
A053,A,2,72,1,NaN,NaN,0,0.285297155380249
A053,A,2,73,1,NaN,NaN,0,0.31979513168335
A053,A,2,74,1,NaN,NaN,0,0.317138910293579
A053,A,2,75,1,NaN,NaN,0,0.37706995010376
A053,A,2,76,1,NaN,NaN,0,0.38072395324707
A053,A,2,77,1,NaN,NaN,0,0.424945116043091
A053,A,2,78,1,NaN,NaN,0,0.318737983703613
A053,A,2,79,NaN,1,0,NaN,NaN
A053,A,2,80,1,NaN,NaN,0,0.283262014389038
A053,A,2,81,1,NaN,NaN,0,0.425802946090698
A053,A,2,82,1,NaN,NaN,0,0.431722164154053
A053,A,2,83,1,NaN,NaN,0,1.15832901000977
A053,A,2,84,1,NaN,NaN,0,0.354827880859375
A053,A,2,85,1,NaN,NaN,0,0.26856803894043
A053,A,2,86,1,NaN,NaN,0,0.319654941558838
A053,A,2,87,1,NaN,NaN,0,0.359514951705933
A053,A,2,88,1,NaN,NaN,0,0.396667003631592
A053,A,2,89,NaN,1,0,NaN,NaN
A053,A,2,90,1,NaN,NaN,0,0.28610897064209
A053,A,2,91,1,NaN,NaN,0,0.237520933151245
A053,A,2,92,1,NaN,NaN,0,0.297107934951782
A053,A,2,93,1,NaN,NaN,0,0.354771852493286
A053,A,2,94,1,NaN,NaN,0,0.296295881271362
A053,A,2,95,1,NaN,NaN,0,0.300832033157349
A053,A,2,96,1,NaN,NaN,0,0.237376928329468
A053,A,2,97,1,NaN,NaN,0,0.289366006851196
A053,A,2,98,NaN,0,1,NaN,NaN
A053,A,2,99,1,NaN,NaN,0,0.329018115997314
A053,A,2,100,1,NaN,NaN,0,0.309638023376465
A053,A,2,101,1,NaN,NaN,0,0.333341121673584
A053,A,2,102,1,NaN,NaN,0,0.321024179458618
A053,A,2,103,1,NaN,NaN,0,0.647731065750122
A053,A,2,104,1,NaN,NaN,0,0.3785400390625
A053,A,2,105,1,NaN,NaN,0,0.355705976486206
A053,A,2,106,1,NaN,NaN,0,0.409637212753296
A053,A,2,107,NaN,1,0,NaN,NaN
A053,A,2,108,1,NaN,NaN,0,0.248028993606567
A053,A,2,109,1,NaN,NaN,0,0.311407089233398
A053,A,2,110,1,NaN,NaN,0,0.316905975341797
A053,A,2,111,NaN,0,1,NaN,NaN
A053,A,2,112,1,NaN,NaN,0,0.338896989822388
A053,A,2,113,1,NaN,NaN,0,0.264330863952637
A053,A,2,114,1,NaN,NaN,0,0.288254022598267
A053,A,2,115,1,NaN,NaN,0,0.358834981918335
A053,A,2,116,1,NaN,NaN,0,0.279469013214111
A053,A,2,117,1,NaN,NaN,0,0.329998970031738
A053,A,2,118,1,NaN,NaN,0,0.371431112289429
A053,A,2,119,1,NaN,NaN,0,0.384750127792358
A053,A,2,120,1,NaN,NaN,0,0.469810009002686
A053,A,2,121,1,NaN,NaN,0,0.310046911239624
A053,A,2,122,NaN,0,1,NaN,NaN
A053,A,2,123,1,NaN,NaN,0,0.220655918121338
A053,A,2,124,1,NaN,NaN,0,0.345964908599854
A053,A,2,125,1,NaN,NaN,0,0.311378002166748
A053,A,2,126,1,NaN,NaN,0,0.324229955673218
A053,A,2,127,1,NaN,NaN,0,0.236119985580444
A053,A,2,128,1,NaN,NaN,0,0.400451183319092
A053,A,2,129,1,NaN,NaN,0,0.278097867965698
A053,A,2,130,1,NaN,NaN,0,0.339627981185913
A053,A,2,131,1,NaN,NaN,0,0.540786981582642
A053,A,2,132,1,NaN,NaN,0,0.281079053878784
A053,A,2,133,1,NaN,NaN,0,0.336700916290283
A053,A,2,134,NaN,1,0,NaN,NaN
A053,A,2,135,1,NaN,NaN,0,0.359969854354858
A053,A,2,136,1,NaN,NaN,0,0.8246750831604
A053,A,2,137,1,NaN,NaN,0,0.705842971801758
A053,A,2,138,1,NaN,NaN,0,0.307085990905762
A053,A,2,139,1,NaN,NaN,0,0.771715879440308
A053,A,2,140,1,NaN,NaN,0,0.390944004058838
A053,A,2,141,1,NaN,NaN,0,0.320457935333252
A053,A,2,142,1,NaN,NaN,0,0.703589916229248
A053,A,2,143,NaN,1,0,NaN,NaN
A053,A,2,144,1,NaN,NaN,0,0.412933111190796
A053,A,2,145,1,NaN,NaN,0,0.545545101165771
A053,A,2,146,1,NaN,NaN,0,0.354254961013794
A053,A,2,147,1,NaN,NaN,0,0.307296991348267
A053,A,2,148,NaN,1,0,NaN,NaN
A053,A,2,149,1,NaN,NaN,0,0.298676013946533
A053,A,2,150,1,NaN,NaN,0,0.316066980361938
A053,A,2,151,1,NaN,NaN,0,0.350082874298096
A053,A,2,152,1,NaN,NaN,0,0.379971981048584
A053,A,2,153,1,NaN,NaN,0,0.421020984649658
A053,A,2,154,1,NaN,NaN,0,0.425493955612183
A053,A,2,155,1,NaN,NaN,0,0.627638101577759
A053,A,2,156,1,NaN,NaN,0,0.917028903961182
A053,A,2,157,1,NaN,NaN,0,0.406377077102661
A053,A,2,158,1,NaN,NaN,0,0.247989892959595
A053,A,2,159,1,NaN,NaN,0,0.264823198318481
A053,A,2,160,NaN,0,1,NaN,NaN
A053,A,2,161,1,NaN,NaN,0,0.227724075317383
A053,A,2,162,1,NaN,NaN,0,0.333691120147705
A053,A,2,163,1,NaN,NaN,0,0.298773765563965
A053,A,2,164,1,NaN,NaN,0,0.291182041168213
A053,A,2,165,1,NaN,NaN,0,0.294079065322876
A053,A,2,166,1,NaN,NaN,0,0.313460111618042
A053,A,2,167,1,NaN,NaN,0,0.275707006454468
A053,A,2,168,1,NaN,NaN,0,0.319281816482544
A053,A,2,169,NaN,0,1,NaN,NaN
A053,A,2,170,1,NaN,NaN,0,0.263182163238525
A053,A,2,171,1,NaN,NaN,0,0.267155170440674
A053,A,2,172,1,NaN,NaN,0,0.281714916229248
A053,A,2,173,1,NaN,NaN,0,0.276412010192871
A053,A,2,174,1,NaN,NaN,0,0.272874116897583
A053,A,2,175,1,NaN,NaN,0,0.339530944824219
A053,A,2,176,1,NaN,NaN,0,0.336106061935425
A053,A,2,177,1,NaN,NaN,0,0.33736515045166
A053,A,2,178,1,NaN,NaN,0,0.57874584197998
A053,A,2,179,NaN,0,1,NaN,NaN
A053,A,2,180,1,NaN,NaN,0,0.293590068817139
A053,A,2,181,1,NaN,NaN,0,0.389416933059692
A053,A,2,182,1,NaN,NaN,0,0.20942497253418
A053,A,2,183,NaN,0,1,NaN,NaN
A053,A,2,184,1,NaN,NaN,0,0.368834018707275
A053,A,2,185,1,NaN,NaN,0,0.258965969085693
A053,A,2,186,1,NaN,NaN,0,NaN
A053,A,2,187,1,NaN,NaN,0,0.245816946029663
A053,A,2,188,1,NaN,NaN,0,0.262731075286865
A053,A,2,189,1,NaN,NaN,0,0.285087823867798
A053,A,2,190,1,NaN,NaN,0,0.282090902328491
A053,A,2,191,1,NaN,NaN,0,0.310673952102661
A053,A,2,192,1,NaN,NaN,0,0.315253973007202
A053,A,2,193,1,NaN,NaN,0,0.252094984054565
A053,A,2,194,NaN,0,1,NaN,NaN
A053,A,2,195,1,NaN,NaN,0,0.261651992797852
A053,A,2,196,1,NaN,NaN,0,0.233648061752319
A053,A,2,197,1,NaN,NaN,0,0.316372156143188
A053,A,2,198,1,NaN,NaN,0,0.314724922180176
A053,A,2,199,1,NaN,NaN,0,0.454682111740112
A053,A,2,200,1,NaN,NaN,0,0.409169912338257
A053,A,2,201,1,NaN,NaN,0,0.342423915863037
A053,A,2,202,1,NaN,NaN,0,0.295264959335327
A053,A,2,203,1,NaN,NaN,0,0.376158952713013
A053,A,2,204,1,NaN,NaN,0,0.337750911712646
A053,A,2,205,NaN,1,0,NaN,NaN
A053,A,2,206,1,NaN,NaN,0,0.225543975830078
A053,A,2,207,1,NaN,NaN,0,0.34073281288147
A053,A,2,208,1,NaN,NaN,0,0.361979961395264
A053,A,2,209,1,NaN,NaN,0,0.451536893844604
A053,A,2,210,1,NaN,NaN,0,0.316281080245972
A053,A,2,211,1,NaN,NaN,0,0.315686941146851
A053,A,2,212,1,NaN,NaN,0,0.276376962661743
A053,A,2,213,1,NaN,NaN,0,0.337301969528198
A053,A,2,214,NaN,0,1,NaN,NaN
A053,A,2,215,1,NaN,NaN,0,0.694208145141602
A053,A,2,216,1,NaN,NaN,0,0.323724985122681
A053,A,2,217,1,NaN,NaN,0,0.290926933288574
A053,A,2,218,1,NaN,NaN,0,0.322715044021606
A053,A,2,219,1,NaN,NaN,0,0.325360059738159
A053,A,2,220,1,NaN,NaN,0,0.414054870605469
A053,A,2,221,NaN,0,1,NaN,NaN
A053,A,2,222,1,NaN,NaN,0,0.317445039749146
A053,A,2,223,1,NaN,NaN,0,0.228313207626343
A053,A,2,224,1,NaN,NaN,0,0.373028039932251
A053,A,2,225,1,NaN,NaN,0,0.345498085021973
A053,A,2,226,1,NaN,NaN,0,0.310913801193237
A053,A,2,227,NaN,1,0,NaN,NaN
A053,A,2,228,1,NaN,NaN,0,0.332144975662231
A053,A,2,229,1,NaN,NaN,0,0.388916015625
A053,A,2,230,1,NaN,NaN,0,0.342089176177979
A053,A,2,231,1,NaN,NaN,0,0.327286005020142
A053,A,2,232,1,NaN,NaN,0,0.516753911972046
A053,A,2,233,1,NaN,NaN,0,0.515396118164062
A053,A,2,234,1,NaN,NaN,0,0.360956192016602
A053,A,2,235,1,NaN,NaN,0,0.231139898300171
A053,A,2,236,NaN,0,1,NaN,NaN
A053,A,2,237,1,NaN,NaN,0,0.31577205657959
A053,A,2,238,1,NaN,NaN,0,0.290857076644897
A053,A,2,239,1,NaN,NaN,0,0.304383993148804
A053,A,2,240,1,NaN,NaN,0,0.275435924530029
A053,A,2,241,1,NaN,NaN,0,0.311602115631104
A053,A,2,242,1,NaN,NaN,0,0.300334930419922
A053,A,2,243,1,NaN,NaN,0,0.309135913848877
A053,A,2,244,1,NaN,NaN,0,0.655902147293091
A053,A,2,245,1,NaN,NaN,0,0.396855115890503
A053,A,2,246,1,NaN,NaN,0,0.302529096603394
A053,A,2,247,1,NaN,NaN,0,0.383088827133179
A053,A,2,248,1,NaN,NaN,0,0.380642890930176
A053,A,2,249,1,NaN,NaN,0,0.325904130935669
A053,A,2,250,1,NaN,NaN,0,0.282693147659302
A053,A,2,251,NaN,0,1,NaN,NaN
A053,A,2,252,1,NaN,NaN,0,0.257951021194458
A053,A,2,253,1,NaN,NaN,0,0.288295984268188
A053,A,2,254,1,NaN,NaN,0,0.230798959732056
A053,A,2,255,1,NaN,NaN,0,0.150223016738892
A053,A,2,256,1,NaN,NaN,0,0.259088039398193
A053,A,2,257,1,NaN,NaN,0,0.384016036987305
A053,A,2,258,1,NaN,NaN,0,NaN
A053,A,2,259,NaN,0,1,NaN,NaN
A053,A,2,260,1,NaN,NaN,0,0.251929998397827
A053,A,2,261,1,NaN,NaN,0,0.279849052429199
A053,A,2,262,1,NaN,NaN,0,0.246830940246582
A053,A,2,263,1,NaN,NaN,0,0.20955491065979
A053,A,2,264,1,NaN,NaN,0,0.325977087020874
A053,A,2,265,1,NaN,NaN,0,0.316110134124756
A053,A,2,266,1,NaN,NaN,0,0.392726182937622
A053,A,2,267,NaN,1,0,NaN,NaN
A053,A,2,268,1,NaN,NaN,0,0.296640872955322
A053,A,2,269,1,NaN,NaN,0,0.267245054244995
A053,A,2,270,1,NaN,NaN,0,0.287042856216431
A053,A,2,271,1,NaN,NaN,0,0.172144889831543
A053,A,2,272,1,NaN,NaN,0,0.251250028610229
A053,A,2,273,1,NaN,NaN,0,0.344547986984253
A053,A,2,274,1,NaN,NaN,0,0.326021194458008
A053,A,2,275,1,NaN,NaN,0,0.391372919082642
A053,A,2,276,1,NaN,NaN,0,0.396356821060181
A053,A,2,277,1,NaN,NaN,0,0.434684038162231
A053,A,2,278,NaN,0,1,NaN,NaN
A053,A,2,279,1,NaN,NaN,0,0.307413101196289
A053,A,2,280,0,NaN,NaN,1,NaN
A053,A,2,281,1,NaN,NaN,0,0.28109884262085
A053,A,2,282,1,NaN,NaN,0,0.295704126358032
A053,A,2,283,1,NaN,NaN,0,0.37644100189209
A053,A,2,284,1,NaN,NaN,0,0.283178806304932
A053,A,2,285,1,NaN,NaN,0,0.410109996795654
A053,A,2,286,1,NaN,NaN,0,0.380282878875732
A053,A,2,287,NaN,0,1,NaN,NaN
A053,A,2,288,1,NaN,NaN,0,0.273103952407837
A053,A,2,289,1,NaN,NaN,0,0.262980937957764
A053,A,2,290,1,NaN,NaN,0,0.44237208366394
A053,A,2,291,1,NaN,NaN,0,0.35644006729126
A053,A,2,292,1,NaN,NaN,0,0.321922063827515
A053,A,2,293,1,NaN,NaN,0,0.367413997650146
A053,A,2,294,NaN,0,1,NaN,NaN
A053,A,2,295,1,NaN,NaN,0,NaN
A053,A,2,296,1,NaN,NaN,0,0.215244054794312
A053,A,2,297,1,NaN,NaN,0,0.245022058486938
A053,A,2,298,1,NaN,NaN,0,0.266738891601562
A053,A,2,299,1,NaN,NaN,0,0.280635118484497
A053,A,2,300,1,NaN,NaN,0,0.312215089797974
A053,A,2,301,1,NaN,NaN,0,0.372747182846069
A053,A,2,302,NaN,0,1,NaN,NaN
A053,A,2,303,1,NaN,NaN,0,0.65395188331604
A053,A,2,304,1,NaN,NaN,0,0.323199987411499
A053,A,2,305,1,NaN,NaN,0,0.281263113021851
A053,A,2,306,1,NaN,NaN,0,0.347404003143311
A053,A,2,307,1,NaN,NaN,0,0.322397947311401
A053,A,2,308,1,NaN,NaN,0,0.387141942977905
A053,A,2,309,NaN,1,0,NaN,NaN
A053,A,2,310,1,NaN,NaN,0,0.257129907608032
A053,A,2,311,1,NaN,NaN,0,0.286932945251465
A053,A,2,312,1,NaN,NaN,0,0.28264594078064
A053,A,2,313,1,NaN,NaN,0,0.266028165817261
A053,A,2,314,1,NaN,NaN,0,0.307313919067383
A053,A,2,315,1,NaN,NaN,0,0.336976051330566
A053,A,2,316,1,NaN,NaN,0,0.277761936187744
A053,A,2,317,NaN,0,1,NaN,NaN
A053,A,2,318,1,NaN,NaN,0,0.294040203094482
A053,A,2,319,1,NaN,NaN,0,0.253866910934448
A053,A,2,320,1,NaN,NaN,0,0.253396034240723
A053,A,2,321,1,NaN,NaN,0,0.305835008621216
A053,A,2,322,1,NaN,NaN,0,0.294108152389526
A053,A,2,323,1,NaN,NaN,0,0.344663143157959
A053,A,2,324,1,NaN,NaN,0,0.402786016464233
A053,A,2,325,1,NaN,NaN,0,0.364061832427979
A053,A,2,326,1,NaN,NaN,0,0.365262031555176
A053,A,2,327,1,NaN,NaN,0,0.373960018157959
A053,A,2,328,1,NaN,NaN,0,0.3437340259552
A053,A,2,329,NaN,1,0,NaN,NaN
A053,A,2,330,1,NaN,NaN,0,0.263364791870117
A053,A,2,331,1,NaN,NaN,0,0.292858123779297
A053,A,2,332,1,NaN,NaN,0,0.269650936126709
A053,A,2,333,1,NaN,NaN,0,0.227231025695801
A053,A,2,334,1,NaN,NaN,0,0.294461965560913
A053,A,2,335,1,NaN,NaN,0,0.206928014755249
A053,A,2,336,1,NaN,NaN,0,0.383963108062744
A053,A,2,337,NaN,1,0,NaN,NaN
A053,A,2,338,1,NaN,NaN,0,0.291881084442139
A053,A,2,339,1,NaN,NaN,0,0.282768964767456
A053,A,2,340,1,NaN,NaN,0,0.455000877380371
A053,A,2,341,1,NaN,NaN,0,NaN
A053,A,2,342,1,NaN,NaN,0,0.361526966094971
A053,A,2,343,1,NaN,NaN,0,0.312023162841797
A053,A,2,344,1,NaN,NaN,0,0.369606018066406
A053,A,2,345,1,NaN,NaN,0,0.46732497215271
A053,A,2,346,1,NaN,NaN,0,0.471951961517334
A053,A,2,347,1,NaN,NaN,0,0.474541187286377
A053,A,2,348,1,NaN,NaN,0,0.539505004882812
A053,A,2,349,1,NaN,NaN,0,0.411669969558716
A053,A,2,350,NaN,0,1,NaN,NaN
A053,A,2,351,1,NaN,NaN,0,0.351541042327881
A053,A,2,352,1,NaN,NaN,0,0.265823841094971
A053,A,2,353,NaN,0,1,NaN,NaN
A053,A,2,354,1,NaN,NaN,0,0.316832065582275
A053,A,2,355,1,NaN,NaN,0,0.531786203384399
A053,A,2,356,1,NaN,NaN,0,0.451265096664429
A053,A,2,357,1,NaN,NaN,0,0.334519863128662
A053,A,2,358,1,NaN,NaN,0,0.336859941482544
A053,A,2,359,1,NaN,NaN,0,0.342450141906738
A053,A,2,360,1,NaN,NaN,0,0.428739070892334
A053,A,2,361,1,NaN,NaN,0,0.434348106384277
A053,A,2,362,1,NaN,NaN,0,0.353953123092651
A053,A,2,363,1,NaN,NaN,0,0.267875194549561
A053,A,2,364,1,NaN,NaN,0,0.405499935150146
A053,A,2,365,1,NaN,NaN,0,0.44693398475647
A053,A,2,366,1,NaN,NaN,0,0.385692119598389
A053,A,2,367,1,NaN,NaN,0,0.394872903823853
A053,A,2,368,NaN,0,1,NaN,NaN
A053,A,2,369,1,NaN,NaN,0,0.322924137115479
A053,A,2,370,1,NaN,NaN,0,0.286796092987061
A053,A,2,371,NaN,0,1,NaN,NaN
A053,A,2,372,1,NaN,NaN,0,0.273080110549927
A053,A,2,373,1,NaN,NaN,0,0.284466028213501
A053,A,2,374,1,NaN,NaN,0,0.280521869659424
A053,A,2,375,1,NaN,NaN,0,0.320462942123413
A053,A,2,376,1,NaN,NaN,0,0.443082809448242
A053,A,2,377,1,NaN,NaN,0,0.372635841369629
A053,A,2,378,1,NaN,NaN,0,0.381431102752686
A053,A,2,379,1,NaN,NaN,0,0.330132007598877
A053,A,2,380,1,NaN,NaN,0,0.406255960464478
A053,A,2,381,NaN,1,0,NaN,NaN
A053,A,2,382,1,NaN,NaN,0,0.273508071899414
A053,A,2,383,1,NaN,NaN,0,0.282572031021118
A053,A,2,384,1,NaN,NaN,0,0.369464159011841
A053,A,2,385,1,NaN,NaN,0,0.40605092048645
A053,A,2,386,1,NaN,NaN,0,0.349433183670044
A053,A,2,387,1,NaN,NaN,0,0.345042943954468
A053,A,2,388,1,NaN,NaN,0,0.378332138061523
A053,A,2,389,1,NaN,NaN,0,0.421454906463623
A053,A,2,390,1,NaN,NaN,0,0.364449977874756
A053,A,2,391,1,NaN,NaN,0,0.33894419670105
A053,A,2,392,1,NaN,NaN,0,0.404062032699585
A053,A,2,393,1,NaN,NaN,0,0.399461030960083
A053,A,2,394,1,NaN,NaN,0,0.3747239112854
A053,A,2,395,NaN,1,0,NaN,NaN
A053,A,2,396,1,NaN,NaN,0,0.320026159286499
A053,A,2,397,1,NaN,NaN,0,0.365571022033691
A053,A,2,398,NaN,0,1,NaN,NaN
A053,A,2,399,1,NaN,NaN,0,0.260349988937378
A053,A,2,400,1,NaN,NaN,0,0.262447118759155
A053,A,2,401,1,NaN,NaN,0,0.365507125854492
A053,A,2,402,1,NaN,NaN,0,0.310025930404663
A053,A,2,403,1,NaN,NaN,0,0.336431980133057
A053,A,2,404,1,NaN,NaN,0,0.390139102935791
A053,A,2,405,1,NaN,NaN,0,0.412858009338379
A053,A,2,406,1,NaN,NaN,0,0.370347023010254
A053,A,2,407,1,NaN,NaN,0,0.499042987823486
A053,A,2,408,1,NaN,NaN,0,0.327844142913818
A053,A,2,409,1,NaN,NaN,0,0.314982175827026
A053,A,2,410,1,NaN,NaN,0,0.31299901008606
A053,A,2,411,1,NaN,NaN,0,0.357994079589844
A053,A,2,412,1,NaN,NaN,0,0.322136878967285
A053,A,2,413,NaN,1,0,NaN,NaN
A053,A,2,414,1,NaN,NaN,0,0.305434942245483
A053,A,2,415,1,NaN,NaN,0,0.263812065124512
A053,A,2,416,1,NaN,NaN,0,0.294209003448486
A053,A,2,417,1,NaN,NaN,0,0.307201147079468
A053,A,2,418,1,NaN,NaN,0,0.368511915206909
A053,A,2,419,NaN,1,0,NaN,NaN
A053,A,2,420,1,NaN,NaN,0,0.287580966949463
A053,A,2,421,1,NaN,NaN,0,0.292040109634399
A053,A,2,422,1,NaN,NaN,0,0.333211898803711
A053,A,2,423,1,NaN,NaN,0,0.294867992401123
A053,A,2,424,1,NaN,NaN,0,0.77450704574585
A053,A,2,425,1,NaN,NaN,0,0.482743978500366
A053,A,2,426,1,NaN,NaN,0,0.332056999206543
A053,A,2,427,1,NaN,NaN,0,0.333250045776367
A053,A,2,428,1,NaN,NaN,0,0.345798015594482
A053,A,2,429,1,NaN,NaN,0,0.350296974182129
A053,A,2,430,NaN,1,0,NaN,NaN
A053,A,2,431,1,NaN,NaN,0,0.257987022399902
A053,A,2,432,1,NaN,NaN,0,0.338721036911011
A053,A,2,433,1,NaN,NaN,0,0.485030889511108
A053,A,2,434,1,NaN,NaN,0,0.352684020996094
A053,A,2,435,1,NaN,NaN,0,0.419412851333618
A053,A,2,436,1,NaN,NaN,0,0.425020933151245
A053,A,2,437,1,NaN,NaN,0,0.374502897262573
A053,A,2,438,1,NaN,NaN,0,0.455262184143066
A053,A,2,439,1,NaN,NaN,0,0.280517101287842
A053,A,2,440,NaN,0,1,NaN,NaN
A053,A,2,441,1,NaN,NaN,0,0.276139974594116
A053,A,2,442,1,NaN,NaN,0,0.315753936767578
A053,A,2,443,1,NaN,NaN,0,0.393526077270508
A053,A,2,444,1,NaN,NaN,0,0.386938095092773
A053,A,2,445,1,NaN,NaN,0,0.297158002853394
A053,A,2,446,1,NaN,NaN,0,0.30056095123291
A053,A,2,447,1,NaN,NaN,0,0.331382989883423
A053,A,2,448,NaN,1,0,NaN,NaN
A053,A,2,449,1,NaN,NaN,0,0.313797950744629
A053,A,2,450,1,NaN,NaN,0,0.286235094070435
A053,A,2,451,1,NaN,NaN,0,0.393263816833496
A053,A,2,452,1,NaN,NaN,0,0.325131893157959
A053,A,2,453,1,NaN,NaN,0,0.318700075149536
A053,A,2,454,1,NaN,NaN,0,0.327682971954346
A053,A,2,455,1,NaN,NaN,0,0.321316003799438
A053,A,2,456,1,NaN,NaN,0,0.322725057601929
A053,A,2,457,NaN,0,1,NaN,NaN
A053,A,2,458,1,NaN,NaN,0,0.307278871536255
A053,A,2,459,1,NaN,NaN,0,0.536135911941528
A053,A,2,460,1,NaN,NaN,0,0.499391078948975
A053,A,2,461,1,NaN,NaN,0,0.334415912628174
A053,A,2,462,1,NaN,NaN,0,0.32960319519043
A053,A,2,463,1,NaN,NaN,0,0.28752613067627
A053,A,2,464,1,NaN,NaN,0,0.273822069168091
A053,A,2,465,1,NaN,NaN,0,0.239843845367432
A053,A,2,466,NaN,0,1,NaN,NaN
A053,A,2,467,1,NaN,NaN,0,0.287931203842163
A053,A,2,468,1,NaN,NaN,0,0.227962970733643
A053,A,2,469,1,NaN,NaN,0,0.270859003067017
A053,A,2,470,1,NaN,NaN,0,0.483278036117554
A053,A,2,471,1,NaN,NaN,0,0.385586977005005
A053,A,2,472,1,NaN,NaN,0,0.360400915145874
A053,A,2,473,1,NaN,NaN,0,0.393685102462769
A053,A,2,474,1,NaN,NaN,0,0.332892894744873
A053,A,2,475,NaN,0,1,NaN,NaN
A053,A,2,476,1,NaN,NaN,0,0.307708978652954
A053,A,2,477,1,NaN,NaN,0,0.24264121055603
A053,A,2,478,1,NaN,NaN,0,0.402945995330811
A053,A,2,479,1,NaN,NaN,0,0.282323837280273
A053,A,2,480,1,NaN,NaN,0,0.290929079055786
A053,A,2,481,1,NaN,NaN,0,0.282028913497925
A053,A,2,482,1,NaN,NaN,0,0.353716135025024
A053,A,2,483,1,NaN,NaN,0,0.358400821685791
A053,A,2,484,NaN,0,1,NaN,NaN
A053,A,2,485,1,NaN,NaN,0,0.286029100418091
A053,A,2,486,1,NaN,NaN,0,0.206344127655029
A053,A,2,487,1,NaN,NaN,0,0.297070026397705
A053,A,2,488,1,NaN,NaN,0,NaN
A053,A,2,489,1,NaN,NaN,0,0.363674879074097
A053,A,2,490,1,NaN,NaN,0,0.364852905273438
A053,A,2,491,NaN,0,1,NaN,NaN
A053,A,2,492,0,NaN,NaN,1,NaN
A053,A,2,493,1,NaN,NaN,0,0.422667026519775
A053,A,2,494,1,NaN,NaN,0,0.390810966491699
A053,A,2,495,1,NaN,NaN,0,0.376766920089722
A053,A,2,496,1,NaN,NaN,0,0.456176042556763
A053,A,2,497,1,NaN,NaN,0,0.344539165496826
A053,A,2,498,1,NaN,NaN,0,0.5274498462677
A053,A,2,499,NaN,0,1,NaN,NaN
A053,A,2,500,0,NaN,NaN,1,NaN
A053,A,2,501,1,NaN,NaN,0,0.284949064254761
A053,A,2,502,1,NaN,NaN,0,0.397411108016968
A053,A,2,503,1,NaN,NaN,0,0.192897081375122
A053,A,2,504,1,NaN,NaN,0,0.328571081161499
A053,A,2,505,1,NaN,NaN,0,0.380460023880005
A053,A,2,506,1,NaN,NaN,0,0.621248006820679
A053,A,3,1,1,NaN,NaN,0,0.336266040802002
A053,A,3,2,1,NaN,NaN,0,0.277480125427246
A053,A,3,3,1,NaN,NaN,0,0.292404174804688
A053,A,3,4,1,NaN,NaN,0,0.31771993637085
A053,A,3,5,1,NaN,NaN,0,0.336187124252319
A053,A,3,6,NaN,1,0,NaN,NaN
A053,A,3,7,1,NaN,NaN,0,0.27546501159668
A053,A,3,8,1,NaN,NaN,0,0.258394002914429
A053,A,3,9,1,NaN,NaN,0,0.275115013122559
A053,A,3,10,1,NaN,NaN,0,0.219970941543579
A053,A,3,11,1,NaN,NaN,0,0.272931098937988
A053,A,3,12,1,NaN,NaN,0,0.271424770355225
A053,A,3,13,1,NaN,NaN,0,0.253965139389038
A053,A,3,14,1,NaN,NaN,0,0.294178009033203
A053,A,3,15,1,NaN,NaN,0,0.267591953277588
A053,A,3,16,1,NaN,NaN,0,0.271664142608643
A053,A,3,17,NaN,1,0,NaN,NaN
A053,A,3,18,1,NaN,NaN,0,0.344358921051025
A053,A,3,19,1,NaN,NaN,0,0.286831140518188
A053,A,3,20,1,NaN,NaN,0,0.34506893157959
A053,A,3,21,1,NaN,NaN,0,0.241256952285767
A053,A,3,22,1,NaN,NaN,0,0.333009958267212
A053,A,3,23,NaN,0,1,NaN,NaN
A053,A,3,24,1,NaN,NaN,0,0.248311996459961
A053,A,3,25,1,NaN,NaN,0,0.264217853546143
A053,A,3,26,1,NaN,NaN,0,0.325165987014771
A053,A,3,27,1,NaN,NaN,0,0.349700927734375
A053,A,3,28,1,NaN,NaN,0,0.292705059051514
A053,A,3,29,NaN,1,0,NaN,NaN
A053,A,3,30,1,NaN,NaN,0,0.30967903137207
A053,A,3,31,1,NaN,NaN,0,0.270573854446411
A053,A,3,32,1,NaN,NaN,0,0.24406909942627
A053,A,3,33,1,NaN,NaN,0,0.307515144348145
A053,A,3,34,1,NaN,NaN,0,0.31753396987915
A053,A,3,35,1,NaN,NaN,0,0.267580032348633
A053,A,3,36,1,NaN,NaN,0,0.272192001342773
A053,A,3,37,1,NaN,NaN,0,0.974048852920532
A053,A,3,38,1,NaN,NaN,0,0.50550103187561
A053,A,3,39,1,NaN,NaN,0,0.323410034179688
A053,A,3,40,1,NaN,NaN,0,0.336091041564941
A053,A,3,41,1,NaN,NaN,0,0.290843963623047
A053,A,3,42,1,NaN,NaN,0,0.27889609336853
A053,A,3,43,NaN,0,1,NaN,NaN
A053,A,3,44,1,NaN,NaN,0,0.296176910400391
A053,A,3,45,1,NaN,NaN,0,0.287905931472778
A053,A,3,46,1,NaN,NaN,0,0.258119821548462
A053,A,3,47,1,NaN,NaN,0,0.304042100906372
A053,A,3,48,1,NaN,NaN,0,0.276289939880371
A053,A,3,49,NaN,1,0,NaN,NaN
A053,A,3,50,1,NaN,NaN,0,0.287114858627319
A053,A,3,51,1,NaN,NaN,0,0.336103916168213
A053,A,3,52,1,NaN,NaN,0,0.43541693687439
A053,A,3,53,1,NaN,NaN,0,0.767905950546265
A053,A,3,54,1,NaN,NaN,0,0.334851980209351
A053,A,3,55,1,NaN,NaN,0,0.32002592086792
A053,A,3,56,1,NaN,NaN,0,0.377748966217041
A053,A,3,57,1,NaN,NaN,0,0.45390510559082
A053,A,3,58,1,NaN,NaN,0,0.271157026290894
A053,A,3,59,1,NaN,NaN,0,0.400114059448242
A053,A,3,60,1,NaN,NaN,0,0.330803155899048
A053,A,3,61,1,NaN,NaN,0,0.373832941055298
A053,A,3,62,NaN,1,0,NaN,NaN
A053,A,3,63,1,NaN,NaN,0,0.28088116645813
A053,A,3,64,1,NaN,NaN,0,0.353654861450195
A053,A,3,65,1,NaN,NaN,0,0.589842081069946
A053,A,3,66,NaN,0,1,NaN,NaN
A053,A,3,67,1,NaN,NaN,0,0.299201965332031
A053,A,3,68,1,NaN,NaN,0,0.308502197265625
A053,A,3,69,1,NaN,NaN,0,0.36983585357666
A053,A,3,70,1,NaN,NaN,0,0.274570941925049
A053,A,3,71,1,NaN,NaN,0,0.307343006134033
A053,A,3,72,1,NaN,NaN,0,0.29917311668396
A053,A,3,73,1,NaN,NaN,0,0.280840158462524
A053,A,3,74,NaN,0,1,NaN,NaN
A053,A,3,75,1,NaN,NaN,0,0.285865068435669
A053,A,3,76,1,NaN,NaN,0,0.308646202087402
A053,A,3,77,1,NaN,NaN,0,0.375448942184448
A053,A,3,78,1,NaN,NaN,0,0.291985034942627
A053,A,3,79,1,NaN,NaN,0,0.409650087356567
A053,A,3,80,1,NaN,NaN,0,NaN
A053,A,3,81,1,NaN,NaN,0,0.576850891113281
A053,A,3,82,1,NaN,NaN,0,0.313277006149292
A053,A,3,83,1,NaN,NaN,0,0.310444831848145
A053,A,3,84,NaN,1,0,NaN,NaN
A053,A,3,85,1,NaN,NaN,0,0.295040130615234
A053,A,3,86,1,NaN,NaN,0,0.182962894439697
A053,A,3,87,1,NaN,NaN,0,0.393053770065308
A053,A,3,88,1,NaN,NaN,0,0.273971080780029
A053,A,3,89,1,NaN,NaN,0,0.392792940139771
A053,A,3,90,1,NaN,NaN,0,0.565598964691162
A053,A,3,91,1,NaN,NaN,0,0.161834001541138
A053,A,3,92,1,NaN,NaN,0,0.353707075119019
A053,A,3,93,1,NaN,NaN,0,0.647773027420044
A053,A,3,94,1,NaN,NaN,0,0.410897970199585
A053,A,3,95,1,NaN,NaN,0,0.338106155395508
A053,A,3,96,NaN,1,0,NaN,NaN
A053,A,3,97,1,NaN,NaN,0,0.436665058135986
A053,A,3,98,1,NaN,NaN,0,NaN
A053,A,3,99,0,NaN,NaN,1,NaN
A053,A,3,100,1,NaN,NaN,0,1.09382915496826
A053,A,3,101,NaN,1,0,NaN,NaN
A053,A,3,102,1,NaN,NaN,0,0.278491020202637
A053,A,3,103,1,NaN,NaN,0,0.265452146530151
A053,A,3,104,1,NaN,NaN,0,0.254647970199585
A053,A,3,105,1,NaN,NaN,0,0.255400896072388
A053,A,3,106,1,NaN,NaN,0,0.285449981689453
A053,A,3,107,1,NaN,NaN,0,0.236785888671875
A053,A,3,108,1,NaN,NaN,0,0.288715839385986
A053,A,3,109,1,NaN,NaN,0,0.277815103530884
A053,A,3,110,1,NaN,NaN,0,0.27768087387085
A053,A,3,111,1,NaN,NaN,0,0.313226938247681
A053,A,3,112,1,NaN,NaN,0,0.306108951568604
A053,A,3,113,1,NaN,NaN,0,0.290640115737915
A053,A,3,114,NaN,1,0,NaN,NaN
A053,A,3,115,1,NaN,NaN,0,0.240370988845825
A053,A,3,116,1,NaN,NaN,0,NaN
A053,A,3,117,1,NaN,NaN,0,0.306425094604492
A053,A,3,118,1,NaN,NaN,0,0.275836944580078
A053,A,3,119,1,NaN,NaN,0,0.251566886901855
A053,A,3,120,1,NaN,NaN,0,0.316454887390137
A053,A,3,121,NaN,1,0,NaN,NaN
A053,A,3,122,1,NaN,NaN,0,0.267039060592651
A053,A,3,123,1,NaN,NaN,0,0.271163940429688
A053,A,3,124,1,NaN,NaN,0,0.376514911651611
A053,A,3,125,1,NaN,NaN,0,0.242074012756348
A053,A,3,126,1,NaN,NaN,0,0.382184982299805
A053,A,3,127,1,NaN,NaN,0,0.237968921661377
A053,A,3,128,NaN,0,1,NaN,NaN
A053,A,3,129,1,NaN,NaN,0,0.321773052215576
A053,A,3,130,1,NaN,NaN,0,0.285694122314453
A053,A,3,131,1,NaN,NaN,0,0.311816930770874
A053,A,3,132,1,NaN,NaN,0,0.334967136383057
A053,A,3,133,1,NaN,NaN,0,0.368932008743286
A053,A,3,134,1,NaN,NaN,0,0.518265962600708
A053,A,3,135,1,NaN,NaN,0,0.367811918258667
A053,A,3,136,1,NaN,NaN,0,0.360627889633179
A053,A,3,137,1,NaN,NaN,0,0.413231134414673
A053,A,3,138,1,NaN,NaN,0,0.4219810962677
A053,A,3,139,1,NaN,NaN,0,0.347115039825439
A053,A,3,140,1,NaN,NaN,0,0.346986055374146
A053,A,3,141,NaN,1,0,NaN,NaN
A053,A,3,142,1,NaN,NaN,0,0.248686790466309
A053,A,3,143,1,NaN,NaN,0,0.331878900527954
A053,A,3,144,1,NaN,NaN,0,0.244122982025146
A053,A,3,145,1,NaN,NaN,0,0.295380115509033
A053,A,3,146,1,NaN,NaN,0,0.335729837417603
A053,A,3,147,1,NaN,NaN,0,0.313947200775146
A053,A,3,148,1,NaN,NaN,0,0.353687047958374
A053,A,3,149,1,NaN,NaN,0,0.36673903465271
A053,A,3,150,1,NaN,NaN,0,0.567557811737061
A053,A,3,151,1,NaN,NaN,0,0.279103994369507
A053,A,3,152,NaN,1,0,NaN,NaN
A053,A,3,153,1,NaN,NaN,0,0.4044029712677
A053,A,3,154,1,NaN,NaN,0,0.288403987884521
A053,A,3,155,NaN,1,0,NaN,NaN
A053,A,3,156,1,NaN,NaN,0,0.317298173904419
A053,A,3,157,1,NaN,NaN,0,0.165226936340332
A053,A,3,158,1,NaN,NaN,0,0.31355094909668
A053,A,3,159,1,NaN,NaN,0,0.290082931518555
A053,A,3,160,1,NaN,NaN,0,0.301587104797363
A053,A,3,161,1,NaN,NaN,0,0.359943151473999
A053,A,3,162,1,NaN,NaN,0,0.381011962890625
A053,A,3,163,1,NaN,NaN,0,0.401984930038452
A053,A,3,164,NaN,0,1,NaN,NaN
A053,A,3,165,1,NaN,NaN,0,0.319374084472656
A053,A,3,166,1,NaN,NaN,0,0.36945915222168
A053,A,3,167,1,NaN,NaN,0,0.267616987228394
A053,A,3,168,1,NaN,NaN,0,0.171520948410034
A053,A,3,169,1,NaN,NaN,0,0.36149787902832
A053,A,3,170,1,NaN,NaN,0,0.276185989379883
A053,A,3,171,1,NaN,NaN,0,0.261343955993652
A053,A,3,172,1,NaN,NaN,0,0.264449119567871
A053,A,3,173,1,NaN,NaN,0,0.293928861618042
A053,A,3,174,1,NaN,NaN,0,0.338380813598633
A053,A,3,175,1,NaN,NaN,0,0.290935039520264
A053,A,3,176,NaN,1,0,NaN,NaN
A053,A,3,177,1,NaN,NaN,0,0.260476112365723
A053,A,3,178,1,NaN,NaN,0,0.492871046066284
A053,A,3,179,1,NaN,NaN,0,0.277760028839111
A053,A,3,180,1,NaN,NaN,0,NaN
A053,A,3,181,1,NaN,NaN,0,0.300373077392578
A053,A,3,182,NaN,1,0,NaN,NaN
A053,A,3,183,1,NaN,NaN,0,0.332180976867676
A053,A,3,184,1,NaN,NaN,0,0.739484071731567
A053,A,3,185,1,NaN,NaN,0,0.432100057601929
A053,A,3,186,1,NaN,NaN,0,0.477262020111084
A053,A,3,187,1,NaN,NaN,0,0.390313148498535
A053,A,3,188,1,NaN,NaN,0,0.347471952438354
A053,A,3,189,1,NaN,NaN,0,0.368415117263794
A053,A,3,190,1,NaN,NaN,0,0.340436935424805
A053,A,3,191,1,NaN,NaN,0,0.425093173980713
A053,A,3,192,1,NaN,NaN,0,0.402156114578247
A053,A,3,193,1,NaN,NaN,0,0.440186977386475
A053,A,3,194,1,NaN,NaN,0,0.596659183502197
A053,A,3,195,1,NaN,NaN,0,0.817765951156616
A053,A,3,196,1,NaN,NaN,0,0.480554103851318
A053,A,3,197,NaN,1,0,NaN,NaN
A053,A,3,198,1,NaN,NaN,0,0.301652193069458
A053,A,3,199,1,NaN,NaN,0,0.373265027999878
A053,A,3,200,1,NaN,NaN,0,0.238646030426025
A053,A,3,201,1,NaN,NaN,0,0.299115896224976
A053,A,3,202,1,NaN,NaN,0,0.287276983261108
A053,A,3,203,1,NaN,NaN,0,0.311190128326416
A053,A,3,204,1,NaN,NaN,0,0.323245048522949
A053,A,3,205,1,NaN,NaN,0,0.322167873382568
A053,A,3,206,NaN,0,1,NaN,NaN
A053,A,3,207,1,NaN,NaN,0,0.248841047286987
A053,A,3,208,1,NaN,NaN,0,0.192800045013428
A053,A,3,209,1,NaN,NaN,0,0.270865917205811
A053,A,3,210,NaN,0,1,NaN,NaN
A053,A,3,211,1,NaN,NaN,0,0.307172060012817
A053,A,3,212,1,NaN,NaN,0,0.286749839782715
A053,A,3,213,1,NaN,NaN,0,0.328068971633911
A053,A,3,214,1,NaN,NaN,0,0.388596773147583
A053,A,3,215,1,NaN,NaN,0,0.32580304145813
A053,A,3,216,1,NaN,NaN,0,0.368026971817017
A053,A,3,217,1,NaN,NaN,0,0.437404155731201
A053,A,3,218,1,NaN,NaN,0,0.351964950561523
A053,A,3,219,1,NaN,NaN,0,0.387282848358154
A053,A,3,220,NaN,1,0,NaN,NaN
A053,A,3,221,1,NaN,NaN,0,0.170480966567993
A053,A,3,222,1,NaN,NaN,0,0.342935085296631
A053,A,3,223,1,NaN,NaN,0,0.323493957519531
A053,A,3,224,1,NaN,NaN,0,0.343628883361816
A053,A,3,225,1,NaN,NaN,0,0.340676069259644
A053,A,3,226,1,NaN,NaN,0,0.201276063919067
A053,A,3,227,1,NaN,NaN,0,0.296294212341309
A053,A,3,228,1,NaN,NaN,0,NaN
A053,A,3,229,1,NaN,NaN,0,0.435654878616333
A053,A,3,230,1,NaN,NaN,0,0.461407899856567
A053,A,3,231,NaN,1,0,NaN,NaN
A053,A,3,232,1,NaN,NaN,0,0.278836965560913
A053,A,3,233,1,NaN,NaN,0,0.273100137710571
A053,A,3,234,1,NaN,NaN,0,0.263222932815552
A053,A,3,235,1,NaN,NaN,0,0.22795295715332
A053,A,3,236,1,NaN,NaN,0,0.364553928375244
A053,A,3,237,1,NaN,NaN,0,0.276859045028687
A053,A,3,238,1,NaN,NaN,0,0.326985120773315
A053,A,3,239,1,NaN,NaN,0,0.270066976547241
A053,A,3,240,NaN,0,1,NaN,NaN
A053,A,3,241,1,NaN,NaN,0,0.500910043716431
A053,A,3,242,1,NaN,NaN,0,0.336405992507935
A053,A,3,243,1,NaN,NaN,0,0.255385160446167
A053,A,3,244,1,NaN,NaN,0,NaN
A053,A,3,245,1,NaN,NaN,0,0.338222026824951
A053,A,3,246,1,NaN,NaN,0,0.367142915725708
A053,A,3,247,1,NaN,NaN,0,0.454653978347778
A053,A,3,248,NaN,1,0,NaN,NaN
A053,A,3,249,1,NaN,NaN,0,NaN
A053,A,3,250,1,NaN,NaN,0,0.282706022262573
A053,A,3,251,1,NaN,NaN,0,0.315613031387329
A053,A,3,252,1,NaN,NaN,0,0.274991035461426
A053,A,3,253,1,NaN,NaN,0,0.3853600025177
A053,A,3,254,NaN,0,1,NaN,NaN
A053,A,3,255,1,NaN,NaN,0,0.288199901580811
A053,A,3,256,1,NaN,NaN,0,0.340735912322998
A053,A,3,257,1,NaN,NaN,0,0.327365159988403
A053,A,3,258,1,NaN,NaN,0,0.195085048675537
A053,A,3,259,1,NaN,NaN,0,0.201813936233521
A053,A,3,260,1,NaN,NaN,0,0.371744871139526
A053,A,3,261,1,NaN,NaN,0,0.39411187171936
A053,A,3,262,1,NaN,NaN,0,0.424138069152832
A053,A,3,263,0,NaN,NaN,1,NaN
A053,A,3,264,1,NaN,NaN,0,0.504328012466431
A053,A,3,265,1,NaN,NaN,0,0.253319025039673
A053,A,3,266,NaN,1,0,NaN,NaN
A053,A,3,267,1,NaN,NaN,0,0.291692972183228
A053,A,3,268,1,NaN,NaN,0,0.349457979202271
A053,A,3,269,1,NaN,NaN,0,0.287076950073242
A053,A,3,270,1,NaN,NaN,0,0.364668130874634
A053,A,3,271,1,NaN,NaN,0,0.244816064834595
A053,A,3,272,0,NaN,NaN,1,NaN
A053,A,3,273,1,NaN,NaN,0,0.764487981796265
A053,A,3,274,1,NaN,NaN,0,0.37385892868042
A053,A,3,275,1,NaN,NaN,0,0.316829204559326
A053,A,3,276,1,NaN,NaN,0,NaN
A053,A,3,277,1,NaN,NaN,0,NaN
A053,A,3,278,NaN,1,0,NaN,NaN
A053,A,3,279,1,NaN,NaN,0,0.382587909698486
A053,A,3,280,1,NaN,NaN,0,0.414732933044434
A053,A,3,281,1,NaN,NaN,0,0.304586887359619
A053,A,3,282,1,NaN,NaN,0,0.281816959381104
A053,A,3,283,1,NaN,NaN,0,0.300075054168701
A053,A,3,284,NaN,0,1,NaN,NaN
A053,A,3,285,1,NaN,NaN,0,0.343884944915771
A053,A,3,286,1,NaN,NaN,0,0.276916980743408
A053,A,3,287,1,NaN,NaN,0,0.286302089691162
A053,A,3,288,1,NaN,NaN,0,0.322799921035767
A053,A,3,289,1,NaN,NaN,0,0.289092063903809
A053,A,3,290,NaN,0,1,NaN,NaN
A053,A,3,291,1,NaN,NaN,0,0.234549045562744
A053,A,3,292,1,NaN,NaN,0,0.283545017242432
A053,A,3,293,1,NaN,NaN,0,0.311367988586426
A053,A,3,294,1,NaN,NaN,0,0.311592102050781
A053,A,3,295,1,NaN,NaN,0,0.381147146224976
A053,A,3,296,1,NaN,NaN,0,0.304003953933716
A053,A,3,297,1,NaN,NaN,0,0.35492992401123
A053,A,3,298,1,NaN,NaN,0,0.24749493598938
A053,A,3,299,1,NaN,NaN,0,0.332518815994263
A053,A,3,300,NaN,0,1,NaN,NaN
A053,A,3,301,1,NaN,NaN,0,0.277738094329834
A053,A,3,302,1,NaN,NaN,0,0.3072509765625
A053,A,3,303,1,NaN,NaN,0,0.303192853927612
A053,A,3,304,1,NaN,NaN,0,0.298970937728882
A053,A,3,305,1,NaN,NaN,0,0.230534076690674
A053,A,3,306,1,NaN,NaN,0,0.305037975311279
A053,A,3,307,1,NaN,NaN,0,0.28987193107605
A053,A,3,308,1,NaN,NaN,0,0.350473165512085
A053,A,3,309,1,NaN,NaN,0,0.517518997192383
A053,A,3,310,1,NaN,NaN,0,0.413218021392822
A053,A,3,311,NaN,0,1,NaN,NaN
A053,A,3,312,1,NaN,NaN,0,0.290832042694092
A053,A,3,313,1,NaN,NaN,0,0.442253112792969
A053,A,3,314,1,NaN,NaN,0,0.395386934280396
A053,A,3,315,1,NaN,NaN,0,0.259226083755493
A053,A,3,316,1,NaN,NaN,0,0.393134117126465
A053,A,3,317,NaN,1,0,NaN,NaN
A053,A,3,318,1,NaN,NaN,0,0.214071035385132
A053,A,3,319,1,NaN,NaN,0,0.390980005264282
A053,A,3,320,1,NaN,NaN,0,0.314195871353149
A053,A,3,321,1,NaN,NaN,0,0.323503017425537
A053,A,3,322,1,NaN,NaN,0,0.332897901535034
A053,A,3,323,1,NaN,NaN,0,0.276826143264771
A053,A,3,324,1,NaN,NaN,0,0.265856981277466
A053,A,3,325,1,NaN,NaN,0,0.281708955764771
A053,A,3,326,1,NaN,NaN,0,0.386082172393799
A053,A,3,327,NaN,0,1,NaN,NaN
A053,A,3,328,1,NaN,NaN,0,0.613507986068726
A053,A,3,329,1,NaN,NaN,0,0.326170921325684
A053,A,3,330,1,NaN,NaN,0,0.347677946090698
A053,A,3,331,1,NaN,NaN,0,0.183813095092773
A053,A,3,332,0,NaN,NaN,1,NaN
A053,A,3,333,1,NaN,NaN,0,NaN
A053,A,3,334,1,NaN,NaN,0,0.280910968780518
A053,A,3,335,1,NaN,NaN,0,0.351820945739746
A053,A,3,336,1,NaN,NaN,0,0.312946081161499
A053,A,3,337,1,NaN,NaN,0,0.605879068374634
A053,A,3,338,NaN,0,1,NaN,NaN
A053,A,3,339,1,NaN,NaN,0,0.312820911407471
A053,A,3,340,1,NaN,NaN,0,0.319359064102173
A053,A,3,341,1,NaN,NaN,0,0.261205196380615
A053,A,3,342,1,NaN,NaN,0,0.180791139602661
A053,A,3,343,1,NaN,NaN,0,0.28033709526062
A053,A,3,344,1,NaN,NaN,0,0.317337036132812
A053,A,3,345,NaN,1,0,NaN,NaN
A053,A,3,346,1,NaN,NaN,0,0.37512993812561
A053,A,3,347,1,NaN,NaN,0,0.487940788269043
A053,A,3,348,1,NaN,NaN,0,0.361317873001099
A053,A,3,349,1,NaN,NaN,0,0.314123868942261
A053,A,3,350,1,NaN,NaN,0,0.284350156784058
A053,A,3,351,1,NaN,NaN,0,0.340296983718872
A053,A,3,352,1,NaN,NaN,0,0.343168973922729
A053,A,3,353,1,NaN,NaN,0,0.317681074142456
A053,A,3,354,1,NaN,NaN,0,NaN
A053,A,3,355,1,NaN,NaN,0,0.248182773590088
A053,A,3,356,1,NaN,NaN,0,0.207971811294556
A053,A,3,357,1,NaN,NaN,0,0.257805109024048
A053,A,3,358,NaN,0,1,NaN,NaN
A053,A,3,359,1,NaN,NaN,0,0.166961908340454
A053,A,3,360,1,NaN,NaN,0,0.580363988876343
A053,A,3,361,1,NaN,NaN,0,0.350037097930908
A053,A,3,362,1,NaN,NaN,0,0.358687162399292
A053,A,3,363,NaN,1,0,NaN,NaN
A053,A,3,364,1,NaN,NaN,0,0.485806941986084
A053,A,3,365,1,NaN,NaN,0,0.154655933380127
A053,A,3,366,1,NaN,NaN,0,0.3735511302948
A053,A,3,367,1,NaN,NaN,0,0.286254167556763
A053,A,3,368,1,NaN,NaN,0,0.364739179611206
A053,A,3,369,1,NaN,NaN,0,0.352035999298096
A053,A,3,370,1,NaN,NaN,0,NaN
A053,A,3,371,1,NaN,NaN,0,0.402446031570435
A053,A,3,372,1,NaN,NaN,0,0.423559904098511
A053,A,3,373,1,NaN,NaN,0,0.431475877761841
A053,A,3,374,1,NaN,NaN,0,0.371812105178833
A053,A,3,375,1,NaN,NaN,0,0.351817846298218
A053,A,3,376,NaN,0,1,NaN,NaN
A053,A,3,377,1,NaN,NaN,0,0.273547887802124
A053,A,3,378,1,NaN,NaN,0,NaN
A053,A,3,379,1,NaN,NaN,0,0.208831071853638
A053,A,3,380,1,NaN,NaN,0,0.32497501373291
A053,A,3,381,1,NaN,NaN,0,0.268810987472534
A053,A,3,382,1,NaN,NaN,0,0.298853158950806
A053,A,3,383,1,NaN,NaN,0,0.231782913208008
A053,A,3,384,1,NaN,NaN,0,0.215304851531982
A053,A,3,385,1,NaN,NaN,0,0.267819881439209
A053,A,3,386,NaN,0,1,NaN,NaN
A053,A,3,387,1,NaN,NaN,0,0.237589120864868
A053,A,3,388,1,NaN,NaN,0,0.206547021865845
A053,A,3,389,1,NaN,NaN,0,0.312644958496094
A053,A,3,390,1,NaN,NaN,0,0.296662092208862
A053,A,3,391,1,NaN,NaN,0,0.305991888046265
A053,A,3,392,1,NaN,NaN,0,0.21094799041748
A053,A,3,393,NaN,0,1,NaN,NaN
A053,A,3,394,1,NaN,NaN,0,0.553648948669434
A053,A,3,395,1,NaN,NaN,0,0.282949924468994
A053,A,3,396,1,NaN,NaN,0,0.268070936203003
A053,A,3,397,1,NaN,NaN,0,0.322011947631836
A053,A,3,398,1,NaN,NaN,0,0.318649768829346
A053,A,3,399,1,NaN,NaN,0,0.202733993530273
A053,A,3,400,1,NaN,NaN,0,NaN
A053,A,3,401,0,NaN,NaN,1,NaN
A053,A,3,402,NaN,1,0,NaN,NaN
A053,A,3,403,0,NaN,NaN,1,NaN
A053,A,3,404,0,NaN,NaN,1,NaN
A053,A,3,405,0,NaN,NaN,1,NaN
A053,A,3,406,0,NaN,NaN,1,NaN
A053,A,3,407,1,NaN,NaN,0,0.696805953979492
A053,A,3,408,1,NaN,NaN,0,0.828763008117676
A053,A,3,409,1,NaN,NaN,0,0.345458984375
A053,A,3,410,1,NaN,NaN,0,0.274384021759033
A053,A,3,411,NaN,0,1,NaN,NaN
A053,A,3,412,1,NaN,NaN,0,0.232630014419556
A053,A,3,413,1,NaN,NaN,0,0.253609895706177
A053,A,3,414,1,NaN,NaN,0,NaN
A053,A,3,415,1,NaN,NaN,0,0.174133062362671
A053,A,3,416,1,NaN,NaN,0,0.203286170959473
A053,A,3,417,NaN,1,0,NaN,NaN
A053,A,3,418,1,NaN,NaN,0,0.243372917175293
A053,A,3,419,1,NaN,NaN,0,0.286280870437622
A053,A,3,420,1,NaN,NaN,0,0.259898900985718
A053,A,3,421,1,NaN,NaN,0,0.264471054077148
A053,A,3,422,1,NaN,NaN,0,0.265795946121216
A053,A,3,423,1,NaN,NaN,0,0.288724899291992
A053,A,3,424,1,NaN,NaN,0,0.493874073028564
A053,A,3,425,1,NaN,NaN,0,0.395334959030151
A053,A,3,426,1,NaN,NaN,0,0.347885131835938
A053,A,3,427,NaN,0,1,NaN,NaN
A053,A,3,428,1,NaN,NaN,0,0.286810159683228
A053,A,3,429,1,NaN,NaN,0,0.247955799102783
A053,A,3,430,1,NaN,NaN,0,0.286283016204834
A053,A,3,431,1,NaN,NaN,0,0.251158952713013
A053,A,3,432,1,NaN,NaN,0,0.288060903549194
A053,A,3,433,1,NaN,NaN,0,0.321315050125122
A053,A,3,434,NaN,0,1,NaN,NaN
A053,A,3,435,1,NaN,NaN,0,0.269157886505127
A053,A,3,436,1,NaN,NaN,0,0.19182300567627
A053,A,3,437,1,NaN,NaN,0,0.163619995117188
A053,A,3,438,1,NaN,NaN,0,0.3039391040802
A053,A,3,439,1,NaN,NaN,0,0.374443054199219
A053,A,3,440,1,NaN,NaN,0,0.353416919708252
A053,A,3,441,1,NaN,NaN,0,0.447251081466675
A053,A,3,442,1,NaN,NaN,0,0.373914003372192
A053,A,3,443,1,NaN,NaN,0,0.373421907424927
A053,A,3,444,1,NaN,NaN,0,0.393956899642944
A053,A,3,445,1,NaN,NaN,0,0.369843006134033
A053,A,3,446,NaN,1,0,NaN,NaN
A053,A,3,447,1,NaN,NaN,0,0.265100955963135
A053,A,3,448,1,NaN,NaN,0,0.241286039352417
A053,A,3,449,1,NaN,NaN,0,0.240801095962524
A053,A,3,450,1,NaN,NaN,0,0.297215938568115
A053,A,3,451,1,NaN,NaN,0,0.352035045623779
A053,A,3,452,1,NaN,NaN,0,0.300698041915894
A053,A,3,453,1,NaN,NaN,0,0.44674277305603
A053,A,3,454,1,NaN,NaN,0,0.407514095306396
A053,A,3,455,NaN,0,1,NaN,NaN
A053,A,3,456,1,NaN,NaN,0,0.283091068267822
A053,A,3,457,1,NaN,NaN,0,0.224639177322388
A053,A,3,458,1,NaN,NaN,0,0.264477014541626
A053,A,3,459,1,NaN,NaN,0,0.282774925231934
A053,A,3,460,1,NaN,NaN,0,0.259975910186768
A053,A,3,461,1,NaN,NaN,0,0.355662107467651
A053,A,3,462,1,NaN,NaN,0,0.377661943435669
A053,A,3,463,1,NaN,NaN,0,0.39005708694458
A053,A,3,464,NaN,1,0,NaN,NaN
A053,A,3,465,1,NaN,NaN,0,0.267112016677856
A053,A,3,466,1,NaN,NaN,0,0.247290134429932
A053,A,3,467,1,NaN,NaN,0,0.279409170150757
A053,A,3,468,1,NaN,NaN,0,0.272944927215576
A053,A,3,469,1,NaN,NaN,0,0.258295774459839
A053,A,3,470,1,NaN,NaN,0,0.259315013885498
A053,A,3,471,1,NaN,NaN,0,0.27290415763855
A053,A,3,472,NaN,0,1,NaN,NaN
A053,A,3,473,1,NaN,NaN,0,0.282140016555786
A053,A,3,474,1,NaN,NaN,0,0.250822067260742
A053,A,3,475,1,NaN,NaN,0,0.301566123962402
A053,A,3,476,1,NaN,NaN,0,0.326854944229126
A053,A,3,477,1,NaN,NaN,0,0.416277170181274
A053,A,3,478,1,NaN,NaN,0,0.400892972946167
A053,A,3,479,1,NaN,NaN,0,0.398972034454346
A053,A,3,480,1,NaN,NaN,0,0.423962116241455
A053,A,3,481,1,NaN,NaN,0,0.429873943328857
A053,A,3,482,1,NaN,NaN,0,0.474560976028442
A053,A,3,483,1,NaN,NaN,0,0.441872119903564
A053,A,3,484,NaN,1,0,NaN,NaN
A053,A,3,485,1,NaN,NaN,0,0.32386302947998
A053,A,3,486,1,NaN,NaN,0,0.948132038116455
A053,A,3,487,1,NaN,NaN,0,0.423985958099365
A053,A,3,488,1,NaN,NaN,0,0.387111186981201
A053,A,3,489,NaN,1,0,NaN,NaN
A053,A,3,490,1,NaN,NaN,0,0.26304292678833
A053,A,3,491,1,NaN,NaN,0,0.295022964477539
A053,A,3,492,1,NaN,NaN,0,0.297286987304688
A053,A,3,493,1,NaN,NaN,0,0.279639005661011
A053,A,3,494,1,NaN,NaN,0,0.223954916000366
A053,A,3,495,1,NaN,NaN,0,0.282550811767578
A053,A,3,496,1,NaN,NaN,0,0.339884042739868
A053,A,3,497,1,NaN,NaN,0,0.300409078598022
A053,A,3,498,1,NaN,NaN,0,0.318765878677368
A053,A,3,499,1,NaN,NaN,0,0.348198890686035
A053,A,3,500,NaN,0,1,NaN,NaN
A053,A,3,501,1,NaN,NaN,0,0.426788806915283
A053,A,3,502,1,NaN,NaN,0,0.328721046447754
A053,A,3,503,1,NaN,NaN,0,0.252868890762329
A053,A,3,504,1,NaN,NaN,0,0.295032024383545
A053,A,3,505,1,NaN,NaN,0,0.332633018493652
A053,A,3,506,1,NaN,NaN,0,0.338006019592285
A053,A,3,507,1,NaN,NaN,0,0.371024131774902
A053,A,3,508,1,NaN,NaN,0,0.287519931793213
A053,A,3,509,NaN,0,1,NaN,NaN
A053,A,3,510,1,NaN,NaN,0,0.293622970581055
A053,A,3,511,1,NaN,NaN,0,0.237929105758667
A053,A,3,512,1,NaN,NaN,0,0.37942099571228
A053,A,3,513,1,NaN,NaN,0,NaN
A053,A,3,514,1,NaN,NaN,0,0.349142074584961
A053,A,3,515,1,NaN,NaN,0,0.371985912322998
A053,A,3,516,0,NaN,NaN,1,NaN
A053,A,3,517,1,NaN,NaN,0,1.15120005607605
A053,A,3,518,0,NaN,NaN,1,NaN
A053,A,3,519,NaN,0,1,NaN,NaN
A053,A,3,520,1,NaN,NaN,0,0.32737398147583
A053,A,3,521,1,NaN,NaN,0,0.188443183898926
A053,A,3,522,1,NaN,NaN,0,0.263608932495117
A053,A,3,523,1,NaN,NaN,0,0.321784019470215
A053,A,3,524,1,NaN,NaN,0,0.319938898086548
A053,A,3,525,1,NaN,NaN,0,0.354551076889038
A053,A,3,526,1,NaN,NaN,0,0.274033069610596
A053,A,3,527,1,NaN,NaN,0,0.304271936416626
A053,A,3,528,1,NaN,NaN,0,0.338666915893555
A053,A,3,529,1,NaN,NaN,0,0.399524927139282
A053,A,3,530,NaN,1,0,NaN,NaN
A053,A,3,531,1,NaN,NaN,0,0.298205852508545
A053,A,3,532,1,NaN,NaN,0,0.464031219482422
A053,A,3,533,1,NaN,NaN,0,0.388572931289673
A053,A,3,534,1,NaN,NaN,0,0.825072050094604
A053,A,3,535,NaN,1,0,NaN,NaN
A053,A,3,536,1,NaN,NaN,0,0.321274042129517
A053,A,4,1,1,NaN,NaN,0,0.422610998153687
A053,A,4,2,NaN,1,0,NaN,NaN
A053,A,4,3,1,NaN,NaN,0,0.267854928970337
A053,A,4,4,1,NaN,NaN,0,0.285063028335571
A053,A,4,5,1,NaN,NaN,0,0.346494913101196
A053,A,4,6,1,NaN,NaN,0,0.324661016464233
A053,A,4,7,1,NaN,NaN,0,0.257843017578125
A053,A,4,8,1,NaN,NaN,0,0.294816970825195
A053,A,4,9,1,NaN,NaN,0,0.271142959594727
A053,A,4,10,1,NaN,NaN,0,0.347823858261108
A053,A,4,11,1,NaN,NaN,0,0.329222917556763
A053,A,4,12,1,NaN,NaN,0,0.421554088592529
A053,A,4,13,1,NaN,NaN,0,0.335312843322754
A053,A,4,14,1,NaN,NaN,0,0.297405958175659
A053,A,4,15,1,NaN,NaN,0,0.282602071762085
A053,A,4,16,NaN,0,1,NaN,NaN
A053,A,4,17,1,NaN,NaN,0,0.261138916015625
A053,A,4,18,1,NaN,NaN,0,0.32214093208313
A053,A,4,19,1,NaN,NaN,0,0.224086999893188
A053,A,4,20,1,NaN,NaN,0,0.350497007369995
A053,A,4,21,1,NaN,NaN,0,0.298586130142212
A053,A,4,22,NaN,0,1,NaN,NaN
A053,A,4,23,1,NaN,NaN,0,0.263489007949829
A053,A,4,24,1,NaN,NaN,0,0.305311918258667
A053,A,4,25,1,NaN,NaN,0,0.312235832214355
A053,A,4,26,1,NaN,NaN,0,0.272448062896729
A053,A,4,27,1,NaN,NaN,0,0.286419868469238
A053,A,4,28,1,NaN,NaN,0,0.311218023300171
A053,A,4,29,NaN,0,1,NaN,NaN
A053,A,4,30,1,NaN,NaN,0,0.239455938339233
A053,A,4,31,1,NaN,NaN,0,0.297247886657715
A053,A,4,32,1,NaN,NaN,0,0.318994998931885
A053,A,4,33,1,NaN,NaN,0,0.291975021362305
A053,A,4,34,1,NaN,NaN,0,0.317306995391846
A053,A,4,35,1,NaN,NaN,0,0.442861795425415
A053,A,4,36,1,NaN,NaN,0,0.377111911773682
A053,A,4,37,1,NaN,NaN,0,0.338483810424805
A053,A,4,38,1,NaN,NaN,0,0.296955823898315
A053,A,4,39,1,NaN,NaN,0,0.390486001968384
A053,A,4,40,1,NaN,NaN,0,0.380361080169678
A053,A,4,41,1,NaN,NaN,0,0.332597017288208
A053,A,4,42,NaN,1,0,NaN,NaN
A053,A,4,43,1,NaN,NaN,0,0.311264038085938
A053,A,4,44,1,NaN,NaN,0,0.278656005859375
A053,A,4,45,1,NaN,NaN,0,0.323056936264038
A053,A,4,46,1,NaN,NaN,0,0.340054035186768
A053,A,4,47,1,NaN,NaN,0,0.382694005966187
A053,A,4,48,1,NaN,NaN,0,0.768078088760376
A053,A,4,49,1,NaN,NaN,0,0.483311891555786
A053,A,4,50,1,NaN,NaN,0,0.343569993972778
A053,A,4,51,NaN,1,0,NaN,NaN
A053,A,4,52,1,NaN,NaN,0,0.29883599281311
A053,A,4,53,1,NaN,NaN,0,0.323827028274536
A053,A,4,54,1,NaN,NaN,0,0.253830909729004
A053,A,4,55,1,NaN,NaN,0,0.290925979614258
A053,A,4,56,1,NaN,NaN,0,0.313349962234497
A053,A,4,57,1,NaN,NaN,0,0.336244106292725
A053,A,4,58,NaN,1,0,NaN,NaN
A053,A,4,59,1,NaN,NaN,0,0.317677021026611
A053,A,4,60,1,NaN,NaN,0,0.270870923995972
A053,A,4,61,1,NaN,NaN,0,0.235510110855103
A053,A,4,62,1,NaN,NaN,0,0.259262084960938
A053,A,4,63,1,NaN,NaN,0,0.380002975463867
A053,A,4,64,1,NaN,NaN,0,0.44342303276062
A053,A,4,65,1,NaN,NaN,0,0.707220077514648
A053,A,4,66,1,NaN,NaN,0,0.306683778762817
A053,A,4,67,1,NaN,NaN,0,0.299798965454102
A053,A,4,68,1,NaN,NaN,0,0.29420280456543
A053,A,4,69,1,NaN,NaN,0,0.355653047561646
A053,A,4,70,NaN,0,1,NaN,NaN
A053,A,4,71,1,NaN,NaN,0,0.287070035934448
A053,A,4,72,1,NaN,NaN,0,NaN
A053,A,4,73,1,NaN,NaN,0,0.180058002471924
A053,A,4,74,NaN,0,1,NaN,NaN
A053,A,4,75,1,NaN,NaN,0,0.276805877685547
A053,A,4,76,1,NaN,NaN,0,0.281880140304565
A053,A,4,77,1,NaN,NaN,0,0.238614797592163
A053,A,4,78,1,NaN,NaN,0,0.275832891464233
A053,A,4,79,1,NaN,NaN,0,0.297887086868286
A053,A,4,80,1,NaN,NaN,0,0.334671020507812
A053,A,4,81,1,NaN,NaN,0,0.409554004669189
A053,A,4,82,1,NaN,NaN,0,0.307698011398315
A053,A,4,83,1,NaN,NaN,0,0.378703117370605
A053,A,4,84,1,NaN,NaN,0,0.408756017684937
A053,A,4,85,1,NaN,NaN,0,0.388107061386108
A053,A,4,86,1,NaN,NaN,0,0.590245962142944
A053,A,4,87,1,NaN,NaN,0,0.3817138671875
A053,A,4,88,NaN,0,1,NaN,NaN
A053,A,4,89,1,NaN,NaN,0,0.303000926971436
A053,A,4,90,1,NaN,NaN,0,0.298964977264404
A053,A,4,91,1,NaN,NaN,0,0.352524995803833
A053,A,4,92,1,NaN,NaN,0,0.346338033676147
A053,A,4,93,1,NaN,NaN,0,0.395521879196167
A053,A,4,94,NaN,1,0,NaN,NaN
A053,A,4,95,1,NaN,NaN,0,0.255922079086304
A053,A,4,96,1,NaN,NaN,0,0.281338930130005
A053,A,4,97,1,NaN,NaN,0,0.276323080062866
A053,A,4,98,1,NaN,NaN,0,0.232600927352905
A053,A,4,99,1,NaN,NaN,0,0.383254051208496
A053,A,4,100,1,NaN,NaN,0,0.310122966766357
A053,A,4,101,NaN,1,0,NaN,NaN
A053,A,4,102,1,NaN,NaN,0,0.301528930664062
A053,A,4,103,1,NaN,NaN,0,NaN
A053,A,4,104,1,NaN,NaN,0,0.240058898925781
A053,A,4,105,1,NaN,NaN,0,0.303980112075806
A053,A,4,106,1,NaN,NaN,0,0.417675018310547
A053,A,4,107,1,NaN,NaN,0,0.339853048324585
A053,A,4,108,1,NaN,NaN,0,0.263813972473145
A053,A,4,109,1,NaN,NaN,0,0.381347894668579
A053,A,4,110,1,NaN,NaN,0,0.364971876144409
A053,A,4,111,1,NaN,NaN,0,0.493993997573853
A053,A,4,112,1,NaN,NaN,0,NaN
A053,A,4,113,1,NaN,NaN,0,0.348106145858765
A053,A,4,114,1,NaN,NaN,0,0.417519807815552
A053,A,4,115,1,NaN,NaN,0,0.362328052520752
A053,A,4,116,NaN,1,0,NaN,NaN
A053,A,4,117,1,NaN,NaN,0,0.393256187438965
A053,A,4,118,1,NaN,NaN,0,0.309853076934814
A053,A,4,119,1,NaN,NaN,0,0.218894958496094
A053,A,4,120,1,NaN,NaN,0,0.294543981552124
A053,A,4,121,1,NaN,NaN,0,0.370447874069214
A053,A,4,122,1,NaN,NaN,0,0.372437000274658
A053,A,4,123,NaN,1,0,NaN,NaN
A053,A,4,124,1,NaN,NaN,0,0.245857954025269
A053,A,4,125,1,NaN,NaN,0,0.266583919525146
A053,A,4,126,1,NaN,NaN,0,0.296852111816406
A053,A,4,127,1,NaN,NaN,0,0.368732929229736
A053,A,4,128,1,NaN,NaN,0,0.412187099456787
A053,A,4,129,NaN,1,0,NaN,NaN
A053,A,4,130,1,NaN,NaN,0,0.377928018569946
A053,A,4,131,1,NaN,NaN,0,0.284842967987061
A053,A,4,132,1,NaN,NaN,0,0.856585025787354
A053,A,4,133,1,NaN,NaN,0,0.412328004837036
A053,A,4,134,1,NaN,NaN,0,NaN
A053,A,4,135,1,NaN,NaN,0,0.246794939041138
A053,A,4,136,1,NaN,NaN,0,NaN
A053,A,4,137,1,NaN,NaN,0,0.152813196182251
A053,A,4,138,1,NaN,NaN,0,0.213233947753906
A053,A,4,139,1,NaN,NaN,0,0.23530912399292
A053,A,4,140,1,NaN,NaN,0,0.201272964477539
A053,A,4,141,1,NaN,NaN,0,0.3492431640625
A053,A,4,142,1,NaN,NaN,0,0.302166938781738
A053,A,4,143,NaN,1,0,NaN,NaN
A053,A,4,144,1,NaN,NaN,0,0.265510082244873
A053,A,4,145,1,NaN,NaN,0,0.321626901626587
A053,A,4,146,1,NaN,NaN,0,0.412055015563965
A053,A,4,147,1,NaN,NaN,0,NaN
A053,A,4,148,0,NaN,NaN,1,NaN
A053,A,4,149,0,NaN,NaN,1,NaN
A053,A,4,150,1,NaN,NaN,0,0.206872940063477
A053,A,4,151,1,NaN,NaN,0,0.253319025039673
A053,A,4,152,NaN,0,1,NaN,NaN
A053,A,4,153,1,NaN,NaN,0,0.258762121200562
A053,A,4,154,1,NaN,NaN,0,0.294409990310669
A053,A,4,155,1,NaN,NaN,0,0.274051189422607
A053,A,4,156,1,NaN,NaN,0,0.175193071365356
A053,A,4,157,1,NaN,NaN,0,0.283876180648804
A053,A,4,158,NaN,0,1,NaN,NaN
A053,A,4,159,1,NaN,NaN,0,0.247052907943726
A053,A,4,160,1,NaN,NaN,0,0.270866870880127
A053,A,4,161,1,NaN,NaN,0,0.214396953582764
A053,A,4,162,1,NaN,NaN,0,0.272005081176758
A053,A,4,163,1,NaN,NaN,0,0.320045948028564
A053,A,4,164,1,NaN,NaN,0,0.397938966751099
A053,A,4,165,1,NaN,NaN,0,0.326653003692627
A053,A,4,166,1,NaN,NaN,0,0.282136917114258
A053,A,4,167,1,NaN,NaN,0,0.366438865661621
A053,A,4,168,1,NaN,NaN,0,0.327349901199341
A053,A,4,169,1,NaN,NaN,0,0.456816911697388
A053,A,4,170,NaN,1,0,NaN,NaN
A053,A,4,171,1,NaN,NaN,0,0.282704830169678
A053,A,4,172,1,NaN,NaN,0,0.297775030136108
A053,A,4,173,1,NaN,NaN,0,0.265278816223145
A053,A,4,174,1,NaN,NaN,0,0.283725023269653
A053,A,4,175,1,NaN,NaN,0,0.285945892333984
A053,A,4,176,1,NaN,NaN,0,0.369056940078735
A053,A,4,177,1,NaN,NaN,0,0.387312889099121
A053,A,4,178,1,NaN,NaN,0,0.320881843566895
A053,A,4,179,NaN,0,1,NaN,NaN
A053,A,4,180,1,NaN,NaN,0,0.309669017791748
A053,A,4,181,1,NaN,NaN,0,0.275173902511597
A053,A,4,182,1,NaN,NaN,0,0.299909114837646
A053,A,4,183,1,NaN,NaN,0,NaN
A053,A,4,184,0,NaN,NaN,1,NaN
A053,A,4,185,1,NaN,NaN,0,0.173428058624268
A053,A,4,186,NaN,0,1,NaN,NaN
A053,A,4,187,1,NaN,NaN,0,NaN
A053,A,4,188,1,NaN,NaN,0,NaN
A053,A,4,189,1,NaN,NaN,0,0.25099515914917
A053,A,4,190,1,NaN,NaN,0,0.297433853149414
A053,A,4,191,1,NaN,NaN,0,0.282644033432007
A053,A,4,192,1,NaN,NaN,0,0.30799388885498
A053,A,4,193,1,NaN,NaN,0,0.259268999099731
A053,A,4,194,1,NaN,NaN,0,0.304424047470093
A053,A,4,195,NaN,1,0,NaN,NaN
A053,A,4,196,1,NaN,NaN,0,0.407196044921875
A053,A,4,197,1,NaN,NaN,0,0.360887050628662
A053,A,4,198,1,NaN,NaN,0,0.31415319442749
A053,A,4,199,1,NaN,NaN,0,0.265218019485474
A053,A,4,200,1,NaN,NaN,0,0.30652904510498
A053,A,4,201,1,NaN,NaN,0,0.267711877822876
A053,A,4,202,1,NaN,NaN,0,0.290486812591553
A053,A,4,203,1,NaN,NaN,0,0.407923936843872
A053,A,4,204,NaN,1,0,NaN,NaN
A053,A,4,205,1,NaN,NaN,0,0.265655040740967
A053,A,4,206,1,NaN,NaN,0,0.330814838409424
A053,A,4,207,1,NaN,NaN,0,0.355634927749634
A053,A,4,208,1,NaN,NaN,0,0.296289920806885
A053,A,4,209,1,NaN,NaN,0,0.321630001068115
A053,A,4,210,NaN,1,0,NaN,NaN
A053,A,4,211,1,NaN,NaN,0,0.291321992874146
A053,A,4,212,1,NaN,NaN,0,0.259890079498291
A053,A,4,213,1,NaN,NaN,0,0.365099906921387
A053,A,4,214,1,NaN,NaN,0,0.31129002571106
A053,A,4,215,1,NaN,NaN,0,0.384679794311523
A053,A,4,216,1,NaN,NaN,0,0.330864906311035
A053,A,4,217,1,NaN,NaN,0,0.611109018325806
A053,A,4,218,1,NaN,NaN,0,0.393098115921021
A053,A,4,219,1,NaN,NaN,0,0.370239973068237
A053,A,4,220,NaN,1,0,NaN,NaN
A053,A,4,221,1,NaN,NaN,0,0.300289154052734
A053,A,4,222,1,NaN,NaN,0,0.307057857513428
A053,A,4,223,1,NaN,NaN,0,0.248510122299194
A053,A,4,224,1,NaN,NaN,0,0.35349702835083
A053,A,4,225,1,NaN,NaN,0,0.185808897018433
A053,A,4,226,1,NaN,NaN,0,0.395662784576416
A053,A,4,227,1,NaN,NaN,0,0.275118112564087
A053,A,4,228,NaN,0,1,NaN,NaN
A053,A,4,229,1,NaN,NaN,0,0.299706935882568
A053,A,4,230,1,NaN,NaN,0,0.251978158950806
A053,A,4,231,1,NaN,NaN,0,NaN
A053,A,4,232,1,NaN,NaN,0,NaN
A053,A,4,233,1,NaN,NaN,0,0.250723123550415
A053,A,4,234,1,NaN,NaN,0,0.315984010696411
A053,A,4,235,1,NaN,NaN,0,0.331927061080933
A053,A,4,236,1,NaN,NaN,0,0.201205015182495
A053,A,4,237,1,NaN,NaN,0,0.330965995788574
A053,A,4,238,NaN,1,0,NaN,NaN
A053,A,4,239,1,NaN,NaN,0,0.272250890731812
A053,A,4,240,1,NaN,NaN,0,0.238448858261108
A053,A,4,241,1,NaN,NaN,0,0.320621967315674
A053,A,4,242,1,NaN,NaN,0,0.481863021850586
A053,A,4,243,1,NaN,NaN,0,0.322911024093628
A053,A,4,244,1,NaN,NaN,0,0.597623109817505
A053,A,4,245,1,NaN,NaN,0,0.350818157196045
A053,A,4,246,1,NaN,NaN,0,0.341330051422119
A053,A,4,247,1,NaN,NaN,0,0.36352801322937
A053,A,4,248,1,NaN,NaN,0,0.344332933425903
A053,A,4,249,1,NaN,NaN,0,0.220829963684082
A053,A,4,250,1,NaN,NaN,0,0.261796951293945
A053,A,4,251,NaN,0,1,NaN,NaN
A053,A,4,252,1,NaN,NaN,0,0.248131036758423
A053,A,4,253,1,NaN,NaN,0,0.274889945983887
A053,A,4,254,1,NaN,NaN,0,0.299603939056396
A053,A,4,255,1,NaN,NaN,0,0.277767896652222
A053,A,4,256,1,NaN,NaN,0,0.314521074295044
A053,A,4,257,NaN,1,0,NaN,NaN
A053,A,4,258,1,NaN,NaN,0,0.303240060806274
A053,A,4,259,1,NaN,NaN,0,0.251776933670044
A053,A,4,260,1,NaN,NaN,0,0.290233850479126
A053,A,4,261,1,NaN,NaN,0,0.337587833404541
A053,A,4,262,1,NaN,NaN,0,0.327110052108765
A053,A,4,263,1,NaN,NaN,0,0.404183864593506
A053,A,4,264,NaN,1,0,NaN,NaN
A053,A,4,265,1,NaN,NaN,0,0.329172134399414
A053,A,4,266,1,NaN,NaN,0,0.340214967727661
A053,A,4,267,1,NaN,NaN,0,0.33585000038147
A053,A,4,268,1,NaN,NaN,0,0.604001045227051
A053,A,4,269,1,NaN,NaN,0,0.355456113815308
A053,A,4,270,1,NaN,NaN,0,0.259804010391235
A053,A,4,271,1,NaN,NaN,0,0.268163919448853
A053,A,4,272,1,NaN,NaN,0,0.23396897315979
A053,A,4,273,1,NaN,NaN,0,0.197995901107788
A053,A,4,274,NaN,0,1,NaN,NaN
A053,A,4,275,1,NaN,NaN,0,0.277803897857666
A053,A,4,276,1,NaN,NaN,0,NaN
A053,A,4,277,1,NaN,NaN,0,NaN
A053,A,4,278,1,NaN,NaN,0,NaN
A053,A,4,279,1,NaN,NaN,0,0.198945999145508
A053,A,4,280,1,NaN,NaN,0,NaN
A053,A,4,281,1,NaN,NaN,0,0.321517944335938
A053,A,4,282,1,NaN,NaN,0,0.343709945678711
A053,A,4,283,NaN,1,0,NaN,NaN
A053,A,4,284,1,NaN,NaN,0,0.303390979766846
A053,A,4,285,1,NaN,NaN,0,0.193058013916016
A053,A,4,286,1,NaN,NaN,0,0.259716987609863
A053,A,4,287,1,NaN,NaN,0,NaN
A053,A,4,288,1,NaN,NaN,0,NaN
A053,A,4,289,1,NaN,NaN,0,0.228556871414185
A053,A,4,290,1,NaN,NaN,0,NaN
A053,A,4,291,NaN,0,1,NaN,NaN
A053,A,4,292,1,NaN,NaN,0,0.170138835906982
A053,A,4,293,1,NaN,NaN,0,NaN
A053,A,4,294,1,NaN,NaN,0,0.173197031021118
A053,A,4,295,1,NaN,NaN,0,NaN
A053,A,4,296,1,NaN,NaN,0,0.389178991317749
A053,A,4,297,1,NaN,NaN,0,0.346049070358276
A053,A,4,298,1,NaN,NaN,0,0.344622135162354
A053,A,4,299,1,NaN,NaN,0,0.332663774490356
A053,A,4,300,1,NaN,NaN,0,0.395977973937988
A053,A,4,301,1,NaN,NaN,0,0.691036224365234
A053,A,4,302,1,NaN,NaN,0,0.426348924636841
A053,A,4,303,1,NaN,NaN,0,0.297343969345093
A053,A,4,304,1,NaN,NaN,0,0.287766933441162
A053,A,4,305,NaN,1,0,NaN,NaN
A053,A,4,306,1,NaN,NaN,0,0.243043899536133
A053,A,4,307,1,NaN,NaN,0,0.228132009506226
A053,A,4,308,NaN,0,1,NaN,NaN
A053,A,4,309,1,NaN,NaN,0,0.264199018478394
A053,A,4,310,1,NaN,NaN,0,0.273108959197998
A053,A,4,311,1,NaN,NaN,0,0.283722877502441
A053,A,4,312,1,NaN,NaN,0,0.284906148910522
A053,A,4,313,1,NaN,NaN,0,0.290696144104004
A053,A,4,314,1,NaN,NaN,0,0.334351062774658
A053,A,4,315,1,NaN,NaN,0,0.307178020477295
A053,A,4,316,1,NaN,NaN,0,0.352579116821289
A053,A,4,317,1,NaN,NaN,0,0.345380067825317
A053,A,4,318,1,NaN,NaN,0,0.398884057998657
A053,A,4,319,1,NaN,NaN,0,0.301210165023804
A053,A,4,320,NaN,0,1,NaN,NaN
A053,A,4,321,1,NaN,NaN,0,0.387041091918945
A053,A,4,322,1,NaN,NaN,0,0.295670986175537
A053,A,4,323,1,NaN,NaN,0,0.240400075912476
A053,A,4,324,1,NaN,NaN,0,0.192838907241821
A053,A,4,325,1,NaN,NaN,0,0.399269104003906
A053,A,4,326,1,NaN,NaN,0,0.393755912780762
A053,A,4,327,NaN,0,1,NaN,NaN
A053,A,4,328,1,NaN,NaN,0,0.289911985397339
A053,A,4,329,1,NaN,NaN,0,NaN
A053,A,4,330,1,NaN,NaN,0,NaN
A053,A,4,331,1,NaN,NaN,0,0.570698022842407
A053,A,4,332,1,NaN,NaN,0,0.275476932525635
A053,A,4,333,1,NaN,NaN,0,0.373264074325562
A053,A,4,334,1,NaN,NaN,0,0.350592136383057
A053,A,4,335,1,NaN,NaN,0,0.431737899780273
A053,A,4,336,1,NaN,NaN,0,0.483607053756714
A053,A,4,337,1,NaN,NaN,0,0.433395862579346
A053,A,4,338,NaN,1,0,NaN,NaN
A053,A,4,339,1,NaN,NaN,0,0.281723976135254
A053,A,4,340,1,NaN,NaN,0,0.32312798500061
A053,A,4,341,1,NaN,NaN,0,0.432412147521973
A053,A,4,342,1,NaN,NaN,0,0.520262002944946
A053,A,4,343,1,NaN,NaN,0,0.474913120269775
A053,A,4,344,1,NaN,NaN,0,0.489525079727173
A053,A,4,345,NaN,0,1,NaN,NaN
A053,A,4,346,1,NaN,NaN,0,0.496918916702271
A053,A,4,347,1,NaN,NaN,0,0.30927300453186
A053,A,4,348,1,NaN,NaN,0,0.258024930953979
A053,A,4,349,1,NaN,NaN,0,0.278165102005005
A053,A,4,350,1,NaN,NaN,0,0.29522180557251
A053,A,4,351,1,NaN,NaN,0,0.253076076507568
A053,A,4,352,1,NaN,NaN,0,0.298882961273193
A053,A,4,353,NaN,0,1,NaN,NaN
A053,A,4,354,1,NaN,NaN,0,0.194477796554565
A053,A,4,355,1,NaN,NaN,0,0.228314876556396
A053,A,4,356,1,NaN,NaN,0,0.198909997940063
A053,A,4,357,1,NaN,NaN,0,0.305150985717773
A053,A,4,358,1,NaN,NaN,0,0.234004974365234
A053,A,4,359,1,NaN,NaN,0,0.287487983703613
A053,A,4,360,1,NaN,NaN,0,0.258944034576416
A053,A,4,361,1,NaN,NaN,0,0.27811598777771
A053,A,4,362,1,NaN,NaN,0,0.685451030731201
A053,A,4,363,1,NaN,NaN,0,0.347004175186157
A053,A,4,364,NaN,1,0,NaN,NaN
A053,A,4,365,1,NaN,NaN,0,0.260957002639771
A053,A,4,366,1,NaN,NaN,0,0.305695056915283
A053,A,4,367,1,NaN,NaN,0,0.35154390335083
A053,A,4,368,1,NaN,NaN,0,0.353734970092773
A053,A,4,369,1,NaN,NaN,0,0.628255128860474
A053,A,4,370,1,NaN,NaN,0,0.328167915344238
A053,A,4,371,1,NaN,NaN,0,0.395684003829956
A053,A,4,372,1,NaN,NaN,0,0.394185781478882
A053,A,4,373,1,NaN,NaN,0,0.328793048858643
A053,A,4,374,1,NaN,NaN,0,0.355233907699585
A053,A,4,375,1,NaN,NaN,0,0.4532310962677
A053,A,4,376,NaN,1,0,NaN,NaN
A053,A,4,377,1,NaN,NaN,0,0.612104177474976
A053,A,4,378,1,NaN,NaN,0,0.458313941955566
A053,A,4,379,1,NaN,NaN,0,0.407285928726196
A053,A,4,380,NaN,1,0,NaN,NaN
A053,A,4,381,0,NaN,NaN,1,NaN
A053,A,4,382,0,NaN,NaN,1,NaN
A053,A,4,383,1,NaN,NaN,0,NaN
A053,A,4,384,1,NaN,NaN,0,0.299998998641968
A053,A,4,385,1,NaN,NaN,0,0.307143926620483
A053,A,4,386,1,NaN,NaN,0,0.255082130432129
A053,A,4,387,1,NaN,NaN,0,0.25556492805481
A053,A,4,388,1,NaN,NaN,0,0.28425407409668
A053,A,4,389,1,NaN,NaN,0,0.254961013793945
A053,A,4,390,1,NaN,NaN,0,0.24725604057312
A053,A,4,391,1,NaN,NaN,0,0.320801019668579
A053,A,4,392,1,NaN,NaN,0,0.246578931808472
A053,A,4,393,1,NaN,NaN,0,0.283689975738525
A053,A,4,394,1,NaN,NaN,0,0.350472211837769
A053,A,4,395,NaN,0,1,NaN,NaN
A053,A,4,396,1,NaN,NaN,0,0.255024909973145
A053,A,4,397,1,NaN,NaN,0,0.332858085632324
A053,A,4,398,1,NaN,NaN,0,0.181252956390381
A053,A,4,399,NaN,0,1,NaN,NaN
A053,A,4,400,1,NaN,NaN,0,0.204089879989624
A053,A,4,401,1,NaN,NaN,0,0.305001020431519
A053,A,4,402,1,NaN,NaN,0,0.531053066253662
A053,A,4,403,1,NaN,NaN,0,0.317584991455078
A053,A,4,404,1,NaN,NaN,0,0.274090051651001
A053,A,4,405,1,NaN,NaN,0,0.33461594581604
A053,A,4,406,1,NaN,NaN,0,0.428159952163696
A053,A,4,407,1,NaN,NaN,0,0.533459901809692
A053,A,4,408,1,NaN,NaN,0,0.354089975357056
A053,A,4,409,1,NaN,NaN,0,0.208715915679932
A053,A,4,410,NaN,1,0,NaN,NaN
A053,A,4,411,1,NaN,NaN,0,0.327666997909546
A053,A,4,412,1,NaN,NaN,0,0.30051589012146
A053,A,4,413,1,NaN,NaN,0,0.496386051177979
A053,A,4,414,1,NaN,NaN,0,0.428555965423584
A053,A,4,415,1,NaN,NaN,0,0.347585916519165
A053,A,4,416,1,NaN,NaN,0,0.316808938980103
A053,A,4,417,1,NaN,NaN,0,0.364981889724731
A053,A,4,418,1,NaN,NaN,0,0.247137069702148
A053,A,4,419,NaN,0,1,NaN,NaN
A053,A,4,420,1,NaN,NaN,0,0.235785007476807
A053,A,4,421,1,NaN,NaN,0,NaN
A053,A,4,422,1,NaN,NaN,0,0.154500961303711
A053,A,4,423,1,NaN,NaN,0,0.251024961471558
A053,A,4,424,1,NaN,NaN,0,0.295777082443237
A053,A,4,425,1,NaN,NaN,0,0.301694869995117
A053,A,4,426,1,NaN,NaN,0,0.313981056213379
A053,A,4,427,1,NaN,NaN,0,0.336363077163696
A053,A,4,428,1,NaN,NaN,0,0.34879994392395
A053,A,4,429,NaN,1,0,NaN,NaN
A053,A,4,430,1,NaN,NaN,0,0.402549028396606
A053,A,4,431,1,NaN,NaN,0,0.357019901275635
A053,A,4,432,1,NaN,NaN,0,0.373366832733154
A053,A,4,433,1,NaN,NaN,0,0.218368053436279
A053,A,4,434,NaN,1,0,NaN,NaN
A053,A,4,435,1,NaN,NaN,0,0.332906007766724
A053,A,4,436,1,NaN,NaN,0,1.0453770160675
A053,A,4,437,1,NaN,NaN,0,0.616131067276001
A053,A,4,438,1,NaN,NaN,0,0.404468059539795
A053,A,4,439,0,NaN,NaN,1,NaN
A053,A,4,440,1,NaN,NaN,0,1.06167888641357
A053,A,4,441,1,NaN,NaN,0,0.996919870376587
A053,A,4,442,0,NaN,NaN,1,NaN
A053,A,4,443,1,NaN,NaN,0,0.255958080291748
A053,A,4,444,1,NaN,NaN,0,0.250746011734009
A053,A,4,445,1,NaN,NaN,0,0.269320011138916
A053,A,4,446,1,NaN,NaN,0,0.29387903213501
A053,A,4,447,1,NaN,NaN,0,0.299106121063232
A053,A,4,448,NaN,0,1,NaN,NaN
A053,A,4,449,1,NaN,NaN,0,0.258321046829224
A053,A,4,450,1,NaN,NaN,0,0.463870048522949
A053,A,4,451,1,NaN,NaN,0,0.685710906982422
A053,A,4,452,0,NaN,NaN,1,NaN
A053,A,4,453,1,NaN,NaN,0,NaN
A053,A,4,454,1,NaN,NaN,0,0.297464847564697
A053,A,4,455,1,NaN,NaN,0,0.337101936340332
A053,A,4,456,1,NaN,NaN,0,0.312851905822754
A053,A,4,457,1,NaN,NaN,0,0.370157957077026
A053,A,4,458,NaN,0,1,NaN,NaN
A053,A,4,459,1,NaN,NaN,0,0.255468130111694
A053,A,4,460,1,NaN,NaN,0,0.24449896812439
A053,A,4,461,1,NaN,NaN,0,0.408362865447998
A053,A,4,462,1,NaN,NaN,0,0.343199014663696
A053,A,4,463,1,NaN,NaN,0,0.445937871932983
A053,A,4,464,1,NaN,NaN,0,0.357293128967285
A053,A,4,465,1,NaN,NaN,0,0.596420049667358
A053,A,4,466,1,NaN,NaN,0,0.410343885421753
A053,A,4,467,NaN,1,0,NaN,NaN
A053,A,4,468,1,NaN,NaN,0,0.324378967285156
A053,A,4,469,1,NaN,NaN,0,NaN
A053,A,4,470,1,NaN,NaN,0,0.353238821029663
A053,A,4,471,1,NaN,NaN,0,NaN
A053,A,4,472,1,NaN,NaN,0,0.339892864227295
A053,A,4,473,1,NaN,NaN,0,0.344871997833252
A053,A,4,474,1,NaN,NaN,0,0.335556983947754
A053,A,4,475,NaN,1,0,NaN,NaN
A053,A,4,476,1,NaN,NaN,0,0.474858999252319
A053,A,4,477,1,NaN,NaN,0,0.342368125915527
A053,A,4,478,1,NaN,NaN,0,0.429656982421875
A053,A,4,479,1,NaN,NaN,0,0.489871978759766
A053,A,4,480,NaN,0,1,NaN,NaN
A053,A,4,481,1,NaN,NaN,0,0.310767889022827
A053,A,4,482,1,NaN,NaN,0,0.33949089050293
A053,A,4,483,1,NaN,NaN,0,0.288750886917114
A053,A,4,484,0,NaN,NaN,1,NaN
A053,A,4,485,1,NaN,NaN,0,NaN
A053,A,4,486,1,NaN,NaN,0,0.406929016113281
A053,A,4,487,1,NaN,NaN,0,0.35536003112793
A053,A,4,488,1,NaN,NaN,0,0.337430953979492
A053,A,4,489,1,NaN,NaN,0,0.416722059249878
A053,A,4,490,0,NaN,NaN,1,NaN
A053,A,4,491,NaN,0,1,NaN,NaN
A053,A,4,492,1,NaN,NaN,0,0.188742876052856
A053,A,4,493,1,NaN,NaN,0,0.397577047348022
A053,A,4,494,1,NaN,NaN,0,0.173296928405762
A053,A,4,495,0,NaN,NaN,1,NaN
A053,A,4,496,1,NaN,NaN,0,0.294954061508179
A053,A,4,497,1,NaN,NaN,0,0.223710060119629
A053,A,4,498,1,NaN,NaN,0,0.341906070709229
A053,A,4,499,1,NaN,NaN,0,0.299855947494507
A053,A,4,500,1,NaN,NaN,0,0.403969049453735
A053,A,4,501,1,NaN,NaN,0,0.461657047271729
A053,A,4,502,1,NaN,NaN,0,0.331044912338257
A053,A,4,503,NaN,1,0,NaN,NaN
A053,A,4,504,1,NaN,NaN,0,0.259366989135742
A053,A,4,505,1,NaN,NaN,0,0.338798046112061
A053,A,4,506,1,NaN,NaN,0,0.365381002426147
A053,A,4,507,1,NaN,NaN,0,0.539049863815308
A053,A,4,508,1,NaN,NaN,0,0.344803094863892
A053,A,4,509,1,NaN,NaN,0,NaN
A053,A,4,510,NaN,0,1,NaN,NaN
A053,A,4,511,1,NaN,NaN,0,0.318152904510498
A053,A,4,512,1,NaN,NaN,0,0.391414165496826
A053,A,4,513,1,NaN,NaN,0,0.394995927810669
A053,A,4,514,1,NaN,NaN,0,0.394543886184692
A053,A,4,515,1,NaN,NaN,0,0.39515209197998
A053,A,4,516,1,NaN,NaN,0,0.48809289932251
A053,A,4,517,1,NaN,NaN,0,0.320672035217285
A053,A,4,518,NaN,0,1,NaN,NaN
A053,A,4,519,1,NaN,NaN,0,0.287029027938843
A053,A,4,520,1,NaN,NaN,0,0.550969839096069
A053,A,4,521,1,NaN,NaN,0,0.333482980728149
A053,A,4,522,1,NaN,NaN,0,0.311679840087891
A053,A,4,523,1,NaN,NaN,0,0.373637914657593
A053,A,4,524,1,NaN,NaN,0,0.28855299949646
A053,A,4,525,1,NaN,NaN,0,0.291115999221802
A053,A,4,526,1,NaN,NaN,0,0.271672010421753
A053,A,4,527,1,NaN,NaN,0,0.351060152053833
A053,A,4,528,NaN,0,1,NaN,NaN
A053,A,4,529,1,NaN,NaN,0,0.761137008666992
A053,A,4,530,1,NaN,NaN,0,0.330038070678711
A053,A,4,531,0,NaN,NaN,1,NaN
A053,A,4,532,1,NaN,NaN,0,NaN
A053,A,4,533,1,NaN,NaN,0,0.305408000946045
A053,A,4,534,1,NaN,NaN,0,0.2915940284729
A053,A,4,535,1,NaN,NaN,0,0.388291120529175
A053,A,4,536,1,NaN,NaN,0,0.321157932281494
A053,A,4,537,1,NaN,NaN,0,0.316630125045776
A053,A,4,538,NaN,0,1,NaN,NaN
A053,A,4,539,1,NaN,NaN,0,NaN
A053,A,4,540,1,NaN,NaN,0,NaN
A053,A,4,541,1,NaN,NaN,0,0.302250146865845
A053,A,4,542,1,NaN,NaN,0,0.365322113037109
A053,A,4,543,1,NaN,NaN,0,0.296560049057007
A053,A,4,544,1,NaN,NaN,0,0.181315898895264
A053,A,4,545,1,NaN,NaN,0,NaN
A053,A,4,546,NaN,0,1,NaN,NaN
A053,A,4,547,1,NaN,NaN,0,0.307330846786499
A053,A,4,548,1,NaN,NaN,0,0.368460178375244
A053,A,4,549,1,NaN,NaN,0,0.328751087188721
A053,A,4,550,1,NaN,NaN,0,0.273943901062012
A053,A,4,551,1,NaN,NaN,0,0.280967950820923
A053,A,4,552,1,NaN,NaN,0,0.288184881210327
A053,A,4,553,1,NaN,NaN,0,0.421004056930542
A053,A,4,554,1,NaN,NaN,0,0.337908029556274
A053,A,4,555,NaN,1,0,NaN,NaN
A053,A,4,556,1,NaN,NaN,0,0.271358013153076
A053,A,4,557,1,NaN,NaN,0,0.313467979431152
A053,A,4,558,1,NaN,NaN,0,0.301604032516479
A053,A,4,559,1,NaN,NaN,0,0.354084014892578
A053,A,4,560,1,NaN,NaN,0,0.31708812713623
A053,A,4,561,NaN,0,1,NaN,NaN
A053,A,4,562,1,NaN,NaN,0,0.330554008483887
A053,A,4,563,1,NaN,NaN,0,0.227765083312988
A053,A,4,564,1,NaN,NaN,0,0.22927188873291
A053,A,4,565,1,NaN,NaN,0,0.26622200012207
A053,A,4,566,1,NaN,NaN,0,0.265777111053467
A053,A,4,567,1,NaN,NaN,0,0.191663980484009
A053,A,4,568,1,NaN,NaN,0,0.164613962173462
A053,A,4,569,1,NaN,NaN,0,NaN
A053,A,4,570,1,NaN,NaN,0,NaN
A053,A,4,571,0,NaN,NaN,1,NaN
A053,A,4,572,1,NaN,NaN,0,0.280203104019165
A053,A,4,573,1,NaN,NaN,0,NaN
A053,A,4,574,NaN,0,1,NaN,NaN
A053,A,4,575,1,NaN,NaN,0,NaN
A053,A,4,576,1,NaN,NaN,0,NaN
A053,A,4,577,1,NaN,NaN,0,0.242026090621948
A053,A,4,578,1,NaN,NaN,0,0.306990146636963
A053,A,4,579,NaN,1,0,NaN,NaN
