SubID,Group,BlockN,nTrial,GoTrials,NoGoTrials,FA,Misses,RT
A038,A,1,1,1,NaN,NaN,0,0.614611148834229
A038,A,1,2,1,NaN,NaN,0,0.305030107498169
A038,A,1,3,1,NaN,NaN,0,0.288939952850342
A038,A,1,4,NaN,1,0,NaN,NaN
A038,A,1,5,1,NaN,NaN,0,0.427043199539185
A038,A,1,6,1,NaN,NaN,0,0.281491994857788
A038,A,1,7,1,NaN,NaN,0,0.246666193008423
A038,A,1,8,1,NaN,NaN,0,0.258670091629028
A038,A,1,9,1,NaN,NaN,0,0.250873804092407
A038,A,1,10,1,NaN,NaN,0,0.317673921585083
A038,A,1,11,1,NaN,NaN,0,0.262909889221191
A038,A,1,12,1,NaN,NaN,0,0.28557014465332
A038,A,1,13,1,NaN,NaN,0,0.302850961685181
A038,A,1,14,NaN,1,0,NaN,NaN
A038,A,1,15,1,NaN,NaN,0,0.353814125061035
A038,A,1,16,1,NaN,NaN,0,0.283327102661133
A038,A,1,17,1,NaN,NaN,0,0.267607927322388
A038,A,1,18,1,NaN,NaN,0,0.296178817749023
A038,A,1,19,1,NaN,NaN,0,0.532718896865845
A038,A,1,20,1,NaN,NaN,0,0.315525054931641
A038,A,1,21,1,NaN,NaN,0,0.267554044723511
A038,A,1,22,1,NaN,NaN,0,0.409479856491089
A038,A,1,23,1,NaN,NaN,0,0.313728094100952
A038,A,1,24,NaN,1,0,NaN,NaN
A038,A,1,25,1,NaN,NaN,0,0.453322887420654
A038,A,1,26,1,NaN,NaN,0,0.413465976715088
A038,A,1,27,1,NaN,NaN,0,0.406771898269653
A038,A,1,28,1,NaN,NaN,0,0.416613817214966
A038,A,1,29,NaN,1,0,NaN,NaN
A038,A,1,30,1,NaN,NaN,0,0.5172438621521
A038,A,1,31,1,NaN,NaN,0,0.317651033401489
A038,A,1,32,1,NaN,NaN,0,0.234522104263306
A038,A,1,33,1,NaN,NaN,0,0.601699113845825
A038,A,1,34,1,NaN,NaN,0,0.841137170791626
A038,A,1,35,1,NaN,NaN,0,0.530548095703125
A038,A,1,36,1,NaN,NaN,0,0.444208860397339
A038,A,1,37,1,NaN,NaN,0,0.351668119430542
A038,A,1,38,1,NaN,NaN,0,0.669940948486328
A038,A,1,39,NaN,1,0,NaN,NaN
A038,A,1,40,1,NaN,NaN,0,0.31888484954834
A038,A,1,41,1,NaN,NaN,0,0.348144054412842
A038,A,1,42,1,NaN,NaN,0,0.340349197387695
A038,A,1,43,1,NaN,NaN,0,0.337582111358643
A038,A,1,44,1,NaN,NaN,0,0.346430778503418
A038,A,1,45,1,NaN,NaN,0,0.338834047317505
A038,A,1,46,1,NaN,NaN,0,0.304465055465698
A038,A,1,47,NaN,0,1,NaN,NaN
A038,A,1,48,1,NaN,NaN,0,0.594915151596069
A038,A,1,49,1,NaN,NaN,0,0.659451007843018
A038,A,1,50,1,NaN,NaN,0,0.635194063186646
A038,A,1,51,1,NaN,NaN,0,0.493818998336792
A038,A,1,52,1,NaN,NaN,0,0.338600873947144
A038,A,1,53,1,NaN,NaN,0,0.341408967971802
A038,A,1,54,1,NaN,NaN,0,0.324886083602905
A038,A,1,55,1,NaN,NaN,0,0.361020088195801
A038,A,1,56,1,NaN,NaN,0,0.357107162475586
A038,A,1,57,1,NaN,NaN,0,0.38471508026123
A038,A,1,58,0,NaN,NaN,1,NaN
A038,A,1,59,NaN,0,1,NaN,NaN
A038,A,1,60,1,NaN,NaN,0,0.378967046737671
A038,A,1,61,1,NaN,NaN,0,0.388161897659302
A038,A,1,62,1,NaN,NaN,0,0.345338106155396
A038,A,1,63,1,NaN,NaN,0,0.320924043655396
A038,A,1,64,1,NaN,NaN,0,0.278368949890137
A038,A,1,65,1,NaN,NaN,0,0.358965158462524
A038,A,1,66,1,NaN,NaN,0,0.503919839859009
A038,A,1,67,1,NaN,NaN,0,0.432606935501099
A038,A,1,68,1,NaN,NaN,0,0.338727951049805
A038,A,1,69,1,NaN,NaN,0,0.376802921295166
A038,A,1,70,NaN,1,0,NaN,NaN
A038,A,1,71,1,NaN,NaN,0,0.304431915283203
A038,A,1,72,1,NaN,NaN,0,0.323570966720581
A038,A,1,73,1,NaN,NaN,0,0.292954921722412
A038,A,1,74,1,NaN,NaN,0,0.287454128265381
A038,A,1,75,1,NaN,NaN,0,0.412075996398926
A038,A,1,76,1,NaN,NaN,0,0.324339866638184
A038,A,1,77,1,NaN,NaN,0,0.477097988128662
A038,A,1,78,NaN,1,0,NaN,NaN
A038,A,1,79,1,NaN,NaN,0,0.584078073501587
A038,A,1,80,1,NaN,NaN,0,0.536885976791382
A038,A,1,81,1,NaN,NaN,0,0.536839962005615
A038,A,1,82,1,NaN,NaN,0,0.321069955825806
A038,A,1,83,1,NaN,NaN,0,0.453119039535522
A038,A,1,84,1,NaN,NaN,0,0.441648006439209
A038,A,1,85,1,NaN,NaN,0,0.346701145172119
A038,A,1,86,1,NaN,NaN,0,0.513735055923462
A038,A,1,87,1,NaN,NaN,0,0.330865859985352
A038,A,1,88,NaN,1,0,NaN,NaN
A038,A,1,89,1,NaN,NaN,0,0.29889702796936
A038,A,1,90,1,NaN,NaN,0,0.262266874313354
A038,A,1,91,1,NaN,NaN,0,0.266651153564453
A038,A,1,92,1,NaN,NaN,0,0.279079914093018
A038,A,1,93,1,NaN,NaN,0,0.299626111984253
A038,A,1,94,1,NaN,NaN,0,0.259956836700439
A038,A,1,95,1,NaN,NaN,0,0.320975065231323
A038,A,1,96,NaN,0,1,NaN,NaN
A038,A,1,97,1,NaN,NaN,0,0.317076921463013
A038,A,1,98,1,NaN,NaN,0,0.270430088043213
A038,A,1,99,1,NaN,NaN,0,0.335211992263794
A038,A,1,100,1,NaN,NaN,0,0.313905954360962
A038,A,1,101,1,NaN,NaN,0,0.325934886932373
A038,A,1,102,1,NaN,NaN,0,0.407711029052734
A038,A,1,103,1,NaN,NaN,0,0.350066900253296
A038,A,1,104,NaN,1,0,NaN,NaN
A038,A,1,105,1,NaN,NaN,0,0.307427167892456
A038,A,1,106,1,NaN,NaN,0,0.327894926071167
A038,A,1,107,1,NaN,NaN,0,0.372498989105225
A038,A,1,108,1,NaN,NaN,0,0.341181039810181
A038,A,1,109,1,NaN,NaN,0,0.316109895706177
A038,A,1,110,1,NaN,NaN,0,0.310950040817261
A038,A,1,111,1,NaN,NaN,0,0.482607126235962
A038,A,1,112,1,NaN,NaN,0,0.333721876144409
A038,A,1,113,1,NaN,NaN,0,0.313257932662964
A038,A,1,114,1,NaN,NaN,0,0.425567865371704
A038,A,1,115,NaN,1,0,NaN,NaN
A038,A,1,116,1,NaN,NaN,0,0.284533977508545
A038,A,1,117,1,NaN,NaN,0,0.304193019866943
A038,A,1,118,1,NaN,NaN,0,0.276822090148926
A038,A,1,119,1,NaN,NaN,0,0.554150819778442
A038,A,1,120,1,NaN,NaN,0,0.406373977661133
A038,A,1,121,NaN,0,1,NaN,NaN
A038,A,1,122,1,NaN,NaN,0,0.709685087203979
A038,A,1,123,1,NaN,NaN,0,0.349571943283081
A038,A,1,124,1,NaN,NaN,0,0.335910797119141
A038,A,1,125,1,NaN,NaN,0,0.350260019302368
A038,A,1,126,1,NaN,NaN,0,0.562204837799072
A038,A,1,127,1,NaN,NaN,0,0.534255027770996
A038,A,1,128,1,NaN,NaN,0,0.467237949371338
A038,A,1,129,1,NaN,NaN,0,0.395876169204712
A038,A,1,130,1,NaN,NaN,0,0.388558864593506
A038,A,1,131,1,NaN,NaN,0,0.384114980697632
A038,A,1,132,1,NaN,NaN,0,0.385785818099976
A038,A,1,133,1,NaN,NaN,0,0.392768859863281
A038,A,1,134,NaN,1,0,NaN,NaN
A038,A,1,135,1,NaN,NaN,0,0.376541137695312
A038,A,1,136,1,NaN,NaN,0,0.310473918914795
A038,A,1,137,1,NaN,NaN,0,0.236023902893066
A038,A,1,138,1,NaN,NaN,0,0.505002975463867
A038,A,1,139,1,NaN,NaN,0,0.429489850997925
A038,A,1,140,1,NaN,NaN,0,0.382863998413086
A038,A,1,141,1,NaN,NaN,0,0.404380083084106
A038,A,1,142,1,NaN,NaN,0,0.573765993118286
A038,A,1,143,NaN,1,0,NaN,NaN
A038,A,1,144,1,NaN,NaN,0,0.342716932296753
A038,A,1,145,1,NaN,NaN,0,0.309952974319458
A038,A,1,146,NaN,0,1,NaN,NaN
A038,A,1,147,1,NaN,NaN,0,0.25643515586853
A038,A,1,148,1,NaN,NaN,0,0.289968967437744
A038,A,1,149,1,NaN,NaN,0,0.271244049072266
A038,A,1,150,1,NaN,NaN,0,0.312126874923706
A038,A,1,151,1,NaN,NaN,0,0.308649063110352
A038,A,1,152,1,NaN,NaN,0,0.381304025650024
A038,A,1,153,1,NaN,NaN,0,0.478703022003174
A038,A,1,154,1,NaN,NaN,0,0.54206395149231
A038,A,1,155,1,NaN,NaN,0,0.580878973007202
A038,A,1,156,1,NaN,NaN,0,0.422915935516357
A038,A,1,157,1,NaN,NaN,0,0.494704961776733
A038,A,1,158,1,NaN,NaN,0,0.343738079071045
A038,A,1,159,NaN,1,0,NaN,NaN
A038,A,1,160,1,NaN,NaN,0,0.267239093780518
A038,A,1,161,1,NaN,NaN,0,0.437583923339844
A038,A,1,162,1,NaN,NaN,0,0.313442230224609
A038,A,1,163,1,NaN,NaN,0,0.402875185012817
A038,A,1,164,1,NaN,NaN,0,0.362213134765625
A038,A,1,165,1,NaN,NaN,0,0.524826049804688
A038,A,1,166,1,NaN,NaN,0,0.643874883651733
A038,A,1,167,1,NaN,NaN,0,0.400493144989014
A038,A,1,168,1,NaN,NaN,0,0.431175947189331
A038,A,1,169,1,NaN,NaN,0,0.523847103118896
A038,A,1,170,NaN,1,0,NaN,NaN
A038,A,1,171,1,NaN,NaN,0,0.375838041305542
A038,A,1,172,1,NaN,NaN,0,0.320497035980225
A038,A,1,173,1,NaN,NaN,0,0.389334917068481
A038,A,1,174,0,NaN,NaN,1,NaN
A038,A,1,175,1,NaN,NaN,0,NaN
A038,A,1,176,1,NaN,NaN,0,0.306267976760864
A038,A,1,177,1,NaN,NaN,0,0.379508972167969
A038,A,1,178,NaN,1,0,NaN,NaN
A038,A,1,179,1,NaN,NaN,0,0.48503589630127
A038,A,1,180,1,NaN,NaN,0,0.396299123764038
A038,A,1,181,1,NaN,NaN,0,0.681423902511597
A038,A,1,182,1,NaN,NaN,0,0.475720882415771
A038,A,1,183,1,NaN,NaN,0,0.330660104751587
A038,A,1,184,1,NaN,NaN,0,0.350242853164673
A038,A,1,185,1,NaN,NaN,0,0.319360017776489
A038,A,1,186,1,NaN,NaN,0,0.447803974151611
A038,A,1,187,NaN,1,0,NaN,NaN
A038,A,1,188,1,NaN,NaN,0,0.338726043701172
A038,A,1,189,1,NaN,NaN,0,0.2969651222229
A038,A,1,190,1,NaN,NaN,0,0.323290109634399
A038,A,1,191,1,NaN,NaN,0,0.389118909835815
A038,A,1,192,NaN,1,0,NaN,NaN
A038,A,1,193,1,NaN,NaN,0,0.263140916824341
A038,A,1,194,1,NaN,NaN,0,0.303766012191772
A038,A,1,195,1,NaN,NaN,0,0.345179796218872
A038,A,1,196,1,NaN,NaN,0,0.408055067062378
A038,A,1,197,1,NaN,NaN,0,0.436948776245117
A038,A,1,198,1,NaN,NaN,0,0.519433975219727
A038,A,1,199,1,NaN,NaN,0,0.384469985961914
A038,A,1,200,1,NaN,NaN,0,0.364293813705444
A038,A,1,201,1,NaN,NaN,0,0.37406587600708
A038,A,1,202,1,NaN,NaN,0,0.387739896774292
A038,A,1,203,1,NaN,NaN,0,0.42424488067627
A038,A,1,204,1,NaN,NaN,0,0.408121109008789
A038,A,1,205,NaN,1,0,NaN,NaN
A038,A,1,206,1,NaN,NaN,0,0.363821029663086
A038,A,1,207,1,NaN,NaN,0,0.23225212097168
A038,A,1,208,1,NaN,NaN,0,0.268409967422485
A038,A,1,209,1,NaN,NaN,0,0.256885051727295
A038,A,1,210,1,NaN,NaN,0,0.365982055664062
A038,A,1,211,1,NaN,NaN,0,0.34736704826355
A038,A,1,212,1,NaN,NaN,0,0.465104103088379
A038,A,1,213,1,NaN,NaN,0,0.756906032562256
A038,A,1,214,NaN,1,0,NaN,NaN
A038,A,1,215,1,NaN,NaN,0,0.291561841964722
A038,A,1,216,1,NaN,NaN,0,0.328777074813843
A038,A,1,217,1,NaN,NaN,0,0.332108020782471
A038,A,1,218,1,NaN,NaN,0,0.371156930923462
A038,A,1,219,NaN,1,0,NaN,NaN
A038,A,1,220,1,NaN,NaN,0,0.197517871856689
A038,A,1,221,1,NaN,NaN,0,0.246117115020752
A038,A,1,222,1,NaN,NaN,0,0.197650909423828
A038,A,1,223,1,NaN,NaN,0,0.257395029067993
A038,A,1,224,1,NaN,NaN,0,0.281349897384644
A038,A,1,225,1,NaN,NaN,0,0.260435819625854
A038,A,1,226,1,NaN,NaN,0,0.337401151657104
A038,A,1,227,1,NaN,NaN,0,0.398464918136597
A038,A,1,228,NaN,0,1,NaN,NaN
A038,A,1,229,1,NaN,NaN,0,0.45030403137207
A038,A,1,230,1,NaN,NaN,0,0.31069016456604
A038,A,1,231,1,NaN,NaN,0,0.259696960449219
A038,A,1,232,1,NaN,NaN,0,0.252906084060669
A038,A,1,233,1,NaN,NaN,0,0.315443992614746
A038,A,1,234,1,NaN,NaN,0,0.295551061630249
A038,A,1,235,1,NaN,NaN,0,0.261955976486206
A038,A,1,236,1,NaN,NaN,0,0.271406888961792
A038,A,1,237,1,NaN,NaN,0,0.303030967712402
A038,A,1,238,1,NaN,NaN,0,0.324564933776855
A038,A,1,239,NaN,1,0,NaN,NaN
A038,A,1,240,1,NaN,NaN,0,0.239601135253906
A038,A,1,241,1,NaN,NaN,0,0.239806890487671
A038,A,1,242,1,NaN,NaN,0,0.281328916549683
A038,A,1,243,1,NaN,NaN,0,0.278228044509888
A038,A,1,244,1,NaN,NaN,0,0.302107095718384
A038,A,1,245,1,NaN,NaN,0,0.287264108657837
A038,A,1,246,NaN,0,1,NaN,NaN
A038,A,1,247,1,NaN,NaN,0,0.429429054260254
A038,A,1,248,1,NaN,NaN,0,0.279946088790894
A038,A,1,249,1,NaN,NaN,0,0.243981838226318
A038,A,1,250,1,NaN,NaN,0,0.301367998123169
A038,A,1,251,1,NaN,NaN,0,0.295982122421265
A038,A,1,252,1,NaN,NaN,0,0.436357975006104
A038,A,1,253,1,NaN,NaN,0,0.409523963928223
A038,A,1,254,1,NaN,NaN,0,0.441327095031738
A038,A,1,255,NaN,1,0,NaN,NaN
A038,A,1,256,1,NaN,NaN,0,0.25094199180603
A038,A,1,257,1,NaN,NaN,0,0.421209096908569
A038,A,1,258,1,NaN,NaN,0,0.702563047409058
A038,A,1,259,1,NaN,NaN,0,0.485198974609375
A038,A,1,260,1,NaN,NaN,0,0.644837141036987
A038,A,1,261,1,NaN,NaN,0,0.54848313331604
A038,A,1,262,1,NaN,NaN,0,0.473743915557861
A038,A,1,263,1,NaN,NaN,0,0.393040895462036
A038,A,1,264,1,NaN,NaN,0,0.817798137664795
A038,A,1,265,1,NaN,NaN,0,0.520634889602661
A038,A,1,266,NaN,1,0,NaN,NaN
A038,A,1,267,1,NaN,NaN,0,0.267011880874634
A038,A,1,268,1,NaN,NaN,0,0.260354995727539
A038,A,1,269,1,NaN,NaN,0,0.387607097625732
A038,A,1,270,1,NaN,NaN,0,0.342334032058716
A038,A,1,271,1,NaN,NaN,0,0.351217985153198
A038,A,1,272,1,NaN,NaN,0,0.327929019927979
A038,A,1,273,1,NaN,NaN,0,0.364550828933716
A038,A,1,274,NaN,1,0,NaN,NaN
A038,A,1,275,1,NaN,NaN,0,0.404337882995605
A038,A,1,276,1,NaN,NaN,0,0.368530035018921
A038,A,1,277,1,NaN,NaN,0,0.387349843978882
A038,A,1,278,1,NaN,NaN,0,0.323352813720703
A038,A,1,279,1,NaN,NaN,0,0.376755952835083
A038,A,1,280,1,NaN,NaN,0,0.378731966018677
A038,A,1,281,1,NaN,NaN,0,0.519574165344238
A038,A,1,282,1,NaN,NaN,0,0.438305139541626
A038,A,1,283,1,NaN,NaN,0,0.435896873474121
A038,A,1,284,NaN,1,0,NaN,NaN
A038,A,1,285,1,NaN,NaN,0,0.26558518409729
A038,A,1,286,1,NaN,NaN,0,0.377992153167725
A038,A,1,287,1,NaN,NaN,0,0.317223072052002
A038,A,1,288,1,NaN,NaN,0,0.570158958435059
A038,A,1,289,1,NaN,NaN,0,0.525486946105957
A038,A,1,290,1,NaN,NaN,0,0.625039100646973
A038,A,1,291,1,NaN,NaN,0,0.713966846466064
A038,A,1,292,1,NaN,NaN,0,0.593231916427612
A038,A,1,293,1,NaN,NaN,0,0.501412868499756
A038,A,1,294,NaN,1,0,NaN,NaN
A038,A,1,295,1,NaN,NaN,0,0.437353849411011
A038,A,1,296,1,NaN,NaN,0,0.510256052017212
A038,A,1,297,1,NaN,NaN,0,0.299345016479492
A038,A,1,298,1,NaN,NaN,0,0.303007841110229
A038,A,1,299,1,NaN,NaN,0,0.380013942718506
A038,A,1,300,1,NaN,NaN,0,0.393858909606934
A038,A,1,301,1,NaN,NaN,0,0.34691596031189
A038,A,1,302,1,NaN,NaN,0,0.463852882385254
A038,A,1,303,1,NaN,NaN,0,0.423820972442627
A038,A,1,304,NaN,0,1,NaN,NaN
A038,A,1,305,1,NaN,NaN,0,0.228600978851318
A038,A,1,306,1,NaN,NaN,0,0.259997844696045
A038,A,1,307,1,NaN,NaN,0,0.303114891052246
A038,A,1,308,1,NaN,NaN,0,0.270354986190796
A038,A,1,309,1,NaN,NaN,0,0.331074953079224
A038,A,1,310,1,NaN,NaN,0,0.416189908981323
A038,A,1,311,1,NaN,NaN,0,0.379425048828125
A038,A,1,312,1,NaN,NaN,0,0.360641956329346
A038,A,1,313,NaN,1,0,NaN,NaN
A038,A,1,314,1,NaN,NaN,0,0.345387935638428
A038,A,1,315,1,NaN,NaN,0,0.32354998588562
A038,A,1,316,1,NaN,NaN,0,0.864151954650879
A038,A,1,317,NaN,1,0,NaN,NaN
A038,A,1,318,1,NaN,NaN,0,0.248664140701294
A038,A,1,319,1,NaN,NaN,0,0.318637132644653
A038,A,1,320,1,NaN,NaN,0,0.295835971832275
A038,A,1,321,1,NaN,NaN,0,0.357738018035889
A038,A,1,322,1,NaN,NaN,0,0.370021104812622
A038,A,1,323,1,NaN,NaN,0,0.270166158676147
A038,A,1,324,1,NaN,NaN,0,0.391243934631348
A038,A,1,325,1,NaN,NaN,0,0.291021108627319
A038,A,1,326,1,NaN,NaN,0,0.296434879302979
A038,A,1,327,NaN,0,1,NaN,NaN
A038,A,1,328,1,NaN,NaN,0,0.322591066360474
A038,A,1,329,1,NaN,NaN,0,0.248997926712036
A038,A,1,330,1,NaN,NaN,0,0.2589271068573
A038,A,1,331,1,NaN,NaN,0,0.25614595413208
A038,A,1,332,1,NaN,NaN,0,0.304863214492798
A038,A,1,333,1,NaN,NaN,0,0.248486042022705
A038,A,1,334,1,NaN,NaN,0,0.272860050201416
A038,A,1,335,1,NaN,NaN,0,0.279032945632935
A038,A,1,336,1,NaN,NaN,0,0.221710920333862
A038,A,1,337,1,NaN,NaN,0,0.279735088348389
A038,A,1,338,1,NaN,NaN,0,0.39107608795166
A038,A,1,339,NaN,0,1,NaN,NaN
A038,A,1,340,1,NaN,NaN,0,0.238313913345337
A038,A,1,341,1,NaN,NaN,0,0.290776968002319
A038,A,1,342,1,NaN,NaN,0,0.292165994644165
A038,A,1,343,1,NaN,NaN,0,0.305137157440186
A038,A,1,344,1,NaN,NaN,0,0.391228914260864
A038,A,1,345,1,NaN,NaN,0,0.406919956207275
A038,A,1,346,1,NaN,NaN,0,0.441932916641235
A038,A,1,347,1,NaN,NaN,0,0.493277788162231
A038,A,1,348,1,NaN,NaN,0,0.485173940658569
A038,A,1,349,1,NaN,NaN,0,0.467400074005127
A038,A,1,350,NaN,1,0,NaN,NaN
A038,A,1,351,1,NaN,NaN,0,0.3436119556427
A038,A,1,352,1,NaN,NaN,0,0.289682149887085
A038,A,1,353,1,NaN,NaN,0,0.27448296546936
A038,A,1,354,1,NaN,NaN,0,0.349548101425171
A038,A,1,355,NaN,0,1,NaN,NaN
A038,A,1,356,1,NaN,NaN,0,0.209705829620361
A038,A,1,357,1,NaN,NaN,0,0.256091117858887
A038,A,1,358,1,NaN,NaN,0,0.2865149974823
A038,A,1,359,1,NaN,NaN,0,0.288144826889038
A038,A,1,360,1,NaN,NaN,0,0.34735107421875
A038,A,1,361,1,NaN,NaN,0,0.387197017669678
A038,A,1,362,1,NaN,NaN,0,0.412734031677246
A038,A,1,363,1,NaN,NaN,0,0.487426996231079
A038,A,1,364,1,NaN,NaN,0,0.534975051879883
A038,A,1,365,1,NaN,NaN,0,0.596401929855347
A038,A,1,366,NaN,1,0,NaN,NaN
A038,A,1,367,1,NaN,NaN,0,0.356146812438965
A038,A,1,368,1,NaN,NaN,0,0.286601066589355
A038,A,1,369,1,NaN,NaN,0,0.160339117050171
A038,A,1,370,1,NaN,NaN,0,0.413444042205811
A038,A,1,371,1,NaN,NaN,0,0.411051034927368
A038,A,1,372,1,NaN,NaN,0,0.4267258644104
A038,A,1,373,1,NaN,NaN,0,0.423413991928101
A038,A,1,374,NaN,1,0,NaN,NaN
A038,A,1,375,1,NaN,NaN,0,0.274865865707397
A038,A,1,376,1,NaN,NaN,0,0.798303842544556
A038,A,1,377,1,NaN,NaN,0,0.570433139801025
A038,A,1,378,1,NaN,NaN,0,0.569885969161987
A038,A,1,379,1,NaN,NaN,0,0.425363063812256
A038,A,1,380,NaN,1,0,NaN,NaN
A038,A,1,381,1,NaN,NaN,0,0.299673080444336
A038,A,1,382,1,NaN,NaN,0,0.273260116577148
A038,A,1,383,1,NaN,NaN,0,0.245931148529053
A038,A,1,384,1,NaN,NaN,0,0.281646013259888
A038,A,1,385,1,NaN,NaN,0,0.346570014953613
A038,A,1,386,1,NaN,NaN,0,0.279860973358154
A038,A,1,387,1,NaN,NaN,0,0.280436038970947
A038,A,1,388,1,NaN,NaN,0,0.304034948348999
A038,A,1,389,1,NaN,NaN,0,0.272656917572021
A038,A,1,390,1,NaN,NaN,0,0.401412010192871
A038,A,1,391,1,NaN,NaN,0,0.341667175292969
A038,A,1,392,1,NaN,NaN,0,0.430812835693359
A038,A,1,393,NaN,1,0,NaN,NaN
A038,A,1,394,1,NaN,NaN,0,0.282892942428589
A038,A,1,395,1,NaN,NaN,0,0.252090930938721
A038,A,1,396,1,NaN,NaN,0,0.349450826644897
A038,A,1,397,1,NaN,NaN,0,0.43035888671875
A038,A,1,398,1,NaN,NaN,0,0.34160590171814
A038,A,1,399,NaN,0,1,NaN,NaN
A038,A,1,400,1,NaN,NaN,0,0.68547797203064
A038,A,1,401,1,NaN,NaN,0,0.406763076782227
A038,A,1,402,1,NaN,NaN,0,0.500120878219604
A038,A,1,403,1,NaN,NaN,0,0.317291975021362
A038,A,1,404,1,NaN,NaN,0,0.422970056533813
A038,A,1,405,1,NaN,NaN,0,0.358066082000732
A038,A,1,406,1,NaN,NaN,0,0.382735013961792
A038,A,1,407,1,NaN,NaN,0,0.411339044570923
A038,A,1,408,1,NaN,NaN,0,0.472321033477783
A038,A,1,409,1,NaN,NaN,0,0.480082035064697
A038,A,1,410,NaN,1,0,NaN,NaN
A038,A,1,411,1,NaN,NaN,0,0.378676891326904
A038,A,1,412,1,NaN,NaN,0,0.354948997497559
A038,A,1,413,1,NaN,NaN,0,0.896909952163696
A038,A,1,414,1,NaN,NaN,0,0.733530044555664
A038,A,1,415,1,NaN,NaN,0,0.452431917190552
A038,A,1,416,1,NaN,NaN,0,0.366558074951172
A038,A,1,417,1,NaN,NaN,0,0.340556859970093
A038,A,1,418,NaN,1,0,NaN,NaN
A038,A,1,419,1,NaN,NaN,0,0.254975080490112
A038,A,1,420,1,NaN,NaN,0,0.298341035842896
A038,A,1,421,1,NaN,NaN,0,0.338907957077026
A038,A,1,422,1,NaN,NaN,0,0.391907930374146
A038,A,1,423,1,NaN,NaN,0,0.453627109527588
A038,A,1,424,1,NaN,NaN,0,0.404884815216064
A038,A,1,425,1,NaN,NaN,0,0.380499124526978
A038,A,1,426,1,NaN,NaN,0,0.413666009902954
A038,A,1,427,NaN,0,1,NaN,NaN
A038,A,1,428,1,NaN,NaN,0,0.259477138519287
A038,A,1,429,1,NaN,NaN,0,0.299628973007202
A038,A,1,430,1,NaN,NaN,0,0.2728271484375
A038,A,1,431,1,NaN,NaN,0,0.341231107711792
A038,A,1,432,1,NaN,NaN,0,0.318107843399048
A038,A,1,433,1,NaN,NaN,0,0.375431060791016
A038,A,1,434,1,NaN,NaN,0,0.364366054534912
A038,A,1,435,1,NaN,NaN,0,0.426367998123169
A038,A,1,436,1,NaN,NaN,0,0.435014009475708
A038,A,1,437,1,NaN,NaN,0,0.37654185295105
A038,A,1,438,NaN,1,0,NaN,NaN
A038,A,1,439,1,NaN,NaN,0,0.30706000328064
A038,A,1,440,1,NaN,NaN,0,0.380390882492065
A038,A,1,441,1,NaN,NaN,0,0.385502815246582
A038,A,1,442,1,NaN,NaN,0,0.374827146530151
A038,A,1,443,1,NaN,NaN,0,0.428142070770264
A038,A,1,444,1,NaN,NaN,0,0.552467107772827
A038,A,1,445,NaN,1,0,NaN,NaN
A038,A,1,446,1,NaN,NaN,0,0.300750017166138
A038,A,1,447,1,NaN,NaN,0,0.267215967178345
A038,A,1,448,1,NaN,NaN,0,0.286880016326904
A038,A,1,449,1,NaN,NaN,0,0.436800003051758
A038,A,1,450,1,NaN,NaN,0,0.423471927642822
A038,A,1,451,1,NaN,NaN,0,0.516285181045532
A038,A,1,452,NaN,1,0,NaN,NaN
A038,A,1,453,1,NaN,NaN,0,0.339635133743286
A038,A,1,454,1,NaN,NaN,0,0.605350971221924
A038,A,1,455,1,NaN,NaN,0,0.349951028823853
A038,A,1,456,1,NaN,NaN,0,0.354110956192017
A038,A,1,457,1,NaN,NaN,0,0.355446815490723
A038,A,1,458,1,NaN,NaN,0,0.450656175613403
A038,A,1,459,1,NaN,NaN,0,0.326780080795288
A038,A,1,460,1,NaN,NaN,0,0.387286901473999
A038,A,1,461,1,NaN,NaN,0,0.471822023391724
A038,A,1,462,1,NaN,NaN,0,0.319214105606079
A038,A,1,463,1,NaN,NaN,0,0.363176822662354
A038,A,1,464,1,NaN,NaN,0,0.380880832672119
A038,A,1,465,1,NaN,NaN,0,0.330554008483887
A038,A,1,466,NaN,1,0,NaN,NaN
A038,A,1,467,1,NaN,NaN,0,0.281527042388916
A038,A,1,468,1,NaN,NaN,0,0.343814849853516
A038,A,1,469,1,NaN,NaN,0,0.410439968109131
A038,A,1,470,1,NaN,NaN,0,0.495790958404541
A038,A,1,471,1,NaN,NaN,0,0.333212852478027
A038,A,1,472,NaN,0,1,NaN,NaN
A038,A,1,473,1,NaN,NaN,0,0.237705945968628
A038,A,1,474,1,NaN,NaN,0,0.303833961486816
A038,A,1,475,1,NaN,NaN,0,0.255836963653564
A038,A,1,476,1,NaN,NaN,0,0.330652952194214
A038,A,1,477,1,NaN,NaN,0,0.339526891708374
A038,A,1,478,1,NaN,NaN,0,0.404434204101562
A038,A,1,479,1,NaN,NaN,0,0.353755950927734
A038,A,1,480,1,NaN,NaN,0,0.342849016189575
A038,A,1,481,NaN,1,0,NaN,NaN
A038,A,1,482,1,NaN,NaN,0,0.229701995849609
A038,A,1,483,1,NaN,NaN,0,0.263274908065796
A038,A,1,484,1,NaN,NaN,0,0.368866920471191
A038,A,1,485,1,NaN,NaN,0,0.488208055496216
A038,A,1,486,1,NaN,NaN,0,0.523008823394775
A038,A,1,487,1,NaN,NaN,0,0.554649114608765
A038,A,1,488,1,NaN,NaN,0,0.610912084579468
A038,A,1,489,1,NaN,NaN,0,0.88470196723938
A038,A,1,490,1,NaN,NaN,0,0.802008152008057
A038,A,1,491,1,NaN,NaN,0,0.548221826553345
A038,A,1,492,1,NaN,NaN,0,0.469680070877075
A038,A,1,493,1,NaN,NaN,0,0.462863922119141
A038,A,1,494,NaN,1,0,NaN,NaN
A038,A,1,495,1,NaN,NaN,0,0.345273017883301
A038,A,1,496,1,NaN,NaN,0,0.503314018249512
A038,A,1,497,NaN,1,0,NaN,NaN
A038,A,1,498,1,NaN,NaN,0,0.341010093688965
A038,A,1,499,1,NaN,NaN,0,0.533969163894653
A038,A,2,1,1,NaN,NaN,0,0.955284118652344
A038,A,2,2,1,NaN,NaN,0,0.486184120178223
A038,A,2,3,1,NaN,NaN,0,0.497502088546753
A038,A,2,4,NaN,1,0,NaN,NaN
A038,A,2,5,1,NaN,NaN,0,0.469640970230103
A038,A,2,6,1,NaN,NaN,0,0.302300930023193
A038,A,2,7,1,NaN,NaN,0,0.488748073577881
A038,A,2,8,1,NaN,NaN,0,0.414636850357056
A038,A,2,9,1,NaN,NaN,0,0.394215822219849
A038,A,2,10,1,NaN,NaN,0,0.319655895233154
A038,A,2,11,1,NaN,NaN,0,0.397061109542847
A038,A,2,12,1,NaN,NaN,0,0.349003076553345
A038,A,2,13,1,NaN,NaN,0,0.38558292388916
A038,A,2,14,NaN,1,0,NaN,NaN
A038,A,2,15,1,NaN,NaN,0,0.251349925994873
A038,A,2,16,1,NaN,NaN,0,0.303875923156738
A038,A,2,17,1,NaN,NaN,0,0.318459033966064
A038,A,2,18,1,NaN,NaN,0,0.373438119888306
A038,A,2,19,1,NaN,NaN,0,0.382443189620972
A038,A,2,20,1,NaN,NaN,0,0.334794998168945
A038,A,2,21,1,NaN,NaN,0,0.338515996932983
A038,A,2,22,1,NaN,NaN,0,0.341737031936646
A038,A,2,23,NaN,1,0,NaN,NaN
A038,A,2,24,1,NaN,NaN,0,0.368591070175171
A038,A,2,25,1,NaN,NaN,0,0.379157066345215
A038,A,2,26,1,NaN,NaN,0,0.368262052536011
A038,A,2,27,1,NaN,NaN,0,0.445749044418335
A038,A,2,28,1,NaN,NaN,0,0.348352909088135
A038,A,2,29,1,NaN,NaN,0,0.402464866638184
A038,A,2,30,1,NaN,NaN,0,0.419281959533691
A038,A,2,31,1,NaN,NaN,0,0.476958036422729
A038,A,2,32,1,NaN,NaN,0,0.541926145553589
A038,A,2,33,NaN,1,0,NaN,NaN
A038,A,2,34,1,NaN,NaN,0,0.311774969100952
A038,A,2,35,1,NaN,NaN,0,0.472666025161743
A038,A,2,36,1,NaN,NaN,0,0.366261005401611
A038,A,2,37,1,NaN,NaN,0,0.54127311706543
A038,A,2,38,1,NaN,NaN,0,0.364657163619995
A038,A,2,39,1,NaN,NaN,0,0.313860177993774
A038,A,2,40,NaN,1,0,NaN,NaN
A038,A,2,41,1,NaN,NaN,0,0.326580047607422
A038,A,2,42,1,NaN,NaN,0,0.263017892837524
A038,A,2,43,1,NaN,NaN,0,0.275515079498291
A038,A,2,44,1,NaN,NaN,0,0.312187910079956
A038,A,2,45,1,NaN,NaN,0,0.384753227233887
A038,A,2,46,1,NaN,NaN,0,0.307499885559082
A038,A,2,47,1,NaN,NaN,0,0.290086030960083
A038,A,2,48,1,NaN,NaN,0,0.379045963287354
A038,A,2,49,1,NaN,NaN,0,0.447188854217529
A038,A,2,50,NaN,1,0,NaN,NaN
A038,A,2,51,1,NaN,NaN,0,0.268182992935181
A038,A,2,52,1,NaN,NaN,0,0.24028205871582
A038,A,2,53,1,NaN,NaN,0,0.304224014282227
A038,A,2,54,1,NaN,NaN,0,0.343484878540039
A038,A,2,55,1,NaN,NaN,0,0.366995096206665
A038,A,2,56,1,NaN,NaN,0,0.475192785263062
A038,A,2,57,NaN,1,0,NaN,NaN
A038,A,2,58,1,NaN,NaN,0,0.291634082794189
A038,A,2,59,1,NaN,NaN,0,0.283573865890503
A038,A,2,60,1,NaN,NaN,0,0.400629997253418
A038,A,2,61,1,NaN,NaN,0,0.308552980422974
A038,A,2,62,1,NaN,NaN,0,0.37016487121582
A038,A,2,63,1,NaN,NaN,0,0.31638503074646
A038,A,2,64,1,NaN,NaN,0,0.427533149719238
A038,A,2,65,1,NaN,NaN,0,0.426651954650879
A038,A,2,66,1,NaN,NaN,0,0.387636184692383
A038,A,2,67,1,NaN,NaN,0,0.383578062057495
A038,A,2,68,NaN,1,0,NaN,NaN
A038,A,2,69,1,NaN,NaN,0,0.235700130462646
A038,A,2,70,1,NaN,NaN,0,0.297724962234497
A038,A,2,71,1,NaN,NaN,0,0.276999950408936
A038,A,2,72,1,NaN,NaN,0,0.368238210678101
A038,A,2,73,1,NaN,NaN,0,0.417030096054077
A038,A,2,74,1,NaN,NaN,0,0.509857177734375
A038,A,2,75,NaN,1,0,NaN,NaN
A038,A,2,76,1,NaN,NaN,0,0.274890899658203
A038,A,2,77,1,NaN,NaN,0,0.316894054412842
A038,A,2,78,1,NaN,NaN,0,0.269491195678711
A038,A,2,79,1,NaN,NaN,0,0.270312070846558
A038,A,2,80,1,NaN,NaN,0,0.319005966186523
A038,A,2,81,1,NaN,NaN,0,0.354871988296509
A038,A,2,82,1,NaN,NaN,0,0.376097917556763
A038,A,2,83,1,NaN,NaN,0,0.522507905960083
A038,A,2,84,NaN,1,0,NaN,NaN
A038,A,2,85,1,NaN,NaN,0,0.297518014907837
A038,A,2,86,1,NaN,NaN,0,0.274142026901245
A038,A,2,87,1,NaN,NaN,0,0.310243129730225
A038,A,2,88,1,NaN,NaN,0,0.282751083374023
A038,A,2,89,1,NaN,NaN,0,0.315754890441895
A038,A,2,90,1,NaN,NaN,0,0.408741235733032
A038,A,2,91,1,NaN,NaN,0,0.347917795181274
A038,A,2,92,1,NaN,NaN,0,0.424988031387329
A038,A,2,93,1,NaN,NaN,0,0.401767015457153
A038,A,2,94,NaN,1,0,NaN,NaN
A038,A,2,95,1,NaN,NaN,0,0.263633012771606
A038,A,2,96,1,NaN,NaN,0,0.276510953903198
A038,A,2,97,1,NaN,NaN,0,0.281059980392456
A038,A,2,98,1,NaN,NaN,0,0.520163059234619
A038,A,2,99,1,NaN,NaN,0,0.336633920669556
A038,A,2,100,1,NaN,NaN,0,0.296494007110596
A038,A,2,101,NaN,0,1,NaN,NaN
A038,A,2,102,1,NaN,NaN,0,0.302325963973999
A038,A,2,103,1,NaN,NaN,0,0.359018087387085
A038,A,2,104,1,NaN,NaN,0,0.279344081878662
A038,A,2,105,1,NaN,NaN,0,0.297116994857788
A038,A,2,106,1,NaN,NaN,0,0.293930053710938
A038,A,2,107,1,NaN,NaN,0,NaN
A038,A,2,108,1,NaN,NaN,0,NaN
A038,A,2,109,1,NaN,NaN,0,0.335570096969604
A038,A,2,110,NaN,1,0,NaN,NaN
A038,A,2,111,1,NaN,NaN,0,0.189689874649048
A038,A,2,112,1,NaN,NaN,0,0.317559003829956
A038,A,2,113,1,NaN,NaN,0,0.269520044326782
A038,A,2,114,1,NaN,NaN,0,0.290421009063721
A038,A,2,115,1,NaN,NaN,0,0.366676092147827
A038,A,2,116,1,NaN,NaN,0,0.385732889175415
A038,A,2,117,1,NaN,NaN,0,0.389727115631104
A038,A,2,118,1,NaN,NaN,0,0.510222911834717
A038,A,2,119,NaN,1,0,NaN,NaN
A038,A,2,120,1,NaN,NaN,0,0.226112127304077
A038,A,2,121,1,NaN,NaN,0,0.303205966949463
A038,A,2,122,1,NaN,NaN,0,0.265321969985962
A038,A,2,123,1,NaN,NaN,0,0.227633953094482
A038,A,2,124,1,NaN,NaN,0,0.24712610244751
A038,A,2,125,1,NaN,NaN,0,0.232574939727783
A038,A,2,126,1,NaN,NaN,0,0.192398071289062
A038,A,2,127,1,NaN,NaN,0,0.223664045333862
A038,A,2,128,1,NaN,NaN,0,0.240617990493774
A038,A,2,129,1,NaN,NaN,0,0.254977941513062
A038,A,2,130,1,NaN,NaN,0,0.27985692024231
A038,A,2,131,1,NaN,NaN,0,0.339395046234131
A038,A,2,132,1,NaN,NaN,0,0.303115844726562
A038,A,2,133,1,NaN,NaN,0,0.298237085342407
A038,A,2,134,NaN,0,1,NaN,NaN
A038,A,2,135,1,NaN,NaN,0,0.310802936553955
A038,A,2,136,1,NaN,NaN,0,0.28742504119873
A038,A,2,137,1,NaN,NaN,0,0.267889976501465
A038,A,2,138,1,NaN,NaN,0,0.385023832321167
A038,A,2,139,1,NaN,NaN,0,0.274281978607178
A038,A,2,140,1,NaN,NaN,0,0.618614912033081
A038,A,2,141,1,NaN,NaN,0,0.663324117660522
A038,A,2,142,1,NaN,NaN,0,0.493300199508667
A038,A,2,143,NaN,1,0,NaN,NaN
A038,A,2,144,1,NaN,NaN,0,0.345673084259033
A038,A,2,145,1,NaN,NaN,0,0.27018404006958
A038,A,2,146,NaN,1,0,NaN,NaN
A038,A,2,147,1,NaN,NaN,0,0.236916065216064
A038,A,2,148,1,NaN,NaN,0,0.418791770935059
A038,A,2,149,1,NaN,NaN,0,0.378540992736816
A038,A,2,150,1,NaN,NaN,0,0.394919872283936
A038,A,2,151,1,NaN,NaN,0,0.436263084411621
A038,A,2,152,1,NaN,NaN,0,0.484279155731201
A038,A,2,153,1,NaN,NaN,0,0.429018020629883
A038,A,2,154,1,NaN,NaN,0,0.377868890762329
A038,A,2,155,1,NaN,NaN,0,0.448165893554688
A038,A,2,156,1,NaN,NaN,0,0.629042148590088
A038,A,2,157,1,NaN,NaN,0,0.754836082458496
A038,A,2,158,1,NaN,NaN,0,0.605687141418457
A038,A,2,159,NaN,1,0,NaN,NaN
A038,A,2,160,1,NaN,NaN,0,0.254049062728882
A038,A,2,161,1,NaN,NaN,0,0.35866904258728
A038,A,2,162,1,NaN,NaN,0,0.383650064468384
A038,A,2,163,1,NaN,NaN,0,0.350374937057495
A038,A,2,164,NaN,1,0,NaN,NaN
A038,A,2,165,1,NaN,NaN,0,0.164641141891479
A038,A,2,166,1,NaN,NaN,0,0.24388313293457
A038,A,2,167,1,NaN,NaN,0,0.348986148834229
A038,A,2,168,1,NaN,NaN,0,0.36829400062561
A038,A,2,169,1,NaN,NaN,0,0.554386138916016
A038,A,2,170,1,NaN,NaN,0,0.615439891815186
A038,A,2,171,1,NaN,NaN,0,0.480325937271118
A038,A,2,172,1,NaN,NaN,0,0.498572826385498
A038,A,2,173,NaN,1,0,NaN,NaN
A038,A,2,174,1,NaN,NaN,0,0.258810997009277
A038,A,2,175,1,NaN,NaN,0,0.308537006378174
A038,A,2,176,1,NaN,NaN,0,0.477569103240967
A038,A,2,177,1,NaN,NaN,0,0.334063053131104
A038,A,2,178,1,NaN,NaN,0,0.348418951034546
A038,A,2,179,1,NaN,NaN,0,0.341681957244873
A038,A,2,180,1,NaN,NaN,0,0.44892692565918
A038,A,2,181,1,NaN,NaN,0,0.765971183776855
A038,A,2,182,1,NaN,NaN,0,0.383312940597534
A038,A,2,183,1,NaN,NaN,0,0.3905930519104
A038,A,2,184,1,NaN,NaN,0,0.491961002349854
A038,A,2,185,NaN,0,1,NaN,NaN
A038,A,2,186,1,NaN,NaN,0,0.4183349609375
A038,A,2,187,1,NaN,NaN,0,0.334457159042358
A038,A,2,188,1,NaN,NaN,0,0.492027997970581
A038,A,2,189,1,NaN,NaN,0,0.351749897003174
A038,A,2,190,1,NaN,NaN,0,0.390868902206421
A038,A,2,191,1,NaN,NaN,0,0.444063901901245
A038,A,2,192,1,NaN,NaN,0,0.51301383972168
A038,A,2,193,1,NaN,NaN,0,0.429277896881104
A038,A,2,194,1,NaN,NaN,0,0.370415210723877
A038,A,2,195,1,NaN,NaN,0,0.384294986724854
A038,A,2,196,NaN,1,0,NaN,NaN
A038,A,2,197,1,NaN,NaN,0,0.195818185806274
A038,A,2,198,1,NaN,NaN,0,0.263950824737549
A038,A,2,199,1,NaN,NaN,0,0.295165061950684
A038,A,2,200,1,NaN,NaN,0,0.243898153305054
A038,A,2,201,1,NaN,NaN,0,0.289819002151489
A038,A,2,202,1,NaN,NaN,0,0.319288015365601
A038,A,2,203,1,NaN,NaN,0,0.320878982543945
A038,A,2,204,1,NaN,NaN,0,0.292233943939209
A038,A,2,205,1,NaN,NaN,0,0.382889032363892
A038,A,2,206,NaN,1,0,NaN,NaN
A038,A,2,207,1,NaN,NaN,0,NaN
A038,A,2,208,1,NaN,NaN,0,0.28823709487915
A038,A,2,209,1,NaN,NaN,0,0.261353015899658
A038,A,2,210,1,NaN,NaN,0,0.166608095169067
A038,A,2,211,NaN,0,1,NaN,NaN
A038,A,2,212,1,NaN,NaN,0,0.570133924484253
A038,A,2,213,1,NaN,NaN,0,0.342550992965698
A038,A,2,214,1,NaN,NaN,0,0.283190965652466
A038,A,2,215,1,NaN,NaN,0,0.182448863983154
A038,A,2,216,1,NaN,NaN,0,0.406982898712158
A038,A,2,217,1,NaN,NaN,0,0.324620008468628
A038,A,2,218,1,NaN,NaN,0,0.301313877105713
A038,A,2,219,1,NaN,NaN,0,0.326576948165894
A038,A,2,220,1,NaN,NaN,0,0.409846067428589
A038,A,2,221,1,NaN,NaN,0,0.476423978805542
A038,A,2,222,1,NaN,NaN,0,0.610697984695435
A038,A,2,223,NaN,1,0,NaN,NaN
A038,A,2,224,1,NaN,NaN,0,0.307376861572266
A038,A,2,225,1,NaN,NaN,0,0.500562906265259
A038,A,2,226,1,NaN,NaN,0,0.506099939346313
A038,A,2,227,1,NaN,NaN,0,0.486279010772705
A038,A,2,228,1,NaN,NaN,0,0.444581985473633
A038,A,2,229,1,NaN,NaN,0,0.371023893356323
A038,A,2,230,1,NaN,NaN,0,0.432905912399292
A038,A,2,231,NaN,0,1,NaN,NaN
A038,A,2,232,1,NaN,NaN,0,0.23504900932312
A038,A,2,233,1,NaN,NaN,0,0.319651126861572
A038,A,2,234,1,NaN,NaN,0,0.452614068984985
A038,A,2,235,1,NaN,NaN,0,0.654284000396729
A038,A,2,236,1,NaN,NaN,0,0.460520029067993
A038,A,2,237,1,NaN,NaN,0,0.497550010681152
A038,A,2,238,1,NaN,NaN,0,0.404131889343262
A038,A,2,239,NaN,1,0,NaN,NaN
A038,A,2,240,1,NaN,NaN,0,0.257712841033936
A038,A,2,241,1,NaN,NaN,0,0.381707191467285
A038,A,2,242,1,NaN,NaN,0,0.642323017120361
A038,A,2,243,1,NaN,NaN,0,0.578583955764771
A038,A,2,244,1,NaN,NaN,0,0.469785928726196
A038,A,2,245,1,NaN,NaN,0,0.518440961837769
A038,A,2,246,1,NaN,NaN,0,0.430346965789795
A038,A,2,247,1,NaN,NaN,0,0.418025970458984
A038,A,2,248,1,NaN,NaN,0,0.417225122451782
A038,A,2,249,1,NaN,NaN,0,0.330348968505859
A038,A,2,250,NaN,1,0,NaN,NaN
A038,A,2,251,1,NaN,NaN,0,NaN
A038,A,2,252,1,NaN,NaN,0,0.341697931289673
A038,A,2,253,1,NaN,NaN,0,0.606432914733887
A038,A,2,254,NaN,1,0,NaN,NaN
A038,A,2,255,1,NaN,NaN,0,0.273030042648315
A038,A,2,256,1,NaN,NaN,0,0.329725027084351
A038,A,2,257,1,NaN,NaN,0,0.396292924880981
A038,A,2,258,1,NaN,NaN,0,0.544392824172974
A038,A,2,259,1,NaN,NaN,0,0.493288040161133
A038,A,2,260,1,NaN,NaN,0,0.545546054840088
A038,A,2,261,1,NaN,NaN,0,0.41424298286438
A038,A,2,262,1,NaN,NaN,0,0.444008111953735
A038,A,2,263,1,NaN,NaN,0,0.446655988693237
A038,A,2,264,1,NaN,NaN,0,0.44833517074585
A038,A,2,265,NaN,1,0,NaN,NaN
A038,A,2,266,1,NaN,NaN,0,0.313123941421509
A038,A,2,267,1,NaN,NaN,0,0.234161138534546
A038,A,2,268,1,NaN,NaN,0,0.353618860244751
A038,A,2,269,1,NaN,NaN,0,0.378468036651611
A038,A,2,270,1,NaN,NaN,0,0.407651901245117
A038,A,2,271,1,NaN,NaN,0,0.61893892288208
A038,A,2,272,1,NaN,NaN,0,0.470469951629639
A038,A,2,273,1,NaN,NaN,0,0.352406024932861
A038,A,2,274,1,NaN,NaN,0,0.328901052474976
A038,A,2,275,1,NaN,NaN,0,0.453804016113281
A038,A,2,276,1,NaN,NaN,0,0.473469018936157
A038,A,2,277,NaN,1,0,NaN,NaN
A038,A,2,278,1,NaN,NaN,0,0.261099100112915
A038,A,2,279,1,NaN,NaN,0,0.417876005172729
A038,A,2,280,1,NaN,NaN,0,0.467598915100098
A038,A,2,281,1,NaN,NaN,0,0.680480003356934
A038,A,2,282,1,NaN,NaN,0,0.629028081893921
A038,A,2,283,1,NaN,NaN,0,0.657742023468018
A038,A,2,284,1,NaN,NaN,0,0.513478994369507
A038,A,2,285,1,NaN,NaN,0,0.432260990142822
A038,A,2,286,1,NaN,NaN,0,0.452543020248413
A038,A,2,287,NaN,1,0,NaN,NaN
A038,A,2,288,1,NaN,NaN,0,0.302060127258301
A038,A,2,289,1,NaN,NaN,0,0.407050132751465
A038,A,2,290,1,NaN,NaN,0,0.41698694229126
A038,A,2,291,1,NaN,NaN,0,0.344183921813965
A038,A,2,292,NaN,0,1,NaN,NaN
A038,A,2,293,1,NaN,NaN,0,NaN
A038,A,2,294,1,NaN,NaN,0,0.547835826873779
A038,A,2,295,1,NaN,NaN,0,0.360485076904297
A038,A,2,296,1,NaN,NaN,0,0.350312948226929
A038,A,2,297,1,NaN,NaN,0,0.427716970443726
A038,A,2,298,1,NaN,NaN,0,0.356012105941772
A038,A,2,299,1,NaN,NaN,0,0.588207960128784
A038,A,2,300,1,NaN,NaN,0,0.425104141235352
A038,A,2,301,1,NaN,NaN,0,0.452190160751343
A038,A,2,302,1,NaN,NaN,0,0.435256004333496
A038,A,2,303,1,NaN,NaN,0,0.443937063217163
A038,A,2,304,NaN,1,0,NaN,NaN
A038,A,2,305,1,NaN,NaN,0,0.459346055984497
A038,A,2,306,1,NaN,NaN,0,0.572787046432495
A038,A,2,307,1,NaN,NaN,0,0.510807037353516
A038,A,2,308,1,NaN,NaN,0,0.399957180023193
A038,A,2,309,1,NaN,NaN,0,0.556089162826538
A038,A,2,310,1,NaN,NaN,0,0.403400897979736
A038,A,2,311,1,NaN,NaN,0,0.463150978088379
A038,A,2,312,1,NaN,NaN,0,0.676090955734253
A038,A,2,313,NaN,1,0,NaN,NaN
A038,A,2,314,1,NaN,NaN,0,0.327723979949951
A038,A,2,315,1,NaN,NaN,0,0.521806001663208
A038,A,2,316,1,NaN,NaN,0,0.571084976196289
A038,A,2,317,1,NaN,NaN,0,0.541501045227051
A038,A,2,318,1,NaN,NaN,0,0.438628911972046
A038,A,2,319,NaN,0,1,NaN,NaN
A038,A,2,320,1,NaN,NaN,0,0.230846881866455
A038,A,2,321,1,NaN,NaN,0,0.316761016845703
A038,A,2,322,1,NaN,NaN,0,0.385483980178833
A038,A,2,323,1,NaN,NaN,0,0.442185878753662
A038,A,2,324,1,NaN,NaN,0,0.401054859161377
A038,A,2,325,1,NaN,NaN,0,0.371140003204346
A038,A,2,326,1,NaN,NaN,0,0.452919960021973
A038,A,2,327,1,NaN,NaN,0,0.368484020233154
A038,A,2,328,1,NaN,NaN,0,0.483202934265137
A038,A,2,329,NaN,1,0,NaN,NaN
A038,A,2,330,1,NaN,NaN,0,0.212817192077637
A038,A,2,331,1,NaN,NaN,0,0.370702028274536
A038,A,2,332,1,NaN,NaN,0,0.468142986297607
A038,A,2,333,1,NaN,NaN,0,0.769064903259277
A038,A,2,334,1,NaN,NaN,0,0.668658971786499
A038,A,2,335,NaN,1,0,NaN,NaN
A038,A,2,336,1,NaN,NaN,0,0.333586931228638
A038,A,2,337,1,NaN,NaN,0,0.550294876098633
A038,A,2,338,1,NaN,NaN,0,0.419320106506348
A038,A,2,339,0,NaN,NaN,1,NaN
A038,A,2,340,1,NaN,NaN,0,0.422146081924438
A038,A,2,341,1,NaN,NaN,0,0.400811195373535
A038,A,2,342,1,NaN,NaN,0,0.350106000900269
A038,A,2,343,1,NaN,NaN,0,0.366772174835205
A038,A,2,344,1,NaN,NaN,0,0.423772096633911
A038,A,2,345,1,NaN,NaN,0,0.39434814453125
A038,A,2,346,1,NaN,NaN,0,0.42442512512207
A038,A,2,347,1,NaN,NaN,0,0.444086074829102
A038,A,2,348,NaN,1,0,NaN,NaN
A038,A,2,349,1,NaN,NaN,0,0.204838037490845
A038,A,2,350,1,NaN,NaN,0,0.489721059799194
A038,A,2,351,1,NaN,NaN,0,0.610446929931641
A038,A,2,352,1,NaN,NaN,0,0.479567050933838
A038,A,2,353,1,NaN,NaN,0,0.666583061218262
A038,A,2,354,1,NaN,NaN,0,0.65849781036377
A038,A,2,355,1,NaN,NaN,0,0.693670034408569
A038,A,2,356,1,NaN,NaN,0,0.675220966339111
A038,A,2,357,NaN,1,0,NaN,NaN
A038,A,2,358,1,NaN,NaN,0,0.351971864700317
A038,A,2,359,1,NaN,NaN,0,0.212064981460571
A038,A,2,360,1,NaN,NaN,0,0.270437002182007
A038,A,2,361,1,NaN,NaN,0,0.388833045959473
A038,A,2,362,1,NaN,NaN,0,0.415473937988281
A038,A,2,363,1,NaN,NaN,0,0.446338176727295
A038,A,2,364,NaN,1,0,NaN,NaN
A038,A,2,365,1,NaN,NaN,0,0.46961498260498
A038,A,2,366,1,NaN,NaN,0,0.347624778747559
A038,A,2,367,1,NaN,NaN,0,0.289137125015259
A038,A,2,368,1,NaN,NaN,0,0.413554906845093
A038,A,2,369,1,NaN,NaN,0,0.859297037124634
A038,A,2,370,1,NaN,NaN,0,0.380958080291748
A038,A,2,371,1,NaN,NaN,0,0.355223894119263
A038,A,2,372,1,NaN,NaN,0,0.409188032150269
A038,A,2,373,1,NaN,NaN,0,0.404493808746338
A038,A,2,374,NaN,0,1,NaN,NaN
A038,A,2,375,1,NaN,NaN,0,NaN
A038,A,2,376,1,NaN,NaN,0,0.24547004699707
A038,A,2,377,1,NaN,NaN,0,0.538084030151367
A038,A,2,378,1,NaN,NaN,0,0.307636976242065
A038,A,2,379,1,NaN,NaN,0,0.320464849472046
A038,A,2,380,1,NaN,NaN,0,0.455754041671753
A038,A,2,381,1,NaN,NaN,0,0.39594292640686
A038,A,2,382,1,NaN,NaN,0,0.437597036361694
A038,A,2,383,1,NaN,NaN,0,0.500604152679443
A038,A,2,384,NaN,1,0,NaN,NaN
A038,A,2,385,1,NaN,NaN,0,0.179070949554443
A038,A,2,386,1,NaN,NaN,0,0.44965386390686
A038,A,2,387,1,NaN,NaN,0,0.398006200790405
A038,A,2,388,1,NaN,NaN,0,0.370782852172852
A038,A,2,389,NaN,1,0,NaN,NaN
A038,A,2,390,1,NaN,NaN,0,0.34014105796814
A038,A,2,391,1,NaN,NaN,0,0.243213891983032
A038,A,2,392,1,NaN,NaN,0,0.297255039215088
A038,A,2,393,0,NaN,NaN,1,NaN
A038,A,2,394,1,NaN,NaN,0,0.237728118896484
A038,A,2,395,1,NaN,NaN,0,0.34270191192627
A038,A,2,396,1,NaN,NaN,0,0.428244113922119
A038,A,2,397,1,NaN,NaN,0,0.394804954528809
A038,A,2,398,1,NaN,NaN,0,0.471797943115234
A038,A,2,399,NaN,0,1,NaN,NaN
A038,A,2,400,1,NaN,NaN,0,0.291786909103394
A038,A,2,401,1,NaN,NaN,0,0.259085893630981
A038,A,2,402,1,NaN,NaN,0,0.271317958831787
A038,A,2,403,1,NaN,NaN,0,0.571214914321899
A038,A,2,404,1,NaN,NaN,0,0.3000807762146
A038,A,2,405,1,NaN,NaN,0,0.329554080963135
A038,A,2,406,1,NaN,NaN,0,0.395035982131958
A038,A,2,407,1,NaN,NaN,0,0.302486181259155
A038,A,2,408,1,NaN,NaN,0,0.361194849014282
A038,A,2,409,1,NaN,NaN,0,0.78031587600708
A038,A,2,410,1,NaN,NaN,0,0.414183855056763
A038,A,2,411,NaN,1,0,NaN,NaN
A038,A,2,412,1,NaN,NaN,0,0.313845157623291
A038,A,2,413,1,NaN,NaN,0,0.482530832290649
A038,A,2,414,1,NaN,NaN,0,0.517212152481079
A038,A,2,415,1,NaN,NaN,0,0.590507984161377
A038,A,2,416,1,NaN,NaN,0,0.523813962936401
A038,A,2,417,1,NaN,NaN,0,0.455288171768188
A038,A,2,418,1,NaN,NaN,0,0.433389902114868
A038,A,2,419,1,NaN,NaN,0,0.394551038742065
A038,A,2,420,NaN,1,0,NaN,NaN
A038,A,2,421,1,NaN,NaN,0,0.473750114440918
A038,A,2,422,1,NaN,NaN,0,0.293469190597534
A038,A,2,423,1,NaN,NaN,0,0.47008490562439
A038,A,2,424,1,NaN,NaN,0,0.371100902557373
A038,A,2,425,1,NaN,NaN,0,0.222679138183594
A038,A,2,426,1,NaN,NaN,0,0.314843893051147
A038,A,2,427,1,NaN,NaN,0,0.615823984146118
A038,A,2,428,1,NaN,NaN,0,0.372831106185913
A038,A,2,429,1,NaN,NaN,0,0.246167898178101
A038,A,2,430,NaN,0,1,NaN,NaN
A038,A,2,431,1,NaN,NaN,0,0.229061841964722
A038,A,2,432,0,NaN,NaN,1,NaN
A038,A,2,433,1,NaN,NaN,0,0.203299999237061
A038,A,2,434,1,NaN,NaN,0,0.372269868850708
A038,A,2,435,1,NaN,NaN,0,0.286825180053711
A038,A,2,436,NaN,1,0,NaN,NaN
A038,A,2,437,1,NaN,NaN,0,0.252322912216187
A038,A,2,438,1,NaN,NaN,0,0.318630933761597
A038,A,2,439,1,NaN,NaN,0,0.174744844436646
A038,A,2,440,1,NaN,NaN,0,NaN
A038,A,2,441,1,NaN,NaN,0,0.442223072052002
A038,A,2,442,1,NaN,NaN,0,0.361218929290771
A038,A,2,443,1,NaN,NaN,0,0.38109302520752
A038,A,2,444,1,NaN,NaN,0,0.321798086166382
A038,A,2,445,1,NaN,NaN,0,0.570849180221558
A038,A,2,446,1,NaN,NaN,0,0.448534965515137
A038,A,2,447,1,NaN,NaN,0,0.94314980506897
A038,A,2,448,NaN,0,1,NaN,NaN
A038,A,2,449,1,NaN,NaN,0,0.155223846435547
A038,A,2,450,1,NaN,NaN,0,0.30230712890625
A038,A,2,451,1,NaN,NaN,0,0.403855085372925
A038,A,2,452,1,NaN,NaN,0,0.761024951934814
A038,A,2,453,1,NaN,NaN,0,0.481132984161377
A038,A,2,454,1,NaN,NaN,0,0.440032958984375
A038,A,2,455,1,NaN,NaN,0,0.602342128753662
A038,A,2,456,NaN,1,0,NaN,NaN
A038,A,2,457,1,NaN,NaN,0,0.252820014953613
A038,A,2,458,1,NaN,NaN,0,0.443789005279541
A038,A,2,459,1,NaN,NaN,0,0.272729873657227
A038,A,2,460,1,NaN,NaN,0,0.361909151077271
A038,A,2,461,1,NaN,NaN,0,0.412214994430542
A038,A,2,462,1,NaN,NaN,0,0.325912952423096
A038,A,2,463,1,NaN,NaN,0,0.390614032745361
A038,A,2,464,1,NaN,NaN,0,0.800499200820923
A038,A,2,465,1,NaN,NaN,0,0.508776903152466
A038,A,2,466,1,NaN,NaN,0,0.473057985305786
A038,A,2,467,NaN,1,0,NaN,NaN
A038,A,2,468,1,NaN,NaN,0,0.19907808303833
A038,A,2,469,1,NaN,NaN,0,0.198725938796997
A038,A,2,470,1,NaN,NaN,0,0.422257900238037
A038,A,2,471,1,NaN,NaN,0,0.456232070922852
A038,A,2,472,NaN,1,0,NaN,NaN
A038,A,2,473,1,NaN,NaN,0,0.279810905456543
A038,A,2,474,1,NaN,NaN,0,0.288710117340088
A038,A,2,475,1,NaN,NaN,0,0.327960968017578
A038,A,2,476,1,NaN,NaN,0,0.416754007339478
A038,A,2,477,1,NaN,NaN,0,0.434134960174561
A038,A,2,478,1,NaN,NaN,0,0.387171983718872
A038,A,2,479,1,NaN,NaN,0,0.431757926940918
A038,A,2,480,1,NaN,NaN,0,0.684756994247437
A038,A,2,481,1,NaN,NaN,0,0.357311964035034
A038,A,2,482,1,NaN,NaN,0,0.406153917312622
A038,A,2,483,1,NaN,NaN,0,0.543113946914673
A038,A,2,484,1,NaN,NaN,0,0.346678018569946
A038,A,2,485,NaN,0,1,NaN,NaN
A038,A,2,486,1,NaN,NaN,0,NaN
A038,A,2,487,1,NaN,NaN,0,0.200886011123657
A038,A,2,488,1,NaN,NaN,0,0.353682994842529
A038,A,2,489,1,NaN,NaN,0,1.01793694496155
A038,A,2,490,1,NaN,NaN,0,0.447951078414917
A038,A,2,491,1,NaN,NaN,0,0.376352787017822
A038,A,2,492,1,NaN,NaN,0,0.293329000473022
A038,A,2,493,1,NaN,NaN,0,0.311506032943726
A038,A,2,494,NaN,0,1,NaN,NaN
A038,A,2,495,0,NaN,NaN,1,NaN
A038,A,2,496,1,NaN,NaN,0,0.416534900665283
A038,A,2,497,1,NaN,NaN,0,0.354856014251709
A038,A,2,498,1,NaN,NaN,0,0.33866286277771
A038,A,2,499,1,NaN,NaN,0,0.275166988372803
A038,A,2,500,1,NaN,NaN,0,0.556730985641479
A038,A,2,501,1,NaN,NaN,0,0.444952011108398
A038,A,2,502,NaN,1,0,NaN,NaN
A038,A,2,503,1,NaN,NaN,0,0.647547006607056
A038,A,2,504,1,NaN,NaN,0,0.734688997268677
A038,A,2,505,1,NaN,NaN,0,0.685342073440552
A038,A,2,506,NaN,1,0,NaN,NaN
A038,A,2,507,1,NaN,NaN,0,0.402360916137695
A038,A,2,508,1,NaN,NaN,0,0.551228046417236
A038,A,2,509,1,NaN,NaN,0,1.11264681816101
A038,A,2,510,1,NaN,NaN,0,0.592763900756836
A038,A,2,511,1,NaN,NaN,0,0.775743961334229
A038,A,2,512,1,NaN,NaN,0,0.37565279006958
A038,A,2,513,1,NaN,NaN,0,0.360421895980835
A038,A,3,1,1,NaN,NaN,0,0.491976022720337
A038,A,3,2,1,NaN,NaN,0,0.410693168640137
A038,A,3,3,NaN,1,0,NaN,NaN
A038,A,3,4,1,NaN,NaN,0,0.284738063812256
A038,A,3,5,1,NaN,NaN,0,0.334899187088013
A038,A,3,6,1,NaN,NaN,0,0.329606056213379
A038,A,3,7,1,NaN,NaN,0,0.282090187072754
A038,A,3,8,1,NaN,NaN,0,0.414058923721313
A038,A,3,9,1,NaN,NaN,0,0.401859998703003
A038,A,3,10,1,NaN,NaN,0,0.421388149261475
A038,A,3,11,NaN,0,1,NaN,NaN
A038,A,3,12,1,NaN,NaN,0,0.259939908981323
A038,A,3,13,1,NaN,NaN,0,0.312202930450439
A038,A,3,14,1,NaN,NaN,0,0.344947099685669
A038,A,3,15,1,NaN,NaN,0,0.361779928207397
A038,A,3,16,1,NaN,NaN,0,0.393112182617188
A038,A,3,17,1,NaN,NaN,0,0.529871940612793
A038,A,3,18,1,NaN,NaN,0,0.591379165649414
A038,A,3,19,1,NaN,NaN,0,0.633232116699219
A038,A,3,20,1,NaN,NaN,0,0.567744970321655
A038,A,3,21,1,NaN,NaN,0,0.566444158554077
A038,A,3,22,NaN,1,0,NaN,NaN
A038,A,3,23,1,NaN,NaN,0,0.507841825485229
A038,A,3,24,1,NaN,NaN,0,0.378757953643799
A038,A,3,25,1,NaN,NaN,0,0.611652851104736
A038,A,3,26,1,NaN,NaN,0,0.560640096664429
A038,A,3,27,1,NaN,NaN,0,0.586633920669556
A038,A,3,28,1,NaN,NaN,0,0.571610927581787
A038,A,3,29,1,NaN,NaN,0,0.632874011993408
A038,A,3,30,1,NaN,NaN,0,0.725989818572998
A038,A,3,31,NaN,1,0,NaN,NaN
A038,A,3,32,0,NaN,NaN,1,NaN
A038,A,3,33,1,NaN,NaN,0,0.221246004104614
A038,A,3,34,1,NaN,NaN,0,0.618139982223511
A038,A,3,35,1,NaN,NaN,0,0.57591986656189
A038,A,3,36,1,NaN,NaN,0,0.853441953659058
A038,A,3,37,1,NaN,NaN,0,0.520524024963379
A038,A,3,38,1,NaN,NaN,0,0.378760099411011
A038,A,3,39,1,NaN,NaN,0,0.408308029174805
A038,A,3,40,1,NaN,NaN,0,0.34089207649231
A038,A,3,41,NaN,0,1,NaN,NaN
A038,A,3,42,1,NaN,NaN,0,0.38954496383667
A038,A,3,43,1,NaN,NaN,0,0.281656980514526
A038,A,3,44,1,NaN,NaN,0,0.288425922393799
A038,A,3,45,1,NaN,NaN,0,0.312572956085205
A038,A,3,46,1,NaN,NaN,0,0.47278881072998
A038,A,3,47,1,NaN,NaN,0,0.537744045257568
A038,A,3,48,1,NaN,NaN,0,0.536841869354248
A038,A,3,49,1,NaN,NaN,0,0.521090030670166
A038,A,3,50,1,NaN,NaN,0,0.636631011962891
A038,A,3,51,1,NaN,NaN,0,0.341424942016602
A038,A,3,52,1,NaN,NaN,0,0.297372817993164
A038,A,3,53,NaN,1,0,NaN,NaN
A038,A,3,54,1,NaN,NaN,0,0.266449213027954
A038,A,3,55,1,NaN,NaN,0,0.41056489944458
A038,A,3,56,1,NaN,NaN,0,0.446000814437866
A038,A,3,57,1,NaN,NaN,0,0.501902103424072
A038,A,3,58,1,NaN,NaN,0,0.41403603553772
A038,A,3,59,1,NaN,NaN,0,0.544057130813599
A038,A,3,60,1,NaN,NaN,0,0.409469842910767
A038,A,3,61,NaN,1,0,NaN,NaN
A038,A,3,62,1,NaN,NaN,0,0.738532066345215
A038,A,3,63,1,NaN,NaN,0,0.352082014083862
A038,A,3,64,1,NaN,NaN,0,0.318444013595581
A038,A,3,65,1,NaN,NaN,0,0.239800930023193
A038,A,3,66,1,NaN,NaN,0,1.10868787765503
A038,A,3,67,NaN,1,0,NaN,NaN
A038,A,3,68,1,NaN,NaN,0,0.288723945617676
A038,A,3,69,1,NaN,NaN,0,0.277539014816284
A038,A,3,70,1,NaN,NaN,0,0.669433116912842
A038,A,3,71,1,NaN,NaN,0,0.448385000228882
A038,A,3,72,1,NaN,NaN,0,0.360718011856079
A038,A,3,73,1,NaN,NaN,0,0.388484001159668
A038,A,3,74,1,NaN,NaN,0,0.343963146209717
A038,A,3,75,1,NaN,NaN,0,0.619501829147339
A038,A,3,76,1,NaN,NaN,0,0.533637046813965
A038,A,3,77,1,NaN,NaN,0,0.432838916778564
A038,A,3,78,NaN,0,1,NaN,NaN
A038,A,3,79,1,NaN,NaN,0,0.324322938919067
A038,A,3,80,1,NaN,NaN,0,0.326961040496826
A038,A,3,81,1,NaN,NaN,0,0.451998949050903
A038,A,3,82,1,NaN,NaN,0,0.533691883087158
A038,A,3,83,1,NaN,NaN,0,0.539521932601929
A038,A,3,84,1,NaN,NaN,0,0.477835893630981
A038,A,3,85,1,NaN,NaN,0,0.469786882400513
A038,A,3,86,1,NaN,NaN,0,0.434267997741699
A038,A,3,87,1,NaN,NaN,0,0.499268054962158
A038,A,3,88,1,NaN,NaN,0,0.449959993362427
A038,A,3,89,NaN,1,0,NaN,NaN
A038,A,3,90,1,NaN,NaN,0,0.507669925689697
A038,A,3,91,1,NaN,NaN,0,0.536195993423462
A038,A,3,92,1,NaN,NaN,0,0.703559160232544
A038,A,3,93,1,NaN,NaN,0,0.518349170684814
A038,A,3,94,1,NaN,NaN,0,0.431386947631836
A038,A,3,95,1,NaN,NaN,0,0.634978055953979
A038,A,3,96,NaN,1,0,NaN,NaN
A038,A,3,97,1,NaN,NaN,0,0.330085039138794
A038,A,3,98,1,NaN,NaN,0,0.515858888626099
A038,A,3,99,1,NaN,NaN,0,0.491760969161987
A038,A,3,100,1,NaN,NaN,0,0.53233814239502
A038,A,3,101,1,NaN,NaN,0,0.490015029907227
A038,A,3,102,1,NaN,NaN,0,0.493309020996094
A038,A,3,103,1,NaN,NaN,0,0.514650106430054
A038,A,3,104,1,NaN,NaN,0,0.612619876861572
A038,A,3,105,0,NaN,NaN,1,NaN
A038,A,3,106,1,NaN,NaN,0,0.324331045150757
A038,A,3,107,NaN,0,1,NaN,NaN
A038,A,3,108,1,NaN,NaN,0,0.275411128997803
A038,A,3,109,1,NaN,NaN,0,0.417364835739136
A038,A,3,110,1,NaN,NaN,0,0.369619131088257
A038,A,3,111,1,NaN,NaN,0,0.353838205337524
A038,A,3,112,NaN,1,0,NaN,NaN
A038,A,3,113,1,NaN,NaN,0,0.29199481010437
A038,A,3,114,1,NaN,NaN,0,0.333377838134766
A038,A,3,115,1,NaN,NaN,0,0.311865091323853
A038,A,3,116,1,NaN,NaN,0,0.268203973770142
A038,A,3,117,1,NaN,NaN,0,0.228523969650269
A038,A,3,118,1,NaN,NaN,0,0.295436859130859
A038,A,3,119,1,NaN,NaN,0,0.469429969787598
A038,A,3,120,1,NaN,NaN,0,0.425977945327759
A038,A,3,121,1,NaN,NaN,0,0.4343581199646
A038,A,3,122,1,NaN,NaN,0,0.448975086212158
A038,A,3,123,NaN,0,1,NaN,NaN
A038,A,3,124,1,NaN,NaN,0,NaN
A038,A,3,125,1,NaN,NaN,0,0.258939027786255
A038,A,3,126,1,NaN,NaN,0,0.391384840011597
A038,A,3,127,1,NaN,NaN,0,0.407719135284424
A038,A,3,128,1,NaN,NaN,0,0.416340827941895
A038,A,3,129,NaN,1,0,NaN,NaN
A038,A,3,130,1,NaN,NaN,0,0.370498895645142
A038,A,3,131,1,NaN,NaN,0,0.428744077682495
A038,A,3,132,0,NaN,NaN,1,NaN
A038,A,3,133,1,NaN,NaN,0,NaN
A038,A,3,134,1,NaN,NaN,0,0.305078983306885
A038,A,3,135,1,NaN,NaN,0,0.476890087127686
A038,A,3,136,1,NaN,NaN,0,0.501964092254639
A038,A,3,137,1,NaN,NaN,0,0.36524486541748
A038,A,3,138,1,NaN,NaN,0,0.364670991897583
A038,A,3,139,1,NaN,NaN,0,0.425841093063354
A038,A,3,140,1,NaN,NaN,0,0.514971971511841
A038,A,3,141,NaN,1,0,NaN,NaN
A038,A,3,142,1,NaN,NaN,0,0.307060956954956
A038,A,3,143,1,NaN,NaN,0,0.263901948928833
A038,A,3,144,1,NaN,NaN,0,0.201016902923584
A038,A,3,145,1,NaN,NaN,0,0.620350122451782
A038,A,3,146,NaN,1,0,NaN,NaN
A038,A,3,147,1,NaN,NaN,0,0.325901031494141
A038,A,3,148,1,NaN,NaN,0,0.54261589050293
A038,A,3,149,1,NaN,NaN,0,0.667157173156738
A038,A,3,150,1,NaN,NaN,0,0.668581962585449
A038,A,3,151,1,NaN,NaN,0,0.974225997924805
A038,A,3,152,1,NaN,NaN,0,0.785065174102783
A038,A,3,153,1,NaN,NaN,0,0.577989101409912
A038,A,3,154,1,NaN,NaN,0,0.454759120941162
A038,A,3,155,1,NaN,NaN,0,0.359570980072021
A038,A,3,156,1,NaN,NaN,0,0.392828941345215
A038,A,3,157,1,NaN,NaN,0,0.382780075073242
A038,A,3,158,1,NaN,NaN,0,0.350962162017822
A038,A,3,159,NaN,0,1,NaN,NaN
A038,A,3,160,1,NaN,NaN,0,0.474164009094238
A038,A,3,161,1,NaN,NaN,0,0.585499048233032
A038,A,3,162,1,NaN,NaN,0,0.520719051361084
A038,A,3,163,1,NaN,NaN,0,0.351289987564087
A038,A,3,164,1,NaN,NaN,0,0.2536301612854
A038,A,3,165,0,NaN,NaN,1,NaN
A038,A,3,166,1,NaN,NaN,0,0.215717077255249
A038,A,3,167,1,NaN,NaN,0,0.29918909072876
A038,A,3,168,NaN,1,0,NaN,NaN
A038,A,3,169,1,NaN,NaN,0,0.28376293182373
A038,A,3,170,1,NaN,NaN,0,0.255001068115234
A038,A,3,171,1,NaN,NaN,0,0.316978931427002
A038,A,3,172,1,NaN,NaN,0,0.454217195510864
A038,A,3,173,1,NaN,NaN,0,0.582123041152954
A038,A,3,174,1,NaN,NaN,0,0.273147106170654
A038,A,3,175,1,NaN,NaN,0,0.569087028503418
A038,A,3,176,1,NaN,NaN,0,0.420942068099976
A038,A,3,177,1,NaN,NaN,0,0.380507946014404
A038,A,3,178,NaN,0,1,NaN,NaN
A038,A,3,179,1,NaN,NaN,0,0.857857942581177
A038,A,3,180,1,NaN,NaN,0,0.486859083175659
A038,A,3,181,1,NaN,NaN,0,0.348334789276123
A038,A,3,182,1,NaN,NaN,0,0.301577091217041
A038,A,3,183,1,NaN,NaN,0,0.378804922103882
A038,A,3,184,NaN,1,0,NaN,NaN
A038,A,3,185,1,NaN,NaN,0,0.240607023239136
A038,A,3,186,1,NaN,NaN,0,0.391309022903442
A038,A,3,187,1,NaN,NaN,0,0.704561948776245
A038,A,3,188,1,NaN,NaN,0,0.414695024490356
A038,A,3,189,1,NaN,NaN,0,0.645393133163452
A038,A,3,190,1,NaN,NaN,0,0.522173166275024
A038,A,3,191,1,NaN,NaN,0,0.412883043289185
A038,A,3,192,1,NaN,NaN,0,0.456409931182861
A038,A,3,193,NaN,0,1,NaN,NaN
A038,A,3,194,1,NaN,NaN,0,0.456655025482178
A038,A,3,195,1,NaN,NaN,0,0.292171001434326
A038,A,3,196,1,NaN,NaN,0,0.204640865325928
A038,A,3,197,1,NaN,NaN,0,0.249357938766479
A038,A,3,198,1,NaN,NaN,0,0.405708074569702
A038,A,3,199,0,NaN,NaN,1,NaN
A038,A,3,200,1,NaN,NaN,0,NaN
A038,A,3,201,1,NaN,NaN,0,0.517648935317993
A038,A,3,202,1,NaN,NaN,0,0.383308172225952
A038,A,3,203,1,NaN,NaN,0,0.362138986587524
A038,A,3,204,NaN,1,0,NaN,NaN
A038,A,3,205,1,NaN,NaN,0,0.278814077377319
A038,A,3,206,1,NaN,NaN,0,0.291731119155884
A038,A,3,207,1,NaN,NaN,0,0.27581000328064
A038,A,3,208,1,NaN,NaN,0,0.384377956390381
A038,A,3,209,1,NaN,NaN,0,1.01506114006042
A038,A,3,210,1,NaN,NaN,0,NaN
A038,A,3,211,1,NaN,NaN,0,0.643512010574341
A038,A,3,212,0,NaN,NaN,1,NaN
A038,A,3,213,1,NaN,NaN,0,NaN
A038,A,3,214,NaN,1,0,NaN,NaN
A038,A,3,215,1,NaN,NaN,0,0.646352052688599
A038,A,3,216,1,NaN,NaN,0,0.672842025756836
A038,A,3,217,1,NaN,NaN,0,0.692014932632446
A038,A,3,218,1,NaN,NaN,0,0.519525051116943
A038,A,3,219,NaN,1,0,NaN,NaN
A038,A,3,220,1,NaN,NaN,0,0.287054061889648
A038,A,3,221,1,NaN,NaN,0,0.320292949676514
A038,A,3,222,1,NaN,NaN,0,0.380851030349731
A038,A,3,223,1,NaN,NaN,0,0.484066963195801
A038,A,3,224,1,NaN,NaN,0,0.397036790847778
A038,A,3,225,1,NaN,NaN,0,0.483160018920898
A038,A,3,226,1,NaN,NaN,0,0.486704111099243
A038,A,3,227,1,NaN,NaN,0,0.528041839599609
A038,A,3,228,1,NaN,NaN,0,0.445730924606323
A038,A,3,229,NaN,0,1,NaN,NaN
A038,A,3,230,1,NaN,NaN,0,0.200346946716309
A038,A,3,231,1,NaN,NaN,0,0.356314182281494
A038,A,3,232,1,NaN,NaN,0,0.368001937866211
A038,A,3,233,1,NaN,NaN,0,0.450918912887573
A038,A,3,234,1,NaN,NaN,0,0.502656936645508
A038,A,3,235,1,NaN,NaN,0,0.439657926559448
A038,A,3,236,1,NaN,NaN,0,0.519388914108276
A038,A,3,237,1,NaN,NaN,0,0.672047138214111
A038,A,3,238,0,NaN,NaN,1,NaN
A038,A,3,239,1,NaN,NaN,0,0.281442880630493
A038,A,3,240,NaN,0,1,NaN,NaN
A038,A,3,241,1,NaN,NaN,0,0.654913902282715
A038,A,3,242,1,NaN,NaN,0,0.465471982955933
A038,A,3,243,1,NaN,NaN,0,0.948806047439575
A038,A,3,244,1,NaN,NaN,0,0.861475944519043
A038,A,3,245,1,NaN,NaN,0,0.622588157653809
A038,A,3,246,1,NaN,NaN,0,0.481606960296631
A038,A,3,247,1,NaN,NaN,0,0.374675035476685
A038,A,3,248,1,NaN,NaN,0,0.3195960521698
A038,A,3,249,NaN,1,0,NaN,NaN
A038,A,3,250,1,NaN,NaN,0,0.296773910522461
A038,A,3,251,1,NaN,NaN,0,0.370289087295532
A038,A,3,252,1,NaN,NaN,0,0.393193006515503
A038,A,3,253,1,NaN,NaN,0,0.393028974533081
A038,A,3,254,1,NaN,NaN,0,0.385737895965576
A038,A,3,255,1,NaN,NaN,0,0.293749094009399
A038,A,3,256,1,NaN,NaN,0,0.307761907577515
A038,A,3,257,1,NaN,NaN,0,0.508837938308716
A038,A,3,258,NaN,1,0,NaN,NaN
A038,A,3,259,1,NaN,NaN,0,0.335775852203369
A038,A,3,260,1,NaN,NaN,0,0.45231819152832
A038,A,3,261,1,NaN,NaN,0,0.396686792373657
A038,A,3,262,1,NaN,NaN,0,0.261974811553955
A038,A,3,263,NaN,0,1,NaN,NaN
A038,A,3,264,1,NaN,NaN,0,0.458044052124023
A038,A,3,265,1,NaN,NaN,0,0.587137937545776
A038,A,3,266,1,NaN,NaN,0,0.231101036071777
A038,A,3,267,1,NaN,NaN,0,0.202314138412476
A038,A,3,268,1,NaN,NaN,0,NaN
A038,A,3,269,1,NaN,NaN,0,0.884197950363159
A038,A,3,270,1,NaN,NaN,0,0.742000818252563
A038,A,3,271,1,NaN,NaN,0,0.668201923370361
A038,A,3,272,1,NaN,NaN,0,0.548746824264526
A038,A,3,273,1,NaN,NaN,0,0.554038047790527
A038,A,3,274,1,NaN,NaN,0,0.455353975296021
A038,A,3,275,1,NaN,NaN,0,0.439271926879883
A038,A,3,276,NaN,0,1,NaN,NaN
A038,A,3,277,1,NaN,NaN,0,0.536289930343628
A038,A,3,278,1,NaN,NaN,0,0.823170185089111
A038,A,3,279,1,NaN,NaN,0,1.20529913902283
A038,A,3,280,1,NaN,NaN,0,0.69025993347168
A038,A,3,281,NaN,1,0,NaN,NaN
A038,A,3,282,1,NaN,NaN,0,0.504000902175903
A038,A,3,283,1,NaN,NaN,0,0.69951605796814
A038,A,3,284,1,NaN,NaN,0,0.608837127685547
A038,A,3,285,1,NaN,NaN,0,0.585497856140137
A038,A,3,286,1,NaN,NaN,0,0.611709833145142
A038,A,3,287,1,NaN,NaN,0,0.45771598815918
A038,A,3,288,1,NaN,NaN,0,0.576675891876221
A038,A,3,289,1,NaN,NaN,0,0.44554591178894
A038,A,3,290,1,NaN,NaN,0,0.431208848953247
A038,A,3,291,1,NaN,NaN,0,0.452877044677734
A038,A,3,292,1,NaN,NaN,0,0.621649980545044
A038,A,3,293,1,NaN,NaN,0,0.836924076080322
A038,A,3,294,1,NaN,NaN,0,0.404306888580322
A038,A,3,295,NaN,1,0,NaN,NaN
A038,A,3,296,1,NaN,NaN,0,0.36176609992981
A038,A,3,297,1,NaN,NaN,0,0.447263956069946
A038,A,3,298,1,NaN,NaN,0,0.414448022842407
A038,A,3,299,1,NaN,NaN,0,0.507277965545654
A038,A,3,300,1,NaN,NaN,0,0.608556985855103
A038,A,3,301,1,NaN,NaN,0,0.539806127548218
A038,A,3,302,NaN,0,1,NaN,NaN
A038,A,3,303,1,NaN,NaN,0,0.33803915977478
A038,A,3,304,1,NaN,NaN,0,0.43835711479187
A038,A,3,305,0,NaN,NaN,1,NaN
A038,A,3,306,1,NaN,NaN,0,NaN
A038,A,3,307,1,NaN,NaN,0,0.423923969268799
A038,A,3,308,1,NaN,NaN,0,0.304022789001465
A038,A,3,309,1,NaN,NaN,0,0.444027900695801
A038,A,3,310,1,NaN,NaN,0,0.634303092956543
A038,A,3,311,1,NaN,NaN,0,0.657764911651611
A038,A,3,312,NaN,1,0,NaN,NaN
A038,A,3,313,1,NaN,NaN,0,0.349647045135498
A038,A,3,314,1,NaN,NaN,0,0.286083936691284
A038,A,3,315,1,NaN,NaN,0,0.312576055526733
A038,A,3,316,1,NaN,NaN,0,0.354434967041016
A038,A,3,317,1,NaN,NaN,0,0.394757032394409
A038,A,3,318,1,NaN,NaN,0,0.477795124053955
A038,A,3,319,NaN,1,0,NaN,NaN
A038,A,3,320,1,NaN,NaN,0,0.348894119262695
A038,A,3,321,1,NaN,NaN,0,0.330286979675293
A038,A,3,322,1,NaN,NaN,0,0.315152883529663
A038,A,3,323,1,NaN,NaN,0,0.424592018127441
A038,A,3,324,1,NaN,NaN,0,0.329540967941284
A038,A,3,325,1,NaN,NaN,0,0.453908205032349
A038,A,3,326,1,NaN,NaN,0,0.423241138458252
A038,A,3,327,1,NaN,NaN,0,0.315770864486694
A038,A,3,328,1,NaN,NaN,0,0.302027940750122
A038,A,3,329,1,NaN,NaN,0,0.876753807067871
A038,A,3,330,NaN,1,0,NaN,NaN
A038,A,3,331,1,NaN,NaN,0,0.284516096115112
A038,A,3,332,1,NaN,NaN,0,0.337125062942505
A038,A,3,333,1,NaN,NaN,0,0.307797908782959
A038,A,3,334,1,NaN,NaN,0,0.421334028244019
A038,A,3,335,1,NaN,NaN,0,0.350656032562256
A038,A,3,336,NaN,1,0,NaN,NaN
A038,A,3,337,1,NaN,NaN,0,NaN
A038,A,3,338,1,NaN,NaN,0,0.320896148681641
A038,A,3,339,1,NaN,NaN,0,0.395117044448853
A038,A,3,340,1,NaN,NaN,0,0.54038405418396
A038,A,3,341,1,NaN,NaN,0,0.380876064300537
A038,A,3,342,1,NaN,NaN,0,0.371927976608276
A038,A,3,343,1,NaN,NaN,0,0.405868768692017
A038,A,3,344,1,NaN,NaN,0,0.423467874526978
A038,A,3,345,1,NaN,NaN,0,0.481668949127197
A038,A,3,346,1,NaN,NaN,0,0.561636209487915
A038,A,3,347,NaN,1,0,NaN,NaN
A038,A,3,348,1,NaN,NaN,0,0.181919813156128
A038,A,3,349,1,NaN,NaN,0,0.324859857559204
A038,A,3,350,1,NaN,NaN,0,0.425546884536743
A038,A,3,351,1,NaN,NaN,0,0.395745038986206
A038,A,3,352,1,NaN,NaN,0,0.180553197860718
A038,A,3,353,1,NaN,NaN,0,0.379511833190918
A038,A,3,354,NaN,0,1,NaN,NaN
A038,A,3,355,1,NaN,NaN,0,0.463994979858398
A038,A,3,356,0,NaN,NaN,1,NaN
A038,A,3,357,1,NaN,NaN,0,NaN
A038,A,3,358,1,NaN,NaN,0,0.43234395980835
A038,A,3,359,1,NaN,NaN,0,0.50134801864624
A038,A,3,360,0,NaN,NaN,1,NaN
A038,A,3,361,1,NaN,NaN,0,0.156980991363525
A038,A,3,362,NaN,0,1,NaN,NaN
A038,A,3,363,1,NaN,NaN,0,0.365859031677246
A038,A,3,364,1,NaN,NaN,0,0.477959156036377
A038,A,3,365,1,NaN,NaN,0,0.495885848999023
A038,A,3,366,1,NaN,NaN,0,0.910145998001099
A038,A,3,367,0,NaN,NaN,1,NaN
A038,A,3,368,1,NaN,NaN,0,0.726069927215576
A038,A,3,369,1,NaN,NaN,0,0.611692905426025
A038,A,3,370,1,NaN,NaN,0,0.497561931610107
A038,A,3,371,1,NaN,NaN,0,0.431160926818848
A038,A,3,372,NaN,0,1,NaN,NaN
A038,A,3,373,1,NaN,NaN,0,NaN
A038,A,3,374,1,NaN,NaN,0,NaN
A038,A,3,375,1,NaN,NaN,0,NaN
A038,A,3,376,1,NaN,NaN,0,0.837548017501831
A038,A,3,377,1,NaN,NaN,0,0.534416913986206
A038,A,3,378,1,NaN,NaN,0,0.409014940261841
A038,A,3,379,1,NaN,NaN,0,0.316704988479614
A038,A,3,380,1,NaN,NaN,0,0.281075954437256
A038,A,3,381,1,NaN,NaN,0,NaN
A038,A,3,382,1,NaN,NaN,0,0.239515066146851
A038,A,3,383,1,NaN,NaN,0,0.372228860855103
A038,A,3,384,NaN,0,1,NaN,NaN
A038,A,3,385,1,NaN,NaN,0,NaN
A038,A,3,386,0,NaN,NaN,1,NaN
A038,A,3,387,1,NaN,NaN,0,0.446797132492065
A038,A,3,388,0,NaN,NaN,1,NaN
A038,A,3,389,1,NaN,NaN,0,0.445003986358643
A038,A,3,390,1,NaN,NaN,0,0.318948984146118
A038,A,3,391,1,NaN,NaN,0,0.303611040115356
A038,A,3,392,NaN,1,0,NaN,NaN
A038,A,3,393,1,NaN,NaN,0,0.592717885971069
A038,A,3,394,1,NaN,NaN,0,0.437294960021973
A038,A,3,395,1,NaN,NaN,0,0.388094902038574
A038,A,3,396,1,NaN,NaN,0,0.428998947143555
A038,A,3,397,1,NaN,NaN,0,0.274590015411377
A038,A,3,398,1,NaN,NaN,0,0.350530862808228
A038,A,3,399,1,NaN,NaN,0,0.390005111694336
A038,A,3,400,0,NaN,NaN,1,NaN
A038,A,3,401,1,NaN,NaN,0,0.808722019195557
A038,A,3,402,1,NaN,NaN,0,NaN
A038,A,3,403,NaN,1,0,NaN,NaN
A038,A,3,404,1,NaN,NaN,0,0.290807962417603
A038,A,3,405,1,NaN,NaN,0,0.362653970718384
A038,A,3,406,1,NaN,NaN,0,0.358290910720825
A038,A,3,407,1,NaN,NaN,0,0.345722198486328
A038,A,3,408,NaN,1,0,NaN,NaN
A038,A,3,409,1,NaN,NaN,0,0.263301134109497
A038,A,3,410,1,NaN,NaN,0,0.285207986831665
A038,A,3,411,1,NaN,NaN,0,0.25818395614624
A038,A,3,412,1,NaN,NaN,0,0.318441867828369
A038,A,3,413,1,NaN,NaN,0,0.451940059661865
A038,A,3,414,1,NaN,NaN,0,0.478102922439575
A038,A,3,415,1,NaN,NaN,0,0.491101026535034
A038,A,3,416,1,NaN,NaN,0,0.805118799209595
A038,A,3,417,1,NaN,NaN,0,0.490338087081909
A038,A,3,418,NaN,1,0,NaN,NaN
A038,A,3,419,1,NaN,NaN,0,0.278352975845337
A038,A,3,420,1,NaN,NaN,0,0.263025999069214
A038,A,3,421,1,NaN,NaN,0,0.559966802597046
A038,A,3,422,1,NaN,NaN,0,0.55268406867981
A038,A,3,423,1,NaN,NaN,0,0.533563137054443
A038,A,3,424,1,NaN,NaN,0,0.490095853805542
A038,A,3,425,1,NaN,NaN,0,0.42644190788269
A038,A,3,426,1,NaN,NaN,0,0.468563079833984
A038,A,3,427,1,NaN,NaN,0,0.718906164169312
A038,A,3,428,NaN,1,0,NaN,NaN
A038,A,3,429,1,NaN,NaN,0,0.295994997024536
A038,A,3,430,1,NaN,NaN,0,0.312989950180054
A038,A,3,431,1,NaN,NaN,0,0.427942037582397
A038,A,3,432,1,NaN,NaN,0,0.647539138793945
A038,A,3,433,1,NaN,NaN,0,0.356468915939331
A038,A,3,434,1,NaN,NaN,0,0.365693092346191
A038,A,3,435,1,NaN,NaN,0,0.305919885635376
A038,A,3,436,NaN,1,0,NaN,NaN
A038,A,3,437,1,NaN,NaN,0,0.202499866485596
A038,A,3,438,1,NaN,NaN,0,0.343539953231812
A038,A,3,439,1,NaN,NaN,0,NaN
A038,A,3,440,1,NaN,NaN,0,0.321728944778442
A038,A,3,441,1,NaN,NaN,0,0.354619026184082
A038,A,3,442,1,NaN,NaN,0,0.276404857635498
A038,A,3,443,1,NaN,NaN,0,0.153151988983154
A038,A,3,444,1,NaN,NaN,0,0.20990514755249
A038,A,3,445,NaN,0,1,NaN,NaN
A038,A,3,446,0,NaN,NaN,1,NaN
A038,A,3,447,1,NaN,NaN,0,0.263076066970825
A038,A,3,448,1,NaN,NaN,0,0.687940120697021
A038,A,3,449,1,NaN,NaN,0,0.407221794128418
A038,A,3,450,1,NaN,NaN,0,0.393483877182007
A038,A,3,451,1,NaN,NaN,0,0.258678913116455
A038,A,3,452,1,NaN,NaN,0,0.367997884750366
A038,A,3,453,NaN,0,1,NaN,NaN
A038,A,3,454,1,NaN,NaN,0,0.684371948242188
A038,A,3,455,1,NaN,NaN,0,0.756621122360229
A038,A,3,456,1,NaN,NaN,0,0.561437845230103
A038,A,3,457,1,NaN,NaN,0,0.670701026916504
A038,A,3,458,0,NaN,NaN,1,NaN
A038,A,3,459,0,NaN,NaN,1,NaN
A038,A,3,460,1,NaN,NaN,0,0.606098175048828
A038,A,3,461,1,NaN,NaN,0,0.816164016723633
A038,A,3,462,1,NaN,NaN,0,0.719162940979004
A038,A,3,463,1,NaN,NaN,0,0.833593845367432
A038,A,3,464,1,NaN,NaN,0,0.854993104934692
A038,A,3,465,NaN,1,0,NaN,NaN
A038,A,3,466,1,NaN,NaN,0,0.504249095916748
A038,A,3,467,1,NaN,NaN,0,0.571270942687988
A038,A,3,468,1,NaN,NaN,0,1.00815200805664
A038,A,3,469,0,NaN,NaN,1,NaN
A038,A,3,470,1,NaN,NaN,0,0.633769989013672
A038,A,3,471,1,NaN,NaN,0,0.515353918075562
A038,A,3,472,1,NaN,NaN,0,0.348143100738525
A038,A,3,473,1,NaN,NaN,0,0.376407146453857
A038,A,3,474,NaN,1,0,NaN,NaN
A038,A,3,475,1,NaN,NaN,0,NaN
A038,A,3,476,1,NaN,NaN,0,0.850749015808105
A038,A,3,477,1,NaN,NaN,0,0.531437873840332
A038,A,3,478,1,NaN,NaN,0,0.371296882629395
A038,A,3,479,1,NaN,NaN,0,0.607218027114868
A038,A,3,480,1,NaN,NaN,0,0.476653099060059
A038,A,3,481,1,NaN,NaN,0,0.471640110015869
A038,A,3,482,1,NaN,NaN,0,0.557069063186646
A038,A,3,483,NaN,1,0,NaN,NaN
A038,A,3,484,1,NaN,NaN,0,0.274996042251587
A038,A,3,485,1,NaN,NaN,0,0.380449056625366
A038,A,3,486,1,NaN,NaN,0,0.330410957336426
A038,A,3,487,1,NaN,NaN,0,0.483793020248413
A038,A,3,488,1,NaN,NaN,0,0.424190998077393
A038,A,3,489,1,NaN,NaN,0,0.50587010383606
A038,A,3,490,1,NaN,NaN,0,0.382256984710693
A038,A,3,491,1,NaN,NaN,0,0.46475887298584
A038,A,3,492,NaN,1,0,NaN,NaN
A038,A,3,493,1,NaN,NaN,0,0.474097967147827
A038,A,3,494,1,NaN,NaN,0,0.62682580947876
A038,A,3,495,1,NaN,NaN,0,0.773413896560669
A038,A,3,496,1,NaN,NaN,0,0.701472043991089
A038,A,3,497,1,NaN,NaN,0,0.977969169616699
A038,A,3,498,1,NaN,NaN,0,0.862368106842041
A038,A,3,499,1,NaN,NaN,0,0.94318699836731
A038,A,3,500,1,NaN,NaN,0,0.941061019897461
A038,A,3,501,1,NaN,NaN,0,0.733540058135986
A038,A,3,502,0,NaN,NaN,1,NaN
A038,A,3,503,NaN,1,0,NaN,NaN
A038,A,3,504,1,NaN,NaN,0,0.290178060531616
A038,A,3,505,1,NaN,NaN,0,0.816059827804565
A038,A,3,506,0,NaN,NaN,1,NaN
A038,A,3,507,0,NaN,NaN,1,NaN
A038,A,3,508,1,NaN,NaN,0,0.345830917358398
A038,A,3,509,1,NaN,NaN,0,0.407498836517334
A038,A,3,510,NaN,1,0,NaN,NaN
A038,A,3,511,1,NaN,NaN,0,0.294456005096436
A038,A,3,512,1,NaN,NaN,0,0.373593807220459
A038,A,3,513,1,NaN,NaN,0,0.357275009155273
A038,A,3,514,1,NaN,NaN,0,0.469058990478516
A038,A,3,515,1,NaN,NaN,0,0.391204833984375
A038,A,3,516,0,NaN,NaN,1,NaN
A038,A,3,517,1,NaN,NaN,0,0.36434006690979
A038,A,3,518,1,NaN,NaN,0,0.358011960983276
A038,A,3,519,1,NaN,NaN,0,0.463137865066528
A038,A,3,520,1,NaN,NaN,0,0.493104934692383
A038,A,3,521,NaN,1,0,NaN,NaN
A038,A,3,522,1,NaN,NaN,0,0.338979959487915
A038,A,3,523,1,NaN,NaN,0,0.687467098236084
A038,A,3,524,NaN,1,0,NaN,NaN
A038,A,3,525,1,NaN,NaN,0,0.466873168945312
A038,A,3,526,1,NaN,NaN,0,0.984050035476685
A038,A,3,527,1,NaN,NaN,0,0.444852828979492
A038,A,3,528,1,NaN,NaN,0,0.415690183639526
A038,A,4,1,1,NaN,NaN,0,0.490530967712402
A038,A,4,2,1,NaN,NaN,0,0.47452712059021
A038,A,4,3,1,NaN,NaN,0,0.42048978805542
A038,A,4,4,1,NaN,NaN,0,0.355777978897095
A038,A,4,5,1,NaN,NaN,0,0.34447193145752
A038,A,4,6,1,NaN,NaN,0,0.466208934783936
A038,A,4,7,NaN,1,0,NaN,NaN
A038,A,4,8,1,NaN,NaN,0,0.265398025512695
A038,A,4,9,1,NaN,NaN,0,0.336997032165527
A038,A,4,10,1,NaN,NaN,0,0.475209951400757
A038,A,4,11,1,NaN,NaN,0,0.526467084884644
A038,A,4,12,NaN,1,0,NaN,NaN
A038,A,4,13,1,NaN,NaN,0,0.235504150390625
A038,A,4,14,1,NaN,NaN,0,0.278782844543457
A038,A,4,15,1,NaN,NaN,0,0.26751184463501
A038,A,4,16,1,NaN,NaN,0,0.333593130111694
A038,A,4,17,1,NaN,NaN,0,0.480173826217651
A038,A,4,18,1,NaN,NaN,0,0.383626937866211
A038,A,4,19,1,NaN,NaN,0,0.312692880630493
A038,A,4,20,NaN,1,0,NaN,NaN
A038,A,4,21,1,NaN,NaN,0,0.260523080825806
A038,A,4,22,1,NaN,NaN,0,0.306803941726685
A038,A,4,23,1,NaN,NaN,0,0.373039960861206
A038,A,4,24,1,NaN,NaN,0,0.463724136352539
A038,A,4,25,1,NaN,NaN,0,0.356781959533691
A038,A,4,26,1,NaN,NaN,0,0.498265981674194
A038,A,4,27,1,NaN,NaN,0,0.504222869873047
A038,A,4,28,1,NaN,NaN,0,0.495619058609009
A038,A,4,29,1,NaN,NaN,0,0.450841903686523
A038,A,4,30,1,NaN,NaN,0,0.423470020294189
A038,A,4,31,NaN,0,1,NaN,NaN
A038,A,4,32,1,NaN,NaN,0,0.275595903396606
A038,A,4,33,1,NaN,NaN,0,0.348932027816772
A038,A,4,34,1,NaN,NaN,0,0.332237005233765
A038,A,4,35,1,NaN,NaN,0,0.365772008895874
A038,A,4,36,1,NaN,NaN,0,0.619619131088257
A038,A,4,37,1,NaN,NaN,0,0.356680870056152
A038,A,4,38,1,NaN,NaN,0,0.413032054901123
A038,A,4,39,1,NaN,NaN,0,0.455032825469971
A038,A,4,40,1,NaN,NaN,0,0.351282119750977
A038,A,4,41,1,NaN,NaN,0,0.468853950500488
A038,A,4,42,1,NaN,NaN,0,0.440253019332886
A038,A,4,43,1,NaN,NaN,0,0.7427818775177
A038,A,4,44,NaN,1,0,NaN,NaN
A038,A,4,45,1,NaN,NaN,0,0.390934944152832
A038,A,4,46,1,NaN,NaN,0,0.394442081451416
A038,A,4,47,1,NaN,NaN,0,0.38109016418457
A038,A,4,48,1,NaN,NaN,0,0.38202691078186
A038,A,4,49,NaN,1,0,NaN,NaN
A038,A,4,50,1,NaN,NaN,0,0.308887958526611
A038,A,4,51,1,NaN,NaN,0,0.497873067855835
A038,A,4,52,1,NaN,NaN,0,0.516370058059692
A038,A,4,53,1,NaN,NaN,0,0.472537994384766
A038,A,4,54,0,NaN,NaN,1,NaN
A038,A,4,55,1,NaN,NaN,0,NaN
A038,A,4,56,NaN,0,1,NaN,NaN
A038,A,4,57,1,NaN,NaN,0,0.290678024291992
A038,A,4,58,1,NaN,NaN,0,0.407739162445068
A038,A,4,59,1,NaN,NaN,0,0.509802103042603
A038,A,4,60,0,NaN,NaN,1,NaN
A038,A,4,61,1,NaN,NaN,0,1.02903485298157
A038,A,4,62,1,NaN,NaN,0,0.526177883148193
A038,A,4,63,1,NaN,NaN,0,0.340201139450073
A038,A,4,64,1,NaN,NaN,0,0.339498996734619
A038,A,4,65,1,NaN,NaN,0,0.322390079498291
A038,A,4,66,1,NaN,NaN,0,0.309659957885742
A038,A,4,67,1,NaN,NaN,0,0.414243936538696
A038,A,4,68,1,NaN,NaN,0,0.338778018951416
A038,A,4,69,1,NaN,NaN,0,0.364516973495483
A038,A,4,70,NaN,0,1,NaN,NaN
A038,A,4,71,1,NaN,NaN,0,0.264509916305542
A038,A,4,72,1,NaN,NaN,0,0.445650100708008
A038,A,4,73,1,NaN,NaN,0,0.251428842544556
A038,A,4,74,1,NaN,NaN,0,0.452799081802368
A038,A,4,75,1,NaN,NaN,0,0.453596830368042
A038,A,4,76,1,NaN,NaN,0,0.456627130508423
A038,A,4,77,1,NaN,NaN,0,0.508584976196289
A038,A,4,78,NaN,1,0,NaN,NaN
A038,A,4,79,1,NaN,NaN,0,0.479755163192749
A038,A,4,80,0,NaN,NaN,1,NaN
A038,A,4,81,1,NaN,NaN,0,1.18114399909973
A038,A,4,82,1,NaN,NaN,0,0.705642938613892
A038,A,4,83,1,NaN,NaN,0,0.449048042297363
A038,A,4,84,1,NaN,NaN,0,0.398515939712524
A038,A,4,85,1,NaN,NaN,0,0.615355014801025
A038,A,4,86,1,NaN,NaN,0,0.352982997894287
A038,A,4,87,1,NaN,NaN,0,0.390804052352905
A038,A,4,88,NaN,1,0,NaN,NaN
A038,A,4,89,0,NaN,NaN,1,NaN
A038,A,4,90,1,NaN,NaN,0,0.401880979537964
A038,A,4,91,1,NaN,NaN,0,0.313563823699951
A038,A,4,92,1,NaN,NaN,0,0.311697959899902
A038,A,4,93,1,NaN,NaN,0,0.508783102035522
A038,A,4,94,1,NaN,NaN,0,0.539427042007446
A038,A,4,95,1,NaN,NaN,0,0.528142929077148
A038,A,4,96,1,NaN,NaN,0,0.452992916107178
A038,A,4,97,1,NaN,NaN,0,0.393673896789551
A038,A,4,98,NaN,0,1,NaN,NaN
A038,A,4,99,1,NaN,NaN,0,NaN
A038,A,4,100,1,NaN,NaN,0,0.360604047775269
A038,A,4,101,1,NaN,NaN,0,0.411750078201294
A038,A,4,102,1,NaN,NaN,0,0.547945022583008
A038,A,4,103,NaN,0,1,NaN,NaN
A038,A,4,104,1,NaN,NaN,0,0.339876890182495
A038,A,4,105,1,NaN,NaN,0,0.339731931686401
A038,A,4,106,1,NaN,NaN,0,0.481091022491455
A038,A,4,107,1,NaN,NaN,0,0.441922903060913
A038,A,4,108,1,NaN,NaN,0,0.308981895446777
A038,A,4,109,1,NaN,NaN,0,0.343263864517212
A038,A,4,110,1,NaN,NaN,0,0.356369018554688
A038,A,4,111,NaN,0,1,NaN,NaN
A038,A,4,112,1,NaN,NaN,0,0.318835020065308
A038,A,4,113,1,NaN,NaN,0,0.418423891067505
A038,A,4,114,1,NaN,NaN,0,0.583062887191772
A038,A,4,115,1,NaN,NaN,0,0.503293991088867
A038,A,4,116,1,NaN,NaN,0,0.664261817932129
A038,A,4,117,1,NaN,NaN,0,0.772711992263794
A038,A,4,118,0,NaN,NaN,1,NaN
A038,A,4,119,0,NaN,NaN,1,NaN
A038,A,4,120,1,NaN,NaN,0,NaN
A038,A,4,121,1,NaN,NaN,0,NaN
A038,A,4,122,NaN,0,1,NaN,NaN
A038,A,4,123,1,NaN,NaN,0,0.288323879241943
A038,A,4,124,1,NaN,NaN,0,0.326741218566895
A038,A,4,125,1,NaN,NaN,0,0.560888051986694
A038,A,4,126,1,NaN,NaN,0,0.56584906578064
A038,A,4,127,1,NaN,NaN,0,0.430140972137451
A038,A,4,128,1,NaN,NaN,0,0.309802055358887
A038,A,4,129,1,NaN,NaN,0,0.457594871520996
A038,A,4,130,1,NaN,NaN,0,0.390589952468872
A038,A,4,131,1,NaN,NaN,0,0.251168012619019
A038,A,4,132,1,NaN,NaN,0,0.324994087219238
A038,A,4,133,NaN,0,1,NaN,NaN
A038,A,4,134,1,NaN,NaN,0,0.248379945755005
A038,A,4,135,1,NaN,NaN,0,0.418623924255371
A038,A,4,136,1,NaN,NaN,0,0.389571905136108
A038,A,4,137,1,NaN,NaN,0,0.371957063674927
A038,A,4,138,NaN,0,1,NaN,NaN
A038,A,4,139,1,NaN,NaN,0,0.260678052902222
A038,A,4,140,1,NaN,NaN,0,0.356274843215942
A038,A,4,141,1,NaN,NaN,0,0.481324911117554
A038,A,4,142,1,NaN,NaN,0,0.517950057983398
A038,A,4,143,1,NaN,NaN,0,0.510855913162231
A038,A,4,144,1,NaN,NaN,0,0.319624900817871
A038,A,4,145,1,NaN,NaN,0,0.279949903488159
A038,A,4,146,1,NaN,NaN,0,0.574673891067505
A038,A,4,147,1,NaN,NaN,0,0.490031957626343
A038,A,4,148,1,NaN,NaN,0,0.44366192817688
A038,A,4,149,NaN,1,0,NaN,NaN
A038,A,4,150,1,NaN,NaN,0,0.316910982131958
A038,A,4,151,1,NaN,NaN,0,0.315191984176636
A038,A,4,152,1,NaN,NaN,0,0.494189023971558
A038,A,4,153,1,NaN,NaN,0,0.727165937423706
A038,A,4,154,1,NaN,NaN,0,1.0906388759613
A038,A,4,155,1,NaN,NaN,0,0.643030166625977
A038,A,4,156,1,NaN,NaN,0,0.282658815383911
A038,A,4,157,1,NaN,NaN,0,0.363361120223999
A038,A,4,158,1,NaN,NaN,0,0.372663021087646
A038,A,4,159,1,NaN,NaN,0,0.307112216949463
A038,A,4,160,1,NaN,NaN,0,0.290590047836304
A038,A,4,161,NaN,0,1,NaN,NaN
A038,A,4,162,1,NaN,NaN,0,0.356078147888184
A038,A,4,163,1,NaN,NaN,0,0.303359985351562
A038,A,4,164,1,NaN,NaN,0,0.322098016738892
A038,A,4,165,1,NaN,NaN,0,0.63841700553894
A038,A,4,166,1,NaN,NaN,0,0.471843957901001
A038,A,4,167,NaN,1,0,NaN,NaN
A038,A,4,168,1,NaN,NaN,0,0.317644119262695
A038,A,4,169,1,NaN,NaN,0,0.36681604385376
A038,A,4,170,1,NaN,NaN,0,NaN
A038,A,4,171,0,NaN,NaN,1,NaN
A038,A,4,172,1,NaN,NaN,0,0.302464962005615
A038,A,4,173,1,NaN,NaN,0,0.486184120178223
A038,A,4,174,1,NaN,NaN,0,0.470248937606812
A038,A,4,175,1,NaN,NaN,0,0.42854905128479
A038,A,4,176,1,NaN,NaN,0,0.851535081863403
A038,A,4,177,1,NaN,NaN,0,0.755864143371582
A038,A,4,178,1,NaN,NaN,0,0.512864112854004
A038,A,4,179,NaN,0,1,NaN,NaN
A038,A,4,180,1,NaN,NaN,0,0.804273843765259
A038,A,4,181,1,NaN,NaN,0,0.506251096725464
A038,A,4,182,1,NaN,NaN,0,0.48677396774292
A038,A,4,183,1,NaN,NaN,0,0.438176155090332
A038,A,4,184,1,NaN,NaN,0,0.35484790802002
A038,A,4,185,1,NaN,NaN,0,0.412973880767822
A038,A,4,186,1,NaN,NaN,0,0.395364999771118
A038,A,4,187,1,NaN,NaN,0,0.475677013397217
A038,A,4,188,NaN,0,1,NaN,NaN
A038,A,4,189,1,NaN,NaN,0,0.534768104553223
A038,A,4,190,1,NaN,NaN,0,0.250854969024658
A038,A,4,191,1,NaN,NaN,0,0.221452951431274
A038,A,4,192,1,NaN,NaN,0,NaN
A038,A,4,193,1,NaN,NaN,0,0.22800612449646
A038,A,4,194,NaN,1,0,NaN,NaN
A038,A,4,195,1,NaN,NaN,0,0.35803484916687
A038,A,4,196,1,NaN,NaN,0,0.358583927154541
A038,A,4,197,1,NaN,NaN,0,0.620398044586182
A038,A,4,198,1,NaN,NaN,0,0.638101100921631
A038,A,4,199,1,NaN,NaN,0,0.420261859893799
A038,A,4,200,1,NaN,NaN,0,0.577023029327393
A038,A,4,201,1,NaN,NaN,0,0.478906869888306
A038,A,4,202,1,NaN,NaN,0,0.414894104003906
A038,A,4,203,1,NaN,NaN,0,0.423316955566406
A038,A,4,204,1,NaN,NaN,0,0.499617099761963
A038,A,4,205,NaN,1,0,NaN,NaN
A038,A,4,206,1,NaN,NaN,0,0.360246181488037
A038,A,4,207,1,NaN,NaN,0,0.413631916046143
A038,A,4,208,1,NaN,NaN,0,0.692556142807007
A038,A,4,209,1,NaN,NaN,0,0.371332883834839
A038,A,4,210,1,NaN,NaN,0,0.258822917938232
A038,A,4,211,NaN,1,0,NaN,NaN
A038,A,4,212,1,NaN,NaN,0,0.33237099647522
A038,A,4,213,1,NaN,NaN,0,0.292814970016479
A038,A,4,214,1,NaN,NaN,0,0.437928915023804
A038,A,4,215,0,NaN,NaN,1,NaN
A038,A,4,216,1,NaN,NaN,0,0.644198894500732
A038,A,4,217,1,NaN,NaN,0,0.38106107711792
A038,A,4,218,NaN,1,0,NaN,NaN
A038,A,4,219,1,NaN,NaN,0,0.361763000488281
A038,A,4,220,1,NaN,NaN,0,0.444591999053955
A038,A,4,221,1,NaN,NaN,0,0.417616844177246
A038,A,4,222,1,NaN,NaN,0,0.34502100944519
A038,A,4,223,1,NaN,NaN,0,0.410598993301392
A038,A,4,224,1,NaN,NaN,0,0.345793962478638
A038,A,4,225,1,NaN,NaN,0,0.407958984375
A038,A,4,226,1,NaN,NaN,0,0.321460962295532
A038,A,4,227,1,NaN,NaN,0,0.340426921844482
A038,A,4,228,1,NaN,NaN,0,0.304992914199829
A038,A,4,229,1,NaN,NaN,0,0.218220949172974
A038,A,4,230,NaN,1,0,NaN,NaN
A038,A,4,231,1,NaN,NaN,0,0.312741041183472
A038,A,4,232,0,NaN,NaN,1,NaN
A038,A,4,233,1,NaN,NaN,0,0.858307838439941
A038,A,4,234,1,NaN,NaN,0,0.516816139221191
A038,A,4,235,1,NaN,NaN,0,0.447497844696045
A038,A,4,236,0,NaN,NaN,1,NaN
A038,A,4,237,1,NaN,NaN,0,0.711655139923096
A038,A,4,238,1,NaN,NaN,0,NaN
A038,A,4,239,1,NaN,NaN,0,0.353204965591431
A038,A,4,240,1,NaN,NaN,0,0.554280042648315
A038,A,4,241,0,NaN,NaN,1,NaN
A038,A,4,242,NaN,1,0,NaN,NaN
A038,A,4,243,1,NaN,NaN,0,0.470016002655029
A038,A,4,244,1,NaN,NaN,0,0.336403131484985
A038,A,4,245,1,NaN,NaN,0,0.209284067153931
A038,A,4,246,1,NaN,NaN,0,0.288648843765259
A038,A,4,247,1,NaN,NaN,0,0.518589019775391
A038,A,4,248,1,NaN,NaN,0,0.402836084365845
A038,A,4,249,NaN,1,0,NaN,NaN
A038,A,4,250,1,NaN,NaN,0,0.825549125671387
A038,A,4,251,1,NaN,NaN,0,0.310360908508301
A038,A,4,252,1,NaN,NaN,0,0.456233978271484
A038,A,4,253,1,NaN,NaN,0,0.336127996444702
A038,A,4,254,1,NaN,NaN,0,0.628607034683228
A038,A,4,255,1,NaN,NaN,0,0.3399658203125
A038,A,4,256,NaN,1,0,NaN,NaN
A038,A,4,257,1,NaN,NaN,0,0.315834999084473
A038,A,4,258,1,NaN,NaN,0,0.772305011749268
A038,A,4,259,0,NaN,NaN,1,NaN
A038,A,4,260,1,NaN,NaN,0,NaN
A038,A,4,261,1,NaN,NaN,0,NaN
A038,A,4,262,1,NaN,NaN,0,0.28168511390686
A038,A,4,263,1,NaN,NaN,0,0.35811185836792
A038,A,4,264,NaN,0,1,NaN,NaN
A038,A,4,265,1,NaN,NaN,0,0.401307106018066
A038,A,4,266,1,NaN,NaN,0,0.276302099227905
A038,A,4,267,1,NaN,NaN,0,0.437059164047241
A038,A,4,268,1,NaN,NaN,0,0.738936901092529
A038,A,4,269,1,NaN,NaN,0,0.867676019668579
A038,A,4,270,1,NaN,NaN,0,0.576712131500244
A038,A,4,271,1,NaN,NaN,0,0.381790161132812
A038,A,4,272,1,NaN,NaN,0,0.346842050552368
A038,A,4,273,1,NaN,NaN,0,0.192396879196167
A038,A,4,274,1,NaN,NaN,0,0.250525951385498
A038,A,4,275,1,NaN,NaN,0,NaN
A038,A,4,276,1,NaN,NaN,0,0.350560903549194
A038,A,4,277,1,NaN,NaN,0,0.573112010955811
A038,A,4,278,NaN,0,1,NaN,NaN
A038,A,4,279,1,NaN,NaN,0,0.151354074478149
A038,A,4,280,1,NaN,NaN,0,0.311957836151123
A038,A,4,281,1,NaN,NaN,0,NaN
A038,A,4,282,1,NaN,NaN,0,0.304906845092773
A038,A,4,283,1,NaN,NaN,0,0.313255071640015
A038,A,4,284,0,NaN,NaN,1,NaN
A038,A,4,285,0,NaN,NaN,1,NaN
A038,A,4,286,1,NaN,NaN,0,0.947257995605469
A038,A,4,287,NaN,0,1,NaN,NaN
A038,A,4,288,1,NaN,NaN,0,0.340417146682739
A038,A,4,289,1,NaN,NaN,0,0.31421685218811
A038,A,4,290,1,NaN,NaN,0,0.340568065643311
A038,A,4,291,1,NaN,NaN,0,0.361049175262451
A038,A,4,292,1,NaN,NaN,0,0.413552045822144
A038,A,4,293,1,NaN,NaN,0,0.410636901855469
A038,A,4,294,NaN,1,0,NaN,NaN
A038,A,4,295,1,NaN,NaN,0,0.29737401008606
A038,A,4,296,0,NaN,NaN,1,NaN
A038,A,4,297,1,NaN,NaN,0,NaN
A038,A,4,298,0,NaN,NaN,1,NaN
A038,A,4,299,NaN,0,1,NaN,NaN
A038,A,4,300,1,NaN,NaN,0,0.221932888031006
A038,A,4,301,1,NaN,NaN,0,0.304570198059082
A038,A,4,302,1,NaN,NaN,0,0.310563087463379
A038,A,4,303,0,NaN,NaN,1,NaN
A038,A,4,304,1,NaN,NaN,0,0.316510915756226
A038,A,4,305,1,NaN,NaN,0,0.276756048202515
A038,A,4,306,1,NaN,NaN,0,0.34962010383606
A038,A,4,307,1,NaN,NaN,0,0.889781951904297
A038,A,4,308,1,NaN,NaN,0,0.590288877487183
A038,A,4,309,1,NaN,NaN,0,0.569461822509766
A038,A,4,310,1,NaN,NaN,0,0.570855855941772
A038,A,4,311,1,NaN,NaN,0,0.401135921478271
A038,A,4,312,0,NaN,NaN,1,NaN
A038,A,4,313,0,NaN,NaN,1,NaN
A038,A,4,314,NaN,0,1,NaN,NaN
A038,A,4,315,1,NaN,NaN,0,0.175249099731445
A038,A,4,316,1,NaN,NaN,0,0.43101692199707
A038,A,4,317,1,NaN,NaN,0,0.340656995773315
A038,A,4,318,1,NaN,NaN,0,0.635056972503662
A038,A,4,319,1,NaN,NaN,0,0.454752922058105
A038,A,4,320,0,NaN,NaN,1,NaN
A038,A,4,321,1,NaN,NaN,0,1.15816783905029
A038,A,4,322,NaN,1,0,NaN,NaN
A038,A,4,323,1,NaN,NaN,0,0.277071952819824
A038,A,4,324,1,NaN,NaN,0,0.429302930831909
A038,A,4,325,1,NaN,NaN,0,0.346554040908813
A038,A,4,326,1,NaN,NaN,0,0.419442892074585
A038,A,4,327,0,NaN,NaN,1,NaN
A038,A,4,328,0,NaN,NaN,1,NaN
A038,A,4,329,1,NaN,NaN,0,0.995010852813721
A038,A,4,330,1,NaN,NaN,0,0.528671979904175
A038,A,4,331,NaN,0,1,NaN,NaN
A038,A,4,332,1,NaN,NaN,0,NaN
A038,A,4,333,1,NaN,NaN,0,0.420942068099976
A038,A,4,334,0,NaN,NaN,1,NaN
A038,A,4,335,0,NaN,NaN,1,NaN
A038,A,4,336,NaN,0,1,NaN,NaN
A038,A,4,337,1,NaN,NaN,0,0.57050609588623
A038,A,4,338,1,NaN,NaN,0,0.506613969802856
A038,A,4,339,1,NaN,NaN,0,0.448618173599243
A038,A,4,340,0,NaN,NaN,1,NaN
A038,A,4,341,0,NaN,NaN,1,NaN
A038,A,4,342,1,NaN,NaN,0,0.383984088897705
A038,A,4,343,0,NaN,NaN,1,NaN
A038,A,4,344,1,NaN,NaN,0,NaN
A038,A,4,345,1,NaN,NaN,0,0.419336080551147
A038,A,4,346,1,NaN,NaN,0,0.263962984085083
A038,A,4,347,1,NaN,NaN,0,0.492946863174438
A038,A,4,348,1,NaN,NaN,0,0.415949106216431
A038,A,4,349,NaN,0,1,NaN,NaN
A038,A,4,350,1,NaN,NaN,0,0.782009840011597
A038,A,4,351,0,NaN,NaN,1,NaN
A038,A,4,352,1,NaN,NaN,0,1.06213307380676
A038,A,4,353,1,NaN,NaN,0,0.411391973495483
A038,A,4,354,1,NaN,NaN,0,0.536346912384033
A038,A,4,355,1,NaN,NaN,0,0.557497024536133
A038,A,4,356,1,NaN,NaN,0,0.470495939254761
A038,A,4,357,1,NaN,NaN,0,0.415851831436157
A038,A,4,358,NaN,1,0,NaN,NaN
A038,A,4,359,1,NaN,NaN,0,0.470080852508545
A038,A,4,360,1,NaN,NaN,0,0.385540962219238
A038,A,4,361,1,NaN,NaN,0,0.575007915496826
A038,A,4,362,0,NaN,NaN,1,NaN
A038,A,4,363,1,NaN,NaN,0,0.478840112686157
A038,A,4,364,NaN,0,1,NaN,NaN
A038,A,4,365,1,NaN,NaN,0,0.297328948974609
A038,A,4,366,1,NaN,NaN,0,0.296613931655884
A038,A,4,367,1,NaN,NaN,0,0.460306882858276
A038,A,4,368,1,NaN,NaN,0,0.322196960449219
A038,A,4,369,1,NaN,NaN,0,0.435727119445801
A038,A,4,370,1,NaN,NaN,0,0.432093143463135
A038,A,4,371,1,NaN,NaN,0,0.385752201080322
A038,A,4,372,1,NaN,NaN,0,0.541707992553711
A038,A,4,373,NaN,0,1,NaN,NaN
A038,A,4,374,1,NaN,NaN,0,0.720700979232788
A038,A,4,375,0,NaN,NaN,1,NaN
A038,A,4,376,0,NaN,NaN,1,NaN
A038,A,4,377,1,NaN,NaN,0,0.570405006408691
A038,A,4,378,1,NaN,NaN,0,NaN
A038,A,4,379,1,NaN,NaN,0,0.694727897644043
A038,A,4,380,1,NaN,NaN,0,0.70492696762085
A038,A,4,381,1,NaN,NaN,0,0.594857215881348
A038,A,4,382,NaN,1,0,NaN,NaN
A038,A,4,383,0,NaN,NaN,1,NaN
A038,A,4,384,1,NaN,NaN,0,0.510996103286743
A038,A,4,385,1,NaN,NaN,0,0.35699200630188
A038,A,4,386,0,NaN,NaN,1,NaN
A038,A,4,387,1,NaN,NaN,0,0.951703071594238
A038,A,4,388,1,NaN,NaN,0,0.340279102325439
A038,A,4,389,1,NaN,NaN,0,0.368486881256104
A038,A,4,390,0,NaN,NaN,1,NaN
A038,A,4,391,0,NaN,NaN,1,NaN
A038,A,4,392,1,NaN,NaN,0,0.234001874923706
A038,A,4,393,1,NaN,NaN,0,0.483716011047363
A038,A,4,394,NaN,0,1,NaN,NaN
A038,A,4,395,0,NaN,NaN,1,NaN
A038,A,4,396,0,NaN,NaN,1,NaN
A038,A,4,397,0,NaN,NaN,1,NaN
A038,A,4,398,1,NaN,NaN,0,0.575221061706543
A038,A,4,399,1,NaN,NaN,0,0.264375925064087
A038,A,4,400,1,NaN,NaN,0,0.421866893768311
A038,A,4,401,0,NaN,NaN,1,NaN
A038,A,4,402,0,NaN,NaN,1,NaN
A038,A,4,403,0,NaN,NaN,1,NaN
A038,A,4,404,NaN,0,1,NaN,NaN
A038,A,4,405,1,NaN,NaN,0,0.56864595413208
A038,A,4,406,1,NaN,NaN,0,0.378189086914062
A038,A,4,407,1,NaN,NaN,0,0.427494049072266
A038,A,4,408,0,NaN,NaN,1,NaN
A038,A,4,409,1,NaN,NaN,0,0.924951076507568
A038,A,4,410,1,NaN,NaN,0,0.372717142105103
A038,A,4,411,NaN,1,0,NaN,NaN
A038,A,4,412,1,NaN,NaN,0,0.465291976928711
A038,A,4,413,0,NaN,NaN,1,NaN
A038,A,4,414,0,NaN,NaN,1,NaN
A038,A,4,415,0,NaN,NaN,1,NaN
A038,A,4,416,1,NaN,NaN,0,0.70822811126709
A038,A,4,417,1,NaN,NaN,0,NaN
A038,A,4,418,1,NaN,NaN,0,0.370970964431763
A038,A,4,419,1,NaN,NaN,0,0.43976616859436
A038,A,4,420,NaN,1,0,NaN,NaN
A038,A,4,421,0,NaN,NaN,1,NaN
A038,A,4,422,0,NaN,NaN,1,NaN
A038,A,4,423,1,NaN,NaN,0,0.667106151580811
A038,A,4,424,1,NaN,NaN,0,0.333309173583984
A038,A,4,425,1,NaN,NaN,0,0.473740100860596
A038,A,4,426,0,NaN,NaN,1,NaN
A038,A,4,427,1,NaN,NaN,0,0.21369194984436
A038,A,4,428,1,NaN,NaN,0,0.894852161407471
A038,A,4,429,1,NaN,NaN,0,0.455491065979004
A038,A,4,430,NaN,0,1,NaN,NaN
A038,A,4,431,0,NaN,NaN,1,NaN
A038,A,4,432,0,NaN,NaN,1,NaN
A038,A,4,433,0,NaN,NaN,1,NaN
A038,A,4,434,NaN,0,1,NaN,NaN
A038,A,4,435,1,NaN,NaN,0,0.349300146102905
A038,A,4,436,1,NaN,NaN,0,0.403342008590698
A038,A,4,437,1,NaN,NaN,0,0.459146022796631
A038,A,4,438,0,NaN,NaN,1,NaN
A038,A,4,439,0,NaN,NaN,1,NaN
A038,A,4,440,1,NaN,NaN,0,0.53649115562439
A038,A,4,441,1,NaN,NaN,0,0.357047080993652
A038,A,4,442,1,NaN,NaN,0,0.451962947845459
A038,A,4,443,0,NaN,NaN,1,NaN
A038,A,4,444,0,NaN,NaN,1,NaN
A038,A,4,445,1,NaN,NaN,0,1.13892006874084
A038,A,4,446,1,NaN,NaN,0,0.467235088348389
A038,A,4,447,0,NaN,NaN,1,NaN
A038,A,4,448,NaN,1,0,NaN,NaN
A038,A,4,449,0,NaN,NaN,1,NaN
A038,A,4,450,1,NaN,NaN,0,0.466230154037476
A038,A,4,451,1,NaN,NaN,0,0.364389896392822
A038,A,4,452,0,NaN,NaN,1,NaN
A038,A,4,453,1,NaN,NaN,0,0.951010942459106
A038,A,4,454,1,NaN,NaN,0,0.756224870681763
A038,A,4,455,1,NaN,NaN,0,0.456945896148682
A038,A,4,456,1,NaN,NaN,0,0.624440908432007
A038,A,4,457,1,NaN,NaN,0,0.525543212890625
A038,A,4,458,NaN,1,0,NaN,NaN
A038,A,4,459,1,NaN,NaN,0,0.612826824188232
A038,A,4,460,0,NaN,NaN,1,NaN
A038,A,4,461,1,NaN,NaN,0,0.632833003997803
A038,A,4,462,0,NaN,NaN,1,NaN
A038,A,4,463,NaN,1,0,NaN,NaN
A038,A,4,464,1,NaN,NaN,0,0.295902013778687
A038,A,4,465,1,NaN,NaN,0,NaN
A038,A,4,466,1,NaN,NaN,0,0.446630001068115
A038,A,4,467,1,NaN,NaN,0,0.478021144866943
A038,A,4,468,1,NaN,NaN,0,0.566770076751709
A038,A,4,469,0,NaN,NaN,1,NaN
A038,A,4,470,0,NaN,NaN,1,NaN
A038,A,4,471,NaN,1,0,NaN,NaN
A038,A,4,472,1,NaN,NaN,0,0.705963134765625
A038,A,4,473,1,NaN,NaN,0,0.3886878490448
A038,A,4,474,1,NaN,NaN,0,0.379358053207397
A038,A,4,475,0,NaN,NaN,1,NaN
A038,A,4,476,0,NaN,NaN,1,NaN
A038,A,4,477,1,NaN,NaN,0,0.450783014297485
A038,A,4,478,1,NaN,NaN,0,0.548130035400391
A038,A,4,479,NaN,1,0,NaN,NaN
A038,A,4,480,0,NaN,NaN,1,NaN
A038,A,4,481,1,NaN,NaN,0,NaN
A038,A,4,482,1,NaN,NaN,0,0.402431011199951
A038,A,4,483,0,NaN,NaN,1,NaN
A038,A,4,484,0,NaN,NaN,1,NaN
A038,A,4,485,0,NaN,NaN,1,NaN
A038,A,4,486,1,NaN,NaN,0,NaN
A038,A,4,487,1,NaN,NaN,0,0.382291078567505
A038,A,4,488,0,NaN,NaN,1,NaN
A038,A,4,489,1,NaN,NaN,0,0.315425157546997
A038,A,4,490,1,NaN,NaN,0,0.307500839233398
A038,A,4,491,0,NaN,NaN,1,NaN
A038,A,4,492,0,NaN,NaN,1,NaN
A038,A,4,493,NaN,1,0,NaN,NaN
A038,A,4,494,1,NaN,NaN,0,0.84869384765625
A038,A,4,495,1,NaN,NaN,0,0.437366962432861
A038,A,4,496,1,NaN,NaN,0,0.382542848587036
A038,A,4,497,1,NaN,NaN,0,0.411946058273315
A038,A,4,498,1,NaN,NaN,0,0.33653998374939
A038,A,4,499,NaN,0,1,NaN,NaN
A038,A,4,500,1,NaN,NaN,0,0.370802879333496
A038,A,4,501,1,NaN,NaN,0,0.419864892959595
A038,A,4,502,0,NaN,NaN,1,NaN
A038,A,4,503,1,NaN,NaN,0,0.628742933273315
A038,A,4,504,1,NaN,NaN,0,0.498898029327393
A038,A,4,505,1,NaN,NaN,0,0.36565899848938
A038,A,4,506,NaN,1,0,NaN,NaN
A038,A,4,507,1,NaN,NaN,0,0.406448841094971
A038,A,4,508,0,NaN,NaN,1,NaN
A038,A,4,509,1,NaN,NaN,0,0.65506386756897
A038,A,4,510,1,NaN,NaN,0,0.404146194458008
A038,A,4,511,1,NaN,NaN,0,0.409419059753418
A038,A,4,512,1,NaN,NaN,0,0.536244869232178
A038,A,4,513,0,NaN,NaN,1,NaN
A038,A,4,514,1,NaN,NaN,0,NaN
A038,A,4,515,1,NaN,NaN,0,0.449476003646851
A038,A,4,516,NaN,1,0,NaN,NaN
A038,A,4,517,1,NaN,NaN,0,0.471753120422363
A038,A,4,518,1,NaN,NaN,0,0.768355846405029
A038,A,4,519,1,NaN,NaN,0,0.438560009002686
A038,A,4,520,1,NaN,NaN,0,0.532122135162354
A038,A,4,521,0,NaN,NaN,1,NaN
A038,A,4,522,0,NaN,NaN,1,NaN
A038,A,4,523,1,NaN,NaN,0,0.474464178085327
A038,A,4,524,1,NaN,NaN,0,0.32338285446167
A038,A,4,525,1,NaN,NaN,0,0.412551879882812
A038,A,4,526,1,NaN,NaN,0,0.370918035507202
A038,A,4,527,0,NaN,NaN,1,NaN
A038,A,4,528,NaN,1,0,NaN,NaN
A038,A,4,529,0,NaN,NaN,1,NaN
A038,A,4,530,0,NaN,NaN,1,NaN
A038,A,4,531,0,NaN,NaN,1,NaN
A038,A,4,532,1,NaN,NaN,0,0.458884000778198
A038,A,4,533,1,NaN,NaN,0,0.360024929046631
A038,A,4,534,1,NaN,NaN,0,0.680897951126099
A038,A,4,535,NaN,1,0,NaN,NaN
A038,A,4,536,0,NaN,NaN,1,NaN
A038,A,4,537,0,NaN,NaN,1,NaN
A038,A,4,538,1,NaN,NaN,0,0.899816036224365
A038,A,4,539,1,NaN,NaN,0,0.501646041870117
A038,A,4,540,1,NaN,NaN,0,0.490587949752808
A038,A,4,541,0,NaN,NaN,1,NaN
A038,A,4,542,0,NaN,NaN,1,NaN
A038,A,4,543,0,NaN,NaN,1,NaN
A038,A,4,544,NaN,1,0,NaN,NaN
A038,A,4,545,1,NaN,NaN,0,0.46499490737915
A038,A,4,546,1,NaN,NaN,0,0.364691972732544
A038,A,4,547,0,NaN,NaN,1,NaN
A038,A,4,548,0,NaN,NaN,1,NaN
A038,A,4,549,0,NaN,NaN,1,NaN
A038,A,4,550,0,NaN,NaN,1,NaN
